Survey,FIPS,Region,Division,State,,1-unit,,,2-units,,,3-4 units,,,5+ units,,,1-unit rep,,,2-units rep,,,3-4 units rep,,,5+ units rep
Date,State,Code,Code,Name,Bldgs,Units,Value,Bldgs,Units,Value,Bldgs,Units,Value,Bldgs,Units,Value,Bldgs,Units,Value,Bldgs,Units,Value,Bldgs,Units,Value,Bldgs,Units,Value

8899,01,3,6,Alabama,9668,9668,548182,85,170,4625,111,430,9839,236,2505,51131,9377,9377,531319,84,168,4555,111,430,9839,216,2377,48463
8899,02,4,9,Alaska,485,485,52482,56,112,9313,55,205,16682,0,0,0,397,397,45202,38,76,6054,26,103,9248,0,0,0
8899,04,4,8,Arizona,23367,23367,2053927,122,244,12694,101,380,12870,570,8887,382549,23355,23355,2053229,122,244,12694,101,380,12870,570,8887,382549
8899,05,3,7,Arkansas,4696,4696,282693,113,226,6036,89,330,7575,89,980,22564,4223,4223,255714,103,206,5468,87,324,7445,76,915,20640
8899,06,4,9,California,160735,160735,18273843,2183,4366,332144,2481,8955,592715,6154,79313,4460747,159829,159829,18188124,2164,4328,330022,2458,8875,588629,6108,78898,4441683
8899,08,4,8,Colorado,9742,9742,852807,115,230,14881,83,309,21786,140,2583,90766,9610,9610,843032,114,228,14481,83,309,21786,138,2568,90019
8899,09,1,1,Connecticut,12759,12759,1145194,301,602,23434,122,442,19595,348,5062,176890,12569,12569,1126038,296,592,23227,122,442,19595,348,5062,176890
8899,10,3,5,Delaware,5885,5885,314066,44,88,3378,41,128,1712,139,1322,34478,5884,5884,313766,44,88,3378,41,128,1712,139,1322,34478
8899,11,3,5,District of Columbia,253,253,16879,16,32,1117,6,21,754,18,546,15956,253,253,16879,16,32,1117,6,21,754,18,546,15956
8899,12,3,5,Florida,110318,110318,7408438,2007,4014,188113,1239,4714,179751,3638,51551,1893539,109802,109802,7375872,1990,3980,186700,1229,4679,177896,3607,50987,1878202
8899,13,3,5,Georgia,42559,42559,3068324,602,1204,37087,237,882,22807,1258,18372,559390,41300,41300,3007679,573,1146,35928,214,801,21082,1215,17994,549108
8899,15,4,9,Hawaii,5740,5740,486729,101,202,13713,79,284,18375,173,2219,138155,5232,5232,456563,97,194,13350,76,275,17647,169,2196,137145
8899,16,4,8,Idaho,2806,2806,213522,17,34,2076,45,167,5325,24,204,4675,2729,2729,207462,16,32,1982,44,163,4589,24,204,4675
8899,17,2,3,Illinois,33936,33936,3385868,636,1272,63427,496,1853,95865,758,12084,512642,31943,31943,3230515,609,1218,61464,467,1760,92400,729,11805,501901
8899,18,2,3,Indiana,19219,19219,1628566,533,1066,45985,156,583,18875,353,4380,131887,18530,18530,1594236,487,974,42854,153,573,18680,325,4187,128365
8899,19,2,4,Iowa,4414,4414,333163,91,182,7979,67,260,9743,79,1929,66317,4335,4335,328915,91,182,7979,67,260,9743,79,1929,66317
8899,20,2,4,Kansas,7286,7286,662262,344,688,38350,99,351,15197,123,1359,42946,7257,7257,660679,342,684,38270,98,348,15152,123,1359,42946
8899,21,3,6,Kentucky,8955,8955,673552,211,422,12671,104,386,10126,321,3600,90362,8274,8274,641237,196,392,11818,85,322,8423,279,3318,82572
8899,22,3,7,Louisiana,5425,5425,353173,131,262,6681,26,95,3182,146,1488,38952,5042,5042,331103,123,246,5782,22,81,2750,76,888,28422
8899,23,1,1,Maine,6839,6839,472440,98,196,8583,62,235,9261,137,1531,57562,5452,5452,401601,94,188,8378,55,213,8443,103,1321,50543
8899,24,3,5,Maryland,33294,33294,2414142,73,146,4963,61,240,8622,371,5888,222686,32960,32960,2397314,69,138,4706,61,240,8622,337,5622,215475
8899,25,1,1,Massachusetts,20112,20112,1995319,1076,2152,105158,281,989,50925,470,7229,372933,16947,16947,1763651,993,1986,96904,230,812,45305,335,6060,316229
8899,26,2,3,Michigan,29724,29724,2251378,309,618,29371,420,1605,81407,912,12960,414047,28069,28069,2163590,284,568,27619,398,1527,78460,822,12157,393999
8899,27,2,4,Minnesota,19237,19237,1724484,144,288,17193,140,533,26620,417,8322,303624,18760,18760,1693630,143,286,17102,134,514,25564,406,8202,299076
8899,28,3,6,Mississippi,4918,4918,274659,125,250,8537,90,345,8872,154,1883,47921,4523,4523,257721,121,242,8315,90,345,8872,138,1737,44734
8899,29,2,4,Missouri,16097,16097,1202752,561,1122,47941,301,1149,40003,362,5105,157767,15830,15830,1187232,547,1094,46855,289,1106,38205,354,5051,156776
8899,30,4,8,Montana,561,561,43806,5,10,704,10,34,1374,15,184,6875,535,535,42447,5,10,704,7,25,1374,15,184,6875
8899,31,2,4,Nebraska,3498,3498,246015,69,138,7252,35,136,2926,97,1967,37565,3383,3383,240353,69,138,7252,33,130,2524,97,1967,37565
8899,32,4,8,Nevada,12566,12566,765198,49,98,4602,92,360,11880,1583,17745,519244,12506,12506,762959,47,94,4552,92,360,11880,1583,17745,519244
8899,33,1,1,New Hampshire,7714,7714,659573,334,668,36695,186,716,31926,157,2594,97862,5676,5676,536472,249,498,30364,170,657,29618,107,1902,81045
8899,34,1,2,New Jersey,28452,28452,2293732,854,1708,103390,142,522,26392,674,10227,508656,26291,26291,2157034,817,1634,100164,139,513,26096,611,9186,413217
8899,35,4,8,New Mexico,5337,5337,396783,11,22,930,16,52,1944,44,990,20955,5055,5055,377872,10,20,854,11,37,1610,41,916,18676
8899,36,1,2,New York,37498,37498,3178966,1581,3162,162535,775,2588,129214,755,11471,545587,34639,34639,3017836,1540,3080,160323,743,2483,126789,696,10921,527142
8899,37,3,5,North Carolina,39469,39469,2737643,533,1066,39443,355,1326,44380,768,8461,198330,37755,37755,2646782,499,998,36500,333,1254,42395,730,8201,189552
8899,38,2,4,North Dakota,848,848,64236,23,46,1971,31,121,3483,37,800,19621,770,770,59411,23,46,1971,15,58,1908,37,800,19621
8899,39,2,3,Ohio,27631,27631,2529975,604,1208,57025,402,1484,64472,1384,14782,424490,25904,25904,2375449,550,1100,52771,375,1389,59996,1349,14489,416808
8899,40,3,7,Oklahoma,4330,4330,307285,40,80,2394,36,138,2516,65,498,11427,4054,4054,288603,29,58,1358,35,134,2391,40,343,7356
8899,41,4,9,Oregon,9163,9163,765127,120,240,10312,117,437,17465,382,4209,136189,8992,8992,754525,117,234,10127,116,434,17376,375,4162,135231
8899,42,1,2,Pennsylvania,45293,45293,3537172,394,788,32731,255,941,41289,555,6811,251917,41566,41566,3320992,382,764,31792,221,826,37956,456,6023,215315
8899,44,1,1,Rhode Island,3655,3655,287536,314,628,22649,67,246,8690,138,1536,45936,3371,3371,271807,314,628,22649,67,246,8690,138,1536,45936
8899,45,3,5,South Carolina,17091,17091,1217753,232,464,15100,178,676,20704,387,4871,137334,15986,15986,1162144,212,424,14093,172,658,20440,360,4641,132254
8899,46,2,4,South Dakota,1094,1094,66362,17,34,1367,26,100,2038,35,694,20163,1076,1076,65430,17,34,1367,23,91,1860,35,694,20163
8899,47,3,6,Tennessee,19397,19397,1432052,333,666,20958,166,632,18421,509,7108,188715,19110,19110,1420030,326,652,20612,164,624,18180,426,6552,174638
8899,48,3,7,Texas,35881,35881,3009162,251,502,14939,94,351,7669,211,3745,107204,35330,35330,2979708,251,502,14939,91,342,7439,192,3581,103802
8899,49,4,8,Utah,5857,5857,435464,29,58,2682,31,114,4694,22,240,9566,5684,5684,426417,21,42,2126,23,88,3991,22,240,9566
8899,50,1,1,Vermont,3703,3703,297862,75,150,9304,49,179,8536,98,778,28220,3108,3108,264326,55,110,7926,37,141,6538,55,477,19007
8899,51,3,5,Virginia,48204,48204,3447237,410,820,29349,317,1164,37253,1172,16299,544823,47216,47216,3395731,407,814,29181,316,1161,37133,1166,16263,543930
8899,53,4,9,Washington,21484,21484,1757437,463,926,44738,350,1304,56568,1656,21341,809485,21157,21157,1740579,457,914,44459,336,1257,55159,1643,21237,807042
8899,54,3,5,West Virginia,1302,1302,79627,18,36,1010,18,70,2073,32,376,7853,1215,1215,76408,17,34,936,17,67,1949,24,327,6905
8899,55,2,3,Wisconsin,14774,14774,1127570,654,1308,60368,294,1118,42745,504,6922,229268,13474,13474,1054610,623,1246,58634,250,974,38815,469,6644,223422
8899,56,4,8,Wyoming,501,501,42268,6,12,386,1,4,240,4,190,6775,488,488,41503,4,8,288,1,4,240,4,190,6775
8899,US, , ,United States ,993772,993772,82814685,17513,35026,1728284,11035,40684,1877376,28674,386141,15204546,956823,956823,80551731,16797,33594,1672944,10534,38984,1816058,27405,374813,14788250
8899,R1,1, ,Northeast ,166025,166025,13867794,5027,10054,504479,1939,6858,325828,3332,47239,2085563,149619,149619,12859757,4740,9480,481727,1784,6333,309030,2849,42488,1845324
8899,R2,2, ,Midwest ,177758,177758,15222631,3985,7970,378229,2467,9293,403374,5061,71304,2360337,169331,169331,14654050,3785,7570,364138,2302,8730,383307,4825,69284,2306959
8899,R3,3, ,South ,391645,391645,27584867,5224,10448,396401,3168,11928,386256,9514,129493,4172665,382304,382304,27098010,5060,10120,385386,3074,11611,377322,9039,125614,4076487
8899,R4,4, ,West,258344,258344,26139393,3277,6554,449175,3461,12605,761918,10767,138105,6585981,255569,255569,25939914,3212,6424,441693,3374,12310,746399,10692,137427,6559480
8899,D1,1,1,New England ,54782,54782,4857924,2198,4396,205823,767,2807,128933,1348,18730,779403,47123,47123,4363895,2001,4002,189448,681,2511,118189,1086,16358,689650
8899,D2,1,2,Middle Atlantic ,111243,111243,9009870,2829,5658,298656,1172,4051,196895,1984,28509,1306160,102496,102496,8495862,2739,5478,292279,1103,3822,190841,1763,26130,1155674
8899,D3,2,3,East North Central,125284,125284,10923357,2736,5472,256176,1768,6643,303364,3911,51128,1712334,117920,117920,10418400,2553,5106,243342,1643,6223,288351,3694,49282,1664495
8899,D4,2,4,West North Central,52474,52474,4299274,1249,2498,122053,699,2650,100010,1150,20176,648003,51411,51411,4235650,1232,2464,120796,659,2507,94956,1131,20002,642464
8899,D5,3,5,South Atlantic,298375,298375,20704109,3935,7870,319560,2452,9221,318056,7783,107686,3614389,292371,292371,20392575,3827,7654,312539,2389,9009,311983,7596,105903,3565860
8899,D6,3,6,East South Central,42938,42938,2928445,754,1508,46791,471,1793,47258,1220,15096,378129,41284,41284,2850307,727,1454,45300,450,1721,45314,1059,13984,350407
8899,D7,3,7,West South Central,50332,50332,3952313,535,1070,30050,245,914,20942,511,6711,180147,48649,48649,3855128,506,1012,27547,235,881,20025,384,5727,160220
8899,D8,4,8,Mountain,60737,60737,4803775,354,708,38955,379,1420,60113,2402,31023,1041405,59962,59962,4754921,339,678,37681,362,1366,58340,2397,30934,1038379
8899,D9,4,9,Pacific ,197607,197607,21335618,2923,5846,410220,3082,11185,701805,8365,107082,5544576,195607,195607,21184993,2873,5746,404012,3012,10944,688059,8295,106493,5521101
