Survey,FIPS,Region,Division,State,,1-unit,,,2-units,,,3-4 units,,,5+ units,,,1-unit rep,,,2-units rep,,,3-4 units rep       ,,,5+ units rep
Date,State,Code,Code,Name,Bldgs,Units,Value,Bldgs,Units,Value,Bldgs,Units,Value,      Bldgs,Units,Value,Bldgs,Units,Value,Bldgs,Units,Value,      Bldgs,Units,Value,Bldgs,Units,Value
 
200899,01,3,6,Alabama,12017,12017,1750551,67,134,11063,16,60,5026,302,5253,376902,11306,11306,1644033,67,134,11063,14,52,4776,239,4244,312503
200899,02,4,9,Alaska,667,667,167053,44,88,18536,17,65,11827,10,81,11734,508,508,138267,39,78,17304,17,65,11827,10,81,11734
200899,04,4,8,Arizona,19153,19153,3916705,115,230,25170,116,383,28446,249,6316,512691,18954,18954,3886451,115,230,25170,115,379,28157,248,6311,512322
200899,05,3,7,Arkansas,5219,5219,765076,129,258,14635,62,235,13744,205,3098,200900,4968,4968,738801,125,250,14203,60,228,13564,205,3098,200900
200899,06,4,9,California,32432,32432,8372708,607,1214,173994,390,1393,182633,1224,27642,3571760,30998,30998,8080726,582,1164,169747,359,1294,173149,1114,26646,3472816
200899,08,4,8,Colorado,11147,11147,2904057,145,290,82155,51,181,34130,275,7380,978787,10357,10357,2684066,139,278,69612,39,143,24888,233,7020,938303
200899,09,1,1,Connecticut,3139,3139,868185,85,170,16693,12,41,9496,98,1870,263228,2894,2894,828167,80,160,16030,12,41,9496,55,1370,231700
200899,10,3,5,Delaware,2680,2680,335562,36,72,7757,23,88,14896,46,506,35351,2580,2580,324111,35,70,7543,22,84,14350,34,437,33009
200899,11,3,5,District of Columbia,248,248,40938,2,4,357,1,4,489,21,280,25337,217,217,36666,1,2,172,1,4,489,20,173,14203
200899,12,3,5,Florida,38709,38709,8485245,326,652,71829,251,898,111449,878,20783,2100596,36242,36242,8022441,304,608,67913,240,861,107342,752,19222,1930535
200899,13,3,5,Georgia,24879,24879,4039898,140,280,20965,150,536,41990,339,9673,852054,22405,22405,3670917,112,224,16314,122,449,37676,296,9283,823843
200899,15,4,9,Hawaii,2510,2510,814225,69,138,24290,14,51,6917,96,1416,325532,2316,2316,759431,69,138,24290,8,30,4544,87,1046,276002
200899,16,4,8,Idaho,5673,5673,1049389,95,190,19406,72,280,18404,24,327,42820,5286,5286,989087,68,136,15049,59,231,15372,22,310,38231
200899,17,2,3,Illinois,11827,11827,2661194,211,422,46685,319,1095,104589,320,9184,970693,10713,10713,2461236,196,392,43445,313,1076,103644,253,8481,915155
200899,18,2,3,Indiana,11780,11780,2136514,160,320,28170,59,204,18059,279,4327,287521,10868,10868,2007059,156,312,27417,49,174,17560,257,4209,268214
200899,19,2,4,Iowa,6285,6285,1106875,85,170,19015,63,223,15445,81,1734,177302,6089,6089,1078914,83,166,18527,63,223,15445,80,1729,176717
200899,20,2,4,Kansas,5425,5425,947444,96,192,19604,32,119,13051,156,2452,192805,5258,5258,921008,91,182,18865,32,119,13051,155,2444,192555
200899,21,3,6,Kentucky,6892,6892,1056772,125,250,19000,110,410,30522,174,2942,191805,6147,6147,969997,102,204,16407,85,331,27175,144,2751,183360
200899,22,3,7,Louisiana,11689,11689,1803700,239,478,39071,149,528,80855,237,3610,296252,10233,10233,1585834,212,424,33799,136,487,77075,179,2742,232318
200899,23,1,1,Maine,3099,3099,538958,51,102,12424,13,46,4429,28,368,26379,2445,2445,447722,47,94,11815,10,37,3799,10,224,18786
200899,24,3,5,Maryland,8927,8927,1743648,30,60,5740,13,49,9458,117,3982,470837,8510,8510,1679542,30,60,5740,13,49,9458,104,3841,451653
200899,25,1,1,Massachusetts,5368,5368,1412260,166,332,41115,64,211,30918,230,3972,414434,4399,4399,1220303,144,288,37022,56,187,28435,131,2905,313313
200899,26,2,3,Michigan,8984,8984,1630982,71,142,16307,64,233,22555,126,1552,122392,7760,7760,1487480,71,142,16307,59,218,21362,99,1406,110888
200899,27,2,4,Minnesota,8908,8908,1860659,55,110,13628,38,140,17133,99,2393,261114,8298,8298,1758831,51,102,12894,33,125,16535,76,2274,248809
200899,28,3,6,Mississippi,7439,7439,999310,230,460,51252,84,323,22760,186,3206,200218,6520,6520,882403,220,440,49873,78,305,22070,155,2920,173061
200899,29,2,4,Missouri,7777,7777,1454593,327,654,55011,220,854,64769,217,3988,315366,7069,7069,1336436,301,602,51545,214,835,63733,180,3081,276358
200899,30,4,8,Montana,1909,1909,311566,60,120,14516,35,129,14228,20,218,18923,1851,1851,304223,60,120,14516,31,117,13503,19,213,18813
200899,31,2,4,Nebraska,4690,4690,727418,71,142,14718,9,36,2164,48,1478,115254,4615,4615,716188,70,140,14325,9,36,2164,48,1478,115254
200899,32,4,8,Nevada,7110,7110,1032183,26,52,5642,77,246,19629,353,7473,595498,7073,7073,1023288,26,52,5642,77,246,19629,352,7468,595184
200899,33,1,1,New Hampshire,2333,2333,492354,46,92,13969,19,66,8017,36,743,79121,2094,2094,447003,46,92,13969,17,60,7407,33,728,77679
200899,34,1,2,New Jersey,9169,9169,1902022,332,664,75340,127,411,28715,488,8119,795178,7492,7492,1598009,291,582,67408,110,357,23662,239,5861,597966
200899,35,4,8,New Mexico,5224,5224,993734,11,22,2160,42,151,15517,41,673,54798,3506,3506,700977,10,20,1927,28,106,9744,20,211,18181
200899,36,1,2,New York,12738,12738,2804347,906,1812,182010,420,1391,133098,1144,35696,3184330,11423,11423,2590679,891,1782,179492,416,1377,131535,1094,35192,3149139
200899,37,3,5,North Carolina,39082,39082,7278958,268,536,46183,77,287,31479,674,14747,1075256,37161,37161,6982316,252,504,43840,68,259,29061,622,14140,1030856
200899,38,2,4,North Dakota,1888,1888,328171,22,44,3730,10,39,4383,40,862,62554,1840,1840,322523,22,44,3730,10,39,4383,40,862,62554
200899,39,2,3,Ohio,12873,12873,2580452,179,358,34504,239,875,64731,290,3560,248712,11113,11113,2265251,174,348,33479,224,829,62684,237,3228,228532
200899,40,3,7,Oklahoma,8397,8397,1440417,199,398,32317,37,135,11815,90,1572,106753,6505,6505,1168510,180,360,29338,34,125,11275,76,1378,95513
200899,41,4,9,Oregon,7466,7466,1644896,120,240,31253,38,140,16676,186,3830,554452,7289,7289,1607972,119,238,31014,36,134,15755,184,3814,551780
200899,42,1,2,Pennsylvania,20238,20238,3733036,169,338,33475,94,334,33077,222,3667,345343,19715,19715,3663525,159,318,31836,92,328,32430,176,3323,324948
200899,43,0,0,Puerto Rico,6787,6787,446482,42,84,2324,40,151,6734,170,2129,235135,6787,6787,446482,42,84,2324,40,151,6734,170,2129,235135
200899,44,1,1,Rhode Island,874,874,204330,33,66,6900,12,36,3962,7,82,17147,812,812,195409,32,64,6663,9,27,2340,7,82,17147
200899,45,3,5,South Carolina,19778,19778,3651114,83,166,14311,52,189,15197,341,5785,558089,16615,16615,3124982,71,142,11755,43,162,10272,276,4441,397533
200899,46,2,4,South Dakota,2664,2664,400195,62,124,15240,48,186,15053,61,910,70010,2572,2572,388004,60,120,14845,45,177,14618,57,890,69052
200899,47,3,6,Tennessee,16240,16240,2639023,237,474,36823,120,454,28425,255,5221,373646,14501,14501,2420440,218,436,35010,113,430,27497,230,4990,355367
200899,48,3,7,Texas,79626,79626,13855784,700,1400,113782,410,1579,111090,1901,46918,3501385,75993,75993,13307033,627,1254,103397,379,1466,104299,1815,45805,3434779
200899,49,4,8,Utah,7084,7084,1447335,72,144,16553,98,359,36898,207,3318,326137,6613,6613,1363929,25,50,6119,90,334,34789,168,2955,292503
200899,50,1,1,Vermont,1057,1057,207813,46,92,8881,16,59,6148,18,236,17870,806,806,169186,35,70,7160,15,56,5285,6,151,11974
200899,51,3,5,Virginia,19939,19939,3460498,139,278,25724,53,206,16882,301,7154,575236,19182,19182,3319464,136,272,25185,53,206,16882,293,6395,492544
200899,52,0,0,Virgin Islands,318,318,78772,101,202,32180,3,11,1404,0,0,0,318,318,78772,101,202,32180,3,11,1404,0,0,0
200899,53,4,9,Washington,17440,17440,3655942,612,1224,158183,294,1029,129973,319,9226,1119222,16821,16821,3556247,600,1200,155632,294,1029,129973,304,9110,1109101
200899,54,3,5,West Virginia,2560,2560,431494,23,46,5463,23,83,6128,50,792,40339,2239,2239,395973,14,28,2362,21,75,5605,39,652,36871
200899,55,2,3,Wisconsin,10124,10124,2082745,276,552,63166,76,291,30779,252,4542,330764,9449,9449,1975948,267,534,61486,69,270,29238,219,4333,321052
200899,56,4,8,Wyoming,2178,2178,519061,19,38,9473,55,210,17434,22,243,21469,2106,2106,505426,19,38,9473,53,204,15768,14,203,18043
200899,US,0,0,United States,575554,575554,110687389,8417,16834,1818187,4884,17571,1715485,13383,295400,27412296,532726,532726,103752435,7844,15688,1707669,4545,16476,1624768,11706,276151,25779651
200899,R1,1,0,Northeast Region,58015,58015,12163304,1834,3668,390807,777,2595,257860,2271,54753,5143030,52080,52080,11160003,1725,3450,371394,737,2470,244388,1751,49836,4742650
200899,R2,2,0,Midwest Region,93225,93225,17917243,1615,3230,329778,1177,4295,372710,1969,36982,3154486,85644,85644,16718879,1542,3084,316865,1120,4121,364418,1701,34415,2985140
200899,R3,3,0,South Region,304321,304321,53777988,2973,5946,516272,1631,6064,552205,6117,135522,10980955,281324,281324,50273463,2706,5412,473915,1482,5573,518865,5479,126512,10198848
200899,R4,4,0,West Region,119993,119993,26828854,1995,3990,581330,1299,4617,532710,3026,68143,8133825,113678,113678,25600090,1871,3742,545495,1206,4312,497097,2775,65388,7853013
200899,D1,1,1,New England Division,15870,15870,3723899,427,854,99982,136,459,62970,417,7271,818178,13450,13450,3307790,384,768,92658,119,408,56761,242,5460,670598
200899,D2,1,2,Middle Atlantic Division,42145,42145,8439405,1407,2814,290825,641,2136,194890,1854,47482,4324852,38630,38630,7852213,1341,2682,278736,618,2062,187627,1509,44376,4072052
200899,D3,2,3,East North Central Divisi,55588,55588,11091887,897,1794,188831,757,2698,240712,1267,23165,1960081,49903,49903,10196974,864,1728,182133,714,2567,234489,1065,21657,1843842
200899,D4,2,4,West North Central Divisi,37637,37637,6825356,718,1436,140947,420,1597,131998,702,13817,1194405,35741,35741,6521905,678,1356,134732,406,1554,129929,636,12758,1141298
200899,D5,3,5,South Atlantic Division,156802,156802,29467355,1047,2094,198328,643,2340,247968,2767,63702,5733095,145151,145151,27556412,955,1910,180824,583,2149,231134,2436,58584,5211048
200899,D6,3,6,East South Central Divisi,42588,42588,6445656,659,1318,118138,330,1247,86733,917,16622,1142570,38474,38474,5916873,607,1214,112354,290,1118,81518,768,14905,1024290
200899,D7,3,7,West South Central Divisi,104931,104931,17864977,1267,2534,199806,658,2477,217504,2433,55198,4105290,97699,97699,16800178,1144,2288,180737,609,2306,206213,2275,53023,3963510
200899,D8,4,8,Mountain Division,59478,59478,12174030,543,1086,175075,546,1939,184685,1191,25948,2551125,55746,55746,11457447,462,924,147508,492,1760,161849,1076,24691,2431580
200899,D9,4,9,Pacific Division,60515,60515,14654824,1452,2904,406255,753,2678,348025,1835,42195,5582700,57932,57932,14142643,1409,2818,397987,714,2552,335248,1699,40697,5421433
