Survey,MSA/,PMSA,,MA,,1-unit,,,2-units,,,3-4 units,,,5+ units,,,1-unit rep,,,2-units rep,,,3-4 units rep,,,5+ units rep
Date,CMSA,,,Name,Bldgs,Units,Value,Bldgs,Units,Value,Bldgs,Units,Value,Bldgs,Units,Value,Bldgs,Units,Value,Bldgs,Units,Value,Bldgs,Units,Value,Bldgs,Units,Value

8199,0040,9999, ,ABILENE SMSA,550,550,43510,20,40,1831,11,40,1415,18,268,4525,518,518,42157,20,40,1831,11,40,1415,18,268,4525
8199,0080,9999, ,AKRON SMSA,708,708,41415,20,40,1502,27,105,2855,50,714,18776,701,701,41188,20,40,1502,27,105,2855,50,714,18776
8199,0120,9999, ,ALBANY SMSA,389,389,11309,25,50,1091,2,6,92,0,0,0,389,389,11309,25,50,1091,2,6,92,0,0,0
8199,0160,9999, ,ALBANY-SCHENECTADY-TROY SMSA,1010,1010,48998,59,118,2802,18,71,1769,28,356,6955,943,943,46108,59,118,2802,18,71,1769,27,346,6689
8199,0200,9999, ,ALBUQUERQUE SMSA,1388,1388,75524,3,6,105,47,181,4041,8,168,3777,1388,1388,75524,3,6,105,47,181,4041,8,168,3777
8199,0220,9999, ,ALEXANDRIA SMSA,79,79,4664,26,52,1340,0,0,0,1,7,182,77,77,4558,26,52,1340,0,0,0,1,7,182
8199,0240,9999, ,ALLENTOWN-BETHLEHEM-EASTON,1094,1094,55896,23,46,1540,9,32,1200,22,739,25465,1039,1039,53261,23,46,1540,9,32,1200,22,739,25465
8199,0280,9999, ,ALTOONA SMSA,145,145,6032,0,0,0,1,4,85,8,81,2111,145,145,6032,0,0,0,1,4,85,8,81,2111
8199,0320,9999, ,AMARILLO SMSA,432,432,31556,6,12,312,2,8,240,29,345,3590,432,432,31556,6,12,312,2,8,240,29,345,3590
8199,0360,9999, ,ANAHEIM-SANTA ANA-GARDEN GR. SMSA,4124,4124,359830,132,264,17883,306,1122,43068,379,3886,126588,4119,4119,359576,132,264,17883,306,1122,43068,379,3886,126588
8199,0380,9999, ,ANCHORAGE SMSA,2160,2160,195979,147,294,19599,58,225,12995,44,436,18798,2160,2160,195979,147,294,19599,58,225,12995,44,436,18798
8199,0400,9999, ,ANDERSON SMSA,81,81,4062,2,4,200,4,16,380,1,8,65,81,81,4062,2,4,200,4,16,380,1,8,65
8199,0405,9999, ,ANDERSON SMSA,452,452,18425,12,24,452,18,68,1394,0,0,0,445,445,18258,12,24,452,18,68,1394,0,0,0
8199,0440,9999, ,ANN ARBOR SMSA,245,245,19398,13,26,1025,0,0,0,0,0,0,245,245,19398,13,26,1025,0,0,0,0,0,0
8199,0450,9999, ,ANNISTON SMSA,102,102,5087,3,6,87,0,0,0,1,5,75,94,94,5002,3,6,87,0,0,0,1,5,75
8199,0460,9999, ,APPLETON-OSHKOSH SMSA,582,582,28091,46,92,2508,22,86,1657,21,207,4549,481,481,22693,37,74,2074,22,86,1657,21,207,4549
8199,0480,9999, ,ASHEVILLE SMSA,634,634,21807,10,20,538,60,234,7387,20,196,5111,634,634,21807,10,20,538,60,234,7387,20,196,5111
8199,0500,9999, ,ATHENS SMSA,313,313,13441,112,224,3468,6,23,294,20,153,2867,313,313,13441,112,224,3468,6,23,294,20,153,2867
8199,0520,9999, ,ATLANTA SMSA,12702,12702,530765,374,748,19162,152,541,12638,522,4605,86223,12660,12660,528783,367,734,18822,149,530,12323,517,4528,84895
8199,0560,9999, ,ATLANTIC CITY SMSA,728,728,36885,27,54,1749,12,44,1391,71,1170,38290,728,728,36885,27,54,1749,12,44,1391,71,1170,38290
8199,0600,9999, ,AUGUSTA GA.-S.C. SMSA,825,825,34333,40,80,1270,5,20,299,31,260,3477,816,816,34082,40,80,1270,5,20,299,31,260,3477
8199,0640,9999, ,AUSTIN SMSA,3351,3351,203583,717,1434,49158,152,605,16988,149,4900,119805,3315,3315,201581,717,1434,49158,152,605,16988,149,4900,119805
8199,0680,9999, ,BAKERSFIELD SMSA,1662,1662,92009,63,126,3511,126,469,16710,58,391,11325,1662,1662,92009,63,126,3511,126,469,16710,58,391,11325
8199,0720,9999, ,BALTIMORE SMSA,5301,5301,267243,5,10,260,4,14,340,30,1221,37874,5301,5301,267243,5,10,260,4,14,340,30,1221,37874
8199,0730,9999, ,BANGOR SMSA,85,85,3328,1,2,60,5,19,250,1,12,360,75,75,3011,1,2,60,5,19,250,1,12,360
8199,0760,9999, ,BATON ROUGE SMSA,1715,1715,48133,112,224,3669,180,712,14743,78,1148,18478,1715,1715,48133,112,224,3669,180,712,14743,78,1148,18478
8199,0780,9999, ,BATTLE CREEK SMSA,207,207,9252,2,4,88,2,8,180,0,0,0,189,189,8551,2,4,88,2,8,180,0,0,0
8199,0800,9999, ,BAY CITY SMSA,87,87,3391,0,0,0,0,0,0,0,0,0,87,87,3391,0,0,0,0,0,0,0,0,0
8199,0840,9999, ,BEAUMONT-PORT ARTHUR-ORANGE SMSA,955,955,43865,6,12,384,1,3,71,61,844,17394,911,911,42170,6,12,384,1,3,71,61,844,17394
8199,0860,9999, ,BELLINGHAM SMSA,525,525,21470,7,14,364,8,29,1072,11,193,3622,512,512,20964,7,14,364,8,29,1072,11,193,3622
8199,0870,9999, ,BENTON HARBOR,120,120,5713,3,6,91,3,12,178,13,309,6500,87,87,3954,0,0,0,3,12,178,13,309,6500
8199,0880,9999, ,BILLINGS SMSA,230,230,11735,42,84,3732,17,65,1711,15,87,1658,230,230,11735,42,84,3732,17,65,1711,15,87,1658
8199,0920,9999, ,BILOXI-GULFPORT SMSA,831,831,25690,17,34,888,24,75,1597,35,315,5484,825,825,25501,17,34,888,24,75,1597,35,315,5484
8199,0960,9999, ,BINGHAMTON N.Y.-PA. SMSA,236,236,9591,5,10,530,3,12,270,17,183,2660,229,229,9139,3,6,283,3,12,270,15,158,2390
8199,1000,9999, ,BIRMINGHAM SMSA,1487,1487,55212,9,18,586,17,68,1460,82,960,27171,1487,1487,55212,9,18,586,17,68,1460,82,960,27171
8199,1010,9999, ,BISMARCH SMSA,133,133,8229,7,14,566,8,32,1506,4,33,1048,133,133,8229,7,14,566,8,32,1506,4,33,1048
8199,1020,9999, ,BLOOMINGTON SMSA,252,252,14311,17,34,1396,0,0,0,4,104,6450,252,252,14311,17,34,1396,0,0,0,4,104,6450
8199,1040,9999, ,BLOOMINGTON-NORMAL SMSA,194,194,9810,6,12,497,4,15,443,7,81,1430,189,189,9646,6,12,497,4,15,443,7,81,1430
8199,1080,9999, ,BOISE CITY SMSA,419,419,24527,30,60,2554,6,24,824,6,49,1454,396,396,23417,18,36,1561,3,12,336,6,49,1454
8199,1120,9999, ,BOSTON SMSA,2544,2544,150337,155,310,10089,62,236,6772,135,3176,113294,2397,2397,141245,155,310,10089,60,228,6521,119,2963,110295
8199,1140,9999, ,BRADENTON SMSA,800,800,27784,197,394,6838,49,186,3108,104,1658,78458,800,800,27784,197,394,6838,49,186,3108,104,1658,78458
8199,1150,9999, ,BREMERTON SMSA,769,769,23188,49,98,2268,9,35,1990,24,196,5693,761,761,22729,42,84,1834,9,35,1990,19,169,4816
8199,1160,9999, ,BRIDGEPORT SMSA,612,612,33889,55,110,2164,11,39,1427,24,476,6350,612,612,33889,55,110,2164,11,39,1427,24,476,6350
8199,1170,9999, ,BRISTOL SMSA,140,140,8724,1,2,70,24,72,1974,2,50,1450,140,140,8724,1,2,70,24,72,1974,2,50,1450
8199,1200,9999, ,BROCKTON SMSA,218,218,8911,1,2,119,0,0,0,17,357,10825,201,201,8342,1,2,119,0,0,0,17,357,10825
8199,1240,9999, ,BROWNSVILLE-HARLINGEN-,1694,1694,87284,27,54,1678,18,67,6148,22,564,29167,1683,1683,87106,27,54,1678,18,67,6148,22,564,29167
8199,1260,9999, ,BRYAN-COLLEGE STATION SMSA,719,719,35816,285,570,15230,290,1157,26304,79,883,16516,668,668,32663,261,522,13862,278,1112,25054,70,796,14439
8199,1280,9999, ,BUFFALO SMSA,1055,1055,58078,19,38,1237,2,8,150,9,227,6480,1055,1055,58078,19,38,1237,2,8,150,9,227,6480
8199,1300,9999, ,BURLINGTON SMSA,276,276,11383,4,8,137,2,7,138,0,0,0,276,276,11383,4,8,137,2,7,138,0,0,0
8199,1305,9999, ,BURLINGTON SMSA,289,289,13181,23,46,1711,33,127,2959,23,202,5598,251,251,11346,21,42,1560,28,109,2437,20,184,5210
8199,1320,9999, ,CANTON SMSA,456,456,27011,116,232,7643,16,62,1933,34,379,13031,456,456,27011,116,232,7643,16,62,1933,34,379,13031
8199,1350,9999, ,CASPER SMSA,270,270,16761,2,4,123,34,136,4175,22,386,6502,270,270,16761,2,4,123,34,136,4175,22,386,6502
8199,1360,9999, ,CEDAR RAPIDS SMSA,197,197,8109,2,4,118,22,88,1722,11,118,1832,197,197,8109,2,4,118,22,88,1722,11,118,1832
8199,1400,9999, ,CHAMPAIGN-URBANA-RANTOUL SMSA,113,113,4648,6,12,456,1,3,75,5,132,1233,104,104,4270,6,12,456,1,3,75,5,132,1233
8199,1440,9999, ,CHARLESTON-NORTH CHARLESTON SMSA,1794,1794,86331,62,124,2172,92,354,16108,76,754,25631,1790,1790,86118,62,124,2172,92,354,16108,76,754,25631
8199,1480,9999, ,CHARLESTON SMSA,98,98,5031,2,4,86,1,4,65,6,56,1343,98,98,5031,2,4,86,1,4,65,6,56,1343
8199,1520,9999, ,CHARLOTTE-GASTONIA SMSA,3170,3170,138596,14,28,1167,11,37,1339,183,1846,36123,3170,3170,138596,14,28,1167,11,37,1339,183,1846,36123
8199,1540,9999, ,CHARLOTTESVILLE SMSA,627,627,33734,61,122,2890,0,0,0,8,58,1795,627,627,33734,61,122,2890,0,0,0,8,58,1795
8199,1560,9999, ,CHATTANOOGA TENN.-GA. SMSA,775,775,22660,57,114,1748,3,12,164,9,145,3132,687,687,19914,57,114,1748,3,12,164,9,145,3132
8199,1600,9999, ,CHICAGO SMSA,4878,4878,344537,108,216,8281,157,608,17790,221,3855,134186,4784,4784,339831,108,216,8281,143,562,16669,219,3844,133926
8199,1620,9999, ,CHICO SMSA,785,785,42646,19,38,1275,30,113,3691,31,240,5404,785,785,42646,19,38,1275,30,113,3691,31,240,5404
8199,1640,9999, ,CINCINNATI OHIO-KY.-IND. SMSA,2053,2053,111437,51,102,2783,45,171,4970,120,1631,46521,2038,2038,111064,51,102,2783,45,171,4970,117,1610,46103
8199,1660,9999, ,CLARKSVILLE-HOPKINSVILLE,201,201,8938,6,12,328,7,21,321,18,145,2824,201,201,8938,6,12,328,7,21,321,18,145,2824
8199,1680,9999, ,CLEVELAND SMSA,1588,1588,129330,20,40,1686,25,99,3362,56,1243,52196,1566,1566,127863,20,40,1686,25,99,3362,56,1243,52196
8199,1720,9999, ,COLORADO SPRINGS SMSA,2642,2642,115335,9,18,495,46,175,7088,19,154,3957,2639,2639,115208,9,18,495,46,175,7088,19,154,3957
8199,1740,9999, ,COLUMBIA SMSA,289,289,13649,41,82,3017,14,55,1082,14,116,2341,289,289,13649,41,82,3017,14,55,1082,14,116,2341
8199,1760,9999, ,COLUMBIA SMSA,1105,1105,50124,22,44,750,11,41,703,56,480,9429,1076,1076,47765,22,44,750,11,41,703,56,480,9429
8199,1800,9999, ,COLUMBUS GA.-ALA. SMSA,244,244,11565,6,12,247,12,48,1150,9,78,1883,244,244,11565,6,12,247,12,48,1150,9,78,1883
8199,1840,9999, ,COLUMBUS SMSA,1875,1875,105628,83,166,5792,39,126,1726,219,1411,41249,1824,1824,102688,82,164,5771,38,123,1673,219,1411,41249
8199,1880,9999, ,CORPUS CHRISTI SMSA,1580,1580,69658,20,40,1296,21,82,1721,105,1973,65177,1578,1578,69533,19,38,1234,21,82,1721,105,1973,65177
8199,1900,9999, ,CUMBERLAND MD.-W.VA SMSA,109,109,3503,1,2,15,2,8,30,3,20,145,95,95,2915,1,2,15,2,8,30,3,20,145
8199,1920,9999, ,DALLAS-FORT WORTH SMSA,14114,14114,886472,743,1486,54710,317,1102,21327,562,12848,322247,13990,13990,878498,741,1482,54637,317,1102,21327,557,12776,321034
8199,1930,9999, ,DANBURY SMSA,336,336,19167,3,6,155,5,17,467,25,540,13111,336,336,19167,3,6,155,5,17,467,25,540,13111
8199,1950,9999, ,DANVILLE SMSA,212,212,7684,8,16,323,1,4,48,9,183,4390,212,212,7684,8,16,323,1,4,48,9,183,4390
8199,1960,9999, ,DAVENPORT-ROCK ISLAND-MOLINE,559,559,29071,26,52,2021,23,90,2500,28,262,6537,559,559,29071,26,52,2021,23,90,2500,28,262,6537
8199,2000,9999, ,DAYTON SMSA,714,714,33598,19,38,1059,60,235,6213,71,565,12306,705,705,33277,19,38,1059,60,235,6213,71,565,12306
8199,2020,9999, ,DAYTONA BEACH SMSA,2708,2708,89661,60,120,3209,55,214,5876,75,1607,76131,2695,2695,88831,60,120,3209,55,214,5876,75,1607,76131
8199,2040,9999, ,DECATUR SMSA,108,108,5444,4,8,205,0,0,0,7,200,3758,108,108,5444,4,8,205,0,0,0,7,200,3758
8199,2080,9999, ,DENVER-BOULDER SMSA,10119,10119,541809,94,188,5474,93,326,9675,400,4883,129830,10019,10019,537478,94,188,5474,93,326,9675,400,4883,129830
8199,2120,9999, ,DES MOINES SMSA,503,503,23820,33,66,1740,5,17,520,11,252,7368,502,502,23782,33,66,1740,5,17,520,11,252,7368
8199,2160,9999, ,DETROIT SMSA,2891,2891,183182,28,56,2140,31,116,6154,124,2397,102633,2830,2830,180790,28,56,2140,31,116,6154,120,2355,101441
8199,2200,9999, ,DUBUQUE SMSA,70,70,4052,0,0,0,0,0,0,0,0,0,55,55,3393,0,0,0,0,0,0,0,0,0
8199,2240,9999, ,DULUTH-SUPERIOR MINN.-WIS. SMSA,561,561,19465,12,24,805,4,16,353,0,0,0,545,545,18641,12,24,805,4,16,353,0,0,0
8199,2290,9999, ,EAU CLAIRE SMSA,210,210,11022,13,26,914,9,36,1089,24,227,4988,210,210,11022,13,26,914,9,36,1089,24,227,4988
8199,2320,9999, ,EL PASO SMSA,1099,1099,49805,117,234,7319,30,117,2818,96,851,15555,1099,1099,49805,117,234,7319,30,117,2818,96,851,15555
8199,2330,9999, ,ELKHART SMSA,173,173,8820,3,6,160,0,0,0,2,17,507,169,169,8625,2,4,135,0,0,0,1,11,350
8199,2335,9999, ,ELMIRA SMSA,90,90,3879,2,4,30,2,6,300,0,0,0,89,89,3867,2,4,30,2,6,300,0,0,0
8199,2340,9999, ,ENID SMSA,320,320,22002,45,90,3123,26,92,2437,5,40,944,316,316,21800,45,90,3123,26,92,2437,5,40,944
8199,2360,9999, ,ERIE SMSA,311,311,11092,11,22,303,8,29,618,16,94,1570,282,282,9973,11,22,303,8,29,618,16,94,1570
8199,2400,9999, ,EUGENE-SPRINGFIELD SMSA,636,636,36201,29,58,1976,2,8,143,16,92,2630,620,620,35419,29,58,1976,2,8,143,16,92,2630
8199,2440,9999, ,EVANSVILLE IND.-KY. SMSA,396,396,18567,18,36,1031,1,4,75,21,303,7206,396,396,18567,18,36,1031,1,4,75,21,303,7206
8199,2480,9999, ,FALL RIVER MASS.-R.I. SMSA,196,196,8918,1,2,58,4,16,785,1,5,177,175,175,7878,1,2,58,4,16,785,1,5,177
8199,2520,9999, ,FARGO-MOORHEAD ND-MN SMSA,95,95,5605,10,20,782,2,7,316,3,48,950,95,95,5605,10,20,782,2,7,316,3,48,950
8199,2560,9999, ,FAYETTEVILLE SMSA,733,733,27326,28,56,1149,16,57,1030,18,138,2620,733,733,27326,28,56,1149,16,57,1030,18,138,2620
8199,2580,9999, ,FAYETTEVILLE-SPRINGDALE SMSA,228,228,9332,42,84,1896,34,122,2295,17,135,2241,216,216,8839,42,84,1896,34,122,2295,17,135,2241
8199,2600,9999, ,FITCHBURG-LEOMINSTER SMSA,127,127,4307,1,2,42,0,0,0,4,146,4888,127,127,4307,1,2,42,0,0,0,4,146,4888
8199,2640,9999, ,FLINT SMSA,465,465,22321,7,14,407,4,15,449,3,137,2602,464,464,22249,7,14,407,4,15,449,3,137,2602
8199,2650,9999, ,FLORENCE SMSA,192,192,5496,8,16,126,0,0,0,10,184,4931,178,178,4903,2,4,41,0,0,0,10,184,4931
8199,2655,9999, ,FLORENCE SMSA,297,297,15914,10,20,240,0,0,0,3,79,997,297,297,15914,10,20,240,0,0,0,3,79,997
8199,2670,9999, ,FORT COLLINS SMSA,848,848,41442,26,52,1927,31,116,3200,19,156,4442,848,848,41442,26,52,1927,31,116,3200,19,156,4442
8199,2680,9999, ,FORT LAUDERDALE-HOLLYWOOD SMSA,3372,3372,182061,219,438,13760,143,551,17793,237,4020,130699,3352,3352,180526,207,414,13199,137,527,16984,229,3741,118770
8199,2700,9999, ,FORT MEYERS-CAPE CORAL SMSA,2792,2792,126636,322,644,20645,107,417,16883,265,3387,121845,2792,2792,126636,322,644,20645,107,417,16883,265,3387,121845
8199,2720,9999, ,FORT SMITH ARK.-OKLA. SMSA,310,310,14818,28,56,1639,15,52,1351,11,98,1492,310,310,14818,28,56,1639,15,52,1351,11,98,1492
8199,2750,9999, ,FORT WALTON BEACH SMSA,387,387,17547,0,0,0,5,16,304,14,131,4138,219,219,7353,0,0,0,5,16,304,3,28,464
8199,2760,9999, ,FORT WAYNE SMSA,449,449,25879,3,6,175,9,34,770,20,158,2684,449,449,25879,3,6,175,9,34,770,20,158,2684
8199,2840,9999, ,FRESNO SMSA,1069,1069,63050,52,104,3760,108,381,11110,73,625,16561,1068,1068,62998,52,104,3760,108,381,11110,72,620,16474
8199,2880,9999, ,GADSDEN SMSA,100,100,4238,0,0,0,0,0,0,1,12,46,63,63,2454,0,0,0,0,0,0,1,12,46
8199,2900,9999, ,GAINESVILLE SMSA,743,743,30150,50,100,2383,132,509,12018,32,544,7248,743,743,30150,50,100,2383,132,509,12018,32,544,7248
8199,2920,9999, ,GALVESTON-TEXAS CITY SMSA,1239,1239,48727,9,18,363,10,39,566,8,586,8615,1238,1238,48687,9,18,363,10,39,566,8,586,8615
8199,2960,9999, ,GARY-HAMMOND-EAST CHICAGO SMSA,581,581,34052,43,86,3231,42,167,5721,12,167,4272,578,578,33674,43,86,3231,42,167,5721,12,167,4272
8199,2975,9999, ,GLENS FALLS SMSA,194,194,8483,2,4,82,1,4,83,3,17,647,185,185,8189,2,4,82,1,4,83,3,17,647
8199,2985,9999, ,GRAND FORKS ND-MN SMSA,86,86,3640,5,10,331,1,4,100,0,0,0,84,84,3581,5,10,331,1,4,100,0,0,0
8199,3000,9999, ,GRAND RAPIDS SMSA,1209,1209,58781,62,124,4077,50,194,4818,34,382,11121,1096,1096,53447,56,112,3774,50,194,4818,28,339,9406
8199,3040,9999, ,GREAT FALLS SMSA,31,31,1906,2,4,174,0,0,0,0,0,0,31,31,1906,2,4,174,0,0,0,0,0,0
8199,3060,9999, ,GREELEY SMSA,174,174,10156,18,36,1483,4,15,499,3,43,976,174,174,10156,18,36,1483,4,15,499,3,43,976
8199,3080,9999, ,GREEN BAY SMSA,210,210,11657,81,162,6350,10,40,991,28,368,7248,207,207,11488,81,162,6350,10,40,991,28,368,7248
8199,3120,9999, ,GREENSBORO--WINSTON-SALEM--,2262,2262,89432,62,124,3495,105,404,5994,149,1364,15300,2262,2262,89432,62,124,3495,105,404,5994,149,1364,15300
8199,3160,9999, ,GREENVILLE-SPARTANBURG SMSA,1950,1950,84191,67,134,3172,61,223,6770,171,1383,22161,1950,1950,84191,67,134,3172,61,223,6770,171,1383,22161
8199,3180,9999, ,HAGERSTOWN SMSA,175,175,10047,11,22,511,4,15,531,9,159,6579,175,175,10047,11,22,511,4,15,531,9,159,6579
8199,3200,9999, ,HAMILTON-MIDDLETOWN SMSA,446,446,20187,8,16,424,20,78,1535,18,125,3778,439,439,19942,8,16,424,20,78,1535,18,125,3778
8199,3240,9999, ,HARRISBURG SMSA,829,829,34669,15,30,897,8,30,1033,40,289,5459,813,813,34135,15,30,897,8,30,1033,40,289,5459
8199,3280,9999, ,HARTFORD SMSA,1377,1377,71340,40,80,2658,13,44,1582,43,498,10960,1377,1377,71340,40,80,2658,13,44,1582,43,498,10960
8199,3290,9999, ,HICKORY SMSA,358,358,14494,23,46,924,5,18,283,51,480,9594,358,358,14494,23,46,924,5,18,283,51,480,9594
8199,3320,9999, ,HONOLULU SMSA,688,688,51649,22,44,3075,31,113,6015,21,1772,113281,688,688,51649,22,44,3075,31,113,6015,21,1772,113281
8199,3360,9999, ,HOUSTON SMSA,24335,24335,1381512,360,720,20666,119,464,12171,1723,20917,401969,24314,24314,1380457,360,720,20666,119,464,12171,1721,20883,401413
8199,3400,9999, ,HUNTINGTON-ASHLAND WV-KY-OH SMSA,213,213,9477,4,8,223,1,4,125,9,234,5777,199,199,8955,4,8,223,1,4,125,8,229,5642
8199,3440,9999, ,HUNTSVILLE SMSA,550,550,13616,5,10,170,11,44,704,60,644,9488,547,547,13397,5,10,170,11,44,704,60,644,9488
8199,3480,9999, ,INDIANAPOLIS SMSA,1884,1884,116030,34,68,1974,78,294,8196,251,3495,71995,1868,1868,114955,34,68,1974,78,294,8196,250,3489,71887
8199,3500,9999, ,IOWA CITY SMSA,181,181,10798,42,84,3210,14,56,1381,16,144,3252,177,177,10609,42,84,3210,14,56,1381,16,144,3252
8199,3520,9999, ,JACKSON SMSA,163,163,7599,1,2,58,4,16,576,0,0,0,139,139,6458,1,2,58,4,16,576,0,0,0
8199,3560,9999, ,JACKSON SMSA,485,485,21229,11,22,519,11,41,976,1,16,65,485,485,21229,11,22,519,11,41,976,1,16,65
8199,3600,9999, ,JACKSONVILLE SMSA,3546,3546,159505,96,192,5963,203,794,24064,70,1190,54370,3519,3519,158193,92,184,5798,199,779,23502,66,1165,53499
8199,3605,9999, ,JACKSON SMSA,497,497,19253,6,12,264,0,0,0,0,0,0,497,497,19253,6,12,264,0,0,0,0,0,0
8199,3620,9999, ,JANESVILLE-BELOIT SMSA,163,163,8034,4,8,225,0,0,0,4,36,1110,159,159,7903,4,8,225,0,0,0,4,36,1110
8199,3640,9999, ,JERSEY CITY SMSA,31,31,1244,80,160,3824,4,14,365,19,518,14918,31,31,1244,80,160,3824,4,14,365,19,518,14918
8199,3660,9999, ,JOHNSON CITY-KINGSPORT-BRISTOL,476,476,18618,5,10,213,10,38,545,12,184,5196,415,415,14963,5,10,213,10,38,545,12,184,5196
8199,3680,9999, ,JOHNSTOWN SMSA,251,251,9442,4,8,200,1,3,82,9,103,2392,231,231,8863,4,8,200,1,3,82,1,30,1000
8199,3710,9999, ,JOPLIN SMSA,141,141,6467,8,16,652,0,0,0,4,64,400,135,135,6109,8,16,652,0,0,0,4,64,400
8199,3720,9999, ,KALAMAZOO-PORTAGE SMSA,420,420,24407,20,40,2166,38,151,5157,47,803,26052,404,404,23780,20,40,2166,38,151,5157,47,803,26052
8199,3740,9999, ,KANKAKEE SMSA,55,55,2467,2,4,122,1,4,100,4,47,661,49,49,2267,2,4,122,1,4,100,4,47,661
8199,3760,9999, ,KANSAS CITY MO.-KANS. SMSA,2669,2669,145600,247,494,17549,77,296,7687,20,269,5276,2656,2656,145062,247,494,17549,77,296,7687,20,269,5276
8199,3800,9999, ,KENOSHA SMSA,114,114,6519,7,14,742,1,4,270,3,44,909,114,114,6519,7,14,742,1,4,270,3,44,909
8199,3810,9999, ,KILLEEN-TEMPLE SMSA,475,475,21481,36,72,1424,1,4,65,48,278,3673,475,475,21481,36,72,1424,1,4,65,48,278,3673
8199,3840,9999, ,KNOXVILLE SMSA,959,959,38377,30,60,1282,21,82,2020,66,807,16122,959,959,38377,30,60,1282,21,82,2020,66,807,16122
8199,3850,9999, ,KOKOMO SMSA,74,74,3655,7,14,780,2,8,180,0,0,0,74,74,3655,7,14,780,2,8,180,0,0,0
8199,3870,9999, ,LACROSSE SMSA,134,134,6536,43,86,2241,5,19,397,9,67,1325,134,134,6536,43,86,2241,5,19,397,9,67,1325
8199,3880,9999, ,LAFAYETTE SMSA,1499,1499,79051,0,0,0,250,996,25018,52,363,10499,1499,1499,79051,0,0,0,250,996,25018,52,363,10499
8199,3920,9999, ,LAFAYETTE-WEST LAFAYETTE SMSA,152,152,8513,9,18,477,3,11,252,15,208,3800,152,152,8513,9,18,477,3,11,252,15,208,3800
8199,3960,9999, ,LAKE CHARLES SMSA,411,411,22273,20,40,1155,6,23,660,14,425,9765,411,411,22273,20,40,1155,6,23,660,14,425,9765
8199,3980,9999, ,LAKELAND-WINTER HAVEN SMSA,1562,1562,64354,265,530,11210,69,241,4251,48,383,7020,1561,1561,64312,265,530,11210,69,241,4251,48,383,7020
8199,4000,9999, ,LANCASTER SMSA,807,807,37570,32,64,1962,5,17,320,22,372,10299,759,759,34965,30,60,1857,3,11,195,20,351,10047
8199,4040,9999, ,LANSING-EAST LANSING SMSA,725,725,36172,29,58,1877,39,154,3713,38,734,19526,692,692,35081,29,58,1877,39,154,3713,36,723,19346
8199,4080,9999, ,LAREDO SMSA,295,295,11110,2,4,55,35,139,2419,14,187,5184,259,259,9803,2,4,55,33,131,2304,13,182,5045
8199,4100,9999, ,LAS CRUCES SMSA,374,374,16171,14,28,858,39,149,3063,2,10,205,374,374,16171,14,28,858,39,149,3063,2,10,205
8199,4120,9999, ,LAS VEGAS SMSA,4391,4391,167465,52,104,3323,110,414,11503,216,2654,53798,4391,4391,167465,52,104,3323,110,414,11503,216,2654,53798
8199,4150,9999, ,LAWRENCE SMSA,214,214,10785,14,28,871,8,31,649,4,36,1405,214,214,10785,14,28,871,8,31,649,4,36,1405
8199,4160,9999, ,LAWRENCE-HAVERHILL MA-NH SMSA,738,738,33669,30,60,1405,10,40,1636,10,84,2016,732,732,33448,30,60,1405,10,40,1636,10,84,2016
8199,4200,9999, ,LAWTON SMSA,97,97,5004,1,2,35,2,8,190,10,83,1850,97,97,5004,1,2,35,2,8,190,10,83,1850
8199,4240,9999, ,LEWISTON-AUBURN SMSA,117,117,3889,0,0,0,2,8,215,1,12,460,101,101,3232,0,0,0,2,8,215,1,12,460
8199,4280,9999, ,LEXINGTON-FAYETTE SMSA,813,813,39583,17,34,1273,6,24,556,19,445,14148,813,813,39583,17,34,1273,6,24,556,19,445,14148
8199,4320,9999, ,LIMA SMSA,145,145,7435,10,20,511,16,56,981,30,282,4454,133,133,6850,10,20,511,16,56,981,30,282,4454
8199,4360,9999, ,LINCOLN SMSA,362,362,18279,21,42,944,3,12,258,22,225,5713,362,362,18279,21,42,944,3,12,258,22,225,5713
8199,4400,9999, ,LITTLE ROCK-N. LITTLE ROCK SMSA,485,485,28429,16,32,578,18,69,2870,20,325,8944,485,485,28429,16,32,578,18,69,2870,20,325,8944
8199,4410,9999, ,LONG BRANCH-ASBURY PARK SMSA,1512,1512,90515,9,18,380,3,12,470,17,589,13120,1498,1498,89300,9,18,380,3,12,470,17,589,13120
8199,4420,9999, ,LONGVIEW-MARSHALL SMSA,381,381,31032,94,188,7324,15,53,2004,7,56,1104,381,381,31032,94,188,7324,15,53,2004,7,56,1104
8199,4440,9999, ,LORAIN-ELYRIA SMSA,297,297,21141,4,8,249,3,12,300,4,65,1976,279,279,20118,3,6,207,3,12,300,1,51,1800
8199,4480,9999, ,LOS ANGELES-LONG BEACH SMSA,6646,6646,758756,384,768,46483,460,1633,111952,1054,12044,738147,6609,6609,755764,380,760,46073,460,1633,111952,1054,12044,738147
8199,4520,9999, ,CHARLESTOWN. . . . . . . . . . . .,1494,1494,75199,4,8,230,30,119,3033,72,954,26162,1485,1485,74931,4,8,230,30,119,3033,72,954,26162
8199,4560,9999, ,LOWELL MASS.-N.H. SMSA,509,509,24235,4,8,202,1,3,80,10,137,3337,460,460,21925,4,8,202,1,3,80,10,137,3337
8199,4600,9999, ,LUBBOCK SMSA,709,709,49780,16,32,1480,18,66,1711,54,585,7000,707,707,49727,16,32,1480,18,66,1711,54,585,7000
8199,4640,9999, ,LYNCHBURG SMSA,369,369,16121,7,14,357,36,141,2628,10,70,1195,369,369,16121,7,14,357,36,141,2628,10,70,1195
8199,4680,9999, ,MACON SMSA,391,391,17101,1,2,51,23,91,2307,33,356,10906,383,383,16890,1,2,51,23,91,2307,33,356,10906
8199,4720,9999, ,MADISON SMSA,629,629,34380,54,108,4365,21,82,2971,47,529,18130,621,621,33998,53,106,4332,21,82,2971,46,524,17919
8199,4760,9999, ,MANCHESTER SMSA,403,403,26525,77,154,7967,8,32,839,21,350,7288,402,402,26502,77,154,7967,8,32,839,21,350,7288
8199,4800,9999, ,MANSFIELD SMSA,108,108,6339,16,32,1035,1,3,178,16,169,3529,108,108,6339,16,32,1035,1,3,178,16,169,3529
8199,4880,9999, ,MCALLEN-PHARR-EDINBURG SMSA,1756,1756,89146,65,130,2302,34,124,2210,84,788,17660,1731,1731,88511,65,130,2302,34,124,2210,84,788,17660
8199,4890,9999, ,MEDFORD SMSA,527,527,26894,12,24,1036,7,28,722,0,0,0,527,527,26894,12,24,1036,7,28,722,0,0,0
8199,4900,9999, ,MELBOURNE-TITUSVILLE-COCOA SMSA,3212,3212,164477,116,232,7903,77,297,8964,134,1551,55065,3197,3197,163734,115,230,7859,77,297,8964,132,1533,54675
8199,4920,9999, ,MEMPHIS TENN.-ARK.-MISS. SMSA,1927,1927,100163,13,26,612,7,27,518,5,59,1830,1927,1927,100163,13,26,612,7,27,518,5,59,1830
8199,4960,9999, ,MERIDEN SMSA,93,93,2279,0,0,0,1,3,65,5,59,1108,93,93,2279,0,0,0,1,3,65,5,59,1108
8199,5000,9999, ,MIAMI SMSA,4225,4225,313010,387,774,33795,173,670,20775,247,9352,380460,4225,4225,313010,387,774,33795,173,670,20775,247,9352,380460
8199,5040,9999, ,MIDLAND SMSA,1642,1642,122531,58,116,4447,0,0,0,12,1893,41855,1642,1642,122531,58,116,4447,0,0,0,12,1893,41855
8199,5080,9999, ,MILWAUKEE SMSA,1263,1263,70050,94,188,6768,29,116,4069,69,1462,41958,1208,1208,67180,72,144,5250,29,116,4069,69,1462,41958
8199,5120,9999, ,MINNEAPOLIS-ST. PAUL MN-WI SMSA,7206,7206,433466,401,802,36289,273,1057,41905,149,2648,108040,7130,7130,429983,393,786,35594,273,1057,41905,149,2648,108040
8199,5160,9999, ,MOBILE SMSA,813,813,23578,28,56,1057,5,20,963,90,1278,37249,807,807,23328,28,56,1057,5,20,963,90,1278,37249
8199,5170,9999, ,MODESTO SMSA,936,936,41755,54,108,3539,13,44,1214,9,128,3964,934,934,41656,54,108,3539,13,44,1214,9,128,3964
8199,5200,9999, ,MONROE SMSA,393,393,19364,12,24,820,24,96,2216,1,42,920,392,392,19333,12,24,820,24,96,2216,1,42,920
8199,5240,9999, ,MONTGOMERY SMSA,280,280,12775,1,2,17,35,138,3428,11,103,1364,280,280,12775,1,2,17,35,138,3428,11,103,1364
8199,5280,9999, ,MUNCIE SMSA,80,80,4146,1,2,35,3,12,327,3,30,584,80,80,4146,1,2,35,3,12,327,3,30,584
8199,5320,9999, ,MUSKEGON-NORTON SHORES-,248,248,10650,15,30,890,9,36,464,3,48,960,227,227,9725,15,30,890,9,36,464,3,48,960
8199,5350,9999, ,NASHUA SMSA,471,471,21780,35,70,1928,6,24,1306,11,191,5243,471,471,21780,35,70,1928,6,24,1306,11,191,5243
8199,5360,9999, ,NASHVILLE-DAVIDSON SMSA,1786,1786,73015,254,508,13863,39,147,3587,30,722,17212,1693,1693,69721,254,508,13863,39,147,3587,29,715,17136
8199,5380,9999, ,NASSAU-SUFFOLK SMSA,3470,3470,191482,55,110,2825,11,40,545,36,803,26454,3445,3445,189787,55,110,2825,11,40,545,36,803,26454
8199,5400,9999, ,NEW BEDFORD SMSA,426,426,13527,0,0,0,0,0,0,1,55,1980,417,417,13126,0,0,0,0,0,0,1,55,1980
8199,5440,9999, ,NEW BRITAIN SMSA,199,199,4889,9,18,337,2,7,116,6,39,595,199,199,4889,9,18,337,2,7,116,6,39,595
8199,5460,9999, ,NEW BRUNSWICK-PERTH AMBOY-,1283,1283,55645,78,156,4104,1,4,240,102,1350,45719,1267,1267,55102,77,154,4062,1,4,240,102,1350,45719
8199,5480,9999, ,NEW HAVEN-WEST HAVEN SMSA,475,475,22942,9,18,514,30,116,2782,42,320,9650,466,466,22653,8,16,495,30,116,2782,40,309,9569
8199,5520,9999, ,NEW LONDON-NORWICH CT.-R.I. SMSA,446,446,21337,20,40,1651,2,7,309,22,454,8730,427,427,20245,20,40,1651,2,7,309,22,454,8730
8199,5560,9999, ,NEW ORLEANS SMSA,3057,3057,113731,192,384,10051,176,661,16279,95,1523,45714,3057,3057,113731,192,384,10051,176,661,16279,95,1523,45714
8199,5600,9999, ,NEW YORK N.Y.-N.J. SMSA,3231,3231,205845,615,1230,30672,455,1375,26898,192,6765,272699,3209,3209,204460,615,1230,30672,455,1375,26898,173,6644,269699
8199,5640,9999, ,NEWARK SMSA,2026,2026,132037,35,70,2260,24,88,3312,25,1052,35601,1986,1986,128949,35,70,2260,24,88,3312,25,1052,35601
8199,5645,9999, ,NEWARK SMSA,166,166,9156,5,10,912,7,26,648,1,61,1500,152,152,8628,5,10,912,7,26,648,1,61,1500
8199,5660,9999, ,NEWBURGH-MIDDLETOWN SMSA,531,531,20696,4,8,122,0,0,0,2,16,150,468,468,18406,4,8,122,0,0,0,2,16,150
8199,5680,9999, ,NEWPORT NEWS-HAMPTON SMSA,1170,1170,57360,12,24,427,13,44,757,16,122,1740,1170,1170,57360,12,24,427,13,44,757,16,122,1740
8199,5720,9999, ,NORFOLK-VIRGINIA BEACH-,2576,2576,136532,97,194,6306,58,220,8144,184,1684,56020,2576,2576,136532,97,194,6306,58,220,8144,184,1684,56020
8199,5745,9999, ,NORTHEAST PENNSYLVANIA SMSA,957,957,38396,11,22,1042,59,236,6233,21,393,11845,878,878,36022,11,22,1042,59,236,6233,21,393,11845
8199,5760,9999, ,NORWALK SMSA,301,301,28518,8,16,630,3,12,399,26,305,7204,301,301,28518,8,16,630,3,12,399,26,305,7204
8199,5790,9999, ,OCALA SMSA,1686,1686,55640,43,86,2811,26,104,1224,10,170,3817,856,856,32807,28,56,1221,26,104,1224,10,170,3817
8199,5800,9999, ,ODESSA SMSA,541,541,35726,62,124,2623,7,28,1040,11,1415,25730,541,541,35726,62,124,2623,7,28,1040,11,1415,25730
8199,5880,9999, ,OKLAHOMA CITY SMSA,4820,4820,317095,286,572,22688,27,101,2554,56,757,18052,4784,4784,315708,284,568,22576,26,98,2497,56,757,18052
8199,5910,9999, ,OLYMPIA SMSA,716,716,35111,38,76,3025,3,12,411,15,132,3321,706,706,34664,38,76,3025,3,12,411,15,132,3321
8199,5920,9999, ,OMAHA NEBR.-IOWA SMSA,977,977,29743,35,70,1243,5,19,460,8,171,1943,977,977,29743,35,70,1243,5,19,460,8,171,1943
8199,5960,9999, ,ORLANDO SMSA,6533,6533,214549,276,552,10690,133,502,13190,230,2111,43093,6522,6522,213540,274,548,10539,133,502,13190,230,2111,43093
8199,5990,9999, ,OWENSBORO SMSA,129,129,4516,17,34,531,11,44,794,0,0,0,129,129,4516,17,34,531,11,44,794,0,0,0
8199,6000,9999, ,OXNARD-SIMI VALLEY-VENTURA SMSA,1972,1972,159963,37,74,6021,51,186,9477,55,534,22380,1945,1945,157947,35,70,5795,49,179,9049,55,534,22380
8199,6015,9999, ,PANAMA CITY SMSA,720,720,25565,86,172,3494,40,139,2648,31,430,10903,674,674,23755,85,170,3462,39,136,2593,30,402,9790
8199,6020,9999, ,PARKERSBURG-MARIETTA WV-OH SMSA,84,84,3524,6,12,230,19,69,1220,7,114,2363,84,84,3524,6,12,230,19,69,1220,7,114,2363
8199,6025,9999, ,PASCAGOULA-MOSS POINT SMSA,369,369,9520,0,0,0,0,0,0,5,40,397,294,294,7423,0,0,0,0,0,0,5,40,397
8199,6040,9999, ,PATERSON-CLIFTON-PASSAIC SMSA,182,182,11787,8,16,559,0,0,0,6,56,1550,182,182,11787,8,16,559,0,0,0,6,56,1550
8199,6080,9999, ,PENSACOLA SMSA,1383,1383,56883,129,258,6984,50,185,4080,49,753,27128,1383,1383,56883,129,258,6984,50,185,4080,49,753,27128
8199,6120,9999, ,PEORIA SMSA,361,361,21331,17,34,1218,4,14,307,15,224,6178,298,298,16597,7,14,658,0,0,0,0,0,0
8199,6140,9999, ,PETERSBURG-COLONIAL HEIGHTS-,315,315,9615,2,4,53,0,0,0,1,101,2500,315,315,9615,2,4,53,0,0,0,1,101,2500
8199,6160,9999, ,PHILADELPHIA PA.-N.J. SMSA,5934,5934,285955,424,848,22530,24,91,2681,89,2007,76845,5617,5617,272005,424,848,22530,24,91,2681,89,2007,76845
8199,6200,9999, ,PHOENIX SMSA,12197,12197,563329,220,440,10999,264,1003,22402,455,9425,191452,12197,12197,563329,220,440,10999,264,1003,22402,455,9425,191452
8199,6240,9999, ,PINE BLUFF SMSA,50,50,1127,19,38,948,23,87,2234,3,24,178,50,50,1127,19,38,948,23,87,2234,3,24,178
8199,6280,9999, ,PITTSBURGH SMSA,2486,2486,116492,48,96,4137,16,59,2887,85,1370,38681,2407,2407,112647,48,96,4137,16,59,2887,85,1370,38681
8199,6320,9999, ,PITTSFIELD SMSA,101,101,4053,3,6,90,1,3,45,0,0,0,96,96,3922,3,6,90,1,3,45,0,0,0
8199,6400,9999, ,PORTLAND SMSA,361,361,17203,7,14,1065,14,48,1965,8,69,2268,346,346,16536,7,14,1065,14,48,1965,8,69,2268
8199,6440,9999, ,PORTLAND OREG.-WASH. SMSA,4042,4042,235864,167,334,10933,94,342,14678,135,1777,46180,4014,4014,234341,167,334,10933,94,342,14678,135,1777,46180
8199,6450,9999, ,PORTSMOUTH-DOVER-ROCHESTER N.H.-,465,465,21606,4,8,282,3,10,125,8,78,2615,299,299,14502,4,8,282,3,10,125,4,46,1445
8199,6460,9999, ,POUGHKEEPSIE SMSA,530,530,23283,2,4,120,0,0,0,6,111,2203,459,459,19055,2,4,120,0,0,0,4,100,2102
8199,6480,9999, ,PROVIDENCE-WARWICK-PAWTUCKET,1199,1199,50714,33,66,1269,8,32,686,59,1440,32548,1103,1103,46438,33,66,1269,8,32,686,49,1373,30211
8199,6520,9999, ,PROVO-OREM SMSA,488,488,26473,42,84,3388,30,120,3842,9,106,4394,488,488,26473,42,84,3388,30,120,3842,9,106,4394
8199,6560,9999, ,PUEBLO SMSA,290,290,8184,24,48,706,9,34,659,5,39,815,290,290,8184,24,48,706,9,34,659,5,39,815
8199,6600,9999, ,RACINE SMSA,139,139,9004,1,2,135,0,0,0,19,338,8245,134,134,8858,1,2,135,0,0,0,19,338,8245
8199,6640,9999, ,RALEIGH-DURHAM SMSA,3026,3026,149121,133,266,7382,95,340,7943,127,1331,24540,3022,3022,149049,133,266,7382,95,340,7943,127,1331,24540
8199,6680,9999, ,READING SMSA,470,470,20835,1,2,60,0,0,0,7,110,3460,399,399,17869,1,2,60,0,0,0,7,110,3460
8199,6690,9999, ,REDDING SMSA,640,640,32809,0,0,0,6,23,645,7,131,3291,640,640,32809,0,0,0,6,23,645,7,131,3291
8199,6720,9999, ,RENO SMSA,710,710,53889,4,8,391,11,39,3412,54,700,16393,636,636,50518,4,8,391,11,39,3412,51,669,15592
8199,6740,9999, ,RICHLAND-KENNEWICK-PASCO SMSA,571,571,31375,11,22,599,21,83,2733,0,0,0,564,564,31054,11,22,599,9,35,789,0,0,0
8199,6760,9999, ,RICHMOND SMSA,3462,3462,110847,19,38,1681,29,113,1785,53,685,9261,3453,3453,110456,19,38,1681,29,113,1785,53,685,9261
8199,6780,9999, ,RIVERSIDE-SAN BERNARDINO-,9801,9801,625530,247,494,24574,256,940,37770,159,1673,54066,9772,9772,624379,247,494,24574,256,940,37770,159,1673,54066
8199,6800,9999, ,ROANOKE SMSA,543,543,21280,9,18,330,0,0,0,3,63,1469,543,543,21280,9,18,330,0,0,0,3,63,1469
8199,6820,9999, ,ROCHESTER SMSA,230,230,12447,31,62,1692,16,61,1852,2,48,3741,230,230,12447,31,62,1692,16,61,1852,2,48,3741
8199,6840,9999, ,ROCHESTER SMSA,1914,1914,111153,8,16,407,3,11,210,28,190,3183,1884,1884,110014,8,16,407,3,11,210,28,190,3183
8199,6880,9999, ,ROCKFORD SMSA,353,353,15881,17,34,1087,10,39,1426,19,215,6374,352,352,15869,17,34,1087,10,39,1426,19,215,6374
8199,6885,9999, ,ROCK HILL SMSA,444,444,21996,4,8,273,1,4,183,3,17,594,441,441,21828,4,8,273,1,4,183,3,17,594
8199,6920,9999, ,SACRAMENTO SMSA,4449,4449,239397,134,268,11616,38,143,5523,107,1087,26587,4449,4449,239397,134,268,11616,38,143,5523,107,1087,26587
8199,6960,9999, ,SAGINAW SMSA,158,158,7162,8,16,539,0,0,0,9,64,1234,143,143,6422,7,14,501,0,0,0,5,38,684
8199,6980,9999, ,ST. CLOUD SMSA,456,456,20370,9,18,548,15,59,1660,11,156,3662,446,446,19770,9,18,548,15,59,1660,11,156,3662
8199,7000,9999, ,ST. JOSEPH SMSA,102,102,3469,1,2,45,0,0,0,1,7,258,96,96,3253,1,2,45,0,0,0,0,0,0
8199,7040,9999, ,ST. LOUIS MO.-ILL. SMSA,3751,3751,172663,82,164,4772,58,220,6383,79,1865,51797,3749,3749,172563,82,164,4772,58,220,6383,79,1865,51797
8199,7080,9999, ,SALEM SMSA,743,743,36487,38,76,1916,6,22,840,32,360,5597,742,742,36464,38,76,1916,6,22,840,32,360,5597
8199,7120,9999, ,SALINAS-SEASIDE-MONTEREY SMSA,563,563,51891,9,18,856,21,80,2953,11,267,8970,563,563,51891,9,18,856,21,80,2953,11,267,8970
8199,7140,9999, ,SALISBURY-CONCORD SMSA,628,628,26771,19,38,613,11,39,824,7,72,1259,619,619,26439,19,38,613,11,39,824,7,72,1259
8199,7160,9999, ,SALT LAKE CITY-OGDEN SMSA,2255,2255,113518,110,220,6878,77,300,8481,46,1183,77666,2247,2247,113167,110,220,6878,77,300,8481,46,1183,77666
8199,7200,9999, ,SAN ANGELO SMSA,599,599,14661,5,10,220,3,12,203,21,480,7929,599,599,14661,5,10,220,3,12,203,21,480,7929
8199,7240,9999, ,SAN ANTONIO SMSA,3122,3122,120476,142,284,5563,19,72,1169,395,3801,71567,3122,3122,120476,142,284,5563,19,72,1169,395,3801,71567
8199,7320,9999, ,SAN DIEGO SMSA,3915,3915,322240,207,414,24813,140,509,22377,302,4160,153488,3915,3915,322240,207,414,24813,140,509,22377,302,4160,153488
8199,7360,9999, ,SAN FRANCISCO-OAKLAND SMSA,5741,5741,437311,165,330,27482,132,462,26907,191,3170,176282,5734,5734,436784,165,330,27482,132,462,26907,188,3145,175273
8199,7400,9999, ,SAN JOSE SMSA,1858,1858,141540,63,126,7566,137,486,21160,87,1195,48531,1858,1858,141540,63,126,7566,137,486,21160,87,1195,48531
8199,7480,9999, ,SANTA BARBARA-SANTA MARIA-,1071,1071,80772,34,68,2734,38,140,5407,25,150,6243,1071,1071,80772,34,68,2734,38,140,5407,25,150,6243
8199,7485,9999, ,SANTA CRUZ SMSA,587,587,43231,48,96,4536,68,240,11469,37,341,11530,587,587,43231,48,96,4536,68,240,11469,37,341,11530
8199,7500,9999, ,SANTA ROSA SMSA,1212,1212,75883,33,66,2511,1,4,212,14,167,4000,1208,1208,75658,33,66,2511,1,4,212,14,167,4000
8199,7510,9999, ,SARASOTA SMSA,2138,2138,79156,280,560,15256,57,216,6055,129,1848,59560,2138,2138,79156,280,560,15256,57,216,6055,129,1848,59560
8199,7520,9999, ,SAVANNAH SMSA,869,869,44141,10,20,531,15,59,1526,8,297,5566,856,856,43804,10,20,531,15,59,1526,8,297,5566
8199,7600,9999, ,SEATTLE-EVERETT SMSA,5949,5949,361779,214,428,17026,219,819,43689,349,4922,206196,5949,5949,361779,214,428,17026,219,819,43689,349,4922,206196
8199,7610,9999, ,SHARON SMSA,114,114,4202,0,0,0,1,4,80,61,421,8188,107,107,3907,0,0,0,1,4,80,9,134,3572
8199,7620,9999, ,SHEBOYGAN SMSA,106,106,6072,7,14,473,21,84,3529,11,96,2583,93,93,5536,7,14,473,21,84,3529,11,96,2583
8199,7640,9999, ,SHERMAN-DENISON SMSA,53,53,2645,20,40,1034,0,0,0,4,40,560,53,53,2645,20,40,1034,0,0,0,4,40,560
8199,7680,9999, ,SHREVEPORT SMSA,582,582,31372,1,2,63,4,15,318,37,374,11664,582,582,31372,1,2,63,4,15,318,37,374,11664
8199,7720,9999, ,SIOUX CITY IOWA-NEBR. SMSA,114,114,4464,5,10,282,0,0,0,1,6,102,114,114,4464,5,10,282,0,0,0,1,6,102
8199,7760,9999, ,SIOUX FALLS SMSA,221,221,8242,9,18,718,1,4,90,6,124,2025,220,220,8128,9,18,718,1,4,90,3,108,1807
8199,7800,9999, ,SOUTH BEND SMSA,418,418,26245,2,4,100,13,52,1445,1,8,96,343,343,22079,2,4,100,13,52,1445,1,8,96
8199,7840,9999, ,SPOKANE SMSA,702,702,37656,31,62,1933,73,283,7110,25,275,6281,702,702,37656,31,62,1933,73,283,7110,25,275,6281
8199,7880,9999, ,SPRINGFIELD SMSA,197,197,10962,5,10,268,14,55,1238,4,21,600,196,196,10921,5,10,268,14,55,1238,4,21,600
8199,7920,9999, ,SPRINGFIELD SMSA,310,310,13182,27,54,1477,8,32,791,3,26,340,310,310,13182,27,54,1477,8,32,791,3,26,340
8199,7960,9999, ,SPRINGFIELD SMSA,124,124,5031,7,14,256,6,22,555,2,49,1048,122,122,4972,4,8,153,6,22,555,2,49,1048
8199,8000,9999, ,SPRINGFIELD-CHICOPEE-HOLYOKE,592,592,23638,10,20,380,11,40,1248,8,126,4312,554,554,22581,10,20,380,11,40,1248,8,126,4312
8199,8040,9999, ,STAMFORD SMSA,233,233,33148,19,38,2900,7,23,1385,18,187,8728,233,233,33148,19,38,2900,7,23,1385,18,187,8728
8199,8050,9999, ,STATE COLLEGE SMSA,346,346,13538,10,20,526,0,0,0,2,16,460,315,315,12860,10,20,526,0,0,0,2,16,460
8199,8080,9999, ,STEUBENVILLE-WEIRTON OH-WV SMSA,126,126,5973,2,4,122,2,8,86,0,0,0,110,110,5405,2,4,122,2,8,86,0,0,0
8199,8120,9999, ,STOCKTON SMSA,1502,1502,86724,44,88,3459,12,41,1063,17,396,16371,1502,1502,86724,44,88,3459,12,41,1063,17,396,16371
8199,8160,9999, ,SYRACUSE SMSA,846,846,34176,25,50,1881,5,18,836,41,424,9310,845,845,34156,25,50,1881,5,18,836,41,424,9310
8199,8200,9999, ,TACOMA SMSA,1830,1830,101270,46,92,3112,85,333,8925,22,335,13248,1828,1828,101182,46,92,3112,85,333,8925,22,335,13248
8199,8240,9999, ,TALLAHASSEE SMSA,1364,1364,56839,107,214,5034,84,326,6435,16,166,4602,1364,1364,56839,107,214,5034,84,326,6435,16,166,4602
8199,8280,9999, ,TAMPA-ST. PETERSBURG SMSA,9772,9772,312355,611,1222,23714,341,1271,30372,606,9604,297353,9770,9770,312266,611,1222,23714,341,1271,30372,606,9604,297353
8199,8320,9999, ,TERRE HAUTE SMSA,184,184,8517,1,2,9,2,8,193,6,38,1071,161,161,7667,0,0,0,2,8,193,4,26,845
8199,8360,9999, ,TEXARKANA TX-TEXARKANA AR SMSA,101,101,3600,4,8,201,9,28,362,3,20,428,101,101,3600,4,8,201,9,28,362,3,20,428
8199,8400,9999, ,TOLEDO OHIO-MICH. SMSA,1079,1079,69537,35,70,3251,34,132,4782,109,1164,25095,1052,1052,68403,35,70,3251,34,132,4782,109,1164,25095
8199,8440,9999, ,TOPEKA SMSA,331,331,17136,18,36,1548,7,22,519,4,22,498,331,331,17136,18,36,1548,7,22,519,4,22,498
8199,8480,9999, ,TRENTON SMSA,400,400,25802,0,0,0,0,0,0,5,25,1294,400,400,25802,0,0,0,0,0,0,5,25,1294
8199,8520,9999, ,TUCSON SMSA,2467,2467,138099,91,182,4766,42,148,3513,49,1601,36075,2467,2467,138099,91,182,4766,42,148,3513,49,1601,36075
8199,8560,9999, ,TULSA SMSA,2349,2349,143888,109,218,8203,10,36,990,186,1407,50448,2349,2349,143888,109,218,8203,10,36,990,186,1407,50448
8199,8600,9999, ,TUSCALOOSA SMSA,226,226,6285,0,0,0,1,4,64,2,13,303,226,226,6285,0,0,0,1,4,64,2,13,303
8199,8640,9999, ,TYLER SMSA,265,265,21739,17,34,1805,14,46,680,2,152,3400,254,254,21311,17,34,1805,0,0,0,2,152,3400
8199,8680,9999, ,UTICA-ROME SMSA,226,226,8188,4,8,280,0,0,0,3,147,4331,190,190,6928,4,8,280,0,0,0,3,147,4331
8199,8720,9999, ,VALLEJO-FAIRFIELD-NAPA SMSA,1407,1407,95983,48,96,3795,9,31,1419,13,173,5037,1407,1407,95983,48,96,3795,9,31,1419,13,173,5037
8199,8750,9999, ,VICTORIA SMSA,508,508,28995,9,18,574,14,55,1450,103,984,25208,508,508,28995,9,18,574,14,55,1450,103,984,25208
8199,8760,9999, ,VINELAND-MILLVILLE-BRIDGETON SMSA,243,243,9834,1,2,41,0,0,0,0,0,0,217,217,8659,1,2,41,0,0,0,0,0,0
8199,8780,9999, ,GLENOLDEN BOROUGH. . . . . . . . .,797,797,40878,19,38,1268,41,157,4499,1,15,288,794,794,40785,19,38,1268,41,157,4499,1,15,288
8199,8800,9999, ,WACO SMSA,275,275,15068,39,78,2778,16,57,1329,73,952,19807,275,275,15068,39,78,2778,16,57,1329,73,952,19807
8199,8840,9999, ,WASHINGTON D.C.-MD.-VA. SMSA,12710,12710,517000,102,204,3527,12,36,1054,73,2924,94982,12687,12687,516073,102,204,3527,12,36,1054,73,2924,94982
8199,8880,9999, ,WATERBURY SMSA,356,356,16883,7,14,433,2,8,128,17,154,2117,356,356,16883,7,14,433,2,8,128,17,154,2117
8199,8920,9999, ,WATERLOO-CEDAR FALLS SMSA,320,320,12315,25,50,1654,4,16,333,4,22,453,320,320,12315,25,50,1654,4,16,333,4,22,453
8199,8940,9999, ,WAUSAU SMSA,213,213,9742,8,16,400,3,12,274,13,86,2331,165,165,8017,8,16,400,3,12,274,13,86,2331
8199,8960,9999, ,WEST PALM BEACH-BOCA RATON SMSA,7031,7031,405336,402,804,25075,367,1385,45355,471,7628,361243,6989,6989,403623,392,784,24636,358,1353,44053,466,7511,356006
8199,9000,9999, ,WHEELING W.VA.-OHIO SMSA,34,34,1353,2,4,86,0,0,0,1,48,1400,33,33,1321,2,4,86,0,0,0,1,48,1400
8199,9040,9999, ,WICHITA SMSA,1530,1530,72536,182,364,12213,76,301,7305,30,580,8398,1526,1526,72307,182,364,12213,76,301,7305,30,580,8398
8199,9080,9999, ,WICHITA FALLS SMSA,307,307,8365,2,4,90,3,12,596,11,425,9435,307,307,8365,2,4,90,3,12,596,11,425,9435
8199,9140,9999, ,WILLIAMSPORT SMSA,102,102,4169,5,10,212,2,8,180,0,0,0,95,95,3983,5,10,212,2,8,180,0,0,0
8199,9160,9999, ,WILMINGTON DEL.-N.J.-MD. SMSA,1302,1302,41756,4,8,172,4,16,560,24,319,7831,1290,1290,41328,4,8,172,4,16,560,16,252,5706
8199,9200,9999, ,WILMINGTON SMSA,1152,1152,40036,12,24,1210,3,10,461,146,1058,13495,1039,1039,37487,12,24,1210,3,10,461,146,1058,13495
8199,9240,9999, ,WORCESTER SMSA,512,512,23471,15,30,725,4,16,666,15,558,16714,440,440,20348,15,30,725,4,16,666,15,558,16714
8199,9260,9999, ,YAKIMA SMSA,174,174,9978,16,32,1156,7,24,601,0,0,0,174,174,9978,16,32,1156,7,24,601,0,0,0
8199,9280,9999, ,YORK SMSA,691,691,29268,4,8,190,3,11,315,23,165,3110,651,651,27835,4,8,190,3,11,315,23,165,3110
8199,9320,9999, ,YOUNGSTOWN-WARREN SMSA,392,392,20687,25,50,1849,43,168,4979,25,214,3934,269,269,15086,25,50,1849,43,168,4979,21,188,3453
8199,9340,9999, ,YUBA SMSA,370,370,21311,28,56,1873,17,63,1875,6,88,2382,370,370,21311,28,56,1873,17,63,1875,6,88,2382
