Survey,MSA/,PMSA,,MA,,1-unit,,,2-units,,,3-4 units,,,5+ units,,,1-unit rep,,,2-units rep,,,3-4 units rep,,,5+ units rep
Date,CMSA,,,Name,Bldgs,Units,Value,Bldgs,Units,Value,Bldgs,Units,Value,Bldgs,Units,Value,Bldgs,Units,Value,Bldgs,Units,Value,Bldgs,Units,Value,Bldgs,Units,Value

9399,0040,9999, ,Abilene TX MSA,293,293,29083,3,6,300,3,12,1080,0,0,0,229,229,26074,3,6,300,3,12,1080,0,0,0
9399,0120,9999, ,Albany GA MSA,429,429,27299,78,156,5215,11,41,940,3,42,841,429,429,27299,78,156,5215,11,41,940,3,42,841
9399,0160,9999, ,Albany-Schenectady-Troy NY MSA,2488,2488,278299,36,72,3461,13,52,1820,26,305,11218,2381,2381,268659,36,72,3461,13,52,1820,26,305,11218
9399,0200,9999, ,Albuquerque NM MSA,3982,3982,337984,1,2,56,6,22,679,14,329,11048,3764,3764,319916,1,2,56,6,22,679,13,323,10820
9399,0220,9999, ,Alexandria LA MSA,85,85,8366,0,0,0,0,0,0,1,60,1696,77,77,8005,0,0,0,0,0,0,1,60,1696
9399,0240,9999, ,Allentown-Bethlehem-Easton PA MSA,2017,2017,220192,7,14,768,7,25,1488,26,418,13831,1986,1986,217270,7,14,768,7,25,1488,26,418,13831
9399,0280,9999, ,Altoona PA MSA,291,291,25091,0,0,0,2,8,200,0,0,0,280,280,24558,0,0,0,1,4,160,0,0,0
9399,0320,9999, ,Amarillo TX MSA,525,525,55986,2,4,220,3,9,310,0,0,0,473,473,53691,2,4,220,3,9,310,0,0,0
9399,0380,9999, ,Anchorage AK MSA,994,994,157817,3,6,542,15,60,7095,7,135,17065,994,994,157817,3,6,542,15,60,7095,7,135,17065
9399,0450,9999, ,Anniston AL MSA,165,165,11127,0,0,0,0,0,0,3,24,888,159,159,10752,0,0,0,0,0,0,3,24,888
9399,0460,9999, ,Appleton-Oshkosh-Neenah WI MSA,1475,1475,149650,111,222,12247,10,39,1702,55,650,14713,1022,1022,107775,80,160,9027,9,35,1589,37,511,11873
9399,0480,9999, ,Asheville NC MSA,1030,1030,100599,37,74,4668,2,7,554,1,8,180,1010,1010,98508,37,74,4668,2,7,554,1,8,180
9399,0500,9999, ,Athens GA MSA,716,716,64755,35,70,2267,2,7,281,6,113,4115,716,716,64755,35,70,2267,2,7,281,6,113,4115
9399,0520,9999, ,Atlanta GA MSA,32091,32091,2913036,57,114,3139,6,24,986,244,3444,150715,31976,31976,2907998,57,114,3139,6,24,986,244,3444,150715
9399,0600,9999, ,Augusta-Aiken GA-SC MSA,2433,2433,210913,2,4,64,6,24,384,9,72,1679,2433,2433,210913,2,4,64,6,24,384,9,72,1679
9399,0640,9999, ,Austin-San Marcos TX MSA,6318,6318,684125,41,82,3487,2,8,173,145,2084,56326,6235,6235,677205,41,82,3487,2,8,173,145,2084,56326
9399,0680,9999, ,Bakersfield CA MSA,3082,3082,295959,18,36,2105,36,136,7499,23,142,7040,3082,3082,295959,18,36,2105,36,136,7499,23,142,7040
9399,0730,9999, ,Bangor ME MSA,196,196,16902,0,0,0,0,0,0,2,32,1000,173,173,15170,0,0,0,0,0,0,2,32,1000
9399,0740,9999, ,Barnstable-Yarmouth MA MSA,1101,1101,122455,3,6,710,9,31,2658,0,0,2336,1097,1097,121834,3,6,710,9,31,2658,0,0,2336
9399,0760,9999, ,Baton Rouge LA MSA,1799,1799,137587,0,0,0,3,12,455,11,187,6948,1791,1791,136874,0,0,0,3,12,455,11,187,6948
9399,0840,9999, ,Beaumont-Port Arthur TX MSA,1072,1072,58933,7,14,659,2,8,365,3,48,1666,1072,1072,58933,7,14,659,2,8,365,3,48,1666
9399,0860,9999, ,Bellingham WA MSA,1099,1099,112563,70,140,12312,53,202,12402,30,218,9842,452,452,55842,67,134,11602,48,187,11569,18,153,7103
9399,0870,9999, ,Benton Harbor MI MSA,495,495,49655,5,10,434,7,27,1935,1,7,800,379,379,41276,5,10,434,3,11,875,1,7,800
9399,0880,9999, ,Billings MT MSA,438,438,44960,20,40,2721,6,24,1500,22,180,6826,438,438,44960,20,40,2721,6,24,1500,22,180,6826
9399,0920,9999, ,Biloxi-Gulfport-Pascagoula MS MSA,1761,1761,109555,16,32,1030,7,28,874,7,67,1863,1626,1626,101003,16,32,1030,7,28,874,7,67,1863
9399,0960,9999, ,Binghamton NY MSA,224,224,22226,5,10,415,3,12,396,4,32,435,204,204,20880,4,8,345,3,12,396,4,32,435
9399,1000,9999, ,Birmingham AL MSA,4211,4211,458064,6,12,409,7,21,528,68,700,23947,3383,3383,385843,1,2,60,2,6,194,65,684,23585
9399,1010,9999, ,Bismarck ND MSA,484,484,49519,9,18,1373,9,36,1592,7,129,4981,481,481,49299,9,18,1373,9,36,1592,7,129,4981
9399,1020,9999, ,Bloomington IN MSA,821,821,75845,51,102,4780,7,23,877,15,99,3338,821,821,75845,51,102,4780,7,23,877,15,99,3338
9399,1040,9999, ,Bloomington-Normal IL MSA,847,847,75205,15,30,1656,6,24,705,19,223,6504,845,845,75105,15,30,1656,6,24,705,19,223,6504
9399,1080,9999, ,Boise City ID MSA,4531,4531,421019,59,118,6316,149,589,22178,90,865,29323,4067,4067,385329,58,116,6198,146,579,21723,90,865,29323
9399,1122,1120, ,Boston MA-NH PMSA,6448,6448,809318,96,192,12810,4,14,807,44,792,53766,5994,5994,765144,77,154,10869,4,14,807,25,696,47342
9399,1122,1200, ,Brockton MA PMSA,745,745,68954,3,6,354,0,0,0,0,0,0,729,729,67511,3,6,354,0,0,0,0,0,0
9399,1122,2600, ,Fitchburg-Leominster MA PMSA,323,323,27333,2,4,266,0,0,0,0,0,0,196,196,17242,1,2,150,0,0,0,0,0,0
9399,1122,4160, ,Lawrence MA-NH PMSA,1526,1526,156045,8,16,781,0,0,0,2,10,63,1238,1238,124257,4,8,377,0,0,0,0,0,0
9399,1122,4560, ,Lowell MA-NH PMSA,976,976,105252,5,10,568,0,0,0,5,68,2200,948,948,101989,5,10,568,0,0,0,5,68,2200
9399,1122,4760, ,Manchester NH PMSA,555,555,61621,3,6,394,0,0,0,0,0,0,552,552,61331,3,6,394,0,0,0,0,0,0
9399,1122,5350, ,Nashua NH PMSA,601,601,55374,10,20,1232,0,0,0,0,0,0,564,564,52709,10,20,1232,0,0,0,0,0,0
9399,1122,5400, ,New Bedford MA PMSA,432,432,38005,6,12,678,0,0,0,2,33,1550,432,432,38005,6,12,678,0,0,0,2,33,1550
9399,1122,6450, ,Portsmouth-Rochester NH-ME PMSA,672,672,70924,1,2,100,1,3,210,4,220,9485,615,615,65784,1,2,100,1,3,210,4,220,9485
9399,1122,9240, ,Worcester MA-CT PMSA,1829,1829,177497,20,40,2320,6,20,867,15,89,3197,1241,1241,131226,16,32,1734,4,14,867,1,5,250
9399,1240,9999, ,Brownsville-Harlingen-San Benito TX MSA,1030,1030,56406,19,38,1160,11,39,921,15,146,5564,999,999,55514,19,38,1160,11,39,921,15,146,5564
9399,1260,9999, ,Bryan-College Station TX MSA,607,607,56440,54,108,4404,8,32,1394,0,0,0,607,607,56440,54,108,4404,8,32,1394,0,0,0
9399,1280,9999, ,Buffalo-Niagara Falls NY MSA,2421,2421,283271,78,156,9391,12,45,2307,12,128,4597,2406,2406,282150,78,156,9391,12,45,2307,11,123,4513
9399,1305,9999, ,Burlington VT MSA,698,698,69469,6,12,744,12,45,2243,4,74,2799,698,698,69469,6,12,744,9,36,1860,3,69,2685
9399,1320,9999, ,Canton-Massillon OH MSA,1068,1068,135419,47,94,5577,13,49,2287,11,229,11654,1068,1068,135419,47,94,5577,13,49,2287,10,224,11542
9399,1350,9999, ,Casper WY MSA,68,68,8758,0,0,0,0,0,0,0,0,0,68,68,8758,0,0,0,0,0,0,0,0,0
9399,1360,9999, ,Cedar Rapids IA MSA,803,803,72002,6,12,1043,23,91,5304,17,310,9178,799,799,71792,6,12,1043,23,91,5304,17,310,9178
9399,1400,9999, ,Champaign-Urbana IL MSA,288,288,27121,9,18,943,7,26,1176,21,429,12506,196,196,19616,6,12,628,3,10,290,21,429,12506
9399,1440,9999, ,Charleston-North Charleston SC MSA,2670,2670,260205,3,6,389,0,0,0,9,116,2593,2251,2251,225538,3,6,389,0,0,0,3,86,1774
9399,1480,9999, ,Charleston WV MSA,670,670,61721,1,2,65,7,27,894,2,38,600,665,665,61471,1,2,65,7,27,894,2,38,600
9399,1520,9999, ,Charlotte-Gastonia-Rock Hill NC-SC MSA,9420,9420,907416,61,122,5374,2,8,214,96,1292,42578,8875,8875,855186,56,112,5058,2,8,214,84,1158,38919
9399,1540,9999, ,Charlottesville VA MSA,1016,1016,102146,30,60,3619,6,23,1314,20,168,6958,1016,1016,102146,30,60,3619,6,23,1314,20,168,6958
9399,1560,9999, ,Chattanooga TN-GA MSA,1758,1758,138958,41,82,2910,2,8,290,6,93,3310,1587,1587,129917,41,82,2910,2,8,290,4,83,2310
9399,1580,9999, ,Cheyenne WY MSA,263,263,27829,2,4,198,4,16,515,0,0,0,254,254,27128,2,4,198,4,16,515,0,0,0
9399,1602,1600, ,Chicago IL PMSA,25243,25243,3035050,345,690,47098,324,1188,84871,281,3718,191536,23563,23563,2852730,301,602,41519,324,1188,84871,264,3619,187556
9399,1602,2960, ,Gary IN PMSA,2465,2465,284011,52,104,7158,28,100,5983,13,109,4372,2452,2452,282819,51,102,7037,28,100,5983,13,109,4372
9399,1602,3740, ,Kankakee IL PMSA,399,399,36299,14,28,1746,9,36,1520,8,58,2158,391,391,35379,14,28,1746,9,36,1520,8,58,2158
9399,1602,3800, ,Kenosha WI PMSA,654,654,66472,9,18,977,6,21,1495,25,282,8815,654,654,66472,9,18,977,6,21,1495,25,282,8815
9399,1620,9999, ,Chico-Paradise CA MSA,638,638,69820,3,6,352,3,12,869,8,80,3855,638,638,69820,3,6,352,3,12,869,8,80,3855
9399,1642,1640, ,Cincinnati OH-KY-IN PMSA,6959,6959,734543,91,182,9009,32,115,6144,137,1822,57284,6732,6732,721238,90,180,8967,32,115,6144,118,1615,50502
9399,1642,3200, ,Hamilton-Middletown OH PMSA,2135,2135,236779,23,46,2610,21,76,3981,43,378,14697,2107,2107,233704,17,34,1759,21,76,3981,43,378,14697
9399,1660,9999, ,Clarksville-Hopkinsville TN-KY MSA,1712,1712,95627,18,36,1029,60,231,5763,17,123,2553,1712,1712,95627,18,36,1029,60,231,5763,17,123,2553
9399,1692,0080, ,Akron OH PMSA,2564,2564,329606,44,88,4370,44,161,9616,18,202,6237,2560,2560,329249,44,88,4370,44,161,9616,18,202,6237
9399,1692,1680, ,Cleveland-Lorain-Elyria OH PMSA,5721,5721,783978,88,176,14166,98,355,21390,40,472,20500,5569,5569,765343,87,174,14006,93,339,21235,38,460,20067
9399,1720,9999, ,Colorado Springs CO MSA,3626,3626,314199,3,6,310,4,15,748,3,62,2574,3626,3626,314199,3,6,310,4,15,748,3,62,2574
9399,1740,9999, ,Columbia MO MSA,1050,1050,107276,89,178,8417,14,56,2554,0,0,0,1050,1050,107276,89,178,8417,14,56,2554,0,0,0
9399,1760,9999, ,Columbia SC MSA,2865,2865,210939,2,4,169,2,8,205,33,360,9285,2855,2855,210405,2,4,169,2,8,205,33,360,9285
9399,1800,9999, ,Columbus GA-AL MSA,1299,1299,104274,11,22,830,6,21,1055,19,176,5077,1299,1299,104274,11,22,830,6,21,1055,19,176,5077
9399,1840,9999, ,Columbus OH MSA,7534,7534,921426,87,174,10523,212,831,20192,292,2803,77416,5629,5629,766873,35,70,4727,78,304,9450,192,1819,54280
9399,1880,9999, ,Corpus Christi TX MSA,994,994,83808,4,8,430,6,20,763,11,116,3570,962,962,81508,4,8,430,6,20,763,11,116,3570
9399,1900,9999, ,Cumberland MD-WV MSA,275,275,18337,1,2,20,0,0,0,5,56,2064,254,254,17643,1,2,20,0,0,0,3,18,410
9399,1922,1920, ,Dallas TX PMSA,15729,15729,1978855,8,16,719,6,24,859,257,4346,151272,15642,15642,1968922,8,16,719,6,24,859,257,4346,151272
9399,1922,2800, ,Fort Worth-Arlington TX PMSA,6011,6011,711567,16,32,1760,1,4,90,18,365,13099,5624,5624,631278,16,32,1760,1,4,90,18,365,13099
9399,1950,9999, ,Danville VA MSA,445,445,31408,0,0,0,0,0,0,10,78,1914,445,445,31408,0,0,0,0,0,0,10,78,1914
9399,1960,9999, ,Davenport-Moline-Rock Island IA-IL MSA,904,904,93613,9,18,1245,8,26,1520,8,65,1865,884,884,91376,6,12,853,5,17,1115,8,65,1865
9399,2000,9999, ,Dayton-Springfield OH MSA,2445,2445,275324,67,134,6759,30,101,7042,42,604,20575,2437,2437,274721,64,128,6488,30,101,7042,42,604,20575
9399,2020,9999, ,Daytona Beach FL MSA,3017,3017,253120,11,22,1036,9,28,1272,12,578,45415,3012,3012,252765,11,22,1036,9,28,1272,12,578,45415
9399,2030,9999, ,Decatur Al MSA,525,525,39528,0,0,0,15,58,1437,3,18,779,448,448,36375,0,0,0,13,52,1383,2,13,733
9399,2040,9999, ,Decatur IL MSA,225,225,26328,1,2,428,1,3,600,2,22,660,225,225,26328,1,2,428,1,3,600,2,22,660
9399,2082,1125, ,Boulder-Longmont CO PMSA,2852,2852,322341,6,12,894,5,19,952,6,184,7186,2852,2852,322341,6,12,894,5,19,952,6,184,7186
9399,2082,2080, ,Denver CO PMSA,10843,10843,1351390,40,80,7192,9,35,2465,162,2016,79642,10512,10512,1311495,40,80,7192,9,35,2465,162,2016,79642
9399,2082,3060, ,Greeley CO PMSA,840,840,71217,14,28,1623,2,8,467,6,89,2873,828,828,70283,14,28,1623,2,8,467,6,89,2873
9399,2120,9999, ,Des Moines IA MSA,2258,2258,271067,13,26,1384,7,24,1976,34,510,21761,2251,2251,270783,13,26,1384,7,24,1976,34,510,21761
9399,2162,0440, ,Ann Arbor MI PMSA,2961,2961,291187,12,24,1114,12,43,3992,24,302,10387,2829,2829,280804,12,24,1114,12,43,3992,24,302,10387
9399,2162,2160, ,Detroit MI PMSA,12116,12116,1275696,50,100,6085,78,294,18982,138,2209,93805,11738,11738,1240516,48,96,5932,67,256,15305,99,1843,82792
9399,2162,2640, ,Flint MI PMSA,1022,1022,94963,3,6,276,1,4,240,19,191,4802,1012,1012,93972,3,6,276,1,4,240,19,191,4802
9399,2180,9999, ,Dothan AL MSA,431,431,28574,4,8,144,5,17,523,0,0,0,418,418,27638,4,8,144,5,17,523,0,0,0
9399,2190,9999, ,Dover DE MSA,790,790,55844,46,92,4319,0,0,0,1,49,1956,790,790,55844,46,92,4319,0,0,0,1,49,1956
9399,2200,9999, ,Dubuque IA MSA,300,300,29877,18,36,1690,14,52,2661,8,65,2219,300,300,29877,18,36,1690,14,52,2661,8,65,2219
9399,2240,9999, ,Duluth-Superior MN-WI MSA,789,789,54927,8,16,890,1,3,300,9,56,1597,634,634,42456,3,6,285,1,3,300,1,6,210
9399,2290,9999, ,Eau Claire WI MSA,463,463,44003,24,48,2459,34,135,5383,2,11,480,445,445,42077,23,46,2314,33,132,5270,2,11,480
9399,2320,9999, ,El Paso TX MSA,2193,2193,126253,17,34,1399,7,27,621,24,324,7379,2193,2193,126253,17,34,1399,7,27,621,24,324,7379
9399,2330,9999, ,Elkhart-Goshen IN MSA,777,777,73312,6,12,857,4,16,524,9,227,5577,777,777,73312,6,12,857,4,16,524,9,227,5577
9399,2335,9999, ,Elmira NY MSA,96,96,9828,1,2,57,8,31,1469,0,0,0,78,78,8526,1,2,57,7,28,1150,0,0,0
9399,2340,9999, ,Enid OK MSA,68,68,6150,1,2,150,0,0,0,1,10,370,68,68,6150,1,2,150,0,0,0,1,10,370
9399,2360,9999, ,Erie PA MSA,690,690,61082,13,26,1511,31,120,5391,13,137,5560,677,677,60585,13,26,1511,30,117,5286,13,137,5560
9399,2400,9999, ,Eugene-Springfield OR MSA,1244,1244,135625,26,52,3181,12,46,2300,6,136,5810,1244,1244,135625,26,52,3181,12,46,2300,6,136,5810
9399,2440,9999, ,Evansville-Henderson IN-KY MSA,1136,1136,97713,5,10,553,1,4,175,14,165,3038,1134,1134,97618,5,10,553,1,4,175,14,165,3038
9399,2520,9999, ,Fargo-Moorhead ND-MN MSA,821,821,78483,1,2,80,7,27,1499,49,1029,25623,819,819,78103,1,2,80,7,27,1499,49,1029,25623
9399,2560,9999, ,Fayetteville NC MSA,2638,2638,162221,19,38,1508,16,62,2184,50,812,33377,2638,2638,162221,19,38,1508,16,62,2184,50,812,33377
9399,2580,9999, ,Fayetteville-Springdale-Rogers AR MSA,1782,1782,127282,389,778,33299,31,117,4631,61,758,18756,1772,1772,126980,389,778,33299,31,117,4631,61,758,18756
9399,2650,9999, ,Florence AL MSA,259,259,14500,5,10,222,9,32,460,14,168,3323,213,213,12220,2,4,75,6,23,310,14,168,3323
9399,2655,9999, ,Florence SC MSA,469,469,39185,3,6,241,4,15,507,11,152,5424,410,410,34822,3,6,241,3,12,457,5,120,4784
9399,2670,9999, ,Fort Collins-Loveland CO MSA,2274,2274,221836,21,42,2490,19,76,3042,18,226,7771,2274,2274,221836,21,42,2490,19,76,3042,18,226,7771
9399,2700,9999, ,Fort Myers-Cape Coral FL MSA,3672,3672,338468,90,180,12086,94,364,27680,104,1112,86961,3499,3499,320668,84,168,11333,89,345,26203,99,1057,83219
9399,2710,9999, ,Fort Pierce-Port St. Lucie FL MSA,2225,2225,288059,187,374,28000,23,89,6924,58,418,29013,2225,2225,288059,187,374,28000,23,89,6924,58,418,29013
9399,2720,9999, ,Fort Smith AR-OK MSA,535,535,44615,18,36,1288,10,39,1360,0,0,0,510,510,43071,18,36,1288,10,39,1360,0,0,0
9399,2750,9999, ,Fort Walton Beach FL MSA,1577,1577,106797,6,12,410,22,82,2411,17,146,3700,1577,1577,106797,6,12,410,22,82,2411,17,146,3700
9399,2760,9999, ,Fort Wayne IN MSA,2271,2271,268295,5,10,682,0,0,0,11,192,5142,2268,2268,268209,5,10,682,0,0,0,11,192,5142
9399,2840,9999, ,Fresno CA MSA,4446,4446,416611,48,96,5722,24,81,3726,55,332,15428,4423,4423,415083,47,94,5640,24,81,3726,55,332,15428
9399,2880,9999, ,Gadsden AL MSA,189,189,14835,0,0,0,0,0,0,4,81,2450,188,188,14798,0,0,0,0,0,0,4,81,2450
9399,2900,9999, ,Gainesville FL MSA,962,962,84405,0,0,0,1,4,270,44,517,13089,962,962,84405,0,0,0,1,4,270,44,517,13089
9399,2975,9999, ,Glens Falls NY MSA,502,502,46588,3,6,344,2,8,613,2,49,1950,502,502,46588,3,6,344,2,8,613,2,49,1950
9399,2980,9999, ,Goldsboro NC MSA,444,444,32053,12,24,681,16,59,2307,2,15,555,54,54,5489,12,24,681,14,53,1827,2,15,555
9399,2985,9999, ,Grand Forks ND-MN MSA,242,242,21179,2,4,160,4,16,960,6,159,4614,238,238,20973,0,0,0,4,16,960,6,159,4614
9399,3000,9999, ,Grand Rapids-Muskegon-Holland MI MSA,4636,4636,445019,42,84,4656,29,113,5798,47,518,24292,4053,4053,393620,40,80,4327,18,72,3662,38,473,22213
9399,3040,9999, ,Great Falls MT MSA,107,107,11353,1,2,236,0,0,0,0,0,0,107,107,11353,1,2,236,0,0,0,0,0,0
9399,3080,9999, ,Green Bay WI MSA,1089,1089,124901,109,218,13366,1,4,162,38,582,18469,1070,1070,123460,109,218,13366,1,4,162,38,582,18469
9399,3120,9999, ,Greensboro--Winston-Salem--High Point NC MSA,6324,6324,545728,41,82,3190,17,57,2562,86,1084,29251,6319,6319,545398,41,82,3190,17,57,2562,86,1084,29251
9399,3150,9999, ,Greenville NC MSA,817,817,70383,3,6,234,0,0,0,68,923,21701,817,817,70383,3,6,234,0,0,0,68,923,21701
9399,3160,9999, ,Greenville-Spartanburg-Anderson SC MSA,4764,4764,389170,28,56,2089,11,39,1330,16,241,8381,4741,4741,387247,28,56,2089,11,39,1330,16,241,8381
9399,3240,9999, ,Harrisburg-Lebanon-Carlisle PA MSA,2677,2677,235227,6,12,436,9,35,1076,29,308,10636,2622,2622,231509,5,10,401,9,35,1076,29,308,10636
9399,3280,9999, ,Hartford CT MSA,2929,2929,295686,5,10,374,14,49,1820,25,163,5861,2907,2907,294109,5,10,374,14,49,1820,25,163,5861
9399,3290,9999, ,Hickory-Morganton NC MSA,1449,1449,126940,32,64,2260,4,16,420,8,69,1638,1257,1257,112335,24,48,2038,4,16,420,8,69,1638
9399,3320,9999, ,Honolulu HI MSA,1916,1916,292242,31,62,8879,16,59,4627,132,1374,66728,1916,1916,292242,31,62,8879,16,59,4627,132,1374,66728
9399,3350,9999, ,Houma LA MSA,655,655,50870,1,2,70,1,4,75,0,0,0,655,655,50870,1,2,70,1,4,75,0,0,0
9399,3362,1145, ,Brazoria TX PMSA,1257,1257,114549,0,0,0,2,6,244,10,125,4112,951,951,85605,0,0,0,0,0,0,0,0,0
9399,3362,2920, ,Galveston-Texas City TX PMSA,1319,1319,152149,0,0,0,18,70,4003,22,309,10252,1319,1319,152149,0,0,0,18,70,4003,22,309,10252
9399,3362,3360, ,Houston TX PMSA,11057,11057,1196530,11,22,1354,5,18,913,220,3119,110116,11032,11032,1192036,11,22,1354,5,18,913,220,3119,110116
9399,3400,9999, ,Huntington-Ashland WV-KY-OH MSA,192,192,14453,7,14,357,2,8,400,5,36,1067,150,150,11800,7,14,357,1,4,400,5,36,1067
9399,3440,9999, ,Huntsville AL MSA,1328,1328,58444,0,0,0,9,36,730,59,602,16006,1326,1326,58373,0,0,0,9,36,730,59,602,16006
9399,3480,9999, ,Indianapolis IN MSA,8906,8906,1072300,119,238,13175,26,96,8170,97,1161,37155,8837,8837,1066939,119,238,13175,26,96,8170,97,1161,37155
9399,3500,9999, ,Iowa City IA MSA,652,652,74390,13,26,2497,9,33,2489,22,257,9217,652,652,74390,13,26,2497,9,33,2489,22,257,9217
9399,3520,9999, ,Jackson MI MSA,479,479,39223,1,2,101,0,0,0,6,103,4129,406,406,34222,1,2,101,0,0,0,3,80,3717
9399,3560,9999, ,Jackson MS MSA,1954,1954,157918,9,18,483,16,64,1117,22,181,3640,1949,1949,157518,9,18,483,16,64,1117,22,181,3640
9399,3580,9999, ,Jackson TN MSA,544,544,45714,1,2,80,0,0,0,5,25,229,544,544,45714,1,2,80,0,0,0,5,25,229
9399,3600,9999, ,Jacksonville FL MSA,7017,7017,656056,97,194,10511,23,92,3301,24,205,11460,7012,7012,655821,97,194,10511,23,92,3301,24,205,11460
9399,3605,9999, ,Jacksonville NC MSA,665,665,32451,9,18,769,0,0,0,0,0,0,665,665,32451,9,18,769,0,0,0,0,0,0
9399,3610,9999, ,Jamestown NY MSA,222,222,17578,1,2,50,2,7,298,2,48,1609,210,210,17042,1,2,50,2,7,298,1,24,859
9399,3620,9999, ,Janesville-Beloit WI MSA,538,538,49787,45,90,5722,6,22,694,13,147,4960,459,459,42788,40,80,5201,4,16,520,12,135,4642
9399,3660,9999, ,Johnson City-Kingsport-Bristol TN-VA MSA,1096,1096,76571,29,58,1835,16,57,1479,36,304,8179,986,986,71566,29,58,1835,16,57,1479,27,251,6533
9399,3680,9999, ,Johnstown PA MSA,321,321,24715,1,2,45,0,0,0,3,23,1270,301,301,23404,1,2,45,0,0,0,3,23,1270
9399,3710,9999, ,Joplin MO MSA,372,372,29200,59,118,6513,29,113,3197,3,48,760,337,337,26703,59,118,6513,27,107,3080,3,48,760
9399,3720,9999, ,Kalamazoo-Battle Creek MI MSA,1397,1397,139631,7,14,737,9,36,1310,20,450,11793,1176,1176,125695,7,14,737,9,36,1310,20,450,11793
9399,3760,9999, ,Kansas City MO-KS MSA,8686,8686,941694,99,198,12040,78,305,10723,18,404,27072,8537,8537,933060,96,192,11470,78,305,10723,18,404,27072
9399,3810,9999, ,Killeen-Temple TX MSA,1765,1765,148688,15,30,1274,0,0,0,0,0,0,1765,1765,148688,15,30,1274,0,0,0,0,0,0
9399,3840,9999, ,Knoxville TN MSA,3359,3359,244599,44,88,2999,17,65,1938,35,416,13551,3211,3211,227787,43,86,2954,17,65,1938,35,416,13551
9399,3850,9999, ,Kokomo IN MSA,272,272,29094,21,42,3731,0,0,0,6,120,4500,258,258,28516,21,42,3731,0,0,0,6,120,4500
9399,3870,9999, ,La Crosse WI-MN MSA,481,481,49310,30,60,3008,5,19,734,8,81,2003,446,446,45973,30,60,3008,5,19,734,8,81,2003
9399,3880,9999, ,Lafayette LA MSA,1040,1040,90377,1,2,74,2,6,180,2,48,1282,1023,1023,89364,1,2,74,2,6,180,2,48,1282
9399,3920,9999, ,Lafayette IN MSA,708,708,71116,24,48,1234,0,0,0,15,234,6349,708,708,71116,24,48,1234,0,0,0,15,234,6349
9399,3960,9999, ,Lake Charles LA MSA,686,686,58245,17,34,1394,4,14,532,0,0,0,682,682,58035,17,34,1394,4,14,532,0,0,0
9399,3980,9999, ,Lakeland-Winter Haven FL MSA,2587,2587,171052,20,40,1670,1,4,185,2,24,1556,2574,2574,170488,20,40,1670,1,4,185,2,24,1556
9399,4000,9999, ,Lancaster PA MSA,2189,2189,199119,18,36,1975,4,14,902,28,502,29299,1892,1892,175759,18,36,1975,3,11,720,22,444,26734
9399,4040,9999, ,Lansing-East Lansing MI MSA,1416,1416,145034,8,16,782,3,10,657,37,411,25634,1378,1378,142172,6,12,594,3,10,657,37,411,25634
9399,4080,9999, ,Laredo TX MSA,869,869,46834,3,6,139,30,116,2710,52,558,12699,0,0,0,0,0,0,0,0,0,0,0,0
9399,4100,9999, ,Las Cruces NM MSA,905,905,76662,2,4,129,3,11,217,3,88,1616,905,905,76662,2,4,129,3,11,217,3,88,1616
9399,4120,9999, ,Las Vegas NV-AZ MSA,17464,17464,1219274,87,174,7874,100,393,17032,313,2994,130518,17459,17459,1218793,87,174,7874,100,393,17032,313,2994,130518
9399,4150,9999, ,Lawrence KS MSA,537,537,52894,86,172,8625,16,63,3626,20,191,3400,537,537,52894,86,172,8625,16,63,3626,20,191,3400
9399,4200,9999, ,Lawton OK MSA,213,213,19887,1,2,40,0,0,0,0,0,0,213,213,19887,1,2,40,0,0,0,0,0,0
9399,4240,9999, ,Lewiston-Auburn ME MSA,183,183,15089,0,0,0,0,0,0,0,0,0,161,161,13364,0,0,0,0,0,0,0,0,0
9399,4280,9999, ,Lexington KY MSA,2835,2835,244641,79,158,5830,34,128,3873,45,438,11475,2570,2570,225541,75,150,5477,32,122,3513,44,433,11375
9399,4320,9999, ,Lima OH MSA,377,377,41329,20,40,2149,2,6,242,0,0,0,365,365,40323,20,40,2149,2,6,242,0,0,0
9399,4360,9999, ,Lincoln NE MSA,1063,1063,118022,29,58,2884,1,4,185,37,520,11580,1060,1060,117764,29,58,2884,1,4,185,37,520,11580
9399,4400,9999, ,Little Rock-North Little Rock AR MSA,2084,2084,219418,34,68,1764,33,126,3418,17,250,6445,2084,2084,219418,34,68,1764,33,126,3418,17,250,6445
9399,4420,9999, ,Longview-Marshall TX MSA,240,240,20390,7,14,394,0,0,0,0,0,0,240,240,20390,7,14,394,0,0,0,0,0,0
9399,4472,4480, ,Los Angeles-Long Beach CA PMSA,4523,4523,780959,130,260,24160,89,302,25850,138,2347,211810,4395,4395,770149,119,238,22582,74,256,22882,122,2250,206849
9399,4472,5945, ,Orange County CA PMSA,4441,4441,728316,35,70,6869,70,258,24199,174,1575,117179,4441,4441,728316,35,70,6869,70,258,24199,174,1575,117179
9399,4472,6780, ,Riverside-San Bernardino CA PMSA,12300,12300,1430669,48,96,8307,39,149,10370,49,507,21839,12262,12262,1427552,48,96,8307,38,146,10193,49,507,21839
9399,4472,8735, ,Ventura CA PMSA,1166,1166,224410,29,58,6000,23,81,9269,11,67,6964,1166,1166,224410,29,58,6000,23,81,9269,11,67,6964
9399,4520,9999, ,Louisville KY-IN MSA,5086,5086,482271,39,78,4004,24,95,3761,61,475,16380,5063,5063,480780,36,72,3662,24,95,3761,61,475,16380
9399,4600,9999, ,Lubbock TX MSA,717,717,77667,13,26,873,11,35,1850,0,0,0,717,717,77667,13,26,873,11,35,1850,0,0,0
9399,4640,9999, ,Lynchburg VA MSA,1084,1084,111126,8,16,870,2,8,181,4,30,1190,1020,1020,104350,5,10,690,2,8,181,4,30,1190
9399,4680,9999, ,Macon GA MSA,1627,1627,102603,3,6,263,0,0,0,12,104,4276,1624,1624,102464,3,6,263,0,0,0,12,104,4276
9399,4720,9999, ,Madison WI MSA,2214,2214,253364,136,272,19665,91,357,16313,69,1072,40449,2209,2209,252939,134,268,19481,89,351,16163,69,1072,40449
9399,4800,9999, ,Mansfield OH MSA,310,310,30823,10,20,819,5,20,990,10,64,2071,292,292,29833,10,20,819,5,20,990,10,64,2071
9399,4880,9999, ,McAllen-Edinburg-Mission TX MSA,1855,1855,100156,48,96,1986,35,131,2878,39,311,8483,1252,1252,63625,30,60,1114,24,92,2231,13,146,3509
9399,4890,9999, ,Medford-Ashland OR MSA,1134,1134,118251,20,40,2278,26,97,4888,14,140,9152,1127,1127,117419,20,40,2278,24,91,4515,13,135,8944
9399,4900,9999, ,Melbourne-Titusville-Palm Bay FL MSA,3716,3716,360092,2,4,267,0,0,0,13,229,14853,3715,3715,359988,2,4,267,0,0,0,12,224,14626
9399,4920,9999, ,Memphis TN-AR-MS MSA,7012,7012,683412,6,12,238,5,15,600,35,352,7352,6991,6991,681698,6,12,238,5,15,600,35,352,7352
9399,4940,9999, ,Merced CA MSA,1096,1096,107886,2,4,207,6,18,1354,0,0,0,1067,1067,103661,1,2,81,6,18,1354,0,0,0
9399,4992,2680, ,Fort Lauderdale FL PMSA,9808,9808,1064665,33,66,4952,23,87,6986,135,3003,143540,9756,9756,1058876,33,66,4952,23,87,6986,133,2993,142912
9399,4992,5000, ,Miami FL PMSA,5793,5793,507749,61,122,5162,27,108,5202,101,3003,160629,5789,5789,506470,61,122,5162,27,108,5202,101,3003,160629
9399,5082,5080, ,Milwaukee-Waukesha WI PMSA,4476,4476,581769,167,334,25715,58,228,15011,160,2163,101301,4321,4321,563157,162,324,25045,56,222,14771,157,2147,100689
9399,5082,6600, ,Racine WI PMSA,648,648,68201,16,32,2109,6,21,1312,47,463,20715,632,632,66448,16,32,2109,4,15,1190,38,412,19015
9399,5120,9999, ,Minneapolis-St. Paul MN-WI MSA,16693,16693,1965342,83,166,15766,33,129,8310,168,2338,116552,16594,16594,1956500,82,164,15666,33,129,8310,166,2328,115782
9399,5160,9999, ,Mobile AL MSA,1603,1603,130651,44,88,3174,5,20,923,34,536,20953,1531,1531,127178,13,26,1438,5,20,923,34,536,20953
9399,5170,9999, ,Modesto CA MSA,1831,1831,158527,13,26,1396,23,88,3247,3,32,2220,1820,1820,157706,13,26,1396,23,88,3247,3,32,2220
9399,5200,9999, ,Monroe LA MSA,420,420,40431,2,4,51,0,0,0,1,6,125,389,389,38207,1,2,26,0,0,0,1,6,125
9399,5240,9999, ,Montgomery AL MSA,1641,1641,117270,1,2,70,3,12,405,14,112,2548,1641,1641,117270,1,2,70,3,12,405,14,112,2548
9399,5280,9999, ,Muncie IN MSA,255,255,29256,10,20,1498,12,47,2600,1,20,650,200,200,20045,10,20,1498,12,47,2600,1,20,650
9399,5330,9999, ,Myrtle Beach SC MSA,1195,1195,92096,3,6,247,2,8,800,46,411,20798,1192,1192,91935,3,6,247,2,8,800,46,411,20798
9399,5345,9999, ,Naples FL MSA,1702,1702,196715,27,54,4142,46,184,16447,134,1719,168033,1701,1701,196670,27,54,4142,46,184,16447,134,1719,168033
9399,5360,9999, ,Nashville TN MSA,7671,7671,729850,19,38,1388,25,95,2175,56,383,16042,7430,7430,707770,19,38,1388,25,95,2175,51,358,15471
9399,5520,9999, ,New London-Norwich CT-RI MSA,749,749,68716,1,2,50,0,0,0,0,0,0,738,738,67988,1,2,50,0,0,0,0,0,0
9399,5560,9999, ,New Orleans LA MSA,3373,3373,278214,50,100,3486,1,4,182,1,156,5058,3337,3337,275350,49,98,3333,1,4,182,1,156,5058
9399,5602,0875, ,Bergen-Passaic NJ PMSA,1225,1225,166701,57,114,6597,0,0,0,21,232,10293,1207,1207,163336,56,112,6482,0,0,0,14,181,7467
9399,5602,1160, ,Bridgeport CT PMSA,942,942,87918,9,18,732,2,8,426,3,87,2576,906,906,84673,7,14,633,2,8,426,3,87,2576
9399,5602,1930, ,Danbury CT PMSA,751,751,102502,2,4,170,1,3,152,0,0,0,751,751,102502,2,4,170,1,3,152,0,0,0
9399,5602,2281, ,Dutchess County NY PMSA,414,414,49643,2,4,144,3,10,365,1,6,262,380,380,46128,1,2,112,1,4,125,1,6,262
9399,5602,3640, ,Jersey City NJ PMSA,254,254,13494,69,138,4924,10,30,1347,1,18,540,254,254,13494,69,138,4924,10,30,1347,1,18,540
9399,5602,5015, ,Middlesex-Somerset-Hunterdon NJ PMSA,4324,4324,395335,10,20,783,15,54,3278,46,671,21379,4232,4232,384882,7,14,558,15,54,3278,46,671,21379
9399,5602,5190, ,Monmouth-Ocean NJ PMSA,5001,5001,432367,5,10,552,2,7,368,24,301,11845,4888,4888,423078,5,10,552,2,7,368,19,264,10622
9399,5602,5380, ,Nassau-Suffolk NY PMSA,3281,3281,396609,34,68,4305,1,4,210,32,376,14796,3029,3029,380339,34,68,4305,1,4,210,32,376,14796
9399,5602,5480, ,New Haven-Meriden CT PMSA,1056,1056,112086,10,20,748,0,0,0,17,455,14022,1050,1050,111843,4,8,281,0,0,0,11,424,11542
9399,5602,5600, ,New York NY PMSA,2827,2827,337361,891,1782,110329,266,827,47411,56,1878,85351,2718,2718,323068,873,1746,107233,264,821,47058,55,1873,84178
9399,5602,5640, ,Newark NJ PMSA,3845,3845,387158,160,320,15015,5,17,1085,40,616,29310,3808,3808,383611,159,318,14946,5,17,1085,35,567,26118
9399,5602,5660, ,Newburgh NY-PA PMSA,1522,1522,137646,20,40,1962,3,11,577,10,83,3155,1490,1490,135651,19,38,1832,2,8,450,9,78,2992
9399,5602,8040, ,Stamford-Norwalk CT PMSA,388,388,101645,10,20,1292,0,0,0,14,565,28037,345,345,91341,10,20,1292,0,0,0,13,560,27600
9399,5602,8480, ,Trenton NJ PMSA,881,881,84363,0,0,0,1,3,125,13,486,13277,858,858,80779,0,0,0,1,3,125,13,486,13277
9399,5602,8880, ,Waterbury CT PMSA,542,542,51707,6,12,346,0,0,0,0,0,0,541,541,51604,6,12,346,0,0,0,0,0,0
9399,5720,9999, ,Norfolk-Virginia Beach-Newport News VA-NC MSA,7943,7943,719726,61,122,5195,36,131,6322,149,1536,50353,7631,7631,696175,51,102,4797,36,131,6322,149,1536,50353
9399,5790,9999, ,Ocala FL MSA,2281,2281,109094,4,8,184,3,12,199,8,72,2020,2281,2281,109094,4,8,184,3,12,199,8,72,2020
9399,5800,9999, ,Odessa-Midland TX MSA,377,377,41913,1,2,120,0,0,0,0,0,0,377,377,41913,1,2,120,0,0,0,0,0,0
9399,5880,9999, ,Oklahoma City OK MSA,3932,3932,411331,10,20,981,0,0,0,1,8,150,3931,3931,411249,10,20,981,0,0,0,1,8,150
9399,5920,9999, ,Omaha NE-IA MSA,2930,2930,241000,32,64,3776,12,47,1707,35,926,28039,2924,2924,240745,32,64,3776,12,47,1707,35,926,28039
9399,5960,9999, ,Orlando FL MSA,12516,12516,1154529,41,82,4322,14,53,2467,334,3986,143771,12516,12516,1154529,41,82,4322,14,53,2467,334,3986,143771
9399,5990,9999, ,Owensboro KY MSA,352,352,22261,1,2,56,3,12,480,2,16,397,153,153,11018,1,2,56,3,12,480,2,16,397
9399,6015,9999, ,Panama City FL MSA,1080,1080,58558,16,32,1097,8,30,840,25,232,7410,1080,1080,58558,16,32,1097,8,30,840,25,232,7410
9399,6020,9999, ,Parkersburg-Marietta WV-OH MSA,118,118,12369,2,4,106,1,4,180,3,26,857,118,118,12369,2,4,106,1,4,180,3,26,857
9399,6080,9999, ,Pensacola FL MSA,2908,2908,200862,12,24,407,0,0,0,2,42,724,2908,2908,200862,12,24,407,0,0,0,2,42,724
9399,6120,9999, ,Peoria-Pekin IL MSA,887,887,93046,42,84,5177,3,11,341,18,266,8890,851,851,90287,39,78,4877,3,11,341,18,266,8890
9399,6162,0560, ,Atlantic-Cape May NJ PMSA,948,948,71491,69,138,10105,4,14,564,2,88,1707,922,922,69690,69,138,10105,4,14,564,2,88,1707
9399,6162,6160, ,Philadelphia PA-NJ PMSA,13950,13950,1289881,100,200,9374,26,95,6057,56,1091,53794,13378,13378,1232512,99,198,9348,26,95,6057,54,1081,53285
9399,6162,8760, ,Vineland-Millville-Bridgeton NJ PMSA,292,292,18934,2,4,219,1,4,6,0,0,0,289,289,18783,2,4,219,1,4,6,0,0,0
9399,6162,9160, ,Wilmington-Newark DE-MD PMSA,3147,3147,191525,0,0,0,0,0,0,4,85,3990,3016,3016,181947,0,0,0,0,0,0,4,85,3990
9399,6200,9999, ,Phoenix-Mesa AZ MSA,23196,23196,2500749,46,92,6469,72,248,16563,176,1917,97313,23196,23196,2500749,46,92,6469,72,248,16563,176,1917,97313
9399,6240,9999, ,Pine Bluff AR MSA,64,64,2358,4,8,45,0,0,0,6,38,770,64,64,2358,4,8,45,0,0,0,6,38,770
9399,6280,9999, ,Pittsburgh PA MSA,5728,5728,623426,37,74,4798,27,100,3955,33,505,19326,5337,5337,581761,31,62,4326,23,88,3637,27,465,18815
9399,6320,9999, ,Pittsfield MA MSA,106,106,14950,0,0,0,1,3,94,1,6,300,87,87,13222,0,0,0,0,0,0,1,6,300
9399,6400,9999, ,Portland ME MSA,931,931,90390,7,14,618,1,4,320,1,20,900,928,928,89960,7,14,618,1,4,320,1,20,900
9399,6442,6440, ,Portland-Vancouver OR-WA PMSA,10647,10647,1178810,79,158,9736,32,119,5919,248,2815,130792,10633,10633,1176943,79,158,9736,32,119,5919,248,2815,130792
9399,6442,7080, ,Salem OR PMSA,1362,1362,146413,74,148,7624,12,43,1823,80,859,29606,1351,1351,145294,73,146,7541,12,43,1823,80,859,29606
9399,6480,9999, ,Providence-Fall River-Warwick RI-MA MSA,2713,2713,256890,34,68,3037,10,36,1966,4,96,4405,2524,2524,239803,34,68,3037,10,36,1966,4,96,4405
9399,6520,9999, ,Provo-Orem UT MSA,2549,2549,242846,69,138,8443,59,232,10920,42,407,15523,2285,2285,215480,69,138,8443,59,232,10920,41,402,15378
9399,6560,9999, ,Pueblo CO MSA,379,379,42670,3,6,389,2,8,260,0,0,0,379,379,42670,3,6,389,2,8,260,0,0,0
9399,6580,9999, ,Punta Gorda FL MSA,1366,1366,113335,19,38,2104,6,21,1013,6,50,2833,1366,1366,113335,19,38,2104,6,21,1013,6,50,2833
9399,6640,9999, ,Raleigh-Durham-Chapel Hill NC MSA,9467,9467,1044141,33,66,5299,5,19,1019,77,992,36454,9370,9370,1037397,32,64,5269,5,19,1019,73,972,35854
9399,6660,9999, ,Rapid City SD MSA,361,361,29906,1,2,109,4,16,559,2,17,1122,358,358,29860,1,2,109,4,16,559,2,17,1122
9399,6680,9999, ,Reading PA MSA,1475,1475,138403,7,14,494,9,35,1948,6,83,3565,1388,1388,131486,3,6,158,9,35,1948,5,77,3385
9399,6690,9999, ,Redding CA MSA,1054,1054,102449,8,16,896,39,154,8721,3,19,1077,1054,1054,102449,8,16,896,39,154,8721,3,19,1077
9399,6720,9999, ,Reno NV MSA,2346,2346,240317,5,10,1124,6,23,672,18,214,7828,2252,2252,230860,4,8,1036,6,23,672,18,214,7828
9399,6740,9999, ,Richland-Kennewick-Pasco WA MSA,1308,1308,138068,5,10,436,14,53,2479,18,296,11112,1295,1295,136907,5,10,436,14,53,2479,17,283,10834
9399,6760,9999, ,Richmond-Petersburg VA MSA,6051,6051,490765,5,10,399,17,61,2966,37,335,10521,6051,6051,490765,5,10,399,17,61,2966,37,335,10521
9399,6800,9999, ,Roanoke VA MSA,852,852,54906,15,30,882,1,3,41,2,23,1258,524,524,33281,4,8,199,0,0,0,1,18,1108
9399,6820,9999, ,Rochester MN MSA,596,596,64971,4,8,722,9,36,1888,0,0,0,596,596,64971,4,8,722,9,36,1888,0,0,0
9399,6840,9999, ,Rochester NY MSA,2835,2835,325196,17,34,2107,0,0,0,28,447,23784,2705,2705,308992,17,34,2107,0,0,0,25,428,23128
9399,6880,9999, ,Rockford IL MSA,1947,1947,158825,72,144,7580,21,84,2807,10,88,2842,1920,1920,156276,70,140,7415,20,80,2687,10,88,2842
9399,6895,9999, ,Rocky Mount NC MSA,506,506,40452,7,14,551,0,0,0,0,0,0,506,506,40452,7,14,551,0,0,0,0,0,0
9399,6922,6920, ,Sacramento CA PMSA,7190,7190,914386,42,84,6167,8,28,1978,34,445,20054,7190,7190,914386,42,84,6167,8,28,1978,34,445,20054
9399,6922,9270, ,Yolo CA PMSA,731,731,89415,9,18,767,6,23,1121,14,116,5730,704,704,86387,8,16,703,5,19,1041,14,116,5730
9399,6960,9999, ,Saginaw-Bay City-Midland MI MSA,1153,1153,105482,44,88,5995,4,15,1055,12,213,8912,919,919,88604,41,82,5257,4,15,1055,12,213,8912
9399,6980,9999, ,St. Cloud MN MSA,839,839,65258,5,10,520,1,4,0,16,288,9970,555,555,42855,5,10,520,0,0,0,7,212,7754
9399,7000,9999, ,St. Joseph MO MSA,198,198,19678,10,20,911,1,4,175,1,8,160,198,198,19678,10,20,911,1,4,175,1,8,160
9399,7040,9999, ,St. Louis MO-IL MSA,10639,10639,1006784,123,246,13408,47,182,9773,37,499,22021,10524,10524,996398,123,246,13408,47,182,9773,37,499,22021
9399,7120,9999, ,Salinas CA MSA,756,756,113332,13,26,1426,16,60,2855,3,27,1367,756,756,113332,13,26,1426,16,60,2855,3,27,1367
9399,7160,9999, ,Salt Lake City-Ogden UT MSA,7077,7077,737049,18,36,2474,36,144,6672,96,1576,63266,6886,6886,720657,18,36,2474,36,144,6672,96,1576,63266
9399,7200,9999, ,San Angelo TX MSA,305,305,23213,3,6,200,0,0,0,0,0,0,305,305,23213,3,6,200,0,0,0,0,0,0
9399,7240,9999, ,San Antonio TX MSA,4558,4558,350754,4,8,185,0,0,0,80,1258,32549,4556,4556,350688,4,8,185,0,0,0,80,1258,32549
9399,7320,9999, ,San Diego CA MSA,4229,4229,741120,64,128,15068,70,251,24335,134,1142,79262,4229,4229,741120,64,128,15068,70,251,24335,134,1142,79262
9399,7362,5775, ,Oakland CA PMSA,4650,4650,775859,25,50,3556,13,48,4691,70,913,71376,4619,4619,771080,25,50,3556,13,48,4691,69,894,70283
9399,7362,7360, ,San Francisco CA PMSA,730,730,176685,46,92,12624,22,67,8833,32,934,113893,708,708,173027,46,92,12624,22,67,8833,31,929,113529
9399,7362,7400, ,San Jose CA PMSA,1825,1825,300308,21,42,3786,31,105,10584,97,1481,89221,1825,1825,300308,21,42,3786,31,105,10584,97,1481,89221
9399,7362,7485, ,Santa Cruz-Watsonville CA PMSA,279,279,40261,15,30,2412,7,24,1449,2,13,1290,279,279,40261,15,30,2412,7,24,1449,2,13,1290
9399,7362,7500, ,Santa Rosa CA PMSA,1686,1686,222214,20,40,2806,8,27,2009,20,185,10229,1686,1686,222214,20,40,2806,8,27,2009,20,185,10229
9399,7362,8720, ,Vallejo-Fairfield-Napa CA PMSA,1692,1692,240649,13,26,2254,8,28,2026,16,120,7716,1692,1692,240649,13,26,2254,8,28,2026,16,120,7716
9399,7460,9999, ,San Luis Obispo-Atascadero-Paso Robles CA MSA,781,781,104724,2,4,366,1,3,115,11,71,3766,777,777,104033,2,4,366,1,3,115,11,71,3766
9399,7480,9999, ,Santa Barbara-Santa Maria-Lompoc CA MSA,477,477,79770,8,16,1406,5,18,883,10,62,2367,465,465,78232,8,16,1406,5,18,883,2,22,1640
9399,7490,9999, ,Santa Fe NM MSA,362,362,53425,4,8,275,31,121,8362,0,0,0,362,362,53425,4,8,275,31,121,8362,0,0,0
9399,7510,9999, ,Sarasota-Bradenton FL MSA,3811,3811,335046,31,62,3249,22,84,4035,34,661,51466,3811,3811,335046,31,62,3249,22,84,4035,34,661,51466
9399,7520,9999, ,Savannah GA MSA,1805,1805,145391,8,16,693,0,0,0,43,510,20744,1776,1776,143856,7,14,565,0,0,0,43,510,20744
9399,7560,9999, ,Scranton--Wilkes-Barre--Hazleton PA MSA,1332,1332,115827,15,30,1059,5,18,355,1,5,650,1221,1221,109167,14,28,971,5,18,355,1,5,650
9399,7602,1150, ,Bremerton WA PMSA,1571,1571,117692,24,48,2427,7,28,1808,40,591,25653,1488,1488,101899,22,44,2227,7,28,1808,38,581,25243
9399,7602,5910, ,Olympia WA PMSA,1761,1761,174692,14,28,2025,1,4,185,27,239,11272,1680,1680,167192,11,22,1340,1,4,185,27,239,11272
9399,7602,7600, ,Seattle-Bellevue-Everett WA PMSA,8867,8867,1054964,130,260,17466,105,397,23677,252,3642,231854,8605,8605,1028588,125,250,16990,102,388,23163,239,3533,225830
9399,7602,8200, ,Tacoma WA PMSA,4292,4292,407490,114,228,16549,15,59,3600,88,843,32697,4280,4280,406223,114,228,16549,15,59,3600,88,843,32697
9399,7610,9999, ,Sharon PA MSA,282,282,20829,4,8,471,0,0,0,0,0,0,265,265,19705,4,8,471,0,0,0,0,0,0
9399,7620,9999, ,Sheboygan WI MSA,433,433,42489,13,26,1504,0,0,0,13,180,4780,431,431,42309,13,26,1504,0,0,0,13,180,4780
9399,7640,9999, ,Sherman-Denison TX MSA,96,96,7366,0,0,0,0,0,0,0,0,0,96,96,7366,0,0,0,0,0,0,0,0,0
9399,7680,9999, ,Shreveport-Bossier City LA MSA,802,802,75129,4,8,314,2,6,174,0,0,0,761,761,72695,2,4,171,0,0,0,0,0,0
9399,7720,9999, ,Sioux City IA-NE MSA,185,185,16662,5,10,544,1,4,140,9,318,9448,169,169,15605,5,10,544,1,4,140,9,318,9448
9399,7760,9999, ,Sioux Falls SD MSA,847,847,71287,11,22,1553,8,30,1055,23,632,28057,847,847,71287,11,22,1553,8,30,1055,23,632,28057
9399,7800,9999, ,South Bend IN MSA,1058,1058,120901,16,32,1894,4,12,697,17,425,10667,1058,1058,120901,16,32,1894,4,12,697,17,425,10667
9399,7840,9999, ,Spokane WA MSA,2207,2207,218846,61,122,8824,21,76,3963,78,894,43241,2207,2207,218846,61,122,8824,21,76,3963,78,894,43241
9399,7880,9999, ,Springfield IL MSA,1114,1114,114326,101,202,11746,2,8,385,7,69,2117,1109,1109,113991,101,202,11746,2,8,385,7,69,2117
9399,7920,9999, ,Springfield MO MSA,1765,1765,102280,56,112,3615,24,96,1933,15,196,4701,1685,1685,99398,56,112,3615,16,64,1406,15,196,4701
9399,8000,9999, ,Springfield MA MSA,1148,1148,128485,45,90,4146,19,74,5394,7,65,3179,1101,1101,123715,45,90,4146,19,74,5394,7,65,3179
9399,8050,9999, ,State College PA MSA,506,506,50715,2,4,103,0,0,0,7,92,3556,432,432,42879,2,4,103,0,0,0,5,72,2825
9399,8080,9999, ,Steubenville-Weirton OH-WV MSA,95,95,7683,1,2,20,0,0,0,0,0,0,61,61,5500,1,2,20,0,0,0,0,0,0
9399,8120,9999, ,Stockton-Lodi CA MSA,2572,2572,265229,10,20,1382,8,27,1449,6,36,1950,2572,2572,265229,10,20,1382,8,27,1449,6,36,1950
9399,8140,9999, ,Sumter SC MSA,443,443,24687,2,4,72,4,16,450,1,67,6000,443,443,24687,2,4,72,4,16,450,1,67,6000
9399,8160,9999, ,Syracuse NY MSA,1576,1576,141202,13,26,1123,5,20,807,19,378,13146,1331,1331,118465,13,26,1123,5,20,807,13,348,12349
9399,8240,9999, ,Tallahassee FL MSA,1753,1753,158875,25,50,1309,30,99,2791,34,332,9286,1746,1746,158611,25,50,1309,30,99,2791,34,332,9286
9399,8280,9999, ,Tampa-St. Petersburg-Clearwater FL MSA,10331,10331,911750,99,198,13837,51,190,10508,101,1744,96572,10212,10212,899830,99,198,13837,51,190,10508,97,1692,93441
9399,8320,9999, ,Terre Haute IN MSA,513,513,45018,17,34,1665,1,4,202,14,112,4052,432,432,41833,17,34,1665,1,4,202,14,112,4052
9399,8360,9999, ,Texarkana TX-Texarkana AR MSA,234,234,15517,0,0,0,1,4,127,0,0,0,234,234,15517,0,0,0,1,4,127,0,0,0
9399,8400,9999, ,Toledo OH MSA,1280,1280,130284,26,52,2746,19,71,3663,44,411,13580,1264,1264,128849,26,52,2746,19,71,3663,44,411,13580
9399,8440,9999, ,Topeka KS MSA,624,624,64195,27,54,3225,0,0,0,14,253,7086,624,624,64195,27,54,3225,0,0,0,14,253,7086
9399,8520,9999, ,Tucson AZ MSA,5360,5360,587933,31,62,3230,5,16,697,69,762,27907,4612,4612,509426,31,62,3230,5,16,697,69,762,27907
9399,8560,9999, ,Tulsa OK MSA,2926,2926,266359,6,12,402,3,10,562,0,0,0,2881,2881,262164,6,12,402,3,10,562,0,0,0
9399,8600,9999, ,Tuscaloosa AL MSA,660,660,35210,1,2,70,1,4,49,4,45,951,660,660,35210,1,2,70,1,4,49,4,45,951
9399,8640,9999, ,Tyler TX MSA,289,289,39479,5,10,345,3,12,400,0,0,0,258,258,37620,3,6,195,3,12,400,0,0,0
9399,8680,9999, ,Utica-Rome NY MSA,470,470,43123,5,10,598,2,7,250,5,138,12661,429,429,39984,5,10,598,2,7,250,4,122,11955
9399,8750,9999, ,Victoria TX MSA,185,185,19899,0,0,0,0,0,0,0,0,0,185,185,19899,0,0,0,0,0,0,0,0,0
9399,8780,9999, ,Visalia-Tulare-Porterville CA MSA,1563,1563,132885,13,26,1452,34,118,5265,10,87,2779,1520,1520,129307,13,26,1452,31,109,4804,10,87,2779
9399,8800,9999, ,Waco TX MSA,368,368,32178,3,6,226,0,0,0,0,0,0,296,296,22977,3,6,226,0,0,0,0,0,0
9399,8872,0720, ,Baltimore MD PMSA,10546,10546,936360,11,22,801,0,0,0,116,2335,93277,10464,10464,930962,11,22,801,0,0,0,107,2286,91772
9399,8872,3180, ,Hagerstown MD PMSA,478,478,46441,12,24,711,0,0,0,0,0,0,473,473,46095,12,24,711,0,0,0,0,0,0
9399,8872,8840, ,Washington DC-MD-VA-WV PMSA,26374,26374,2410982,76,152,6179,15,47,3964,278,3784,131982,26359,26359,2409331,76,152,6179,15,47,3964,277,3776,131782
9399,8920,9999, ,Waterloo-Cedar Falls IA MSA,129,129,15966,4,8,474,1,3,213,15,159,4366,127,127,15766,4,8,474,1,3,213,15,159,4366
9399,8940,9999, ,Wausau WI MSA,564,564,51802,34,68,3299,7,28,965,7,81,1575,545,545,50675,33,66,3207,7,28,965,7,81,1575
9399,8960,9999, ,West Palm Beach-Boca Raton FL MSA,7046,7046,787895,97,194,14744,82,310,22505,116,1357,93396,7046,7046,787895,97,194,14744,82,310,22505,116,1357,93396
9399,9000,9999, ,Wheeling WV-OH MSA,88,88,6424,0,0,0,0,0,10,1,5,200,69,69,4864,0,0,0,0,0,10,1,5,200
9399,9040,9999, ,Wichita KS MSA,2368,2368,212170,12,24,1315,1,4,100,16,142,4435,2367,2367,212120,12,24,1315,1,4,100,16,142,4435
9399,9080,9999, ,Wichita Falls TX MSA,347,347,35356,2,4,360,5,20,875,0,0,0,346,346,35316,2,4,360,5,20,875,0,0,0
9399,9140,9999, ,Williamsport PA MSA,237,237,21131,2,4,140,3,11,364,2,18,672,220,220,20100,2,4,140,3,11,364,2,18,672
9399,9200,9999, ,Wilmington NC MSA,2424,2424,209628,28,56,3374,17,68,4764,10,135,3560,2392,2392,207180,28,56,3374,17,68,4764,10,135,3560
9399,9260,9999, ,Yakima WA MSA,528,528,53594,82,164,8628,36,135,6080,7,46,1848,505,505,52091,82,164,8628,36,135,6080,7,46,1848
9399,9280,9999, ,York PA MSA,2494,2494,208608,45,90,3567,5,20,700,6,46,1660,2406,2406,203064,45,90,3567,5,20,700,6,46,1660
9399,9320,9999, ,Youngstown-Warren OH MSA,1172,1172,122095,63,126,7686,29,107,6969,29,230,8144,1132,1132,117574,62,124,7536,28,104,6969,28,219,7849
9399,9340,9999, ,Yuba City CA MSA,902,902,86521,11,22,923,0,0,0,1,6,283,902,902,86521,11,22,923,0,0,0,1,6,283
9399,9360,9999, ,Yuma AZ MSA,637,637,42329,0,0,0,0,0,0,0,0,0,637,637,42329,0,0,0,0,0,0,0,0,0
9399,1122,9999,,Boston-Worcester-Lawrence MA-NH-ME-CT CMSA,14107,14107,1570323,154,308,19503,11,37,1884,72,1212,70261,12509,12509,1425198,126,252,16456,9,31,1884,37,1022,60827
9399,1602,9999,,Chicago-Gary-Kenosha IL-IN-WI CMSA,28761,28761,3421832,420,840,56979,367,1345,93869,327,4167,206881,27060,27060,3237400,375,750,51279,367,1345,93869,310,4068,202901
9399,1642,9999,,Cincinnati-Hamilton OH-KY-IN CMSA ,9094,9094,971322,114,228,11619,53,191,10125,180,2200,71981,8839,8839,954942,107,214,10726,53,191,10125,161,1993,65199
9399,1692,9999,,Cleveland-Akron OH CMSA ,8285,8285,1113584,132,264,18536,142,516,31006,58,674,26737,8129,8129,1094592,131,262,18376,137,500,30851,56,662,26304
9399,1922,9999,,Dallas-Fort Worth TX CMSA ,21740,21740,2690422,24,48,2479,7,28,949,275,4711,164371,21266,21266,2600200,24,48,2479,7,28,949,275,4711,164371
9399,2082,9999,,Denver-Boulder-Greeley CO CMSA,14535,14535,1744948,60,120,9709,16,62,3884,174,2289,89701,14192,14192,1704119,60,120,9709,16,62,3884,174,2289,89701
9399,2162,9999,,Detroit-Ann Arbor-Flint MI CMSA ,16099,16099,1661846,65,130,7475,91,341,23214,181,2702,108994,15579,15579,1615292,63,126,7322,80,303,19537,142,2336,97981
9399,3362,9999,,Houston-Galveston-Brazoria TX CMSA,13633,13633,1463228,11,22,1354,25,94,5160,252,3553,124480,13302,13302,1429790,11,22,1354,23,88,4916,242,3428,120368
9399,4472,9999,,Los Angeles-Riverside-Orange County CA CMSA ,22430,22430,3164354,242,484,45336,221,790,69688,372,4496,357792,22264,22264,3150427,231,462,43758,205,741,66543,356,4399,352831
9399,4992,9999,,Miami-Fort Lauderdale FL CMSA ,15601,15601,1572414,94,188,10114,50,195,12188,236,6006,304169,15545,15545,1565346,94,188,10114,50,195,12188,234,5996,303541
9399,5082,9999,,Milwaukee-Racine WI CMSA,5124,5124,649970,183,366,27824,64,249,16323,207,2626,122016,4953,4953,629605,178,356,27154,60,237,15961,195,2559,119704
9399,5602,9999,,New York-Northern New Jersey-Long Island NY-NJ-CT-PA CMSA ,27253,27253,2856535,1285,2570,147899,309,974,55344,278,5774,234843,26457,26457,2776329,1252,2504,143666,304,959,54624,252,5591,223349
9399,6162,9999,,Philadelphia-Wilmington-Atlantic City PA-NJ-DE-MD CMSA,18337,18337,1571831,171,342,19698,31,113,6627,62,1264,59491,17605,17605,1502932,170,340,19672,31,113,6627,60,1254,58982
9399,6442,9999,,Portland-Salem OR-WA CMSA ,12009,12009,1325223,153,306,17360,44,162,7742,328,3674,160398,11984,11984,1322237,152,304,17277,44,162,7742,328,3674,160398
9399,6922,9999,,Sacramento-Yolo CA CMSA ,7921,7921,1003801,51,102,6934,14,51,3099,48,561,25784,7894,7894,1000773,50,100,6870,13,47,3019,48,561,25784
9399,7362,9999,,San Francisco-Oakland-San Jose CA CMSA,10862,10862,1755976,140,280,27438,89,299,29592,237,3646,293725,10809,10809,1747539,140,280,27438,89,299,29592,235,3622,292268
9399,7602,9999,,Seattle-Tacoma-Bremerton WA CMSA,16491,16491,1754838,282,564,38467,128,488,29270,407,5315,301476,16053,16053,1703902,272,544,37106,125,479,28756,392,5196,295042
9399,8872,9999,,Washington-Baltimore DC-MD-VA-WV CMSA ,37398,37398,3393783,99,198,7691,15,47,3964,394,6119,225259,37296,37296,3386388,99,198,7691,15,47,3964,384,6062,223554
