Survey,MSA/,PMSA,,MA,,1-unit,,,2-units,,,3-4 units,,,5+ units,,,1-unit rep,,,2-units rep,,,3-4 units rep,,,5+ units rep
Date,CMSA,,,Name,Bldgs,Units,Value,Bldgs,Units,Value,Bldgs,Units,Value,Bldgs,Units,Value,Bldgs,Units,Value,Bldgs,Units,Value,Bldgs,Units,Value,Bldgs,Units,Value

9299,0040,9999, ,Abilene TX MSA,269,269,27001,2,4,140,1,4,1500,0,0,0,217,217,24555,2,4,140,1,4,1500,0,0,0
9299,0120,9999, ,Albany GA MSA,398,398,27073,76,152,5070,0,0,0,1,16,650,398,398,27073,76,152,5070,0,0,0,1,16,650
9299,0160,9999, ,Albany-Schenectady-Troy NY MSA,2463,2463,265498,53,106,4966,10,34,3198,29,436,18383,2410,2410,260298,53,106,4966,10,34,3198,29,436,18383
9299,0200,9999, ,Albuquerque NM MSA,2405,2405,230792,0,0,0,1,4,134,1,56,2132,2405,2405,230792,0,0,0,1,4,134,1,56,2132
9299,0220,9999, ,Alexandria LA MSA,62,62,5941,0,0,0,0,0,0,4,24,500,62,62,5941,0,0,0,0,0,0,4,24,500
9299,0240,9999, ,Allentown-Bethlehem-Easton PA-NJ MSA,2374,2374,247508,8,16,595,15,54,2638,17,385,15992,2354,2354,245827,8,16,595,15,54,2638,17,385,15992
9299,0280,9999, ,Altoona PA MSA,272,272,22677,17,34,1143,3,9,407,3,54,1855,272,272,22677,17,34,1143,3,9,407,3,54,1855
9299,0320,9999, ,Amarillo TX MSA,352,352,38394,6,12,466,0,0,0,0,0,0,309,309,36497,6,12,466,0,0,0,0,0,0
9299,0380,9999, ,Anchorage AK MSA,639,639,99878,5,10,943,0,0,0,0,0,0,639,639,99878,5,10,943,0,0,0,0,0,0
9299,0400,9999, ,Anderson IN MSA,292,292,29940,8,16,878,7,25,1268,1,12,180,287,287,29648,8,16,878,7,25,1268,1,12,180
9299,0405,9999, ,Anderson SC MSA,789,789,60938,2,4,130,2,7,185,1,8,190,786,786,60784,2,4,130,2,7,185,1,8,190
9299,0450,9999, ,Anniston AL MSA,155,155,10361,0,0,0,0,0,0,3,24,680,155,155,10361,0,0,0,0,0,0,3,24,680
9299,0460,9999, ,Appleton-Oshkosh-Neenah WI MSA,1598,1598,152568,121,242,12017,14,50,1804,54,648,13514,1245,1245,120524,93,186,9260,11,41,1660,34,463,9880
9299,0480,9999, ,Asheville NC MSA,913,913,88716,21,42,2433,4,16,521,24,309,5769,913,913,88716,21,42,2433,4,16,521,24,309,5769
9299,0500,9999, ,Athens GA MSA,836,836,69535,51,102,3709,1,3,289,8,76,3523,836,836,69535,51,102,3709,1,3,289,8,76,3523
9299,0520,9999, ,Atlanta GA MSA,27171,27171,2357262,65,130,4267,7,27,1058,45,708,31286,27017,27017,2348680,65,130,4267,7,27,1058,45,708,31286
9299,0560,9999, ,Atlantic City NJ MSA,816,816,68491,63,126,8655,0,0,0,1,78,4100,811,811,67328,63,126,8655,0,0,0,1,78,4100
9299,0600,9999, ,Augusta GA-SC MSA,2563,2563,218144,5,10,228,10,32,754,2,28,420,2562,2562,218104,5,10,228,10,32,754,2,28,420
9299,0640,9999, ,Austin TX MSA,4619,4619,456421,13,26,1502,2,8,448,49,996,18489,4581,4581,453296,13,26,1502,2,8,448,49,996,18489
9299,0680,9999, ,Bakersfield CA MSA,3851,3851,341190,26,52,2625,56,197,9874,31,266,13451,3851,3851,341190,26,52,2625,56,197,9874,31,266,13451
9299,0720,9999, ,Baltimore MD MSA,13335,13335,1164462,4,8,288,22,87,3748,89,2051,78505,13335,13335,1164462,4,8,288,22,87,3748,89,2051,78505
9299,0730,9999, ,Bangor ME MSA,190,190,14927,2,4,165,5,20,720,0,0,0,187,187,14718,2,4,165,5,20,720,0,0,0
9299,0760,9999, ,Baton Rouge LA MSA,1575,1575,119116,1,2,45,0,0,0,24,216,9971,1575,1575,119116,1,2,45,0,0,0,24,216,9971
9299,0780,9999, ,Battle Creek MI MSA,177,177,14750,1,2,200,0,0,0,6,216,3577,152,152,13082,1,2,200,0,0,0,6,216,3577
9299,0840,9999, ,Beaumont-Port Arthur TX MSA,755,755,62744,3,6,223,0,0,0,0,0,0,754,754,62612,3,6,223,0,0,0,0,0,0
9299,0860,9999, ,Bellingham WA MSA,1049,1049,101706,60,120,8936,13,46,2805,33,369,17852,800,800,79626,60,120,8936,12,42,2680,28,327,16083
9299,0870,9999, ,Benton Harbor MI MSA,488,488,50182,2,4,150,1,4,800,0,0,0,485,485,50058,2,4,150,1,4,800,0,0,0
9299,0880,9999, ,Billings MT MSA,431,431,42474,8,16,1151,0,0,0,0,0,0,424,424,42160,8,16,1151,0,0,0,0,0,0
9299,0920,9999, ,Biloxi-Gulfport MS MSA,643,643,43057,4,8,273,2,8,366,0,0,0,589,589,41193,4,8,273,2,8,366,0,0,0
9299,0960,9999, ,Binghamton NY MSA,370,370,38429,5,10,349,0,0,0,0,0,0,361,361,37799,4,8,279,0,0,0,0,0,0
9299,1000,9999, ,Birmingham AL MSA,3560,3560,376084,8,16,628,4,13,306,29,321,12866,3350,3350,362863,8,16,628,4,13,306,29,321,12866
9299,1010,9999, ,Bismarck ND MSA,536,536,48863,0,0,0,4,16,716,9,167,6958,533,533,48603,0,0,0,4,16,716,9,167,6958
9299,1020,9999, ,Bloomington IN MSA,661,661,61408,54,108,5416,4,15,802,30,323,8056,661,661,61408,54,108,5416,4,15,802,30,323,8056
9299,1040,9999, ,Bloomington-Normal IL MSA,955,955,75671,22,44,2367,6,24,641,12,111,3473,954,954,75621,22,44,2367,6,24,641,12,111,3473
9299,1080,9999, ,Boise City ID MSA,2994,2994,286213,37,74,3713,73,287,10344,43,380,12648,2994,2994,286213,37,74,3713,73,287,10344,43,380,12648
9299,1122,1120, ,Boston MA PMSA,5347,5347,660114,50,100,6727,24,86,7590,37,470,31469,5150,5150,638188,44,88,6016,24,86,7590,21,390,26453
9299,1122,1200, ,Brockton MA PMSA,452,452,41245,4,8,387,0,0,0,0,0,0,452,452,41245,4,8,387,0,0,0,0,0,0
9299,1122,4160, ,Lawrence-Haverhill MA-NH PMSA,1523,1523,149596,10,20,858,4,16,750,0,0,0,1514,1514,148458,10,20,858,4,16,750,0,0,0
9299,1122,4560, ,Lowell MA-NH PMSA,1161,1161,139833,7,14,880,0,0,0,3,53,2073,1161,1161,139833,7,14,880,0,0,0,3,53,2073
9299,1122,5350, ,Nashua NH PMSA,685,685,64490,3,6,313,1,4,160,2,14,712,685,685,64490,3,6,313,1,4,160,2,14,712
9299,1122,7090, ,Salem-Gloucester MA PMSA,498,498,60259,9,18,676,0,0,0,7,48,2390,498,498,60259,9,18,676,0,0,0,7,48,2390
9299,1140,9999, ,Bradenton FL MSA,1304,1304,71865,26,52,1877,29,113,6235,12,216,13584,1304,1304,71865,26,52,1877,29,113,6235,12,216,13584
9299,1150,9999, ,Bremerton WA MSA,1911,1911,123509,36,72,2839,2,7,270,30,352,12854,1911,1911,123509,36,72,2839,2,7,270,30,352,12854
9299,1240,9999, ,Brownsville-Harlingen TX MSA,858,858,40231,12,24,792,5,20,560,7,55,1583,853,853,39995,12,24,792,5,20,560,7,55,1583
9299,1260,9999, ,Bryan-College Station TX MSA,479,479,46380,4,8,290,0,0,0,0,0,0,479,479,46380,4,8,290,0,0,0,0,0,0
9299,1282,1280, ,Buffalo NY PMSA,1851,1851,212699,80,160,9171,15,53,2120,54,669,21478,1847,1847,212456,80,160,9171,15,53,2120,54,669,21478
9299,1282,5700, ,Niagara Falls NY PMSA,579,579,56130,13,26,1221,4,15,405,12,114,3588,577,577,55947,13,26,1221,4,15,405,12,114,3588
9299,1300,9999, ,Burlington NC MSA,463,463,39740,12,24,1532,0,0,0,20,164,4174,463,463,39740,12,24,1532,0,0,0,20,164,4174
9299,1305,9999, ,Burlington VT MSA,505,505,46980,5,10,540,8,29,1460,10,187,10878,504,504,46896,5,10,540,8,29,1460,10,187,10878
9299,1320,9999, ,Canton OH MSA,944,944,120985,48,96,5610,10,39,2155,6,43,1042,944,944,120985,48,96,5610,10,39,2155,5,38,930
9299,1350,9999, ,Casper WY MSA,45,45,5418,0,0,0,0,0,0,0,0,0,45,45,5418,0,0,0,0,0,0,0,0,0
9299,1360,9999, ,Cedar Rapids IA MSA,740,740,62896,14,28,2079,27,108,5920,43,341,8372,737,737,62738,14,28,2079,27,108,5920,43,341,8372
9299,1400,9999, ,Champaign-Urbana-Rantoul IL MSA,272,272,25532,9,18,1055,8,30,1406,3,92,4687,234,234,21739,6,12,740,4,14,520,3,92,4687
9299,1440,9999, ,Charleston SC MSA,2826,2826,265069,6,12,852,0,0,0,18,541,14517,2826,2826,265069,6,12,852,0,0,0,18,541,14517
9299,1480,9999, ,Charleston WV MSA,435,435,41001,1,2,50,4,14,464,0,0,0,431,431,40811,1,2,50,4,14,464,0,0,0
9299,1520,9999, ,Charlotte-Gastonia-Rock Hill NC-SC MSA,8545,8545,788588,50,100,3990,8,28,992,83,1025,28684,8536,8536,788207,50,100,3990,8,28,992,83,1025,28684
9299,1540,9999, ,Charlottesville VA MSA,940,940,92414,45,90,4431,6,24,1156,31,360,16496,940,940,92414,45,90,4431,6,24,1156,31,360,16496
9299,1560,9999, ,Chattanooga TN-GA MSA,1625,1625,122638,33,66,1942,2,8,220,4,66,3641,1619,1619,121904,33,66,1942,2,8,220,4,66,3641
9299,1580,9999, ,Cheyenne WY MSA,229,229,22579,1,2,60,1,4,150,1,8,204,229,229,22579,1,2,60,1,4,150,1,8,204
9299,1602,0620, ,Aurora-Elgin IL PMSA,3527,3527,417281,62,124,8335,28,112,6946,10,77,3755,3525,3525,417165,62,124,8335,28,112,6946,10,77,3755
9299,1602,1600, ,Chicago IL PMSA,10965,10965,1335980,163,326,21750,182,650,47868,234,3191,205058,10926,10926,1332172,160,320,21324,182,650,47868,231,3171,204363
9299,1602,2960, ,Gary-Hammond IN PMSA,2253,2253,258247,59,118,6593,34,122,9034,27,427,13539,2248,2248,257877,59,118,6593,34,122,9034,27,427,13539
9299,1602,3690, ,Joliet IL PMSA,3452,3452,352449,80,160,10555,20,79,5648,17,161,8168,3000,3000,299101,74,148,8972,20,79,5648,17,161,8168
9299,1602,3800, ,Kenosha WI PMSA,808,808,76585,9,18,849,8,30,1766,31,359,11905,783,783,74073,9,18,849,8,30,1766,31,359,11905
9299,1602,3965, ,Lake County IL PMSA,3763,3763,449732,35,70,4688,19,74,3783,41,613,28302,3758,3758,449285,35,70,4688,19,74,3783,41,613,28302
9299,1620,9999, ,Chico CA MSA,842,842,90825,14,28,1319,6,23,1404,0,0,0,842,842,90825,14,28,1319,6,23,1404,0,0,0
9299,1642,1640, ,Cincinnati OH-KY-IN PMSA,6481,6481,656052,77,154,7666,26,98,4722,162,2312,69189,6448,6448,652914,77,154,7666,26,98,4722,161,2290,68703
9299,1642,3200, ,Hamilton-Middletown OH PMSA,1800,1800,199699,28,56,2947,14,55,2846,29,261,10833,1800,1800,199699,28,56,2947,14,55,2846,29,261,10833
9299,1660,9999, ,Clarksville-Hopkinsville TN-KY MSA,1524,1524,80740,8,16,419,21,79,2015,12,104,3286,1524,1524,80740,8,16,419,21,79,2015,12,104,3286
9299,1692,0080, ,Akron OH PMSA,2441,2441,283787,39,78,3939,27,98,5299,82,1165,37980,2439,2439,283633,39,78,3939,27,98,5299,82,1165,37980
9299,1692,1680, ,Cleveland OH PMSA,4362,4362,624646,69,138,8440,80,301,17098,49,724,26387,4351,4351,622452,69,138,8440,79,298,17098,49,724,26387
9299,1692,4440, ,Lorain-Elyria OH PMSA,870,870,104939,2,4,237,10,30,1816,35,235,8539,864,864,104350,2,4,237,10,30,1816,35,235,8539
9299,1720,9999, ,Colorado Springs CO MSA,2852,2852,245585,2,4,140,0,0,0,0,0,0,2852,2852,245585,2,4,140,0,0,0,0,0,0
9299,1740,9999, ,Columbia MO MSA,823,823,79892,112,224,9383,15,59,2288,22,208,6170,823,823,79892,112,224,9383,15,59,2288,22,208,6170
9299,1760,9999, ,Columbia SC MSA,2828,2828,208662,1,2,63,1,4,107,17,297,8051,2825,2825,208540,1,2,63,1,4,107,17,297,8051
9299,1800,9999, ,Columbus GA-AL MSA,835,835,57494,8,16,515,3,9,470,2,14,382,835,835,57494,8,16,515,3,9,470,2,14,382
9299,1840,9999, ,Columbus OH MSA,6915,6915,826281,124,248,12957,191,751,18803,218,1940,45071,6840,6840,820859,124,248,12957,190,747,18743,217,1935,44976
9299,1880,9999, ,Corpus Christi TX MSA,752,752,63148,0,0,0,0,0,0,3,17,620,749,749,63089,0,0,0,0,0,0,3,17,620
9299,1900,9999, ,Cumberland MD-WV MSA,289,289,19773,3,6,188,2,7,230,5,89,3260,289,289,19773,3,6,188,2,7,230,5,89,3260
9299,1922,1920, ,Dallas TX PMSA,14603,14603,1650099,19,38,1785,4,14,378,109,1786,59905,14589,14589,1649077,19,38,1785,4,14,378,107,1776,59713
9299,1922,2800, ,Fort Worth-Arlington TX PMSA,5346,5346,630931,12,24,784,0,0,0,0,0,0,5346,5346,630931,12,24,784,0,0,0,0,0,0
9299,1950,9999, ,Danville VA MSA,353,353,26711,0,0,0,2,8,200,1,10,800,353,353,26711,0,0,0,2,8,200,1,10,800
9299,1960,9999, ,Davenport-Rock Island-Moline IA-IL MSA,810,810,87077,8,16,1103,5,16,1108,2,11,310,801,801,86247,6,12,841,3,10,838,2,11,310
9299,2000,9999, ,Dayton-Springfield OH MSA,2267,2267,227344,65,130,7431,17,60,2905,48,665,23384,2259,2259,226744,65,130,7431,17,60,2905,48,665,23384
9299,2020,9999, ,Daytona Beach FL MSA,2478,2478,207173,10,20,878,11,44,1139,8,139,12158,2478,2478,207173,10,20,878,11,44,1139,8,139,12158
9299,2030,9999, ,Decatur Al MSA,567,567,42597,0,0,0,2,8,319,2,10,160,567,567,42597,0,0,0,2,8,319,2,10,160
9299,2040,9999, ,Decatur IL MSA,222,222,24104,1,2,120,2,8,496,4,20,503,219,219,23899,1,2,120,2,8,496,4,20,503
9299,2082,1125, ,Boulder-Longmont CO PMSA,2406,2406,276749,5,10,558,4,16,1187,21,367,12761,2406,2406,276749,5,10,558,4,16,1187,21,367,12761
9299,2082,2080, ,Denver CO PMSA,8982,8982,1124037,19,38,4144,8,30,1954,101,1485,68056,8966,8966,1121661,19,38,4144,8,30,1954,101,1485,68056
9299,2120,9999, ,Des Moines IA MSA,2270,2270,245600,31,62,3643,17,66,2326,42,1017,42181,2270,2270,245600,31,62,3643,17,66,2326,42,1017,42181
9299,2162,0440, ,Ann Arbor MI PMSA,1037,1037,118790,15,30,1663,7,26,1785,2,11,455,1033,1033,118487,15,30,1663,7,26,1785,2,11,455
9299,2162,2160, ,Detroit MI PMSA,12614,12614,1247233,93,186,9354,79,296,19009,137,2434,83401,12596,12596,1245936,93,186,9354,76,287,18625,131,2402,82404
9299,2180,9999, ,Dothan AL MSA,368,368,23729,1,2,80,4,15,620,0,0,0,357,357,22937,1,2,80,4,15,620,0,0,0
9299,2200,9999, ,Dubuque IA MSA,344,344,32280,3,6,335,11,44,2275,9,68,2923,344,344,32280,3,6,335,11,44,2275,9,68,2923
9299,2240,9999, ,Duluth MN-WI MSA,684,684,50230,14,28,1174,1,3,145,9,84,2454,670,670,49037,13,26,1069,1,3,145,7,62,1828
9299,2290,9999, ,Eau Claire WI MSA,462,462,44097,11,22,1224,19,75,2972,15,170,4975,462,462,44097,11,22,1224,19,75,2972,15,170,4975
9299,2320,9999, ,El Paso TX MSA,2174,2174,121078,14,28,1062,3,11,315,30,444,8644,2174,2174,121078,14,28,1062,3,11,315,30,444,8644
9299,2330,9999, ,Elkhart-Goshen IN MSA,664,664,60070,18,36,2009,0,0,0,6,192,1920,664,664,60070,18,36,2009,0,0,0,6,192,1920
9299,2335,9999, ,Elmira NY MSA,111,111,13372,1,2,68,5,20,900,2,16,650,111,111,13372,1,2,68,5,20,900,2,16,650
9299,2340,9999, ,Enid OK MSA,40,40,4261,0,0,0,0,0,0,0,0,0,40,40,4261,0,0,0,0,0,0,0,0,0
9299,2360,9999, ,Erie PA MSA,656,656,56292,8,16,1465,6,23,860,3,16,383,655,655,56232,8,16,1465,6,23,860,3,16,383
9299,2400,9999, ,Eugene-Springfield OR MSA,994,994,101782,12,24,1252,10,39,1775,10,181,7071,994,994,101782,12,24,1252,10,39,1775,10,181,7071
9299,2440,9999, ,Evansville IN-KY MSA,1028,1028,86217,2,4,180,3,10,404,5,62,1077,1025,1025,86074,2,4,180,3,10,404,5,62,1077
9299,2520,9999, ,Fargo-Moorhead ND-MN MSA,656,656,61069,3,6,325,4,15,582,35,822,18882,654,654,60689,3,6,325,4,15,582,35,822,18882
9299,2560,9999, ,Fayetteville NC MSA,2461,2461,160224,26,52,1968,12,43,1220,39,402,15279,2461,2461,160224,26,52,1968,12,43,1220,39,402,15279
9299,2580,9999, ,Fayetteville-Springdale AR MSA,840,840,61593,133,266,8875,15,57,2185,24,254,7503,840,840,61593,133,266,8875,15,57,2185,24,254,7503
9299,2600,9999, ,Fitchburg-Leominster MA MSA,193,193,16663,4,8,362,0,0,0,0,0,0,176,176,15102,4,8,362,0,0,0,0,0,0
9299,2640,9999, ,Flint MI MSA,895,895,79146,9,18,1219,0,0,0,11,222,14361,895,895,79146,9,18,1219,0,0,0,11,222,14361
9299,2650,9999, ,Florence AL MSA,290,290,18059,5,10,223,6,20,287,21,229,4998,290,290,18059,5,10,223,6,20,287,21,229,4998
9299,2655,9999, ,Florence SC MSA,495,495,40533,14,28,597,3,10,143,3,24,480,494,494,40504,12,24,517,3,10,143,3,24,480
9299,2670,9999, ,Fort Collins-Loveland CO MSA,1740,1740,142525,16,32,1869,4,15,724,11,141,4123,1740,1740,142525,16,32,1869,4,15,724,11,141,4123
9299,2700,9999, ,Fort Myers-Cape Coral FL MSA,3022,3022,261418,63,126,7882,54,213,16411,61,648,42910,3022,3022,261418,63,126,7882,54,213,16411,61,648,42910
9299,2710,9999, ,Fort Pierce FL MSA,2124,2124,258062,82,164,10641,20,73,5035,32,424,27269,2124,2124,258062,82,164,10641,20,73,5035,32,424,27269
9299,2720,9999, ,Fort Smith AR-OK MSA,518,518,36534,15,30,1028,5,19,445,0,0,0,517,517,36484,15,30,1028,5,19,445,0,0,0
9299,2750,9999, ,Fort Walton Beach FL MSA,1447,1447,93883,8,16,785,3,12,342,9,121,7270,1447,1447,93883,8,16,785,3,12,342,9,121,7270
9299,2760,9999, ,Fort Wayne IN MSA,1830,1830,206983,18,36,1203,0,0,0,3,41,983,1828,1828,206926,18,36,1203,0,0,0,3,41,983
9299,2840,9999, ,Fresno CA MSA,4157,4157,420489,25,50,2482,67,237,10275,53,548,19041,4156,4156,420438,25,50,2482,67,237,10275,53,548,19041
9299,2880,9999, ,Gadsden AL MSA,167,167,11786,0,0,0,0,0,0,4,32,1000,164,164,11617,0,0,0,0,0,0,4,32,1000
9299,2900,9999, ,Gainesville FL MSA,1101,1101,83487,0,0,0,1,4,107,71,584,24694,1101,1101,83487,0,0,0,1,4,107,71,584,24694
9299,2975,9999, ,Glens Falls NY MSA,554,554,49179,4,8,453,5,19,1043,1,8,410,554,554,49179,4,8,453,5,19,1043,1,8,410
9299,2985,9999, ,Grand Forks ND MSA,142,142,12514,2,4,160,1,4,188,3,108,3229,141,141,12439,0,0,0,1,4,188,3,108,3229
9299,3000,9999, ,Grand Rapids MI MSA,3322,3322,314109,39,78,4332,16,63,3005,20,673,16756,3252,3252,309726,38,76,4220,14,55,2611,20,673,16756
9299,3040,9999, ,Great Falls MT MSA,99,99,10638,2,4,383,0,0,0,4,28,1701,99,99,10638,2,4,383,0,0,0,4,28,1701
9299,3060,9999, ,Greeley CO MSA,509,509,41391,0,0,0,1,4,211,1,8,183,503,503,40815,0,0,0,1,4,211,1,8,183
9299,3080,9999, ,Green Bay WI MSA,1217,1217,125169,93,186,9965,6,20,2215,42,637,17313,1217,1217,125169,93,186,9965,6,20,2215,42,637,17313
9299,3120,9999, ,Greensboro--Winston-Salem--High Point NC MSA,5498,5498,436672,40,80,2594,26,100,3272,26,317,10624,5497,5497,436612,40,80,2594,26,100,3272,26,317,10624
9299,3160,9999, ,Greenville-Spartanburg SC MSA,3381,3381,266263,36,72,3061,17,66,1870,8,87,2508,3381,3381,266263,36,72,3061,17,66,1870,8,87,2508
9299,3180,9999, ,Hagerstown MD MSA,526,526,48507,10,20,600,0,0,0,2,24,440,525,525,48489,10,20,600,0,0,0,2,24,440
9299,3240,9999, ,Harrisburg-Lebanon-Carlisle PA MSA,2554,2554,219404,6,12,626,11,42,1254,12,123,4274,2546,2546,218730,5,10,591,11,42,1254,12,123,4274
9299,3282,1170, ,Bristol CT PMSA,181,181,17494,0,0,0,0,0,0,0,0,0,181,181,17494,0,0,0,0,0,0,0,0,0
9299,3282,3280, ,Hartford CT PMSA,1856,1856,204719,6,12,500,3,11,321,11,291,14408,1856,1856,204719,6,12,500,3,11,321,11,291,14408
9299,3282,5020, ,Middletown CT PMSA,279,279,21404,0,0,0,0,0,0,0,0,0,279,279,21404,0,0,0,0,0,0,0,0,0
9299,3282,5440, ,New Britain CT PMSA,268,268,18985,2,4,168,0,0,0,5,32,1204,268,268,18985,2,4,168,0,0,0,5,32,1204
9299,3290,9999, ,Hickory-Morganton NC MSA,1004,1004,76181,21,42,1651,1,4,90,8,55,1374,964,964,73751,20,40,1621,1,4,90,8,55,1374
9299,3320,9999, ,Honolulu HI MSA,1793,1793,260131,21,42,6539,37,148,12595,181,2605,236448,1793,1793,260131,21,42,6539,37,148,12595,181,2605,236448
9299,3350,9999, ,Houma-Thibodaux LA MSA,614,614,39105,0,0,0,0,0,0,0,0,0,614,614,39105,0,0,0,0,0,0,0,0,0
9299,3362,1145, ,Brazoria TX PMSA,1218,1218,102101,0,0,0,4,16,603,17,226,6518,1218,1218,102101,0,0,0,4,16,603,17,226,6518
9299,3362,2920, ,Galveston-Texas City TX PMSA,1413,1413,157980,0,0,0,1,4,85,7,97,3141,1413,1413,157980,0,0,0,1,4,85,7,97,3141
9299,3362,3360, ,Houston TX PMSA,10662,10662,1089439,2,4,720,1,3,50,194,3018,106017,10647,10647,1086570,2,4,720,1,3,50,194,3018,106017
9299,3400,9999, ,Huntington-Ashland WV-KY-OH MSA,196,196,14241,4,8,160,0,0,0,1,5,175,155,155,12509,2,4,80,0,0,0,0,0,0
9299,3440,9999, ,Huntsville AL MSA,1367,1367,47879,0,0,0,3,12,157,23,384,5974,1365,1365,47809,0,0,0,3,12,157,23,384,5974
9299,3480,9999, ,Indianapolis IN MSA,8283,8283,954451,103,206,9805,21,80,5746,75,1069,31765,8272,8272,953849,103,206,9805,21,80,5746,75,1069,31765
9299,3500,9999, ,Iowa City IA MSA,555,555,57679,11,22,1245,5,19,1025,24,347,10335,555,555,57679,11,22,1245,5,19,1025,24,347,10335
9299,3520,9999, ,Jackson MI MSA,485,485,35787,2,4,127,0,0,0,7,96,5759,481,481,35607,2,4,127,0,0,0,7,96,5759
9299,3560,9999, ,Jackson MS MSA,1595,1595,116545,8,16,622,1,4,55,20,151,2791,1591,1591,116225,8,16,622,1,4,55,20,151,2791
9299,3580,9999, ,Jackson TN MSA,478,478,38894,0,0,0,0,0,0,0,0,0,478,478,38894,0,0,0,0,0,0,0,0,0
9299,3600,9999, ,Jacksonville FL MSA,6735,6735,589278,30,60,3004,2,7,640,25,478,17147,6735,6735,589278,30,60,3004,2,7,640,25,478,17147
9299,3605,9999, ,Jacksonville NC MSA,587,587,25924,8,16,371,2,8,120,0,0,0,587,587,25924,8,16,371,2,8,120,0,0,0
9299,3610,9999, ,Jamestown-Durkirk NY MSA,180,180,15299,0,0,0,0,0,0,1,40,1873,166,166,14565,0,0,0,0,0,0,1,40,1873
9299,3620,9999, ,Janesville-Beloit WI MSA,518,518,44953,48,96,5704,6,24,995,10,151,3943,514,514,44847,48,96,5704,6,24,995,10,151,3943
9299,3660,9999, ,Johnson City-Kingsport-Bristol TN-VA MSA,990,990,66088,11,22,686,17,66,1753,23,270,6110,979,979,64949,11,22,686,17,66,1753,22,265,5979
9299,3680,9999, ,Johnstown PA MSA,338,338,23079,0,0,0,0,0,0,2,40,1484,318,318,21573,0,0,0,0,0,0,2,40,1484
9299,3710,9999, ,Joplin MO MSA,307,307,21520,21,42,1890,14,56,1490,2,48,998,307,307,21520,21,42,1890,14,56,1490,2,48,998
9299,3720,9999, ,Kalamazoo MI MSA,682,682,80074,5,10,628,4,14,915,7,104,4788,682,682,80074,5,10,628,4,14,915,7,104,4788
9299,3740,9999, ,Kankakee IL MSA,347,347,33989,16,32,1660,4,16,652,1,6,293,343,343,33706,16,32,1660,4,16,652,1,6,293
9299,3760,9999, ,Kansas City MO-KS MSA,8463,8463,847701,111,222,13493,35,134,4745,38,443,16248,8445,8445,846228,111,222,13493,35,134,4745,38,443,16248
9299,3810,9999, ,Killeen-Temple TX MSA,1306,1306,111174,2,4,85,0,0,0,0,0,0,1302,1302,111094,2,4,85,0,0,0,0,0,0
9299,3840,9999, ,Knoxville TN MSA,3050,3050,221202,38,76,2283,33,117,3979,16,136,2576,3044,3044,220956,38,76,2283,33,117,3979,16,136,2576
9299,3850,9999, ,Kokomo IN MSA,245,245,24651,22,44,3075,1,3,300,0,0,0,245,245,24651,22,44,3075,1,3,300,0,0,0
9299,3870,9999, ,La Crosse WI MSA,362,362,33979,13,26,1324,0,0,0,5,69,1892,362,362,33979,13,26,1324,0,0,0,5,69,1892
9299,3880,9999, ,Lafayette LA MSA,739,739,64268,0,0,0,0,0,0,0,0,0,734,734,64135,0,0,0,0,0,0,0,0,0
9299,3920,9999, ,Lafayette-West Lafayette IN MSA,655,655,63154,6,12,585,0,0,0,23,218,5575,655,655,63154,6,12,585,0,0,0,23,218,5575
9299,3960,9999, ,Lake Charles LA MSA,570,570,43450,5,10,682,2,6,285,9,182,5049,570,570,43450,5,10,682,2,6,285,9,182,5049
9299,3980,9999, ,Lakeland-Winter Haven FL MSA,2258,2258,139167,36,72,2822,2,7,356,1,12,427,2257,2257,139120,36,72,2822,2,7,356,1,12,427
9299,4000,9999, ,Lancaster PA MSA,2279,2279,199012,21,42,2222,15,56,2877,10,206,15430,2239,2239,195264,21,42,2222,15,56,2877,10,206,15430
9299,4040,9999, ,Lansing-East Lansing MI MSA,1368,1368,119693,18,36,2170,4,15,815,7,161,7350,1348,1348,118390,18,36,2170,4,15,815,7,161,7350
9299,4080,9999, ,Laredo TX MSA,818,818,44310,0,0,0,27,104,2378,40,388,9183,818,818,44310,0,0,0,27,104,2378,40,388,9183
9299,4100,9999, ,Las Cruces NM MSA,710,710,53950,3,6,155,6,22,697,5,137,2543,710,710,53950,3,6,155,6,22,697,5,137,2543
9299,4120,9999, ,Las Vegas NV MSA,10064,10064,684401,56,112,5669,64,231,10017,344,3022,111303,10064,10064,684401,56,112,5669,64,231,10017,344,3022,111303
9299,4150,9999, ,Lawrence KS MSA,624,624,53093,82,164,7762,7,27,910,5,69,2315,624,624,53093,82,164,7762,7,27,910,5,69,2315
9299,4200,9999, ,Lawton OK MSA,222,222,19740,0,0,0,0,0,0,4,21,750,222,222,19740,0,0,0,0,0,0,4,21,750
9299,4240,9999, ,Lewiston-Auburn ME MSA,146,146,10655,0,0,0,0,0,0,1,26,1000,146,146,10655,0,0,0,0,0,0,1,26,1000
9299,4280,9999, ,Lexington-Fayette KY MSA,2621,2621,210300,26,52,1717,4,15,530,9,83,3317,2598,2598,209375,25,50,1666,3,12,440,9,83,3317
9299,4320,9999, ,Lima OH MSA,394,394,36101,6,12,485,14,42,2113,4,34,1149,358,358,34467,6,12,485,14,42,2113,4,34,1149
9299,4360,9999, ,Lincoln NE MSA,1151,1151,112672,21,42,2067,2,8,259,8,225,2512,1148,1148,112414,21,42,2067,2,8,259,8,225,2512
9299,4400,9999, ,Little Rock-North Little Rock AR MSA,1783,1783,172435,15,30,876,16,59,1369,3,30,610,1783,1783,172435,15,30,876,16,59,1369,3,30,610
9299,4420,9999, ,Longview-Marshall TX MSA,165,165,15449,2,4,100,0,0,0,0,0,0,151,151,14265,2,4,100,0,0,0,0,0,0
9299,4472,0360, ,Anaheim-Santa Ana CA PMSA,3574,3574,629710,56,112,11398,79,285,23495,186,1850,123148,3574,3574,629710,56,112,11398,79,285,23495,186,1850,123148
9299,4472,4480, ,Los Angeles-Long Beach CA PMSA,6927,6927,1194645,222,444,39744,161,564,50224,341,4030,323541,6774,6774,1182728,215,430,38858,152,537,48657,325,3928,318458
9299,4472,6000, ,Oxnard-Ventura CA PMSA,1166,1166,225879,14,28,3519,60,221,21055,27,305,19169,1163,1163,225471,14,28,3519,60,221,21055,27,305,19169
9299,4472,6780, ,Riverside-San Bernardino CA PMSA,13511,13511,1562579,61,122,10353,218,846,39229,92,992,63518,13490,13490,1559931,59,118,9948,218,846,39229,91,986,63102
9299,4520,9999, ,Louisville KY-IN MSA,4799,4799,448411,33,66,2085,47,185,7975,59,646,16688,4774,4774,446452,33,66,2085,47,185,7975,59,646,16688
9299,4600,9999, ,Lubbock TX MSA,627,627,60614,2,4,243,0,0,0,0,0,0,627,627,60614,2,4,243,0,0,0,0,0,0
9299,4640,9999, ,Lynchburg VA MSA,453,453,37818,6,12,350,0,0,0,1,6,300,453,453,37818,6,12,350,0,0,0,1,6,300
9299,4680,9999, ,Macon-Warner Robins GA MSA,1474,1474,91335,2,4,103,2,8,150,12,158,6263,1474,1474,91335,2,4,103,2,8,150,12,158,6263
9299,4720,9999, ,Madison WI MSA,2142,2142,224118,121,242,14959,39,147,6745,48,848,29308,2139,2139,223828,121,242,14959,39,147,6745,48,848,29308
9299,4760,9999, ,Manchester NH MSA,419,419,45961,4,8,346,0,0,0,1,30,980,416,416,45750,4,8,346,0,0,0,1,30,980
9299,4800,9999, ,Mansfield OH MSA,257,257,24067,6,12,495,2,8,430,1,9,150,257,257,24067,6,12,495,2,8,430,1,9,150
9299,4880,9999, ,McAllen-Edinburg-Mission TX MSA,1521,1521,77442,41,82,2318,16,61,1055,23,182,5254,1413,1413,74875,40,80,2272,16,61,1055,21,153,4537
9299,4890,9999, ,Medford OR MSA,902,902,93608,11,22,1370,14,50,2296,5,25,1064,887,887,92176,11,22,1370,13,47,2158,4,20,883
9299,4900,9999, ,Melbourne-Titusville-Palm Bay FL MSA,3548,3548,327590,24,48,3268,5,18,982,8,96,5812,3548,3548,327590,24,48,3268,5,18,982,8,96,5812
9299,4920,9999, ,Memphis TN-AR-MS MSA,6064,6064,540892,4,8,160,0,0,0,40,259,6660,6054,6054,540064,4,8,160,0,0,0,40,259,6660
9299,4940,9999, ,Merced CA MSA,1378,1378,145623,7,14,879,7,22,953,8,41,2188,1378,1378,145623,7,14,879,7,22,953,8,41,2188
9299,4992,2680, ,Fort Lauderdale-Hollywood-Pompano Beach FL PMSA,6715,6715,719718,18,36,1771,10,39,1944,97,1949,93541,6686,6686,717499,18,36,1771,10,39,1944,97,1949,93541
9299,4992,5000, ,Miami-Hialeah FL PMSA,5515,5515,812173,138,276,11561,62,246,7989,110,2275,131639,5514,5514,812138,138,276,11561,62,246,7989,110,2275,131639
9299,5040,9999, ,Midland TX MSA,177,177,17774,0,0,0,0,0,0,0,0,0,177,177,17774,0,0,0,0,0,0,0,0,0
9299,5082,5080, ,Milwaukee WI PMSA,4533,4533,554785,148,296,19925,57,221,13648,192,2469,97020,4488,4488,549907,144,288,19376,56,218,13586,191,2462,96752
9299,5082,6600, ,Racine WI PMSA,589,589,66063,14,28,1577,3,12,431,29,322,13146,588,588,66003,14,28,1577,3,12,431,29,322,13146
9299,5120,9999, ,Minneapolis-St. Paul MN-WI MSA,15559,15559,1759403,73,146,11359,32,123,9581,135,1890,88040,15534,15534,1756888,73,146,11359,32,123,9581,135,1890,88040
9299,5160,9999, ,Mobile AL MSA,1248,1248,93197,6,12,675,4,16,411,16,320,8191,1248,1248,93197,6,12,675,4,16,411,16,320,8191
9299,5170,9999, ,Modesto CA MSA,1983,1983,185768,21,42,2000,6,24,1319,1,6,153,1983,1983,185768,21,42,2000,6,24,1319,1,6,153
9299,5200,9999, ,Monroe LA MSA,363,363,33432,2,4,31,1,4,40,0,0,0,363,363,33432,2,4,31,1,4,40,0,0,0
9299,5240,9999, ,Montgomery AL MSA,1455,1455,94158,1,2,40,4,16,512,3,35,632,1453,1453,93973,1,2,40,4,16,512,3,35,632
9299,5280,9999, ,Muncie IN MSA,290,290,30648,12,24,1624,6,24,708,6,82,3515,290,290,30648,12,24,1624,6,24,708,6,82,3515
9299,5320,9999, ,Muskegon MI MSA,531,531,44458,5,10,580,0,0,0,0,0,0,531,531,44458,5,10,580,0,0,0,0,0,0
9299,5345,9999, ,Naples FL MSA,1949,1949,195932,7,14,2672,53,210,15169,170,2172,188374,1949,1949,195932,7,14,2672,53,210,15169,170,2172,188374
9299,5360,9999, ,Nashville TN MSA,6487,6487,578243,15,30,2115,26,101,5967,12,98,4576,6256,6256,558091,15,30,2115,26,101,5967,9,83,4234
9299,5400,9999, ,New Bedford MA MSA,362,362,33988,1,2,61,0,0,0,0,0,0,362,362,33988,1,2,61,0,0,0,0,0,0
9299,5480,9999, ,New Haven-Meriden CT MSA,944,944,95642,13,26,1015,0,0,0,10,143,3656,944,944,95642,13,26,1015,0,0,0,10,143,3656
9299,5520,9999, ,New London-Norwich CT-RI MSA,637,637,54626,1,2,40,0,0,0,0,0,0,637,637,54626,1,2,40,0,0,0,0,0,0
9299,5560,9999, ,New Orleans LA MSA,3005,3005,228465,28,56,2112,1,4,72,2,201,2589,3002,3002,228366,28,56,2112,1,4,72,2,201,2589
9299,5602,0875, ,Bergen-Passaic NJ PMSA,809,809,109871,55,110,6921,2,8,515,8,146,6349,809,809,109871,55,110,6921,2,8,515,8,146,6349
9299,5602,1160, ,Bridgeport-Milford CT PMSA,828,828,78200,8,16,819,5,20,750,2,39,617,828,828,78200,8,16,819,5,20,750,2,39,617
9299,5602,1930, ,Danbury CT PMSA,607,607,77474,6,12,896,3,9,538,1,7,385,607,607,77474,6,12,896,3,9,538,1,7,385
9299,5602,3640, ,Jersey City NJ PMSA,64,64,3171,27,54,2465,8,24,895,5,117,2896,64,64,3171,26,52,2359,8,24,895,5,117,2896
9299,5602,5015, ,Middlesex-Somerset-Hunterdon NJ PMSA,3608,3608,367494,19,38,2062,5,20,1411,48,563,22720,3585,3585,365497,17,34,1912,5,20,1411,48,563,22720
9299,5602,5190, ,Monmouth-Ocean NJ PMSA,3998,3998,346631,6,12,493,0,0,0,23,230,8807,3982,3982,345345,6,12,493,0,0,0,23,230,8807
9299,5602,5380, ,Nassau-Suffolk NY PMSA,3909,3909,365335,17,34,2077,1,4,160,0,0,0,3906,3906,365056,17,34,2077,1,4,160,0,0,0
9299,5602,5600, ,New York NY PMSA,2558,2558,296599,739,1478,91726,198,649,35155,40,1009,51414,2529,2529,293362,738,1476,91656,198,649,35155,40,1009,51414
9299,5602,5640, ,Newark NJ PMSA,2237,2237,258265,77,154,6500,1,3,170,42,628,29998,2231,2231,256752,77,154,6500,1,3,170,42,628,29998
9299,5602,5760, ,Norwalk CT PMSA,117,117,25056,3,6,282,2,8,642,4,41,2620,117,117,25056,3,6,282,2,8,642,4,41,2620
9299,5602,5950, ,Orange County NY PMSA,898,898,81161,16,32,1487,5,20,847,11,88,2631,886,886,80443,16,32,1487,5,20,847,11,88,2631
9299,5602,8040, ,Stamford CT PMSA,189,189,64131,7,14,1061,1,3,327,2,26,2275,189,189,64131,7,14,1061,1,3,327,2,26,2275
9299,5720,9999, ,Norfolk-Virginia Beach-Newport News VA MSA,7192,7192,594745,88,176,8159,48,188,7601,82,923,29376,6907,6907,573181,81,162,7882,47,185,7506,82,923,29376
9299,5790,9999, ,Ocala FL MSA,2056,2056,84563,4,8,208,0,0,0,1,72,2527,2056,2056,84563,4,8,208,0,0,0,1,72,2527
9299,5800,9999, ,Odessa TX MSA,113,113,15275,0,0,0,0,0,0,0,0,0,113,113,15275,0,0,0,0,0,0,0,0,0
9299,5880,9999, ,Oklahoma City OK MSA,3513,3513,332964,9,18,836,0,0,0,10,206,4174,3513,3513,332964,9,18,836,0,0,0,10,206,4174
9299,5910,9999, ,Olympia WA MSA,1721,1721,167228,12,24,2222,16,63,3785,14,156,6348,1719,1719,167176,12,24,2222,16,63,3785,14,156,6348
9299,5920,9999, ,Omaha NE-IA MSA,2592,2592,201240,21,42,2671,2,7,152,38,815,18929,2587,2587,200940,21,42,2671,2,7,152,37,810,18837
9299,5960,9999, ,Orlando FL MSA,9807,9807,902180,38,76,2802,6,24,1333,188,2276,78155,9807,9807,902180,38,76,2802,6,24,1333,188,2276,78155
9299,5990,9999, ,Owensboro KY MSA,321,321,19653,2,4,108,2,8,179,3,18,479,295,295,18197,2,4,108,2,8,179,3,18,479
9299,6015,9999, ,Panama City FL MSA,1158,1158,58490,21,42,1060,0,0,0,3,40,7012,1158,1158,58490,21,42,1060,0,0,0,3,40,7012
9299,6020,9999, ,Parkersburg-Marietta WV-OH MSA,100,100,10080,1,2,32,2,8,537,4,43,1759,100,100,10080,1,2,32,2,8,537,4,43,1759
9299,6025,9999, ,Pascagoula MS MSA,518,518,28936,2,4,123,0,0,0,0,0,0,518,518,28936,2,4,123,0,0,0,0,0,0
9299,6080,9999, ,Pensacola FL MSA,3028,3028,212160,7,14,618,4,16,619,5,87,2742,3028,3028,212160,7,14,618,4,16,619,5,87,2742
9299,6120,9999, ,Peoria IL MSA,836,836,80258,27,54,2857,4,14,1023,3,22,1249,836,836,80258,27,54,2857,4,14,1023,3,22,1249
9299,6162,6160, ,Philadelphia PA-NJ PMSA,12168,12168,1099385,57,114,5456,18,67,3664,41,575,33234,11830,11830,1071145,57,114,5456,18,67,3664,41,575,33234
9299,6162,8480, ,Trenton NJ PMSA,598,598,56103,0,0,0,2,8,446,6,42,2000,598,598,56103,0,0,0,2,8,446,6,42,2000
9299,6162,8760, ,Vineland-Millville-Bridgeton NJ PMSA,226,226,16505,7,14,534,0,0,0,0,0,0,225,225,16408,7,14,534,0,0,0,0,0,0
9299,6162,9160, ,Wilmington DE-NJ-MD PMSA,3121,3121,180904,8,16,682,1,3,75,39,412,17945,3121,3121,180904,8,16,682,1,3,75,39,412,17945
9299,6200,9999, ,Phoenix AZ MSA,18809,18809,2074493,37,74,6606,51,191,14737,111,1276,76963,18809,18809,2074493,37,74,6606,51,191,14737,111,1276,76963
9299,6240,9999, ,Pine Bluff AR MSA,74,74,3130,5,10,411,0,0,0,6,72,480,74,74,3130,5,10,411,0,0,0,6,72,480
9299,6282,0845, ,Beaver County PA PMSA,363,363,34534,4,8,343,2,7,411,0,0,0,361,361,34409,4,8,343,2,7,411,0,0,0
9299,6282,6280, ,Pittsburgh PA PMSA,4102,4102,458157,21,42,2201,15,59,2600,32,421,17008,4016,4016,450236,21,42,2201,15,59,2600,32,421,17008
9299,6320,9999, ,Pittsfield MA MSA,98,98,10669,3,6,475,0,0,0,0,0,0,91,91,9759,3,6,475,0,0,0,0,0,0
9299,6400,9999, ,Portland ME MSA,919,919,88360,6,12,529,2,6,420,2,88,3665,919,919,88360,6,12,529,2,6,420,2,88,3665
9299,6442,6440, ,Portland OR PMSA,5891,5891,667982,44,88,5474,55,211,8579,136,1542,59111,5886,5886,667614,44,88,5474,55,211,8579,135,1537,58927
9299,6442,8725, ,Vancouver WA PMSA,2924,2924,277082,18,36,2031,24,94,6941,115,907,36165,2924,2924,277082,18,36,2031,24,94,6941,115,907,36165
9299,6450,9999, ,Portsmouth-Dover-Rochester NH-ME MSA,679,679,63479,4,8,420,2,7,630,0,0,0,678,678,63376,4,8,420,2,7,630,0,0,0
9299,6460,9999, ,Poughkeepsie NY MSA,788,788,92240,6,12,541,2,7,385,36,288,12731,769,769,90570,6,12,541,2,7,385,36,288,12731
9299,6482,2480, ,Fall River MA-RI PMSA,337,337,28139,7,14,1136,0,0,0,0,0,0,337,337,28139,7,14,1136,0,0,0,0,0,0
9299,6482,6060, ,Pawtucket-Woonsocket-Attleboro RI-MA PMSA,790,790,74028,11,22,884,5,20,806,4,125,1807,788,788,73767,11,22,884,5,20,806,4,125,1807
9299,6482,6480, ,Providence RI PMSA,1442,1442,128140,29,58,2672,0,0,0,1,6,312,1438,1438,127710,29,58,2672,0,0,0,1,6,312
9299,6520,9999, ,Provo-Orem UT MSA,1958,1958,182592,58,116,5835,21,79,3995,46,476,16458,1958,1958,182592,58,116,5835,21,79,3995,46,476,16458
9299,6560,9999, ,Pueblo CO MSA,238,238,27056,4,8,381,0,0,0,0,0,0,238,238,27056,4,8,381,0,0,0,0,0,0
9299,6640,9999, ,Raleigh-Durham NC MSA,7384,7384,734872,13,26,1217,14,47,1333,53,702,23316,7362,7362,732830,13,26,1217,14,47,1333,53,702,23316
9299,6660,9999, ,Rapid City SD MSA,328,328,24253,3,6,412,1,4,147,4,71,2830,326,326,24222,3,6,412,1,4,147,4,71,2830
9299,6680,9999, ,Reading PA MSA,1345,1345,118612,8,16,1540,7,27,1489,9,270,4905,1344,1344,118582,8,16,1540,7,27,1489,9,270,4905
9299,6690,9999, ,Redding CA MSA,1048,1048,109709,12,24,1296,5,19,883,0,0,0,1048,1048,109709,12,24,1296,5,19,883,0,0,0
9299,6720,9999, ,Reno NV MSA,1993,1993,208751,10,20,1163,7,25,1381,8,72,3693,1962,1962,205656,9,18,1076,7,25,1381,8,72,3693
9299,6740,9999, ,Richland-Kennewick-Pasco WA MSA,975,975,106696,8,16,737,0,0,0,4,40,1000,962,962,105036,8,16,737,0,0,0,4,40,1000
9299,6760,9999, ,Richmond-Petersburg VA MSA,5542,5542,404760,6,12,585,2,8,646,16,227,4290,5519,5519,403099,5,10,495,2,8,646,16,227,4290
9299,6800,9999, ,Roanoke VA MSA,858,858,56340,11,22,773,1,4,55,0,0,0,858,858,56340,11,22,773,1,4,55,0,0,0
9299,6820,9999, ,Rochester MN MSA,758,758,89325,8,16,1522,1,4,247,12,235,12930,758,758,89325,8,16,1522,1,4,247,12,235,12930
9299,6840,9999, ,Rochester NY MSA,3116,3116,354842,11,22,754,2,8,346,42,451,16884,3091,3091,352289,11,22,754,2,8,346,42,451,16884
9299,6880,9999, ,Rockford IL MSA,1648,1648,128884,76,152,8283,7,28,823,6,232,10020,1648,1648,128884,76,152,8283,7,28,823,6,232,10020
9299,6920,9999, ,Sacramento CA MSA,7854,7854,973964,63,126,9627,23,81,5004,83,962,53042,7825,7825,970821,61,122,9500,21,74,4864,83,962,53042
9299,6960,9999, ,Saginaw-Bay City-Midland MI MSA,1030,1030,98801,23,46,2699,5,17,1213,11,90,3523,996,996,97608,23,46,2699,5,17,1213,11,90,3523
9299,6980,9999, ,St. Cloud MN MSA,1238,1238,98526,5,10,549,1,4,328,10,233,6631,1129,1129,89171,5,10,549,1,4,328,10,233,6631
9299,7000,9999, ,St. Joseph MO MSA,208,208,17279,18,36,1574,0,0,0,1,8,160,208,208,17279,18,36,1574,0,0,0,1,8,160
9299,7040,9999, ,St. Louis MO-IL MSA,9745,9745,896562,103,206,10298,43,162,9903,32,321,11416,9717,9717,894066,103,206,10298,43,162,9903,32,321,11416
9299,7080,9999, ,Salem OR MSA,1406,1406,127373,49,98,4612,25,94,3254,65,562,25349,1370,1370,123371,48,96,4479,25,94,3254,64,557,25263
9299,7120,9999, ,Salinas-Seaside-Monterey CA MSA,627,627,91549,13,26,1736,4,15,927,11,68,3793,627,627,91549,13,26,1736,4,15,927,11,68,3793
9299,7160,9999, ,Salt Lake City-Ogden UT MSA,6035,6035,603664,17,34,2474,22,85,4098,22,248,7997,6035,6035,603664,17,34,2474,22,85,4098,22,248,7997
9299,7200,9999, ,San Angelo TX MSA,197,197,9618,1,2,70,0,0,0,0,0,0,197,197,9618,1,2,70,0,0,0,0,0,0
9299,7240,9999, ,San Antonio TX MSA,3311,3311,233187,6,12,384,1,4,40,20,335,11058,3311,3311,233187,6,12,384,1,4,40,20,335,11058
9299,7320,9999, ,San Diego CA MSA,3812,3812,686713,70,140,15856,103,374,35575,136,1745,120309,3797,3797,683245,70,140,15856,103,374,35575,136,1745,120309
9299,7362,5775, ,Oakland CA PMSA,5636,5636,868862,42,84,7071,52,192,17349,64,1053,75391,5598,5598,863460,40,80,6805,52,192,17349,60,1031,73569
9299,7362,7360, ,San Francisco CA PMSA,663,663,167980,54,108,12455,28,92,8534,45,998,72052,663,663,167980,54,108,12455,28,92,8534,45,998,72052
9299,7362,7400, ,San Jose CA PMSA,1750,1750,279004,9,18,1233,8,28,2980,116,1255,84055,1748,1748,278338,9,18,1233,8,28,2980,116,1255,84055
9299,7362,7485, ,Santa Cruz CA PMSA,279,279,45813,10,20,1678,16,63,4572,16,267,12495,279,279,45813,10,20,1678,16,63,4572,16,267,12495
9299,7362,7500, ,Santa Rosa-Petaluma CA PMSA,1817,1817,229247,16,32,2331,4,16,745,13,111,5298,1817,1817,229247,16,32,2331,4,16,745,13,111,5298
9299,7362,8720, ,Vallejo-Fairfield-Napa CA PMSA,2048,2048,277886,13,26,3905,20,71,5034,24,181,8016,2048,2048,277886,13,26,3905,20,71,5034,24,181,8016
9299,7480,9999, ,Santa Barbara-Santa Maria-Lompoc CA MSA,549,549,99073,45,90,11433,8,28,1399,46,245,8306,531,531,97168,45,90,11433,7,25,1226,45,235,7702
9299,7490,9999, ,Santa Fe NM MSA,435,435,54381,1,2,60,1,3,108,1,7,275,400,400,50496,1,2,60,0,0,0,1,7,275
9299,7510,9999, ,Sarasota FL MSA,1905,1905,200668,13,26,1817,26,102,5781,15,298,13168,1905,1905,200668,13,26,1817,26,102,5781,15,298,13168
9299,7520,9999, ,Savannah GA MSA,1274,1274,96576,5,10,676,3,11,552,11,118,2262,1273,1273,96512,5,10,676,3,11,552,11,118,2262
9299,7560,9999, ,Scranton--Wilkes-Barre PA MSA,2781,2781,232298,17,34,2329,16,56,2557,5,47,1774,2759,2759,231149,16,32,2269,16,56,2557,5,47,1774
9299,7602,7600, ,Seattle WA PMSA,8650,8650,1033781,139,278,18121,75,278,17728,254,4166,281507,8266,8266,984526,137,274,17970,72,269,16929,249,4118,279129
9299,7602,8200, ,Tacoma WA PMSA,3910,3910,374547,139,278,17433,27,103,4822,86,1090,43908,3909,3909,374441,139,278,17433,27,103,4822,86,1090,43908
9299,7610,9999, ,Sharon PA MSA,251,251,21442,1,2,19,1,4,90,0,0,0,246,246,21218,1,2,19,1,4,90,0,0,0
9299,7620,9999, ,Sheboygan WI MSA,359,359,34492,14,28,1634,0,0,0,17,138,2560,359,359,34492,14,28,1634,0,0,0,17,138,2560
9299,7640,9999, ,Sherman-Denison TX MSA,90,90,8007,3,6,189,1,3,105,0,0,0,90,90,8007,3,6,189,1,3,105,0,0,0
9299,7680,9999, ,Shreveport LA MSA,591,591,64789,0,0,0,1,3,45,5,60,2242,591,591,64789,0,0,0,1,3,45,5,60,2242
9299,7720,9999, ,Sioux City IA-NE MSA,241,241,19088,6,12,695,2,8,507,2,122,3737,241,241,19088,6,12,695,2,8,507,2,122,3737
9299,7760,9999, ,Sioux Falls SD MSA,758,758,61618,10,20,1170,4,15,657,19,244,10013,758,758,61618,10,20,1170,4,15,657,19,244,10013
9299,7800,9999, ,South Bend-Mishawaka IN MSA,1082,1082,119915,14,28,1581,3,9,572,6,198,4190,1076,1076,119352,14,28,1581,3,9,572,6,198,4190
9299,7840,9999, ,Spokane WA MSA,1986,1986,199013,57,114,8141,10,37,2542,48,714,29044,1986,1986,199013,57,114,8141,10,37,2542,48,714,29044
9299,7880,9999, ,Springfield IL MSA,1071,1071,100106,104,208,11561,5,20,740,9,88,2110,1064,1064,99751,104,208,11561,5,20,740,9,88,2110
9299,7920,9999, ,Springfield MO MSA,1402,1402,76482,54,108,2788,19,75,2130,22,390,10803,1393,1393,76107,54,108,2788,19,75,2130,22,390,10803
9299,8000,9999, ,Springfield MA MSA,1020,1020,109338,46,92,3723,2,7,526,3,37,705,1003,1003,105762,45,90,3631,2,7,526,3,37,705
9299,8050,9999, ,State College PA MSA,533,533,50944,6,12,440,0,0,0,7,70,2841,529,529,50693,6,12,440,0,0,0,7,70,2841
9299,8080,9999, ,Steubenville-Weirton OH-WV MSA,87,87,7037,0,0,0,1,4,185,3,26,560,87,87,7037,0,0,0,1,4,185,3,26,560
9299,8120,9999, ,Stockton CA MSA,2508,2508,265107,3,6,184,20,71,4594,27,176,8109,2508,2508,265107,3,6,184,20,71,4594,27,176,8109
9299,8160,9999, ,Syracuse NY MSA,1735,1735,146666,14,28,750,4,16,100,13,189,7499,1726,1726,146057,14,28,750,4,16,100,13,189,7499
9299,8240,9999, ,Tallahassee FL MSA,1793,1793,143803,18,36,886,3,10,430,2,36,2925,1765,1765,141775,18,36,886,3,10,430,2,36,2925
9299,8280,9999, ,Tampa-St. Petersburg-Clearwater FL MSA,9721,9721,845502,59,118,5765,47,165,7445,59,1008,51526,9708,9708,844285,59,118,5765,47,165,7445,58,991,50288
9299,8320,9999, ,Terre Haute IN MSA,350,350,28652,9,18,751,1,4,202,4,26,894,349,349,28604,9,18,751,1,4,202,4,26,894
9299,8360,9999, ,Texarkana TX-Texarkana AR MSA,226,226,15116,2,4,169,0,0,0,0,0,0,226,226,15116,2,4,169,0,0,0,0,0,0
9299,8400,9999, ,Toledo OH MSA,1192,1192,148825,21,42,3698,13,49,2425,18,237,7690,1192,1192,148825,21,42,3698,13,49,2425,18,237,7690
9299,8440,9999, ,Topeka KS MSA,597,597,57935,15,30,1770,2,8,288,22,148,4557,597,597,57935,15,30,1770,2,8,288,22,148,4557
9299,8520,9999, ,Tucson AZ MSA,4141,4141,424156,8,16,446,4,14,664,2,44,2073,4141,4141,424156,8,16,446,4,14,664,2,44,2073
9299,8560,9999, ,Tulsa OK MSA,2673,2673,235893,7,14,643,0,0,0,1,5,100,2673,2673,235893,7,14,643,0,0,0,1,5,100
9299,8600,9999, ,Tuscaloosa AL MSA,575,575,30460,1,2,48,1,4,117,17,292,9587,575,575,30460,1,2,48,1,4,117,17,292,9587
9299,8640,9999, ,Tyler TX MSA,261,261,32577,0,0,0,0,0,0,0,0,0,258,258,32352,0,0,0,0,0,0,0,0,0
9299,8680,9999, ,Utica-Rome NY MSA,512,512,44963,8,16,791,1,4,150,4,46,1072,485,485,42986,8,16,791,1,4,150,4,46,1072
9299,8750,9999, ,Victoria TX MSA,161,161,18039,0,0,0,0,0,0,0,0,0,161,161,18039,0,0,0,0,0,0,0,0,0
9299,8780,9999, ,Visalia-Tulare-Porterville CA MSA,1736,1736,157441,39,78,3309,31,107,4805,6,45,1173,1736,1736,157441,39,78,3309,31,107,4805,6,45,1173
9299,8800,9999, ,Waco TX MSA,298,298,25457,6,12,360,1,4,312,0,0,0,285,285,24830,6,12,360,1,4,312,0,0,0
9299,8840,9999, ,Washington DC-MD-VA MSA,21071,21071,1821934,12,24,1233,1,3,150,166,2889,137248,21064,21064,1820824,12,24,1233,1,3,150,166,2889,137248
9299,8880,9999, ,Waterbury CT MSA,575,575,52632,11,22,576,0,0,0,0,0,0,575,575,52632,11,22,576,0,0,0,0,0,0
9299,8920,9999, ,Waterloo-Cedar Falls IA MSA,217,217,22849,3,6,210,1,4,206,9,74,2196,216,216,22789,3,6,210,1,4,206,9,74,2196
9299,8940,9999, ,Wausau WI MSA,520,520,45982,34,68,3489,5,19,820,14,162,4879,520,520,45982,34,68,3489,5,19,820,14,162,4879
9299,8960,9999, ,West Palm Beach-Boca Raton-Delray Beach FL MSA,6420,6420,650990,54,108,7450,64,246,16341,131,1522,91561,6420,6420,650990,54,108,7450,64,246,16341,131,1522,91561
9299,9000,9999, ,Wheeling WV-OH MSA,71,71,5924,3,6,310,3,11,340,0,0,0,70,70,5879,3,6,310,3,11,340,0,0,0
9299,9040,9999, ,Wichita KS MSA,2237,2237,181741,27,54,2350,0,0,0,26,226,4806,2218,2218,180790,27,54,2350,0,0,0,26,226,4806
9299,9080,9999, ,Wichita Falls TX MSA,190,190,19333,1,2,335,0,0,0,0,0,0,190,190,19333,1,2,335,0,0,0,0,0,0
9299,9140,9999, ,Williamsport PA MSA,295,295,22237,2,4,193,0,0,0,3,45,1642,283,283,21549,2,4,193,0,0,0,1,35,1350
9299,9200,9999, ,Wilmington NC MSA,1347,1347,122313,18,36,1855,7,26,1498,43,428,14747,1347,1347,122313,18,36,1855,7,26,1498,43,428,14747
9299,9240,9999, ,Worcester MA MSA,1699,1699,162743,11,22,1500,2,7,320,12,82,3207,1260,1260,130726,7,14,915,1,4,320,1,6,390
9299,9260,9999, ,Yakima WA MSA,507,507,45198,61,122,5928,17,58,2373,7,66,1692,506,506,45158,61,122,5928,17,58,2373,7,66,1692
9299,9280,9999, ,York PA MSA,2771,2771,224300,54,108,4087,11,39,1531,13,86,3383,2765,2765,223729,54,108,4087,11,39,1531,12,81,3194
9299,9320,9999, ,Youngstown-Warren OH MSA,1004,1004,103441,40,80,4821,23,92,5100,58,413,15862,1004,1004,103441,40,80,4821,23,92,5100,58,413,15862
9299,9340,9999, ,Yuba City CA MSA,927,927,89469,30,60,3408,2,8,299,2,14,443,927,927,89469,30,60,3408,2,8,299,2,14,443
9299,9360,9999, ,Yuma AZ MSA,615,615,40499,0,0,0,1,4,122,0,0,0,615,615,40499,0,0,0,1,4,122,0,0,0
9299,1122,9999,,Boston-Lawrence-Salem MA-NH CMSA,9666,9666,1115537,83,166,9841,29,106,8500,49,585,36644,9460,9460,1092473,77,154,9130,29,106,8500,33,505,31628
9299,1282,9999,,Buffalo-Niagara Falls NY CMSA ,2430,2430,268829,93,186,10392,19,68,2525,66,783,25066,2424,2424,268403,93,186,10392,19,68,2525,66,783,25066
9299,1602,9999,,Chicago-Gary-Lake County IL-IN-WI CMSA,24768,24768,2890274,408,816,52770,291,1067,75045,360,4828,270727,24240,24240,2829673,399,798,50761,291,1067,75045,357,4808,270032
9299,1642,9999,,Cincinnati-Hamilton OH-KY-IN CMSA ,8281,8281,855751,105,210,10613,40,153,7568,191,2573,80022,8248,8248,852613,105,210,10613,40,153,7568,190,2551,79536
9299,1692,9999,,Cleveland-Akron-Lorain OH CMSA,7673,7673,1013372,110,220,12616,117,429,24213,166,2124,72906,7654,7654,1010435,110,220,12616,116,426,24213,166,2124,72906
9299,1922,9999,,Dallas-Fort Worth TX CMSA ,19949,19949,2281030,31,62,2569,4,14,378,109,1786,59905,19935,19935,2280008,31,62,2569,4,14,378,107,1776,59713
9299,2082,9999,,Denver-Boulder CO CMSA,11388,11388,1400786,24,48,4702,12,46,3141,122,1852,80817,11372,11372,1398410,24,48,4702,12,46,3141,122,1852,80817
9299,2162,9999,,Detroit-Ann Arbor MI CMSA ,13651,13651,1366023,108,216,11017,86,322,20794,139,2445,83856,13629,13629,1364423,108,216,11017,83,313,20410,133,2413,82859
9299,3282,9999,,Hartford-New Britain-Middletown CT CMSA ,2584,2584,262602,8,16,668,3,11,321,16,323,15612,2584,2584,262602,8,16,668,3,11,321,16,323,15612
9299,3362,9999,,Houston-Galveston-Brazoria TX CMSA,13293,13293,1349520,2,4,720,6,23,738,218,3341,115676,13278,13278,1346651,2,4,720,6,23,738,218,3341,115676
9299,4472,9999,,Los Angeles-Anaheim-Riverside CA CMSA ,25178,25178,3612813,353,706,65014,518,1916,134003,646,7177,529376,25001,25001,3597840,344,688,63723,509,1889,132436,629,7069,523877
9299,4992,9999,,Miami-Fort Lauderdale FL CMSA ,12230,12230,1531891,156,312,13332,72,285,9933,207,4224,225180,12200,12200,1529637,156,312,13332,72,285,9933,207,4224,225180
9299,5082,9999,,Milwaukee-Racine WI CMSA,5122,5122,620848,162,324,21502,60,233,14079,221,2791,110166,5076,5076,615910,158,316,20953,59,230,14017,220,2784,109898
9299,5602,9999,,New York-Northern New Jersey-Long Island NY-NJ-CT CMSA,19822,19822,2073388,980,1960,116789,231,768,41410,186,2894,130712,19733,19733,2064358,976,1952,116463,231,768,41410,186,2894,130712
9299,6162,9999,,Philadelphia-Wilmington-Trenton PA-NJ-DE-MD CMSA,16113,16113,1352897,72,144,6672,21,78,4185,86,1029,53179,15774,15774,1324560,72,144,6672,21,78,4185,86,1029,53179
9299,6282,9999,,Pittsburgh-Beaver Valley PA CMSA,4465,4465,492691,25,50,2544,17,66,3011,32,421,17008,4377,4377,484645,25,50,2544,17,66,3011,32,421,17008
9299,6442,9999,,Portland-Vancouver OR-WA CMSA ,8815,8815,945064,62,124,7505,79,305,15520,251,2449,95276,8810,8810,944696,62,124,7505,79,305,15520,250,2444,95092
9299,6482,9999,,Providence-Pawtucket-Fall River RI-MA CMSA,2569,2569,230307,47,94,4692,5,20,806,5,131,2119,2563,2563,229616,47,94,4692,5,20,806,5,131,2119
9299,7362,9999,,San Francisco-Oakland-San Jose CA CMSA,12193,12193,1868792,144,288,28673,128,462,39214,278,3865,257307,12153,12153,1862724,142,284,28407,128,462,39214,274,3843,255485
9299,7602,9999,,Seattle-Tacoma WA CMSA,12560,12560,1408328,278,556,35554,102,381,22550,340,5256,325415,12175,12175,1358967,276,552,35403,99,372,21751,335,5208,323037
