Survey,MSA/,PMSA,,MA,,1-unit,,,2-units,,,3-4 units,,,5+ units,,,1-unit rep,,,2-units rep,,,3-4 units rep,,,5+ units rep
Date,CMSA,,,Name,Bldgs,Units,Value,Bldgs,Units,Value,Bldgs,Units,Value,Bldgs,Units,Value,Bldgs,Units,Value,Bldgs,Units,Value,      Bldgs,Units,Value,Bldgs,Units,Value
 
199899,0040,9999,,Abilene  TX MSA ,250,250,32745,2,4,180,0,0,0,0,0,0,250,250,32745,2,4,180,0,0,0,0,0,0
199899,0120,9999,,Albany  GA MSA ,599,599,65788,2,4,311,0,0,0,1,8,498,599,599,65788,2,4,311,0,0,0,1,8,498
199899,0160,9999,,Albany-Schenectady-Troy  NY MSA ,2291,2291,290925,14,28,2475,11,41,1624,47,1038,54232,2137,2137,278221,12,24,2255,11,41,1624,39,972,50392
199899,0200,9999,,Albuquerque  NM MSA ,4947,4947,440979,0,0,0,8,31,1672,13,388,12679,3895,3895,381044,0,0,0,8,31,1672,2,324,10663
199899,0220,9999,,Alexandria  LA MSA ,395,395,44790,1,2,100,1,4,325,4,96,4077,389,389,44373,1,2,100,1,4,325,4,96,4077
199899,0240,9999,,Allentown-Bethlehem-Easton  PA MSA ,2355,2355,275485,6,12,678,18,67,3278,8,174,9311,2241,2241,264427,6,12,678,12,48,2741,8,174,9311
199899,0280,9999,,Altoona  PA MSA ,259,259,26222,0,0,0,1,4,60,5,132,8381,238,238,24592,0,0,0,1,4,60,5,132,8381
199899,0320,9999,,Amarillo  TX MSA ,490,490,66215,2,4,178,0,0,0,0,0,0,490,490,66215,2,4,178,0,0,0,0,0,0
199899,0380,9999,,Anchorage  AK MSA ,1152,1152,204674,42,84,10166,71,266,28150,10,199,17242,1054,1054,187952,37,74,8939,69,258,27232,8,183,15813
199899,0450,9999,,Anniston  AL MSA ,166,166,14727,3,6,140,2,8,200,14,87,3911,65,65,5018,3,6,140,2,8,200,1,5,155
199899,0460,9999,,Appleton-Oshkosh-Neenah  WI MSA ,1863,1863,233115,82,164,12052,14,51,2817,70,680,29076,1762,1762,219824,77,154,11230,14,51,2817,67,657,27868
199899,0480,9999,,Asheville  NC MSA ,1242,1242,138044,32,64,3875,11,41,2132,16,190,7919,1202,1202,134404,32,64,3875,11,41,2132,16,190,7919
199899,0500,9999,,Athens  GA MSA ,1080,1080,110555,68,136,7118,5,15,1429,11,215,10378,1073,1073,109757,68,136,7118,5,15,1429,11,215,10378
199899,0520,9999,,Atlanta  GA MSA ,45786,45786,4949265,94,188,8641,66,255,12854,548,11574,528186,45735,45735,4946292,94,188,8641,66,255,12854,548,11574,528186
199899,0580,9999,,Auburn-Opelika  AL MSA ,274,274,37261,76,152,7838,16,59,2910,27,294,12710,274,274,37261,76,152,7838,16,59,2910,27,294,12710
199899,0600,9999,,Augusta-Aiken  GA-SC MSA ,2483,2483,233649,0,0,0,7,28,481,37,462,10794,2392,2392,226135,0,0,0,7,28,481,37,462,10794
199899,0640,9999,,Austin-San Marcos  TX MSA ,10805,10805,1139276,97,194,11534,79,296,13588,289,5128,178878,10744,10744,1131927,97,194,11534,79,296,13588,289,5128,178878
199899,0680,9999,,Bakersfield  CA MSA ,2841,2841,295212,23,46,2724,62,213,12485,12,325,18839,2824,2824,293362,23,46,2724,62,213,12485,2,255,16189
199899,0730,9999,,Bangor  ME MSA ,195,195,17341,1,2,105,1,4,168,0,0,0,163,163,14571,1,2,105,1,4,168,0,0,0
199899,0740,9999,,Barnstable-Yarmouth  MA MSA ,1373,1373,212407,7,14,1568,10,30,3925,11,135,8531,1364,1364,211154,7,14,1568,10,30,3925,11,135,8531
199899,0760,9999,,Baton Rouge  LA MSA ,3122,3122,273468,8,16,407,1,3,150,76,809,32104,2442,2442,191662,8,16,407,1,3,150,76,809,32104
199899,0840,9999,,Beaumont-Port Arthur  TX MSA ,857,857,91692,11,22,2086,1,3,0,18,298,8563,823,823,88640,11,22,2086,0,0,0,18,298,8563
199899,0860,9999,,Bellingham  WA MSA ,921,921,127172,35,70,6932,2,7,473,6,59,2372,921,921,127172,35,70,6932,2,7,473,6,59,2372
199899,0870,9999,,Benton Harbor  MI MSA ,447,447,62691,4,8,715,0,0,0,9,214,11028,393,393,56387,4,8,715,0,0,0,2,136,6596
199899,0880,9999,,Billings  MT MSA ,363,363,43628,6,12,905,1,4,178,5,40,1657,363,363,43628,6,12,905,1,4,178,5,40,1657
199899,0920,9999,,Biloxi-Gulfport-Pascagoula  MS MSA ,1892,1892,154385,8,16,879,6,22,691,107,1408,55330,1768,1768,143703,8,16,879,6,22,691,107,1408,55330
199899,0960,9999,,Binghamton  NY MSA ,215,215,25183,0,0,0,0,0,0,1,12,200,203,203,24104,0,0,0,0,0,0,1,12,200
199899,1000,9999,,Birmingham  AL MSA ,5076,5076,611924,1,2,188,8,30,2111,68,1253,49135,4916,4916,598117,1,2,188,8,30,2111,68,1253,49135
199899,1010,9999,,Bismarck  ND MSA ,419,419,53264,5,10,1105,8,31,2857,9,264,16425,418,418,53164,5,10,1105,8,31,2857,9,264,16425
199899,1020,9999,,Bloomington  IN MSA ,465,465,56184,16,32,2005,31,120,7771,9,73,3337,465,465,56184,16,32,2005,31,120,7771,9,73,3337
199899,1040,9999,,Bloomington-Normal  IL MSA ,880,880,84632,10,20,1285,12,48,1530,30,458,11755,858,858,82809,10,20,1285,12,48,1530,30,458,11755
199899,1080,9999,,Boise City  ID MSA ,5545,5545,661689,39,78,5104,22,83,4291,43,534,24787,5545,5545,661689,39,78,5104,22,83,4291,43,534,24787
199899,1122,1120,,Boston  MA-NH PMSA ,6226,6226,955121,165,330,26266,59,208,19254,69,1203,120368,5526,5526,860294,149,298,24451,59,208,19254,52,1094,113609
199899,1122,1200,,Brockton  MA PMSA ,824,824,97097,1,2,87,1,3,160,0,0,0,764,764,90389,1,2,87,1,3,160,0,0,0
199899,1122,2600,,Fitchburg-Leominster  MA PMSA ,438,438,43726,4,8,336,0,0,0,3,32,680,266,266,28354,0,0,0,0,0,0,0,0,0
199899,1122,4160,,Lawrence  MA-NH PMSA ,1409,1409,185373,9,18,1078,20,73,4682,14,412,27097,1113,1113,147438,9,18,1078,20,73,4682,14,412,27097
199899,1122,4560,,Lowell  MA-NH PMSA ,1001,1001,109299,3,6,435,2,8,474,6,43,2251,884,884,95745,3,6,435,2,8,474,1,18,1149
199899,1122,4760,,Manchester  NH PMSA ,912,912,109619,19,38,2512,11,39,2535,4,27,1515,678,678,78128,19,38,2512,9,32,2079,2,12,655
199899,1122,5350,,Nashua  NH PMSA ,832,832,98394,2,4,156,4,16,970,3,28,1833,565,565,73209,1,2,81,4,16,970,0,0,0
199899,1122,5400,,New Bedford  MA PMSA ,472,472,52741,2,4,225,0,0,0,0,0,0,328,328,36897,2,4,225,0,0,0,0,0,0
199899,1122,6450,,Portsmouth-Rochester  NH-ME PMSA ,1109,1109,141288,9,18,1351,1,4,82,7,141,6869,996,996,128558,9,18,1351,1,4,82,7,141,6869
199899,1122,9240,,Worcester  MA-CT PMSA ,2054,2054,239530,11,22,1742,10,40,2727,4,58,1300,1897,1897,222229,11,22,1742,10,40,2727,4,58,1300
199899,1240,9999,,Brownsville-Harlingen-San Benito  TX MSA ,1926,1926,130426,33,66,3049,49,192,7985,11,166,6053,1360,1360,98561,20,40,2034,42,166,6698,10,161,5909
199899,1260,9999,,Bryan-College Station  TX MSA ,769,769,74126,55,110,5639,0,0,0,39,657,31452,402,402,48663,30,60,3364,0,0,0,36,627,30177
199899,1280,9999,,Buffalo-Niagara Falls  NY MSA ,1823,1823,226777,26,52,3216,8,30,1365,62,977,49707,1605,1605,199534,26,52,3216,8,30,1365,47,750,44843
199899,1305,9999,,Burlington  VT MSA ,549,549,67391,18,36,1960,1,3,150,8,174,9788,515,515,63141,18,36,1960,1,3,150,8,174,9788
199899,1320,9999,,Canton-Massillon  OH MSA ,1193,1193,183807,59,118,11157,8,26,2491,10,72,2574,1176,1176,181979,59,118,11157,8,26,2491,6,48,1500
199899,1350,9999,,Casper  WY MSA ,79,79,9800,1,2,88,0,0,0,0,0,0,79,79,9800,1,2,88,0,0,0,0,0,0
199899,1360,9999,,Cedar Rapids  IA MSA ,839,839,85470,40,80,6721,29,107,5708,19,212,10189,811,811,82693,39,78,6536,29,107,5708,18,199,9755
199899,1400,9999,,Champaign-Urbana  IL MSA ,515,515,68174,14,28,2073,22,86,5534,11,169,10989,416,416,58632,10,20,1653,17,67,4482,11,169,10989
199899,1440,9999,,Charleston-North Charleston  SC MSA ,3297,3297,479514,83,166,9461,9,36,2019,122,1774,86373,3273,3273,476722,83,166,9461,9,36,2019,121,1768,85653
199899,1480,9999,,Charleston  WV MSA ,401,401,48267,3,6,403,2,6,231,4,61,4590,394,394,47425,3,6,403,2,6,231,4,61,4590
199899,1520,9999,,Charlotte-Gastonia-Rock Hill  NC-SC MSA ,15759,15759,1789846,92,184,8552,72,245,16293,319,3879,200048,15581,15581,1771399,90,180,8364,71,242,16021,317,3850,199414
199899,1540,9999,,Charlottesville  VA MSA ,1106,1106,143526,38,76,6575,4,14,913,23,269,14862,905,905,126558,38,76,6575,4,14,913,23,269,14862
199899,1560,9999,,Chattanooga  TN-GA MSA ,2424,2424,260159,38,76,3091,9,31,505,18,199,7856,2337,2337,250953,37,74,2974,3,10,265,5,110,3710
199899,1580,9999,,Cheyenne  WY MSA ,320,320,34861,12,24,923,1,4,214,8,121,4927,251,251,28477,12,24,923,0,0,0,1,40,1400
199899,1602,1600,,Chicago  IL PMSA ,25313,25313,3753236,245,490,42935,423,1476,107292,459,6434,361447,24848,24848,3683543,239,478,42181,409,1426,104017,408,6185,352887
199899,1602,2960,,Gary  IN PMSA ,2319,2319,298448,123,246,23403,25,95,7864,31,361,19677,2300,2300,296620,123,246,23403,25,95,7864,31,361,19677
199899,1602,3740,,Kankakee  IL PMSA ,326,326,44744,7,14,1139,15,59,3663,7,51,2077,307,307,42279,7,14,1139,15,59,3663,6,46,1897
199899,1602,3800,,Kenosha  WI PMSA ,580,580,74981,11,22,1619,0,0,0,32,472,21941,580,580,74981,11,22,1619,0,0,0,32,472,21941
199899,1620,9999,,Chico-Paradise  CA MSA ,881,881,100020,0,0,0,1,4,269,11,84,6961,872,872,99084,0,0,0,1,4,269,11,84,6961
199899,1642,1640,,Cincinnati  OH-KY-IN PMSA ,7722,7722,868702,71,142,8661,67,265,18298,168,1752,75509,7387,7387,839457,71,142,8661,66,262,17998,137,1580,69496
199899,1642,3200,,Hamilton-Middletown  OH PMSA ,1945,1945,229050,10,20,1039,25,83,5915,15,116,7260,1896,1896,223343,8,16,782,19,64,4796,11,96,5700
199899,1660,9999,,Clarksville-Hopkinsville  TN-KY MSA ,1361,1361,93859,8,16,594,17,68,2014,15,101,2980,1331,1331,91526,8,16,594,17,68,2014,15,101,2980
199899,1692,0080,,Akron  OH PMSA ,2645,2645,418519,111,222,18551,86,280,24125,69,866,30583,2637,2637,417779,111,222,18551,86,280,24125,69,866,30583
199899,1692,1680,,Cleveland-Lorain-Elyria  OH PMSA ,6290,6290,1085321,86,172,16061,51,177,20858,63,819,39131,6133,6133,1060414,86,172,16061,42,149,18669,63,819,39131
199899,1720,9999,,Colorado Springs  CO MSA ,4234,4234,485945,16,32,2337,1,4,60,36,683,17703,4234,4234,485945,16,32,2337,1,4,60,36,683,17703
199899,1740,9999,,Columbia  MO MSA ,1042,1042,96327,59,118,5653,2,8,353,4,34,973,1042,1042,96327,59,118,5653,2,8,353,4,34,973
199899,1760,9999,,Columbia  SC MSA ,3829,3829,334811,43,86,3779,1,3,1596,61,706,23248,3794,3794,333276,43,86,3779,1,3,1596,61,706,23248
199899,1800,9999,,Columbus  GA-AL MSA ,1032,1032,119032,2,4,181,11,43,1920,40,614,22012,1032,1032,119032,2,4,181,11,43,1920,40,614,22012
199899,1840,9999,,Columbus  OH MSA ,7386,7386,986467,99,198,12767,297,1158,49048,203,2027,58932,4251,4251,617327,29,58,4832,129,502,34477,46,309,14157
199899,1880,9999,,Corpus Christi  TX MSA ,1286,1286,125893,19,38,1941,13,51,3185,30,423,10668,1275,1275,125508,19,38,1941,13,51,3185,30,423,10668
199899,1890,9999,,Corvallis OR MSA ,282,282,48041,5,10,866,1,3,271,14,101,4632,282,282,48041,5,10,866,1,3,271,14,101,4632
199899,1900,9999,,Cumberland  MD-WV MSA ,186,186,16802,1,2,50,3,10,588,2,15,2765,177,177,15694,1,2,50,0,0,0,2,15,2765
199899,1922,1920,,Dallas  TX PMSA ,22631,22631,3364893,50,100,7337,62,241,14953,857,16795,795178,22100,22100,3284610,47,94,7041,61,238,14853,841,16580,785034
199899,1922,2800,,Fort Worth-Arlington  TX PMSA ,9374,9374,1164160,60,120,7633,74,294,12154,340,4971,240969,8282,8282,969020,53,106,6819,74,294,12154,335,4946,240334
199899,1950,9999,,Danville  VA MSA ,300,300,29651,2,4,200,0,0,0,7,57,1802,300,300,29651,2,4,200,0,0,0,7,57,1802
199899,1960,9999,,Davenport-Moline-Rock Island  IA-IL MSA ,884,884,99952,8,16,1196,5,18,872,26,356,16458,884,884,99952,8,16,1196,5,18,872,26,356,16458
199899,2000,9999,,Dayton-Springfield  OH MSA ,2509,2509,298126,69,138,11794,71,273,13327,80,899,41022,2449,2449,289653,69,138,11794,71,273,13327,80,899,41022
199899,2020,9999,,Daytona Beach  FL MSA ,4098,4098,380326,25,50,2125,12,43,2489,5,138,19886,4096,4096,380197,25,50,2125,12,43,2489,5,138,19886
199899,2030,9999,,Decatur  Al MSA ,392,392,39384,1,2,60,17,68,2167,8,90,2848,330,330,34424,0,0,0,17,68,2167,1,55,2112
199899,2040,9999,,Decatur  IL MSA ,279,279,36565,1,2,180,0,0,0,5,60,2525,278,278,36455,1,2,180,0,0,0,5,60,2525
199899,2082,1125,,Boulder-Longmont  CO PMSA ,2941,2941,361922,14,28,2225,12,47,3330,168,2120,104016,2941,2941,361922,14,28,2225,12,47,3330,168,2120,104016
199899,2082,2080,,Denver  CO PMSA ,14743,14743,2021682,135,270,22250,113,414,31776,571,7637,408087,14742,14742,2021306,135,270,22250,113,414,31776,571,7637,408087
199899,2082,3060,,Greeley  CO PMSA ,2773,2773,347757,27,54,4412,17,64,3804,22,178,10660,2736,2736,343003,27,54,4412,17,64,3804,22,178,10660
199899,2120,9999,,Des Moines  IA MSA ,2838,2838,366071,10,20,1267,15,58,3971,33,616,40573,2827,2827,364712,10,20,1267,14,55,3971,33,616,40573
199899,2162,0440,,Ann Arbor  MI PMSA ,4649,4649,549755,10,20,2091,18,55,11327,86,913,37620,4551,4551,543295,10,20,2091,15,46,11216,81,888,36762
199899,2162,2160,,Detroit  MI PMSA ,16657,16657,2262144,108,216,17245,108,410,30424,240,3773,245568,16231,16231,2221575,101,202,16711,104,398,29674,207,3585,238927
199899,2162,2640,,Flint  MI PMSA ,1638,1638,206130,37,74,7588,18,71,5874,8,163,11682,1473,1473,192269,37,74,7588,18,71,5874,8,163,11682
199899,2180,9999,,Dothan  AL MSA ,351,351,24674,4,8,257,0,0,0,6,108,855,350,350,24584,4,8,257,0,0,0,6,108,855
199899,2190,9999,,Dover  DE MSA ,675,675,61329,0,0,0,0,0,0,1,88,4989,675,675,61329,0,0,0,0,0,0,1,88,4989
199899,2200,9999,,Dubuque  IA MSA ,277,277,36158,7,14,816,4,15,1146,2,58,4900,277,277,36158,7,14,816,4,15,1146,2,58,4900
199899,2240,9999,,Duluth-Superior  MN-WI MSA ,861,861,54581,13,26,1562,4,16,1041,5,120,5965,851,851,53755,13,26,1562,4,16,1041,5,120,5965
199899,2290,9999,,Eau Claire  WI MSA ,723,723,81821,53,106,7464,54,213,11231,12,163,15249,715,715,81268,53,106,7464,54,213,11231,12,163,15249
199899,2320,9999,,El Paso  TX MSA ,3039,3039,148189,9,18,716,59,209,7632,3,24,765,3036,3036,148071,9,18,716,59,209,7632,3,24,765
199899,2330,9999,,Elkhart-Goshen  IN MSA ,957,957,100215,19,38,2937,19,73,1647,17,344,15461,957,957,100215,19,38,2937,19,73,1647,17,344,15461
199899,2335,9999,,Elmira  NY MSA ,111,111,13665,3,6,253,1,4,125,1,15,354,105,105,12860,3,6,253,1,4,125,0,0,0
199899,2340,9999,,Enid  OK MSA ,67,67,11714,3,6,310,2,8,208,0,0,0,67,67,11714,3,6,310,2,8,208,0,0,0
199899,2360,9999,,Erie  PA MSA ,559,559,60372,6,12,690,11,44,2046,15,133,5786,536,536,56204,5,10,605,10,40,1846,14,128,5726
199899,2400,9999,,Eugene-Springfield  OR MSA ,1303,1303,170830,50,100,7304,31,114,6741,47,686,38382,1194,1194,153920,50,100,7304,31,114,6741,47,686,38382
199899,2440,9999,,Evansville-Henderson  IN-KY MSA ,1367,1367,139468,9,18,1192,2,8,335,24,388,10175,1366,1366,139447,9,18,1192,2,8,335,24,388,10175
199899,2520,9999,,Fargo-Moorhead  ND-MN MSA ,858,858,91795,67,134,9333,4,16,860,27,568,19095,848,848,90357,67,134,9333,4,16,860,27,568,19095
199899,2560,9999,,Fayetteville  NC MSA ,1205,1205,108563,9,18,603,6,23,1022,67,896,39254,1205,1205,108563,9,18,603,6,23,1022,67,896,39254
199899,2580,9999,,Fayetteville-Springdale-Rogers  AR MSA ,1831,1831,159970,38,76,3634,12,46,1717,20,175,4886,1716,1716,152426,25,50,2607,11,42,1557,14,140,3961
199899,2620,9999,,Flagstaff  AZ-UT MSA ,667,667,88711,5,10,794,4,16,1060,8,129,6604,667,667,88711,5,10,794,4,16,1060,8,129,6604
199899,2650,9999,,Florence  AL MSA ,256,256,20355,1,2,84,2,8,218,10,77,2597,256,256,20355,1,2,84,2,8,218,10,77,2597
199899,2655,9999,,Florence  SC MSA ,520,520,44947,6,12,236,8,32,1327,20,128,5552,7,7,412,1,2,25,8,32,1327,1,8,332
199899,2670,9999,,Fort Collins-Loveland  CO MSA ,2647,2647,334938,6,12,436,33,120,6996,34,443,22539,2569,2569,326489,6,12,436,30,111,6504,31,420,21310
199899,2700,9999,,Fort Myers-Cape Coral  FL MSA ,3995,3995,461413,188,376,30953,152,561,61024,205,3113,270627,3995,3995,461413,188,376,30953,152,561,61024,205,3113,270627
199899,2710,9999,,Fort Pierce-Port St. Lucie  FL MSA ,2403,2403,339305,57,114,15278,13,52,2697,58,897,43954,2396,2396,338526,57,114,15278,13,52,2697,58,897,43954
199899,2720,9999,,Fort Smith  AR-OK MSA ,610,610,55964,51,102,5152,2,8,217,3,18,570,544,544,52666,51,102,5152,2,8,217,3,18,570
199899,2750,9999,,Fort Walton Beach  FL MSA ,1526,1526,146235,3,6,378,6,23,1506,47,1295,110416,1502,1502,143762,3,6,378,6,23,1506,47,1295,110416
199899,2760,9999,,Fort Wayne  IN MSA ,2794,2794,395298,13,26,2174,55,220,5022,93,1063,42062,2649,2649,378520,13,26,2174,55,220,5022,93,1063,42062
199899,2840,9999,,Fresno  CA MSA ,3204,3204,376694,12,24,1489,8,32,1920,48,392,21267,3202,3202,376451,12,24,1489,8,32,1920,48,392,21267
199899,2880,9999,,Gadsden  AL MSA ,218,218,21069,0,0,0,0,0,0,2,22,851,213,213,21019,0,0,0,0,0,0,2,22,851
199899,2900,9999,,Gainesville  FL MSA ,1090,1090,100862,2,4,174,3,11,407,116,1279,56475,1075,1075,99569,2,4,174,2,8,310,115,1263,55690
199899,2975,9999,,Glens Falls  NY MSA ,437,437,44929,0,0,0,1,3,300,4,45,2120,424,424,43339,0,0,0,0,0,0,4,45,2120
199899,2980,9999,,Goldsboro  NC MSA ,334,334,32194,5,10,333,9,34,995,0,0,0,334,334,32194,5,10,333,9,34,995,0,0,0
199899,2985,9999,,Grand Forks  ND-MN MSA ,326,326,27096,14,28,2230,1,3,174,4,48,3228,323,323,26966,14,28,2230,1,3,174,4,48,3228
199899,2995,9999,,Grand Junction  CO MSA ,1105,1105,101497,66,132,7508,11,41,2064,1,8,358,1016,1016,93835,64,128,7319,11,41,2064,0,0,0
199899,3000,9999,,Grand Rapids-Muskegon-Holland  MI MSA ,5795,5795,691762,70,140,9752,38,138,9990,106,1647,68583,4880,4880,604735,61,122,8798,35,129,9270,95,1440,62205
199899,3040,9999,,Great Falls  MT MSA ,109,109,13480,1,2,81,1,3,121,19,162,8112,25,25,3492,1,2,81,0,0,0,11,121,6111
199899,3080,9999,,Green Bay  WI MSA ,1223,1223,163622,54,108,7854,4,12,413,31,333,13065,961,961,130403,44,88,6353,0,0,0,19,244,10003
199899,3120,9999,,Greensboro--Winston-Salem--High Point  NC MSA ,8191,8191,899650,54,108,5694,35,125,6615,240,2905,102834,8094,8094,889925,54,108,5694,35,125,6615,240,2905,102834
199899,3150,9999,,Greenville  NC MSA ,774,774,84655,27,54,2844,0,0,0,54,544,18554,746,746,81729,26,52,2703,0,0,0,54,544,18554
199899,3160,9999,,Greenville-Spartanburg-Anderson  SC MSA ,6447,6447,584078,122,244,11210,3,9,445,55,898,33397,6309,6309,572747,121,242,11060,3,9,445,49,864,31940
199899,3240,9999,,Harrisburg-Lebanon-Carlisle  PA MSA ,2494,2494,261193,8,16,1076,5,20,1246,22,225,9891,2440,2440,256807,7,14,988,3,12,715,21,216,9678
199899,3280,9999,,Hartford  CT MSA ,3527,3527,397941,24,48,2161,28,111,5060,40,789,30730,3411,3411,386464,24,48,2161,28,111,5060,39,781,30400
199899,3285,9999,,Hattiesburg  MS MSA ,113,113,13153,2,4,98,1,3,45,4,21,596,94,94,10731,2,4,98,1,3,45,0,0,0
199899,3290,9999,,Hickory-Morganton-Lenoir  NC MSA ,1700,1700,192500,32,64,3612,4,15,930,55,530,23830,1683,1683,190321,29,58,3052,4,15,930,51,499,22280
199899,3320,9999,,Honolulu  HI MSA ,1272,1272,198141,10,20,2705,4,16,1480,34,293,19602,1272,1272,198141,10,20,2705,4,16,1480,34,293,19602
199899,3350,9999,,Houma  LA MSA ,777,777,80705,8,16,288,0,0,0,0,0,0,777,777,80705,8,16,288,0,0,0,0,0,0
199899,3362,1145,,Brazoria  TX PMSA ,1960,1960,208270,1,2,128,25,100,3841,24,570,30999,1457,1457,159443,0,0,0,25,100,3841,24,570,30999
199899,3362,2920,,Galveston-Texas City  TX PMSA ,1684,1684,217954,4,8,217,18,72,3356,2,12,414,1673,1673,216558,4,8,217,18,72,3356,2,12,414
199899,3362,3360,,Houston  TX PMSA ,21743,21743,2716365,50,100,4889,252,1006,42582,1262,19607,793619,21570,21570,2681630,50,100,4889,252,1006,42582,1262,19607,793619
199899,3400,9999,,Huntington-Ashland  WV-KY-OH MSA ,171,171,12203,5,10,276,2,8,268,11,307,16113,152,152,9993,4,8,200,1,4,150,10,302,15948
199899,3440,9999,,Huntsville  AL MSA ,1160,1160,71949,0,0,0,14,52,1977,47,560,25566,1122,1122,70017,0,0,0,14,52,1977,47,560,25566
199899,3480,9999,,Indianapolis  IN MSA ,12611,12611,1738892,212,424,30054,40,152,10900,224,3045,152065,12547,12547,1729525,212,424,30054,40,152,10900,224,3045,152065
199899,3500,9999,,Iowa City  IA MSA ,553,553,78070,16,32,2945,13,49,4442,14,161,7935,552,552,77949,16,32,2945,13,49,4442,14,161,7935
199899,3520,9999,,Jackson  MI MSA ,651,651,68202,2,4,210,4,16,914,1,47,1000,515,515,54445,2,4,210,0,0,0,1,47,1000
199899,3560,9999,,Jackson  MS MSA ,2483,2483,248714,6,12,625,30,120,14550,76,1108,41815,2446,2446,246054,6,12,625,30,120,14550,76,1108,41815
199899,3580,9999,,Jackson  TN MSA ,737,737,69761,6,12,590,0,0,0,29,220,6274,737,737,69761,6,12,590,0,0,0,29,220,6274
199899,3600,9999,,Jacksonville  FL MSA ,7644,7644,964116,26,52,4255,7,25,2347,121,1717,75430,7640,7640,963716,26,52,4255,7,25,2347,120,1710,75164
199899,3605,9999,,Jacksonville  NC MSA ,842,842,65661,1,2,87,22,86,3299,3,18,714,842,842,65661,1,2,87,22,86,3299,3,18,714
199899,3610,9999,,Jamestown  NY MSA ,171,171,19735,14,28,2479,2,8,518,0,0,0,108,108,14812,7,14,1079,1,4,185,0,0,0
199899,3620,9999,,Janesville-Beloit  WI MSA ,565,565,62501,38,76,6085,9,31,1626,11,58,2075,524,524,59733,36,72,5819,3,12,501,2,13,500
199899,3660,9999,,Johnson City-Kingsport-Bristol  TN-VA MSA ,1427,1427,140081,26,52,2460,8,27,1253,37,409,14278,1413,1413,139025,26,52,2460,8,27,1253,37,409,14278
199899,3680,9999,,Johnstown  PA MSA ,394,394,31500,9,18,1133,0,0,0,2,22,590,330,330,27018,4,8,398,0,0,0,2,22,590
199899,3700,9999,,Jonesboro  AR MSA ,415,415,37712,6,12,456,2,8,420,3,52,1795,415,415,37712,6,12,456,2,8,420,3,52,1795
199899,3710,9999,,Joplin  MO MSA ,396,396,35634,41,82,4220,3,11,414,4,31,1107,397,397,35568,41,82,4220,3,11,414,4,31,1107
199899,3720,9999,,Kalamazoo-Battle Creek  MI MSA ,1738,1738,208366,25,50,3523,15,53,3613,23,342,12977,1124,1124,149507,22,44,3122,10,35,2590,12,281,10235
199899,3760,9999,,Kansas City  MO-KS MSA ,10117,10117,1275780,392,784,53341,130,512,34460,133,2389,104751,9984,9984,1260432,392,784,53341,130,512,34460,133,2389,104751
199899,3810,9999,,Killeen-Temple  TX MSA ,1241,1241,120024,31,62,3296,51,203,7675,19,160,4211,1240,1240,119979,31,62,3296,51,203,7675,19,160,4211
199899,3840,9999,,Knoxville  TN MSA ,3144,3144,293216,30,60,3148,32,111,4305,47,658,32463,2999,2999,286788,28,56,2998,32,111,4305,38,536,27975
199899,3850,9999,,Kokomo  IN MSA ,307,307,37267,24,48,5786,3,11,760,11,88,3300,305,305,37026,24,48,5786,3,11,760,11,88,3300
199899,3870,9999,,La Crosse  WI-MN MSA ,499,499,63446,61,122,7745,6,21,1192,14,137,6075,491,491,62866,61,122,7745,6,21,1192,14,137,6075
199899,3880,9999,,Lafayette  LA MSA ,1599,1599,166429,1,2,60,3,10,306,14,196,12230,1565,1565,164345,1,2,60,2,7,306,14,196,12230
199899,3920,9999,,Lafayette  IN MSA ,876,876,107001,48,96,5941,3,11,359,31,413,13014,842,842,104233,48,96,5941,2,8,359,31,413,13014
199899,3960,9999,,Lake Charles  LA MSA ,765,765,78401,13,26,566,1,4,248,16,145,5247,748,748,77163,8,16,530,1,4,248,16,145,5247
199899,3980,9999,,Lakeland-Winter Haven  FL MSA ,2873,2873,219358,27,54,1986,7,27,653,29,369,16634,2873,2873,219358,27,54,1986,7,27,653,29,369,16634
199899,4000,9999,,Lancaster  PA MSA ,1915,1915,214832,17,34,3067,19,68,6189,39,437,22270,1850,1850,209599,17,34,3067,18,65,6189,39,437,22270
199899,4040,9999,,Lansing-East Lansing  MI MSA ,1431,1431,174999,32,64,4684,9,35,2211,15,177,8786,1365,1365,169025,31,62,4549,9,35,2211,15,177,8786
199899,4080,9999,,Laredo  TX MSA ,1402,1402,72434,3,6,277,3,10,243,5,129,4548,1402,1402,72434,3,6,277,3,10,243,5,129,4548
199899,4100,9999,,Las Cruces  NM MSA ,796,796,82509,6,12,590,5,16,380,7,89,2054,499,499,53918,0,0,0,0,0,0,1,48,1000
199899,4120,9999,,Las Vegas  NV-AZ MSA ,21628,21628,1867958,51,102,5787,129,508,28570,921,10367,439588,21628,21628,1867958,51,102,5787,129,508,28570,921,10367,439588
199899,4150,9999,,Lawrence  KS MSA ,514,514,63537,91,182,11773,20,63,3713,20,204,12166,495,495,62198,87,174,11353,20,63,3713,20,204,12166
199899,4200,9999,,Lawton  OK MSA ,215,215,22145,3,6,180,0,0,0,0,0,0,215,215,22145,3,6,180,0,0,0,0,0,0
199899,4240,9999,,Lewiston-Auburn  ME MSA ,187,187,18091,1,2,124,0,0,0,0,0,0,165,165,15996,1,2,124,0,0,0,0,0,0
199899,4280,9999,,Lexington  KY MSA ,3377,3377,344580,118,236,12239,23,91,2871,93,1147,52885,3283,3283,338197,116,232,12062,21,84,2595,91,1137,52703
199899,4320,9999,,Lima  OH MSA ,372,372,49515,10,20,1132,13,45,2963,0,0,0,306,306,39534,3,6,310,12,42,2803,0,0,0
199899,4360,9999,,Lincoln  NE MSA ,1274,1274,167200,30,60,3185,2,8,291,54,797,27895,1088,1088,144402,24,48,2617,1,4,130,44,610,21861
199899,4400,9999,,Little Rock-North Little Rock  AR MSA ,2237,2237,284917,32,64,3442,21,81,5420,126,1253,40184,2228,2228,284441,32,64,3442,21,81,5420,126,1253,40184
199899,4420,9999,,Longview-Marshall  TX MSA ,258,258,27960,10,20,898,0,0,0,6,82,2373,219,219,25067,10,20,898,0,0,0,6,82,2373
199899,4472,4480,,Los Angeles-Long Beach  CA PMSA ,6423,6423,1201251,156,312,30482,68,248,23291,263,4243,284090,6206,6206,1160593,149,298,29660,60,224,21162,233,4068,269319
199899,4472,5945,,Orange County  CA PMSA ,7285,7285,1429645,38,76,10008,93,312,31238,128,2031,139696,7282,7282,1428835,38,76,10008,93,312,31238,128,2031,139696
199899,4472,6780,,Riverside-San Bernardino  CA PMSA ,16259,16259,2650307,25,50,8031,17,60,4840,149,2285,119845,15861,15861,2597524,21,42,7267,14,51,3887,149,2285,119845
199899,4472,8735,,Ventura  CA PMSA ,2930,2930,666195,3,6,556,10,37,4306,22,325,20715,2920,2920,664052,3,6,556,8,30,3548,22,325,20715
199899,4520,9999,,Louisville  KY-IN MSA ,5888,5888,651286,42,84,2929,34,128,5779,105,1449,58656,5512,5512,619723,35,70,2282,29,113,5288,86,1343,54615
199899,4600,9999,,Lubbock  TX MSA ,738,738,72758,9,18,1027,3,12,460,6,120,5200,738,738,72758,9,18,1027,3,12,460,6,120,5200
199899,4640,9999,,Lynchburg  VA MSA ,1053,1053,117873,16,32,1692,6,22,1840,9,71,2460,1053,1053,117873,16,32,1692,6,22,1840,9,71,2460
199899,4680,9999,,Macon  GA MSA ,1547,1547,135158,1,2,157,0,0,0,23,296,10171,1547,1547,135158,1,2,157,0,0,0,23,296,10171
199899,4720,9999,,Madison  WI MSA ,1704,1704,260365,109,218,19265,78,294,20910,73,1338,80259,1538,1538,233187,94,188,16913,60,233,17635,60,1244,75965
199899,4800,9999,,Mansfield  OH MSA ,569,569,54369,27,54,3789,22,88,5130,8,108,2966,390,390,47006,22,44,3320,22,88,5130,8,108,2966
199899,4880,9999,,McAllen-Edinburg-Mission  TX MSA ,5178,5178,229237,66,132,5075,116,450,11895,57,415,10165,2479,2479,136236,30,60,3386,77,305,8583,19,138,4231
199899,4890,9999,,Medford-Ashland  OR MSA ,1166,1166,136159,26,52,3908,21,79,4788,7,56,2505,1125,1125,131995,25,50,3760,20,76,4604,7,56,2505
199899,4900,9999,,Melbourne-Titusville-Palm Bay  FL MSA ,3242,3242,364293,24,48,2377,5,19,1216,18,513,25398,3238,3238,363831,24,48,2377,5,19,1216,18,513,25398
199899,4920,9999,,Memphis  TN-AR-MS MSA ,7633,7633,984004,4,8,369,3,12,475,62,871,40143,7624,7624,982934,4,8,369,3,12,475,62,871,40143
199899,4940,9999,,Merced  CA MSA ,979,979,111447,0,0,0,0,0,0,2,15,65,953,953,109210,0,0,0,0,0,0,0,0,0
199899,4992,2680,,Fort Lauderdale  FL PMSA ,8753,8753,1072216,21,42,2481,92,361,19571,271,3327,187548,8745,8745,1071159,21,42,2481,92,361,19571,259,3228,181039
199899,4992,5000,,Miami  FL PMSA ,5359,5359,571671,43,86,6575,178,687,46443,203,4819,359805,1817,1817,214548,38,76,5939,158,616,42203,138,4127,356100
199899,5082,5080,,Milwaukee-Waukesha  WI PMSA ,3844,3844,616226,225,450,43728,46,183,12280,183,2664,141151,3782,3782,606883,223,446,43383,46,183,12280,182,2646,140211
199899,5082,6600,,Racine  WI PMSA ,670,670,89662,29,58,5520,7,27,2278,35,287,17662,651,651,87518,29,58,5520,6,24,2217,18,190,14305
199899,5120,9999,,Minneapolis-St. Paul  MN-WI MSA ,16961,16961,2325171,225,450,43716,150,574,45863,194,2899,194607,16641,16641,2283036,210,420,42342,139,537,44808,179,2821,191827
199899,5160,9999,,Mobile  AL MSA ,3434,3434,347599,34,68,5525,20,79,2203,34,1142,102306,3431,3431,347447,34,68,5525,20,79,2203,34,1142,102306
199899,5170,9999,,Modesto  CA MSA ,1838,1838,229671,11,22,1673,2,7,383,12,84,4471,1810,1810,226640,11,22,1673,2,7,383,8,64,3557
199899,5200,9999,,Monroe  LA MSA ,487,487,54801,8,16,201,7,25,684,6,45,1880,124,124,15558,6,12,105,2,8,380,6,45,1880
199899,5240,9999,,Montgomery  AL MSA ,1395,1395,130229,10,20,661,3,11,384,41,596,23595,1400,1400,130886,10,20,661,3,11,384,41,596,23595
199899,5280,9999,,Muncie  IN MSA ,239,239,29828,2,4,270,2,7,481,4,37,2100,132,132,15888,1,2,65,0,0,0,4,37,2100
199899,5330,9999,,Myrtle Beach  SC MSA ,2090,2090,204277,17,34,2319,58,228,15038,213,2876,155064,2080,2080,203792,17,34,2319,58,228,15038,213,2876,155064
199899,5345,9999,,Naples  FL MSA ,2804,2804,407112,21,42,3065,192,752,71495,230,3246,344527,2804,2804,407112,21,42,3065,192,752,71495,230,3246,344527
199899,5360,9999,,Nashville  TN MSA ,10291,10291,1225792,181,362,19840,35,135,6414,106,1631,89892,9972,9972,1193383,170,340,19213,35,135,6414,103,1616,89142
199899,5520,9999,,New London-Norwich  CT-RI MSA ,993,993,114902,2,4,185,1,4,150,1,60,2800,957,957,111827,2,4,185,1,4,150,1,60,2800
199899,5560,9999,,New Orleans  LA MSA ,3700,3700,418289,45,90,2327,12,42,1737,34,549,24791,3333,3333,384580,41,82,2130,11,39,1678,34,549,24791
199899,5602,0875,,Bergen-Passaic  NJ PMSA ,1308,1308,228555,93,186,14852,4,15,2552,18,931,25969,1206,1206,213390,92,184,14750,3,12,2427,18,931,25969
199899,5602,1160,,Bridgeport  CT PMSA ,1179,1179,133941,34,68,2960,5,18,1232,1,5,350,1179,1179,133941,34,68,2960,5,18,1232,1,5,350
199899,5602,1930,,Danbury  CT PMSA ,810,810,147853,1,2,124,7,24,1519,44,791,42071,739,739,132311,1,2,124,7,24,1519,44,791,42071
199899,5602,2281,,Dutchess County  NY PMSA ,838,838,122403,3,6,650,7,24,1093,8,59,3913,793,793,115926,3,6,650,2,8,453,8,59,3913
199899,5602,3640,,Jersey City  NJ PMSA ,431,431,17681,94,188,10188,7,21,838,17,1148,76442,367,367,14182,71,142,8374,7,21,838,14,1064,71122
199899,5602,5015,,Middlesex-Somerset-Hunterdon  NJ PMSA ,5282,5282,592485,11,22,1038,14,49,1684,72,867,25792,5010,5010,567587,9,18,819,14,49,1684,68,843,25193
199899,5602,5190,,Monmouth-Ocean  NJ PMSA ,6915,6915,668055,3,6,450,1,3,250,21,287,8066,6739,6739,647293,3,6,450,1,3,250,19,276,7691
199899,5602,5380,,Nassau-Suffolk  NY PMSA ,5192,5192,748527,27,54,4200,1,4,86,64,631,42068,4627,4627,691829,23,46,3940,1,4,86,54,577,34151
199899,5602,5480,,New Haven-Meriden  CT PMSA ,1105,1105,141322,4,8,383,2,8,615,27,519,18876,1084,1084,139537,4,8,383,2,8,615,25,509,18393
199899,5602,5600,,New York  NY PMSA ,3190,3190,546318,1267,2534,158217,361,1145,73190,146,6663,376276,2627,2627,421142,1259,2518,156742,346,1099,70047,126,6545,369809
199899,5602,5640,,Newark  NJ PMSA ,3741,3741,462274,186,372,19572,37,114,6634,12,322,16060,3569,3569,439487,186,372,19572,37,114,6634,12,322,16060
199899,5602,5660,,Newburgh  NY-PA PMSA ,1651,1651,182897,17,34,2263,3,10,642,24,245,16636,1590,1590,177526,17,34,2263,2,7,453,24,245,16636
199899,5602,8040,,Stamford-Norwalk  CT PMSA ,492,492,188071,21,42,3600,8,31,2908,10,109,7360,481,481,181138,20,40,3256,8,31,2908,9,104,6895
199899,5602,8480,,Trenton  NJ PMSA ,1200,1200,121144,0,0,0,0,0,0,3,193,11228,1157,1157,117180,0,0,0,0,0,0,3,193,11228
199899,5602,8880,,Waterbury  CT PMSA ,595,595,78333,4,8,280,0,0,0,0,0,0,595,595,78333,4,8,280,0,0,0,0,0,0
199899,5720,9999,,Norfolk-Virginia Beach-Newport News  VA-NC MSA ,7077,7077,787331,29,58,6701,41,157,9729,97,1216,70211,6359,6359,735029,28,56,6651,39,150,9515,92,1191,69256
199899,5790,9999,,Ocala  FL MSA ,2634,2634,206838,3,6,310,12,42,1746,1,5,233,2450,2450,192793,3,6,310,11,38,1620,1,5,233
199899,5800,9999,,Odessa-Midland  TX MSA ,391,391,41876,0,0,0,0,0,0,0,0,0,391,391,41876,0,0,0,0,0,0,0,0,0
199899,5880,9999,,Oklahoma City  OK MSA ,4672,4672,540292,53,106,5195,30,115,4852,122,1959,85815,4603,4603,533645,53,106,5195,30,115,4852,122,1959,85815
199899,5920,9999,,Omaha  NE-IA MSA ,3403,3403,327468,40,80,4976,5,17,781,91,2055,97119,3332,3332,321568,40,80,4976,4,13,681,90,2049,96919
199899,5960,9999,,Orlando  FL MSA ,15024,15024,1724744,26,52,3114,26,94,6044,711,10588,493426,14996,14996,1722202,26,52,3114,26,94,6044,711,10588,493426
199899,5990,9999,,Owensboro  KY MSA ,400,400,23180,0,0,0,1,3,109,13,134,3718,160,160,9620,0,0,0,1,3,109,13,134,3718
199899,6015,9999,,Panama City  FL MSA ,1102,1102,67736,25,50,1813,3,11,646,26,416,16080,1102,1102,67736,25,50,1813,3,11,646,26,416,16080
199899,6020,9999,,Parkersburg-Marietta  WV-OH MSA ,205,205,19883,6,12,420,9,28,1326,7,92,2400,189,189,18115,2,4,55,8,24,1000,7,92,2400
199899,6080,9999,,Pensacola  FL MSA ,2858,2858,263600,13,26,1285,17,60,2415,35,280,6820,2858,2858,263600,13,26,1285,17,60,2415,35,280,6820
199899,6120,9999,,Peoria-Pekin  IL MSA ,1059,1059,135121,43,86,7369,6,21,1262,16,159,9203,1019,1019,131511,41,82,7125,6,21,1262,16,159,9203
199899,6162,0560,,Atlantic-Cape May  NJ PMSA ,1767,1767,171522,194,388,17827,1,4,270,6,76,2660,1687,1687,163429,193,386,17703,1,4,270,6,76,2660
199899,6162,6160,,Philadelphia  PA-NJ PMSA ,14384,14384,1530169,46,92,5297,43,158,9271,176,2225,111287,13025,13025,1395623,35,70,3430,43,158,9271,149,2032,101519
199899,6162,8760,,Vineland-Millville-Bridgeton  NJ PMSA ,314,314,26014,0,0,0,1,3,61,3,99,4944,305,305,25333,0,0,0,0,0,0,2,94,4765
199899,6162,9160,,Wilmington-Newark  DE-MD PMSA ,3152,3152,298770,0,0,0,0,0,0,83,894,37544,3041,3041,291138,0,0,0,0,0,0,71,834,36584
199899,6200,9999,,Phoenix-Mesa  AZ MSA ,36562,36562,4478501,43,86,6431,88,329,29867,722,10825,532985,36478,36478,4472292,43,86,6431,88,329,29867,718,10805,532002
199899,6240,9999,,Pine Bluff  AR MSA ,120,120,7667,4,8,311,0,0,0,4,80,2070,120,120,7667,4,8,311,0,0,0,4,80,2070
199899,6280,9999,,Pittsburgh  PA MSA ,4824,4824,634580,38,76,4119,71,260,16449,96,1221,58357,3970,3970,547287,30,60,3959,55,211,15470,76,1038,50467
199899,6320,9999,,Pittsfield  MA MSA ,104,104,16925,4,8,536,0,0,0,0,0,0,85,85,14299,4,8,536,0,0,0,0,0,0
199899,6340,9999,,Pocatello  ID MSA ,267,267,25345,0,0,0,0,0,0,5,25,1919,260,260,25000,0,0,0,0,0,0,5,25,1919
199899,6400,9999,,Portland  ME MSA ,1317,1317,166312,17,34,3449,6,22,1215,3,249,15006,1272,1272,162015,17,34,3449,6,22,1215,3,249,15006
199899,6442,6440,,Portland-Vancouver  OR-WA PMSA ,11325,11325,1429986,255,510,38137,141,518,35454,431,5547,336514,11166,11166,1411579,245,490,36463,140,515,35281,417,5424,332759
199899,6442,7080,,Salem  OR PMSA ,1625,1625,214466,58,116,8983,19,73,4035,65,543,25118,1583,1583,209488,57,114,8856,18,69,3818,61,523,23905
199899,6480,9999,,Providence-Fall River-Warwick  RI-MA MSA ,2779,2779,301061,49,98,5627,6,19,805,5,113,5355,2432,2432,274804,24,48,3526,6,19,805,4,108,5155
199899,6520,9999,,Provo-Orem  UT MSA ,3008,3008,362406,48,96,9120,32,120,9059,58,875,47448,2865,2865,343384,48,96,9120,32,120,9059,58,875,47448
199899,6560,9999,,Pueblo  CO MSA ,1111,1111,112959,60,120,8118,31,120,5438,0,0,0,1111,1111,112959,60,120,8118,31,120,5438,0,0,0
199899,6580,9999,,Punta Gorda  FL MSA ,1200,1200,128565,4,8,409,6,21,1354,32,265,14761,1053,1053,114217,4,8,409,5,18,1167,31,260,14517
199899,6640,9999,,Raleigh-Durham-Chapel Hill  NC MSA ,14111,14111,1791883,99,198,11650,14,47,2794,335,4700,210245,13932,13932,1764599,98,196,11595,12,41,2382,332,4640,207900
199899,6660,9999,,Rapid City  SD MSA ,290,290,36613,0,0,0,2,8,564,8,274,12678,278,278,35309,0,0,0,2,8,564,7,267,12307
199899,6680,9999,,Reading  PA MSA ,1576,1576,159747,25,50,2252,2,8,354,9,144,7230,1427,1427,145204,25,50,2252,2,8,354,9,144,7230
199899,6690,9999,,Redding  CA MSA ,629,629,81321,0,0,0,10,40,2406,4,25,1085,629,629,81321,0,0,0,10,40,2406,4,25,1085
199899,6720,9999,,Reno  NV MSA ,3278,3278,376798,2,4,217,4,15,889,105,1585,73328,3278,3278,376798,2,4,217,4,15,889,105,1585,73328
199899,6740,9999,,Richland-Kennewick-Pasco  WA MSA ,836,836,115501,1,2,85,3,11,670,0,0,0,836,836,115501,1,2,85,2,8,670,0,0,0
199899,6760,9999,,Richmond-Petersburg  VA MSA ,6305,6305,640525,7,14,625,6,20,1038,89,979,45160,6119,6119,625006,6,12,618,6,20,1038,89,979,45160
199899,6800,9999,,Roanoke  VA MSA ,767,767,63603,13,26,1078,3,11,535,10,81,4940,697,697,59708,9,18,832,2,8,370,1,24,879
199899,6820,9999,,Rochester  MN MSA ,764,764,102415,24,48,5259,23,92,7589,1,229,14550,764,764,102415,24,48,5259,23,92,7589,1,229,14550
199899,6840,9999,,Rochester  NY MSA ,2463,2463,318306,23,46,2127,19,72,4548,69,701,36750,2229,2229,289611,19,38,1613,17,65,4378,66,597,34773
199899,6880,9999,,Rockford  IL MSA ,1556,1556,137578,24,48,2628,50,200,9002,17,195,6629,1540,1540,136061,24,48,2628,49,196,8917,17,195,6629
199899,6895,9999,,Rocky Mount  NC MSA ,557,557,49436,13,26,1109,0,0,0,4,56,1526,547,547,48798,13,26,1109,0,0,0,4,56,1526
199899,6922,6920,,Sacramento  CA PMSA ,9871,9871,1550572,15,30,2139,3,10,1002,228,2813,177775,9871,9871,1550572,15,30,2139,3,10,1002,228,2813,177775
199899,6922,9270,,Yolo  CA PMSA ,862,862,138079,22,44,4592,25,98,7595,38,608,53550,862,862,138079,22,44,4592,25,98,7595,38,608,53550
199899,6960,9999,,Saginaw-Bay City-Midland  MI MSA ,1097,1097,136946,67,134,11274,7,28,2037,31,259,11004,903,903,119300,67,134,11274,3,12,1237,31,259,11004
199899,6980,9999,,St. Cloud  MN MSA ,934,934,91451,3,6,470,5,18,442,5,212,8515,847,847,84283,3,6,470,2,8,442,5,212,8515
199899,7000,9999,,St. Joseph  MO MSA ,201,201,24475,26,52,2733,5,16,755,7,50,1621,191,191,23328,24,48,2480,3,9,366,7,50,1621
199899,7040,9999,,St. Louis  MO-IL MSA ,10381,10381,1249211,217,434,31762,70,266,16335,90,1254,66405,10039,10039,1206802,206,412,30241,61,235,14753,78,1194,64156
199899,7120,9999,,Salinas  CA MSA ,1178,1178,229029,0,0,0,3,11,773,0,0,0,1164,1164,227451,0,0,0,3,11,773,0,0,0
199899,7160,9999,,Salt Lake City-Ogden  UT MSA ,8062,8062,957172,95,190,18148,89,348,22442,103,1853,108925,7782,7782,931688,95,190,18148,89,348,22442,102,1847,108540
199899,7200,9999,,San Angelo  TX MSA ,230,230,24440,1,2,136,30,120,3559,21,148,4423,230,230,24440,1,2,136,30,120,3559,21,148,4423
199899,7240,9999,,San Antonio  TX MSA ,8518,8518,725412,20,40,1593,3,11,186,75,993,26127,8505,8505,722998,20,40,1593,3,11,186,75,993,26127
199899,7320,9999,,San Diego  CA MSA ,9012,9012,1732379,61,122,13322,142,466,39130,179,2291,177059,9012,9012,1732379,61,122,13322,142,466,39130,179,2291,177059
199899,7362,5775,,Oakland  CA PMSA ,6939,6939,1518874,31,62,8865,63,234,34177,157,2738,235132,6939,6939,1518874,31,62,8865,63,234,34177,157,2738,235132
199899,7362,7360,,San Francisco  CA PMSA ,1765,1765,441956,93,186,25839,67,204,34261,120,3107,374894,1705,1705,411652,93,186,25839,67,204,34261,119,3101,374469
199899,7362,7400,,San Jose  CA PMSA ,3890,3890,791162,51,102,11502,64,200,15577,138,3314,217772,3890,3890,791162,51,102,11502,64,200,15577,138,3314,217772
199899,7362,7485,,Santa Cruz-Watsonville  CA PMSA ,378,378,82717,0,0,0,7,27,2803,14,154,13407,372,372,81725,0,0,0,7,27,2803,14,154,13407
199899,7362,7500,,Santa Rosa  CA PMSA ,2098,2098,315718,44,88,7942,6,19,1238,46,857,50358,1762,1762,271029,39,78,7138,6,19,1238,46,857,50358
199899,7362,8720,,Vallejo-Fairfield-Napa  CA PMSA ,2232,2232,385845,6,12,824,3,12,738,36,447,30606,2223,2223,385041,6,12,824,3,12,738,36,447,30606
199899,7460,9999,,San Luis Obispo-Atascadero-Paso Robles  CA MSA ,1637,1637,244170,7,14,1106,0,0,0,3,36,3232,1637,1637,244170,7,14,1106,0,0,0,3,36,3232
199899,7480,9999,,Santa Barbara-Santa Maria-Lompoc  CA MSA ,902,902,155221,13,26,1655,11,35,1261,6,51,3766,869,869,150941,13,26,1655,11,35,1261,6,51,3766
199899,7490,9999,,Santa Fe  NM MSA ,468,468,55113,0,0,0,0,0,0,1,19,5138,468,468,55113,0,0,0,0,0,0,1,19,5138
199899,7510,9999,,Sarasota-Bradenton  FL MSA ,5168,5168,605411,42,84,3458,30,110,7421,75,2070,85609,4712,4712,551325,40,80,3196,29,107,7142,69,1942,83875
199899,7520,9999,,Savannah  GA MSA ,1863,1863,206421,8,16,784,1,4,500,84,1180,43627,1778,1778,199494,3,6,195,1,4,500,84,1180,43627
199899,7560,9999,,Scranton--Wilkes-Barre--Hazleton  PA MSA ,1217,1217,124585,15,30,3053,16,57,2945,7,43,2235,1027,1027,108588,12,24,2802,16,57,2945,7,43,2235
199899,7602,1150,,Bremerton  WA PMSA ,976,976,107827,12,24,1765,3,12,1651,0,0,0,976,976,107827,12,24,1765,3,12,1651,0,0,0
199899,7602,5910,,Olympia  WA PMSA ,1424,1424,175255,38,76,6391,7,25,1644,12,136,6929,1424,1424,175255,38,76,6391,7,25,1644,12,136,6929
199899,7602,7600,,Seattle-Bellevue-Everett  WA PMSA ,10325,10325,1528011,295,590,53689,323,1178,94806,700,10046,691602,8863,8863,1368941,267,534,50417,307,1126,88378,633,9512,655402
199899,7602,8200,,Tacoma  WA PMSA ,4419,4419,484685,114,228,17669,45,171,13042,55,895,50446,4308,4308,471733,114,228,17669,41,159,12043,55,895,50446
199899,7610,9999,,Sharon  PA MSA ,321,321,29219,3,6,380,0,0,0,0,0,0,267,267,25204,3,6,380,0,0,0,0,0,0
199899,7620,9999,,Sheboygan  WI MSA ,440,440,61802,25,50,3899,4,16,1215,15,188,8071,413,413,58641,21,42,3306,4,16,1215,15,188,8071
199899,7640,9999,,Sherman-Denison  TX MSA ,220,220,18857,16,32,1410,34,127,4235,2,14,490,220,220,18857,16,32,1410,34,127,4235,2,14,490
199899,7680,9999,,Shreveport-Bossier City  LA MSA ,886,886,111131,0,0,0,0,0,0,0,0,0,881,881,110876,0,0,0,0,0,0,0,0,0
199899,7720,9999,,Sioux City  IA-NE MSA ,221,221,23853,6,12,809,2,8,200,2,24,739,179,179,20442,6,12,809,1,4,200,2,24,739
199899,7760,9999,,Sioux Falls  SD MSA ,1323,1323,120688,16,32,2387,3,11,506,16,250,12194,1322,1322,120614,16,32,2387,3,11,506,15,245,12020
199899,7800,9999,,South Bend  IN MSA ,937,937,122710,2,4,379,0,0,0,13,290,11495,937,937,122710,2,4,379,0,0,0,13,290,11495
199899,7840,9999,,Spokane  WA MSA ,1634,1634,197962,49,98,8855,4,13,1201,51,809,42869,1634,1634,197962,49,98,8855,4,13,1201,51,809,42869
199899,7880,9999,,Springfield  IL MSA ,848,848,89959,44,88,6234,1,4,75,2,13,580,624,624,75785,42,84,5976,0,0,0,1,8,230
199899,7920,9999,,Springfield  MO MSA ,2039,2039,157644,65,130,5676,17,68,2520,19,277,6547,2039,2039,157644,65,130,5676,17,68,2520,19,277,6547
199899,8000,9999,,Springfield  MA MSA ,1067,1067,142119,19,38,2199,5,18,1860,6,132,9525,982,982,132309,18,36,2054,5,18,1860,6,132,9525
199899,8050,9999,,State College  PA MSA ,599,599,67505,7,14,693,0,0,0,9,74,3204,440,440,47997,6,12,638,0,0,0,7,64,2704
199899,8080,9999,,Steubenville-Weirton  OH-WV MSA ,71,71,8066,1,2,60,1,3,80,2,10,357,60,60,6857,1,2,60,1,3,80,2,10,357
199899,8120,9999,,Stockton-Lodi  CA MSA ,3275,3275,431378,3,6,583,12,48,3813,1,5,455,3215,3215,423598,3,6,583,12,48,3813,1,5,455
199899,8140,9999,,Sumter  SC MSA ,337,337,26272,45,90,3431,0,0,0,10,55,1639,337,337,26272,45,90,3431,0,0,0,10,55,1639
199899,8160,9999,,Syracuse  NY MSA ,1259,1259,128022,12,24,1518,4,15,1115,13,121,2883,963,963,101256,4,8,522,0,0,0,8,96,1907
199899,8240,9999,,Tallahassee  FL MSA ,1064,1064,111254,11,22,1191,0,0,0,29,497,23015,1064,1064,111254,11,22,1191,0,0,0,29,497,23015
199899,8280,9999,,Tampa-St. Petersburg-Clearwater  FL MSA ,11573,11573,1170880,127,254,18745,77,276,12972,380,6756,459870,11572,11572,1170693,127,254,18745,77,276,12972,375,6727,457948
199899,8320,9999,,Terre Haute  IN MSA ,488,488,47778,7,14,626,0,0,0,0,0,0,479,479,46971,5,10,476,0,0,0,0,0,0
199899,8360,9999,,Texarkana  TX-Texarkana  AR MSA ,155,155,11127,2,4,181,0,0,0,0,0,0,155,155,11127,2,4,181,0,0,0,0,0,0
199899,8400,9999,,Toledo  OH MSA ,1506,1506,191668,62,124,7479,21,80,6756,46,636,21559,1498,1498,190342,62,124,7479,21,80,6756,46,636,21559
199899,8440,9999,,Topeka  KS MSA ,543,543,74671,33,66,5148,6,23,1089,9,61,2279,507,507,69906,33,66,5148,6,23,1089,9,61,2279
199899,8520,9999,,Tucson  AZ MSA ,6512,6512,875088,39,78,5450,13,48,3177,86,902,44395,6510,6510,874958,37,74,5370,13,48,3177,86,902,44395
199899,8560,9999,,Tulsa  OK MSA ,3339,3339,372081,26,52,2652,5,19,839,119,1990,92699,3173,3173,356442,26,52,2327,5,19,839,106,1751,83508
199899,8600,9999,,Tuscaloosa  AL MSA ,552,552,62432,0,0,0,0,0,0,16,140,6085,552,552,62432,0,0,0,0,0,0,16,140,6085
199899,8640,9999,,Tyler  TX MSA ,440,440,65118,23,46,1050,2,8,400,6,67,3096,278,278,37339,23,46,1050,2,8,400,0,0,0
199899,8680,9999,,Utica-Rome  NY MSA ,361,361,35017,2,4,145,0,0,0,0,0,0,272,272,28191,2,4,145,0,0,0,0,0,0
199899,8750,9999,,Victoria  TX MSA ,212,212,19640,0,0,0,81,324,10734,0,0,0,212,212,19640,0,0,0,81,324,10734,0,0,0
199899,8780,9999,,Visalia-Tulare-Porterville  CA MSA ,1415,1415,139116,10,20,1139,11,41,1994,0,0,0,1384,1384,136885,10,20,1139,10,38,1858,0,0,0
199899,8800,9999,,Waco  TX MSA ,377,377,38445,17,34,1564,1,4,231,4,395,11632,379,379,39476,16,32,1470,1,4,231,3,373,10587
199899,8872,0720,,Baltimore  MD PMSA ,8213,8213,858146,12,24,1378,43,164,9286,298,2792,128379,8091,8091,850823,12,24,1378,43,164,9286,284,2708,125799
199899,8872,3180,,Hagerstown  MD PMSA ,638,638,66322,13,26,790,3,12,1800,0,0,0,635,635,66076,13,26,790,3,12,1800,0,0,0
199899,8872,8840,,Washington  DC-MD-VA-WV PMSA ,28808,28808,3264116,22,44,2683,13,48,3060,392,8703,373382,27921,27921,3161500,21,42,2618,3,12,674,347,8138,345180
199899,8920,9999,,Waterloo-Cedar Falls  IA MSA ,179,179,25463,2,4,382,7,28,835,12,167,3728,171,171,24997,2,4,382,7,28,835,12,167,3728
199899,8940,9999,,Wausau  WI MSA ,752,752,86659,24,48,3131,1,4,165,3,29,778,736,736,84507,24,48,3131,1,4,165,3,29,778
199899,8960,9999,,West Palm Beach-Boca Raton  FL MSA ,6387,6387,847245,10,20,2531,42,161,18073,144,3167,186590,6360,6360,845332,10,20,2531,42,161,18073,144,3167,186590
199899,9000,9999,,Wheeling  WV-OH MSA ,72,72,8200,1,2,200,3,11,521,0,0,0,69,69,8000,1,2,200,3,11,521,0,0,0
199899,9040,9999,,Wichita  KS MSA ,3026,3026,298916,78,156,9260,14,54,2517,76,1265,45204,2728,2728,274045,78,156,9260,14,54,2517,76,1265,45204
199899,9080,9999,,Wichita Falls  TX MSA ,169,169,17890,1,2,25,0,0,0,0,0,0,169,169,17890,1,2,25,0,0,0,0,0,0
199899,9140,9999,,Williamsport  PA MSA ,263,263,27069,0,0,0,5,20,1221,6,47,2211,188,188,19444,0,0,0,0,0,0,0,0,0
199899,9200,9999,,Wilmington  NC MSA ,3309,3309,374829,37,74,6713,11,44,2958,69,821,41151,3154,3154,361955,37,74,6713,11,44,2958,69,821,41151
199899,9260,9999,,Yakima  WA MSA ,391,391,43893,50,100,5840,24,87,4475,24,175,6492,391,391,43893,50,100,5840,24,87,4475,24,175,6492
199899,9280,9999,,York  PA MSA ,1849,1849,196757,30,60,3298,11,44,2236,9,129,5882,1629,1629,174141,21,42,2301,11,44,2236,9,129,5882
199899,9320,9999,,Youngstown-Warren  OH MSA ,1216,1216,140923,98,196,14249,74,288,20281,4,24,1340,1189,1189,138482,97,194,14099,74,288,20281,4,24,1340
199899,9340,9999,,Yuba City  CA MSA ,277,277,38941,6,12,1009,0,0,0,0,0,0,276,276,38868,6,12,1009,0,0,0,0,0,0
199899,9360,9999,,Yuma  AZ MSA ,896,896,70884,2,4,389,1,3,80,12,136,7485,896,896,70884,2,4,389,1,3,80,12,136,7485
199899,1122,9999,,Boston-Worcester-Lawrence  MA-NH-ME-CT CMSA ,15277,15277,2032188,225,450,34188,108,391,30884,110,1944,161913,13017,13017,1761241,204,408,31962,106,384,30428,80,1735,150679
199899,1602,9999,,Chicago-Gary-Kenosha  IL-IN-WI CMSA ,28538,28538,4171409,386,772,69096,463,1630,118819,529,7318,405142,28035,28035,4097423,380,760,68342,449,1580,115544,477,7064,396402
199899,1642,9999,,Cincinnati-Hamilton  OH-KY-IN CMSA ,9667,9667,1097752,81,162,9700,92,348,24213,183,1868,82769,9283,9283,1062800,79,158,9443,85,326,22794,148,1676,75196
199899,1692,9999,,Cleveland-Akron  OH CMSA ,8935,8935,1503840,197,394,34612,137,457,44983,132,1685,69714,8770,8770,1478193,197,394,34612,128,429,42794,132,1685,69714
199899,1922,9999,,Dallas-Fort Worth  TX CMSA ,32005,32005,4529053,110,220,14970,136,535,27107,1197,21766,1036147,30382,30382,4253630,100,200,13860,135,532,27007,1176,21526,1025368
199899,2082,9999,,Denver-Boulder-Greeley  CO CMSA ,20457,20457,2731361,176,352,28887,142,525,38910,761,9935,522763,20419,20419,2726231,176,352,28887,142,525,38910,761,9935,522763
199899,2162,9999,,Detroit-Ann Arbor-Flint  MI CMSA ,22944,22944,3018029,155,310,26924,144,536,47625,334,4849,294870,22255,22255,2957139,148,296,26390,137,515,46764,296,4636,287371
199899,3362,9999,,Houston-Galveston-Brazoria  TX CMSA ,25387,25387,3142589,55,110,5234,295,1178,49779,1288,20189,825032,24700,24700,3057631,54,108,5106,295,1178,49779,1288,20189,825032
199899,4472,9999,,Los Angeles-Riverside-Orange County  CA CMSA ,32897,32897,5947398,222,444,49077,188,657,63675,562,8884,564346,32269,32269,5851004,211,422,47491,175,617,59835,532,8709,549575
199899,4992,9999,,Miami-Fort Lauderdale  FL CMSA ,14112,14112,1643887,64,128,9056,270,1048,66014,474,8146,547353,10562,10562,1285707,59,118,8420,250,977,61774,397,7355,537139
199899,5082,9999,,Milwaukee-Racine  WI CMSA ,4514,4514,705888,254,508,49248,53,210,14558,218,2951,158813,4433,4433,694401,252,504,48903,52,207,14497,200,2836,154516
199899,5602,9999,,New York-Northern New Jersey-Long Island  NY-NJ-CT-PA CMSA ,33929,33929,4379859,1765,3530,218777,457,1466,93243,467,12770,671107,31763,31763,4070802,1726,3452,214563,435,1398,89146,425,12464,649481
199899,6162,9999,,Philadelphia-Wilmington-Atlantic City  PA-NJ-DE-MD CMSA ,19617,19617,2026475,240,480,23124,45,165,9602,268,3294,156435,18058,18058,1875523,228,456,21133,44,162,9541,228,3036,145528
199899,6442,9999,,Portland-Salem  OR-WA CMSA ,12950,12950,1644452,313,626,47120,160,591,39489,496,6090,361632,12749,12749,1621067,302,604,45319,158,584,39099,478,5947,356664
199899,6922,9999,,Sacramento-Yolo  CA CMSA ,10733,10733,1688651,37,74,6731,28,108,8597,266,3421,231325,10733,10733,1688651,37,74,6731,28,108,8597,266,3421,231325
199899,7362,9999,,San Francisco-Oakland-San Jose  CA CMSA ,17302,17302,3536272,225,450,54972,210,696,88794,511,10617,922169,16891,16891,3459483,220,440,54168,210,696,88794,510,10611,921744
199899,7602,9999,,Seattle-Tacoma-Bremerton  WA CMSA ,17144,17144,2295778,459,918,79514,378,1386,111143,767,11077,748977,15571,15571,2123756,431,862,76242,358,1322,103716,700,10543,712777
199899,8872,9999,,Washington-Baltimore  DC-MD-VA-WV CMSA ,37659,37659,4188584,47,94,4851,59,224,14146,690,11495,501761,36647,36647,4078399,46,92,4786,49,188,11760,631,10846,470979
