Survey,MSA/,PMSA,,MA,,1-unit,,,2-units,,,3-4 units,,,5+ units,,,1-unit rep,,,2-units rep,,,3-4 units rep,,,5+ units rep
Date,CMSA,,,Name,Bldgs,Units,Value,Bldgs,Units,Value,Bldgs,Units,Value,Bldgs,Units,Value,Bldgs,Units,Value,Bldgs,Units,Value,Bldgs,Units,Value,Bldgs,Units,Value

9799,0040,9999,,Abilene  TX MSA ,215,215,25825,0,0,0,1,3,125,0,0,0,215,215,25825,0,0,0,1,3,125,0,0,0
9799,0120,9999,,Albany  GA MSA ,783,783,61329,7,14,836,2,8,521,5,101,4288,783,783,61329,7,14,836,2,8,521,5,101,4288
9799,0160,9999,,Albany-Schenectady-Troy  NY MSA ,1802,1802,215434,34,68,3184,4,16,615,30,425,17871,1651,1651,201858,33,66,3059,4,16,615,29,410,16933
9799,0200,9999,,Albuquerque  NM MSA ,4430,4430,408323,5,10,339,19,69,3771,51,1588,71413,3218,3218,309042,5,10,339,19,69,3771,36,1512,69112
9799,0220,9999,,Alexandria  LA MSA ,315,315,30829,0,0,0,4,16,913,0,0,0,309,309,30413,0,0,0,4,16,913,0,0,0
9799,0240,9999,,Allentown-Bethlehem-Easton  PA MSA ,2067,2067,231043,16,32,2041,7,28,1127,15,238,9028,2011,2011,225578,16,32,2041,7,28,1127,13,213,8047
9799,0280,9999,,Altoona  PA MSA ,179,179,17884,4,8,140,1,3,140,0,0,0,146,146,15555,4,8,140,1,3,140,0,0,0
9799,0320,9999,,Amarillo  TX MSA ,438,438,53669,0,0,0,0,0,0,27,416,12200,404,404,49899,0,0,0,0,0,0,27,416,12200
9799,0380,9999,,Anchorage  AK MSA ,1041,1041,177632,53,106,13006,25,92,10559,18,162,14467,1041,1041,177632,53,106,13006,25,92,10559,18,162,14467
9799,0450,9999,,Anniston  AL MSA ,155,155,13803,2,4,160,1,3,75,12,70,3213,59,59,4763,2,4,160,1,3,75,0,0,0
9799,0460,9999,,Appleton-Oshkosh-Neenah  WI MSA ,1478,1478,184782,115,230,15297,11,41,2412,84,1046,35004,1455,1455,181653,113,226,15003,11,41,2412,84,1046,35004
9799,0480,9999,,Asheville  NC MSA ,1102,1102,135433,42,84,4524,30,105,6465,14,191,10552,1074,1074,131214,40,80,4191,30,105,6465,13,180,9800
9799,0500,9999,,Athens  GA MSA ,765,765,85604,36,72,2873,0,0,0,24,205,7866,765,765,85604,36,72,2873,0,0,0,24,205,7866
9799,0520,9999,,Atlanta  GA MSA ,38482,38482,3862027,93,186,10193,38,139,7685,469,10967,539004,38167,38167,3845138,93,186,10193,36,133,7685,468,10962,538830
9799,0600,9999,,Augusta-Aiken  GA-SC MSA ,2001,2001,174851,2,4,104,19,75,2364,6,33,808,2001,2001,174851,2,4,104,19,75,2364,6,33,808
9799,0640,9999,,Austin-San Marcos  TX MSA ,8456,8456,883012,104,208,13525,59,233,12509,271,4720,191069,8378,8378,878696,104,208,13525,59,233,12509,271,4720,191069
9799,0680,9999,,Bakersfield  CA MSA ,2397,2397,244715,6,12,484,20,71,3463,29,179,7202,2387,2387,243523,6,12,484,20,71,3463,29,179,7202
9799,0730,9999,,Bangor  ME MSA ,136,136,13010,0,0,0,0,0,0,0,0,0,125,125,12208,0,0,0,0,0,0,0,0,0
9799,0740,9999,,Barnstable-Yarmouth  MA MSA ,1304,1304,181608,4,8,962,5,18,1412,2,31,2279,1297,1297,180733,4,8,962,5,18,1412,2,31,2279
9799,0760,9999,,Baton Rouge  LA MSA ,2757,2757,234724,15,30,1291,15,60,2519,14,163,8657,2628,2628,224624,15,30,1291,15,60,2519,7,97,5350
9799,0840,9999,,Beaumont-Port Arthur  TX MSA ,603,603,62239,2,4,129,0,0,0,1,8,240,603,603,62239,2,4,129,0,0,0,1,8,240
9799,0860,9999,,Bellingham  WA MSA ,907,907,115055,35,70,7463,23,85,5678,33,458,25040,668,668,88719,35,70,7463,22,82,5254,27,398,21583
9799,0870,9999,,Benton Harbor  MI MSA ,461,461,62639,3,6,476,0,0,0,7,80,4546,368,368,52748,3,6,476,0,0,0,7,80,4546
9799,0880,9999,,Billings  MT MSA ,352,352,39590,15,30,2273,3,10,717,5,95,6416,352,352,39590,15,30,2273,3,10,717,5,95,6416
9799,0920,9999,,Biloxi-Gulfport-Pascagoula  MS MSA ,1644,1644,117202,18,36,1425,21,71,1523,4,116,4520,1565,1565,110484,18,36,1425,21,71,1523,4,116,4520
9799,0960,9999,,Binghamton  NY MSA ,164,164,16001,2,4,280,0,0,0,2,30,1771,157,157,15364,2,4,280,0,0,0,2,30,1771
9799,1000,9999,,Birmingham  AL MSA ,4333,4333,528651,5,10,338,6,19,273,65,696,26968,3593,3593,457633,5,10,338,1,4,100,53,634,25564
9799,1010,9999,,Bismarck  ND MSA ,322,322,36750,7,14,1261,4,16,1035,16,429,19598,321,321,36650,7,14,1261,4,16,1035,16,429,19598
9799,1020,9999,,Bloomington  IN MSA ,449,449,53152,27,54,3294,3,11,618,0,0,0,449,449,53152,27,54,3294,3,11,618,0,0,0
9799,1040,9999,,Bloomington-Normal  IL MSA ,769,769,70784,12,24,1216,9,35,1473,13,210,4580,752,752,69368,10,20,1062,9,35,1473,12,205,4420
9799,1080,9999,,Boise City  ID MSA ,4538,4538,524108,22,44,2628,23,92,3808,32,500,22729,4537,4537,524049,22,44,2628,23,92,3808,32,500,22729
9799,1122,1120,,Boston  MA-NH PMSA ,6128,6128,906068,140,280,20845,39,141,14417,55,955,69999,5486,5486,817317,132,264,19778,39,141,14417,37,852,63724
9799,1122,1200,,Brockton  MA PMSA ,733,733,80992,4,8,495,1,3,180,1,8,250,731,731,80792,4,8,495,1,3,180,1,8,250
9799,1122,2600,,Fitchburg-Leominster  MA PMSA ,365,365,35205,2,4,260,0,0,0,0,0,0,305,305,30203,2,4,260,0,0,0,0,0,0
9799,1122,4160,,Lawrence  MA-NH PMSA ,1396,1396,178080,4,8,497,9,36,2288,0,0,0,1111,1111,142813,4,8,497,9,36,2288,0,0,0
9799,1122,4560,,Lowell  MA-NH PMSA ,948,948,103271,3,6,226,2,8,474,2,10,441,765,765,86810,3,6,226,2,8,474,0,0,0
9799,1122,4760,,Manchester  NH PMSA ,765,765,88668,12,24,1406,8,31,2095,22,361,18240,765,765,88668,12,24,1406,8,31,2095,22,361,18240
9799,1122,5350,,Nashua  NH PMSA ,715,715,82353,3,6,375,2,8,320,1,24,850,665,665,74822,3,6,375,2,8,320,1,24,850
9799,1122,5400,,New Bedford  MA PMSA ,453,453,48048,8,16,1561,0,0,0,0,0,0,300,300,31009,8,16,1561,0,0,0,0,0,0
9799,1122,6450,,Portsmouth-Rochester  NH-ME PMSA ,945,945,123230,9,18,983,6,22,1358,8,75,3850,824,824,106830,9,18,983,6,22,1358,8,75,3850
9799,1122,9240,,Worcester  MA-CT PMSA ,1744,1744,201628,6,12,585,4,12,480,1,110,5351,1637,1637,190558,6,12,585,4,12,480,1,110,5351
9799,1240,9999,,Brownsville-Harlingen-San Benito  TX MSA ,1602,1602,102691,29,58,2062,11,40,1682,21,257,9996,1543,1543,100995,29,58,2062,11,40,1682,21,257,9996
9799,1260,9999,,Bryan-College Station  TX MSA ,757,757,63241,39,78,3783,0,0,0,26,260,11635,757,757,63241,39,78,3783,0,0,0,26,260,11635
9799,1280,9999,,Buffalo-Niagara Falls  NY MSA ,1661,1661,204487,16,32,2875,8,32,2003,64,1016,54023,1572,1572,198811,16,32,2875,8,32,2003,51,797,49330
9799,1305,9999,,Burlington  VT MSA ,440,440,53853,12,24,1264,3,9,534,9,54,3142,413,413,51338,12,24,1264,3,9,534,9,54,3142
9799,1320,9999,,Canton-Massillon  OH MSA ,1039,1039,140684,54,108,8336,16,58,4256,11,146,7793,1036,1036,140324,54,108,8336,16,58,4256,11,146,7793
9799,1350,9999,,Casper  WY MSA ,53,53,5483,1,2,340,0,0,0,0,0,0,53,53,5483,1,2,340,0,0,0,0,0,0
9799,1360,9999,,Cedar Rapids  IA MSA ,700,700,66714,20,40,3337,16,62,3515,25,257,9410,676,676,65115,20,40,3337,16,62,3515,25,257,9410
9799,1400,9999,,Champaign-Urbana  IL MSA ,497,497,57488,22,44,2781,7,28,1917,50,828,37396,427,427,51204,18,36,2361,2,8,810,50,828,37396
9799,1440,9999,,Charleston-North Charleston  SC MSA ,2969,2969,385705,3,6,215,2,6,378,16,369,21167,2964,2964,385350,3,6,215,2,6,378,16,369,21167
9799,1480,9999,,Charleston  WV MSA ,352,352,39881,5,10,507,8,31,1258,16,205,9323,348,348,39691,5,10,507,8,31,1258,16,205,9323
9799,1520,9999,,Charlotte-Gastonia-Rock Hill  NC-SC MSA ,13080,13080,1440718,60,120,6345,43,154,9752,434,4860,216696,13080,13080,1440718,60,120,6345,43,154,9752,434,4860,216696
9799,1540,9999,,Charlottesville  VA MSA ,1007,1007,129259,30,60,4652,5,18,1174,15,249,8914,791,791,108589,27,54,4254,3,12,767,14,237,8329
9799,1560,9999,,Chattanooga  TN-GA MSA ,2265,2265,237115,53,106,4561,8,32,657,40,539,27564,2196,2196,230787,49,98,4170,7,28,445,37,520,27408
9799,1580,9999,,Cheyenne  WY MSA ,254,254,27341,3,6,141,5,17,803,16,198,9257,189,189,21417,0,0,0,1,4,212,13,171,8236
9799,1602,1600,,Chicago  IL PMSA ,22398,22398,3158325,334,668,56930,437,1568,114399,495,6614,431600,21908,21908,3086709,320,640,55247,423,1523,111833,469,6224,406957
9799,1602,2960,,Gary  IN PMSA ,2184,2184,299491,81,162,14909,48,181,12965,25,320,19655,2152,2152,295072,81,162,14909,48,181,12965,25,320,19655
9799,1602,3740,,Kankakee  IL PMSA ,290,290,35937,16,32,2680,21,84,5319,13,101,4030,280,280,34784,16,32,2680,21,84,5319,13,101,4030
9799,1602,3800,,Kenosha  WI PMSA ,510,510,63507,20,40,2694,5,19,1325,15,207,10373,504,504,62718,20,40,2694,5,19,1325,15,207,10373
9799,1620,9999,,Chico-Paradise  CA MSA ,626,626,68939,4,8,570,2,8,559,1,6,486,626,626,68939,4,8,570,2,8,559,1,6,486
9799,1642,1640,,Cincinnati  OH-KY-IN PMSA ,6867,6867,760845,123,246,14077,94,370,21425,201,2086,85232,6640,6640,744449,122,244,13948,93,367,21308,181,1966,81621
9799,1642,3200,,Hamilton-Middletown  OH PMSA ,1772,1772,199009,26,52,2908,50,182,8086,61,448,15437,1565,1565,176886,12,24,1526,43,161,6914,49,388,12957
9799,1660,9999,,Clarksville-Hopkinsville  TN-KY MSA ,1447,1447,92348,12,24,801,35,139,3778,31,209,5510,1447,1447,92348,12,24,801,35,139,3778,31,209,5510
9799,1692,0080,,Akron  OH PMSA ,2347,2347,362291,55,110,8259,59,213,15852,88,1037,36119,2340,2340,361674,55,110,8259,59,213,15852,88,1037,36119
9799,1692,1680,,Cleveland-Lorain-Elyria  OH PMSA ,5733,5733,928047,119,238,19954,51,173,13440,67,712,38258,5532,5532,897902,117,234,19639,42,146,11325,63,680,37128
9799,1720,9999,,Colorado Springs  CO MSA ,3797,3797,400799,13,26,1709,0,0,0,54,972,31683,3797,3797,400799,13,26,1709,0,0,0,54,972,31683
9799,1740,9999,,Columbia  MO MSA ,856,856,92037,275,550,27416,4,13,595,16,137,5129,705,705,73700,174,348,17586,4,13,595,8,55,2323
9799,1760,9999,,Columbia  SC MSA ,3393,3393,268358,10,20,633,1,4,114,89,1260,40940,3379,3379,268276,10,20,633,1,4,114,89,1260,40940
9799,1800,9999,,Columbus  GA-AL MSA ,1055,1055,103449,5,10,446,8,32,1222,45,606,22265,1055,1055,103449,5,10,446,8,32,1222,45,606,22265
9799,1840,9999,,Columbus  OH MSA ,6483,6483,845789,128,256,15454,300,1168,39664,199,2277,61771,3476,3476,513751,41,82,5797,76,290,21071,3,26,1050
9799,1880,9999,,Corpus Christi  TX MSA ,1101,1101,104417,11,22,1091,15,53,2608,35,686,28267,1059,1059,100911,11,22,1091,15,53,2608,35,686,28267
9799,1900,9999,,Cumberland  MD-WV MSA ,250,250,20031,1,2,200,3,9,529,2,11,200,248,248,19725,1,2,200,0,0,0,2,11,200
9799,1922,1920,,Dallas  TX PMSA ,19434,19434,2826711,47,94,5554,74,291,15740,680,13660,577303,19328,19328,2815947,45,90,5402,73,288,15680,678,13648,576999
9799,1922,2800,,Fort Worth-Arlington  TX PMSA ,7127,7127,871099,29,58,2817,1,4,147,140,3621,188717,6210,6210,703405,26,52,2457,1,4,147,137,3599,188158
9799,1950,9999,,Danville  VA MSA ,308,308,30745,0,0,0,2,8,150,1,6,221,308,308,30745,0,0,0,2,8,150,1,6,221
9799,1960,9999,,Davenport-Moline-Rock Island  IA-IL MSA ,774,774,91247,11,22,1792,8,29,2720,45,659,24726,757,757,89481,11,22,1792,8,29,2720,40,529,21395
9799,2000,9999,,Dayton-Springfield  OH MSA ,1970,1970,239750,49,98,8089,79,299,21811,109,1213,42725,1921,1921,233162,49,98,8089,79,299,21811,103,1011,37609
9799,2020,9999,,Daytona Beach  FL MSA ,3351,3351,290872,16,32,1897,15,57,2154,6,111,12485,3349,3349,290732,16,32,1897,15,57,2154,6,111,12485
9799,2030,9999,,Decatur  Al MSA ,337,337,31685,1,2,60,7,28,1231,5,30,636,300,300,29013,1,2,60,7,28,1231,3,20,490
9799,2040,9999,,Decatur  IL MSA ,199,199,28876,11,22,1807,7,25,1565,11,132,5555,185,185,27247,11,22,1807,7,25,1565,11,132,5555
9799,2082,1125,,Boulder-Longmont  CO PMSA ,2373,2373,288416,14,28,1989,8,32,1829,80,826,42400,2373,2373,288416,14,28,1989,8,32,1829,80,826,42400
9799,2082,2080,,Denver  CO PMSA ,13406,13406,1723179,121,242,21988,49,171,12420,359,5579,263217,13169,13169,1695788,121,242,21988,49,171,12420,359,5579,263217
9799,2082,3060,,Greeley  CO PMSA ,1773,1773,200410,33,66,4602,9,35,2219,17,243,10269,1674,1674,190735,33,66,4602,9,35,2219,14,227,9483
9799,2120,9999,,Des Moines  IA MSA ,2027,2027,263716,28,56,4716,5,19,1651,12,257,15900,2014,2014,262031,28,56,4716,4,16,1409,12,257,15900
9799,2162,0440,,Ann Arbor  MI PMSA ,3933,3933,466813,31,62,4653,38,137,10124,55,633,25412,3845,3845,461070,31,62,4653,37,134,10087,52,618,24835
9799,2162,2160,,Detroit  MI PMSA ,15166,15166,1970895,152,304,23836,154,575,40483,166,2119,111515,14704,14704,1929641,145,290,23224,149,560,39566,136,1942,105263
9799,2162,2640,,Flint  MI PMSA ,1437,1437,186205,41,82,8374,14,51,3803,29,384,20454,1293,1293,174346,40,80,8029,14,51,3803,29,384,20454
9799,2180,9999,,Dothan  AL MSA ,365,365,25752,3,6,229,2,6,0,9,69,1625,331,331,23399,2,4,160,0,0,0,9,69,1625
9799,2190,9999,,Dover  DE MSA ,626,626,52044,3,6,356,0,0,0,0,0,0,626,626,52044,3,6,356,0,0,0,0,0,0
9799,2200,9999,,Dubuque  IA MSA ,219,219,26542,3,6,315,1,3,129,4,75,3570,219,219,26542,3,6,315,1,3,129,4,75,3570
9799,2240,9999,,Duluth-Superior  MN-WI MSA ,558,558,49983,5,10,445,4,14,744,8,82,4434,549,549,49246,5,10,445,4,14,744,8,82,4434
9799,2290,9999,,Eau Claire  WI MSA ,680,680,72827,64,128,7401,43,170,9509,13,100,4437,674,674,72412,64,128,7401,43,170,9509,13,100,4437
9799,2320,9999,,El Paso  TX MSA ,2316,2316,115006,21,42,1539,11,36,1401,13,319,12268,2168,2168,106953,18,36,1320,11,36,1401,8,238,9884
9799,2330,9999,,Elkhart-Goshen  IN MSA ,875,875,92496,9,18,1649,8,28,1980,6,165,5111,875,875,92496,9,18,1649,8,28,1980,6,165,5111
9799,2335,9999,,Elmira  NY MSA ,83,83,11307,0,0,0,3,12,420,1,19,448,80,80,11066,0,0,0,3,12,420,0,0,0
9799,2340,9999,,Enid  OK MSA ,84,84,11111,2,4,230,1,3,210,0,0,0,84,84,11111,2,4,230,1,3,210,0,0,0
9799,2360,9999,,Erie  PA MSA ,616,616,67060,16,32,1380,15,58,3630,15,93,3971,557,557,60268,10,20,1045,14,54,3430,15,93,3971
9799,2400,9999,,Eugene-Springfield  OR MSA ,1296,1296,172529,171,342,26425,49,164,10505,55,793,43569,1294,1294,172312,171,342,26425,49,164,10505,55,793,43569
9799,2440,9999,,Evansville-Henderson  IN-KY MSA ,1228,1228,129659,12,24,2196,3,11,490,9,63,1894,1226,1226,129569,12,24,2196,3,11,490,9,63,1894
9799,2520,9999,,Fargo-Moorhead  ND-MN MSA ,484,484,53668,38,76,4175,6,23,1531,29,727,30052,481,481,53342,38,76,4175,6,23,1531,29,727,30052
9799,2560,9999,,Fayetteville  NC MSA ,1006,1006,81404,6,12,482,5,19,832,34,471,19976,1006,1006,81404,6,12,482,5,19,832,34,471,19976
9799,2580,9999,,Fayetteville-Springdale-Rogers  AR MSA ,1907,1907,152610,84,168,8319,20,75,2810,41,548,15637,1793,1793,143879,66,132,6908,20,75,2810,40,543,15502
9799,2620,9999,,Flagstaff  AZ-UT MSA ,691,691,82298,8,16,906,2,7,423,12,106,4768,691,691,82298,8,16,906,2,7,423,12,106,4768
9799,2650,9999,,Florence  AL MSA ,251,251,21488,3,6,221,12,45,1442,4,40,1058,147,147,14015,2,4,155,2,8,205,3,32,858
9799,2655,9999,,Florence  SC MSA ,581,581,51693,11,22,528,2,6,182,18,113,4984,71,71,7067,4,8,230,0,0,0,0,0,0
9799,2670,9999,,Fort Collins-Loveland  CO MSA ,2293,2293,264700,3,6,614,49,173,10323,38,305,16179,2293,2293,264700,3,6,614,49,173,10323,38,305,16179
9799,2700,9999,,Fort Myers-Cape Coral  FL MSA ,3534,3534,389321,105,210,18566,132,472,56887,125,1677,144742,3534,3534,389321,105,210,18566,132,472,56887,125,1677,144742
9799,2710,9999,,Fort Pierce-Port St. Lucie  FL MSA ,2285,2285,313763,81,162,18914,5,17,2207,49,612,26350,2210,2210,306968,79,158,18642,5,17,2207,47,598,25652
9799,2720,9999,,Fort Smith  AR-OK MSA ,614,614,53814,42,84,4186,3,11,253,9,94,1504,542,542,49853,40,80,3986,3,11,253,9,94,1504
9799,2750,9999,,Fort Walton Beach  FL MSA ,1496,1496,133047,3,6,220,3,10,335,39,559,29937,1496,1496,133047,3,6,220,3,10,335,39,559,29937
9799,2760,9999,,Fort Wayne  IN MSA ,2268,2268,311835,27,54,4431,11,43,3107,44,613,18795,2142,2142,297336,27,54,4431,11,43,3107,44,613,18795
9799,2840,9999,,Fresno  CA MSA ,2968,2968,324127,19,38,2610,25,87,4378,22,188,12264,2920,2920,322438,19,38,2610,25,87,4378,22,188,12264
9799,2880,9999,,Gadsden  AL MSA ,173,173,14030,0,0,0,1,3,30,5,53,1380,171,171,14010,0,0,0,1,3,30,5,53,1380
9799,2900,9999,,Gainesville  FL MSA ,1059,1059,95816,16,32,750,14,56,1842,54,518,21337,1059,1059,95816,16,32,750,14,56,1842,54,518,21337
9799,2975,9999,,Glens Falls  NY MSA ,366,366,41423,0,0,0,1,4,150,5,42,1853,332,332,38769,0,0,0,1,4,150,5,42,1853
9799,2980,9999,,Goldsboro  NC MSA ,429,429,45159,8,16,430,1,4,120,2,10,2041,429,429,45159,8,16,430,1,4,120,2,10,2041
9799,2985,9999,,Grand Forks  ND-MN MSA ,415,415,31590,6,12,864,0,0,0,4,135,6821,412,412,31459,6,12,864,0,0,0,4,135,6821
9799,2995,9999,,Grand Junction  CO MSA ,965,965,83077,25,50,2363,4,15,886,2,84,3757,965,965,83077,25,50,2363,4,15,886,2,84,3757
9799,3000,9999,,Grand Rapids-Muskegon-Holland  MI MSA ,5244,5244,620941,116,232,16463,76,282,21254,80,1393,61098,4532,4532,556824,107,214,15477,71,267,20113,77,1378,60595
9799,3040,9999,,Great Falls  MT MSA ,110,110,13170,0,0,0,1,3,121,8,52,2490,27,27,3716,0,0,0,1,3,121,4,32,1379
9799,3080,9999,,Green Bay  WI MSA ,933,933,122026,88,176,14380,6,20,1278,32,374,13836,854,854,111373,81,162,13308,3,9,900,29,326,12205
9799,3120,9999,,Greensboro--Winston-Salem--High Point  NC MSA ,7410,7410,734570,66,132,5561,20,66,3268,145,2097,86144,7410,7410,734570,66,132,5561,20,66,3268,145,2097,86144
9799,3150,9999,,Greenville  NC MSA ,851,851,72892,8,16,1023,0,0,0,50,546,16362,851,851,72892,8,16,1023,0,0,0,50,546,16362
9799,3160,9999,,Greenville-Spartanburg-Anderson  SC MSA ,5433,5433,477981,182,364,18009,12,41,1741,72,1039,43221,5158,5158,455786,183,366,18242,10,35,1552,76,1071,44624
9799,3240,9999,,Harrisburg-Lebanon-Carlisle  PA MSA ,2463,2463,231862,11,22,1081,23,87,3554,90,788,29730,2415,2415,228139,11,22,1081,21,81,3374,90,788,29730
9799,3280,9999,,Hartford  CT MSA ,2911,2911,319835,21,42,2647,1,3,150,33,499,20925,2875,2875,316861,21,42,2647,1,3,150,33,499,20925
9799,3285,9999,,Hattiesburg  MS MSA ,103,103,9484,0,0,0,1,4,75,3,38,902,93,93,8692,0,0,0,1,4,75,2,30,641
9799,3290,9999,,Hickory-Morganton-Lenoir  NC MSA ,1563,1563,169349,53,106,4816,9,35,3535,21,167,5754,1563,1563,169349,53,106,4816,9,35,3535,21,167,5754
9799,3320,9999,,Honolulu  HI MSA ,1141,1141,174930,19,38,5389,6,23,1795,20,833,120621,1141,1141,174930,19,38,5389,6,23,1795,20,833,120621
9799,3350,9999,,Houma  LA MSA ,746,746,65106,4,8,251,2,6,150,4,80,2250,737,737,64840,4,8,251,2,6,150,4,80,2250
9799,3362,1145,,Brazoria  TX PMSA ,1778,1778,178831,1,2,102,0,0,0,0,0,0,1744,1744,176125,1,2,102,0,0,0,0,0,0
9799,3362,2920,,Galveston-Texas City  TX PMSA ,1112,1112,139107,1,2,18,1,4,62,18,332,5744,1105,1105,138203,1,2,18,1,4,62,18,332,5744
9799,3362,3360,,Houston  TX PMSA ,17936,17936,2084380,37,74,2567,43,160,3622,642,10933,432743,17903,17903,2075889,37,74,2567,43,160,3622,642,10933,432743
9799,3400,9999,,Huntington-Ashland  WV-KY-OH MSA ,205,205,14360,4,8,186,2,6,169,7,43,1353,170,170,10572,3,6,110,1,3,80,2,17,523
9799,3440,9999,,Huntsville  AL MSA ,1176,1176,68165,2,4,150,3,11,75,26,424,18852,1174,1174,67969,2,4,150,3,11,75,26,424,18852
9799,3480,9999,,Indianapolis  IN MSA ,10669,10669,1429128,154,308,20891,28,103,6131,158,2188,88849,9605,9605,1309013,134,268,18582,21,80,4921,133,1997,82309
9799,3500,9999,,Iowa City  IA MSA ,432,432,59428,16,32,2958,24,92,7397,15,192,8651,432,432,59428,16,32,2958,24,92,7397,15,192,8651
9799,3520,9999,,Jackson  MI MSA ,575,575,59408,0,0,0,4,16,914,3,104,525,493,493,50656,0,0,0,2,8,576,3,104,525
9799,3560,9999,,Jackson  MS MSA ,2344,2344,213742,2,4,290,15,46,1385,21,329,12322,2344,2344,213742,2,4,290,15,46,1385,21,329,12322
9799,3580,9999,,Jackson  TN MSA ,699,699,59233,12,24,841,1,4,85,0,0,0,699,699,59233,12,24,841,1,4,85,0,0,0
9799,3600,9999,,Jacksonville  FL MSA ,6965,6965,842030,31,62,4657,4,15,1355,98,1518,57472,6965,6965,842030,31,62,4657,4,15,1355,98,1518,57472
9799,3605,9999,,Jacksonville  NC MSA ,666,666,53774,20,40,1800,16,64,2403,8,56,2355,572,572,44129,10,20,708,16,64,2403,8,56,2355
9799,3610,9999,,Jamestown  NY MSA ,190,190,18697,7,14,1400,4,13,1076,0,0,0,134,134,14505,0,0,0,3,10,826,0,0,0
9799,3620,9999,,Janesville-Beloit  WI MSA ,514,514,56420,40,80,5620,7,23,1475,20,174,6318,502,502,55378,40,80,5620,1,3,275,13,139,5093
9799,3660,9999,,Johnson City-Kingsport-Bristol  TN-VA MSA ,1559,1559,140422,14,28,1208,13,48,1869,34,242,7503,1471,1471,132802,14,28,1208,13,48,1869,32,231,7145
9799,3680,9999,,Johnstown  PA MSA ,379,379,33123,7,14,890,2,6,93,1,5,120,321,321,29050,7,14,890,2,6,93,1,5,120
9799,3700,9999,,Jonesboro  AR MSA ,379,379,37446,9,18,805,7,28,982,16,272,10732,378,378,37421,9,18,805,7,28,982,16,272,10732
9799,3710,9999,,Joplin  MO MSA ,443,443,37788,23,46,2551,6,22,877,0,0,0,453,453,39287,23,46,2551,6,22,877,0,0,0
9799,3720,9999,,Kalamazoo-Battle Creek  MI MSA ,1632,1632,195269,30,60,4954,24,81,6478,36,448,20960,1100,1100,145199,29,58,4822,23,78,6301,34,438,20618
9799,3760,9999,,Kansas City  MO-KS MSA ,9391,9391,1151635,429,858,52243,92,347,21143,166,2911,134999,9294,9294,1141711,426,852,51909,90,341,20938,164,2901,134708
9799,3810,9999,,Killeen-Temple  TX MSA ,1172,1172,103742,54,108,4780,60,239,9624,26,312,13095,1121,1121,99394,54,108,4780,60,239,9624,26,312,13095
9799,3840,9999,,Knoxville  TN MSA ,3274,3274,284960,42,84,4027,13,49,2410,62,1012,35950,3293,3293,288167,42,84,4027,13,49,2410,62,1012,35950
9799,3850,9999,,Kokomo  IN MSA ,353,353,40370,44,88,7790,0,0,0,8,80,3008,347,347,39945,44,88,7790,0,0,0,8,80,3008
9799,3870,9999,,La Crosse  WI-MN MSA ,490,490,56517,72,144,8995,6,22,935,9,137,4704,483,483,56010,72,144,8995,6,22,935,9,137,4704
9799,3880,9999,,Lafayette  LA MSA ,1555,1555,144326,1,2,129,0,0,0,6,193,10732,1503,1503,140802,1,2,129,0,0,0,6,193,10732
9799,3920,9999,,Lafayette  IN MSA ,779,779,93344,102,204,10680,8,32,1643,45,507,18406,779,779,93344,102,204,10680,8,32,1643,45,507,18406
9799,3960,9999,,Lake Charles  LA MSA ,676,676,68313,28,56,2242,2,7,237,10,255,6437,656,656,66497,20,40,1757,2,7,237,4,187,4777
9799,3980,9999,,Lakeland-Winter Haven  FL MSA ,2645,2645,188727,16,32,2036,0,0,0,33,685,25260,2644,2644,188666,16,32,2036,0,0,0,33,685,25260
9799,4000,9999,,Lancaster  PA MSA ,1679,1679,181778,17,34,1808,19,71,5338,16,243,15893,1573,1573,174111,17,34,1808,18,68,5338,16,243,15893
9799,4040,9999,,Lansing-East Lansing  MI MSA ,1431,1431,173154,22,44,2542,3,12,954,34,498,20838,1348,1348,164428,20,40,2273,3,12,954,34,498,20838
9799,4080,9999,,Laredo  TX MSA ,1198,1198,61788,7,14,218,11,44,1007,16,196,7679,1198,1198,61788,7,14,218,11,44,1007,16,196,7679
9799,4100,9999,,Las Cruces  NM MSA ,673,673,67628,6,12,612,4,14,372,3,41,1038,600,600,61293,4,8,452,2,7,231,1,28,700
9799,4120,9999,,Las Vegas  NV-AZ MSA ,20555,20555,1924326,53,106,6683,254,960,56256,843,9255,392530,20550,20550,1923817,53,106,6683,254,960,56256,843,9255,392530
9799,4150,9999,,Lawrence  KS MSA ,500,500,54581,37,74,5043,11,34,1491,7,55,2147,462,462,50891,34,68,4719,11,34,1491,7,55,2147
9799,4200,9999,,Lawton  OK MSA ,111,111,12728,4,8,355,0,0,0,1,5,100,111,111,12728,4,8,355,0,0,0,1,5,100
9799,4240,9999,,Lewiston-Auburn  ME MSA ,142,142,12987,2,4,260,0,0,0,0,0,0,120,120,10957,2,4,260,0,0,0,0,0,0
9799,4280,9999,,Lexington  KY MSA ,2880,2880,271775,169,338,14311,34,123,4279,43,513,20839,2876,2876,271400,169,338,14311,33,120,4207,43,513,20839
9799,4320,9999,,Lima  OH MSA ,351,351,43595,20,40,3268,1,4,213,24,282,7454,268,268,32304,14,28,2567,0,0,0,24,282,7454
9799,4360,9999,,Lincoln  NE MSA ,1095,1095,129974,40,80,3653,12,46,1856,67,1015,33321,860,860,101771,27,54,2227,11,43,1768,56,713,23928
9799,4400,9999,,Little Rock-North Little Rock  AR MSA ,1921,1921,226730,31,62,2737,11,42,2278,118,1432,50485,1912,1912,226254,31,62,2737,11,42,2278,118,1432,50485
9799,4420,9999,,Longview-Marshall  TX MSA ,263,263,27399,6,12,520,0,0,0,1,208,7500,239,239,25812,6,12,520,0,0,0,1,208,7500
9799,4472,4480,,Los Angeles-Long Beach  CA PMSA ,6353,6353,1167906,145,290,30207,59,208,18161,188,2978,265261,6024,6024,1099419,130,260,27985,46,169,14770,136,2682,241850
9799,4472,5945,,Orange County  CA PMSA ,8206,8206,1558857,43,86,8368,96,312,27801,223,3657,227987,8173,8173,1552869,43,86,8368,96,312,27801,222,3649,227300
9799,4472,6780,,Riverside-San Bernardino  CA PMSA ,13871,13871,2066390,5,10,919,26,97,6740,97,1217,72277,13656,13656,2039201,2,4,346,24,91,6104,95,1207,71651
9799,4472,8735,,Ventura  CA PMSA ,2097,2097,458418,23,46,6751,49,161,20967,3,25,1602,2012,2012,439399,21,42,6124,49,161,20967,3,25,1602
9799,4520,9999,,Louisville  KY-IN MSA ,4882,4882,560500,37,74,4304,12,45,2038,86,777,26095,4378,4378,510272,31,62,3708,8,31,1588,67,647,21869
9799,4600,9999,,Lubbock  TX MSA ,662,662,69390,46,92,3761,60,232,10031,21,295,15128,470,470,52409,45,90,3651,59,229,9830,16,230,12441
9799,4640,9999,,Lynchburg  VA MSA ,1047,1047,116100,29,58,3654,9,34,2213,3,16,557,929,929,103073,16,32,2079,8,31,2213,3,16,557
9799,4680,9999,,Macon  GA MSA ,1542,1542,130777,2,4,75,15,54,1277,51,485,14362,1542,1542,130777,2,4,75,15,54,1277,51,485,14362
9799,4720,9999,,Madison  WI MSA ,1490,1490,218350,115,230,20790,78,296,21526,52,979,48731,1486,1486,218030,114,228,20699,74,284,21226,52,979,48731
9799,4800,9999,,Mansfield  OH MSA ,539,539,54133,52,104,4641,17,68,3870,9,78,3475,530,530,53554,52,104,4641,17,68,3870,9,78,3475
9799,4880,9999,,McAllen-Edinburg-Mission  TX MSA ,4132,4132,181304,76,152,3952,130,498,12699,68,471,12327,1345,1345,75963,14,28,696,37,140,3648,6,41,844
9799,4890,9999,,Medford-Ashland  OR MSA ,983,983,106388,24,48,3279,15,53,3390,2,87,3100,939,939,101561,23,46,3127,14,50,3169,2,87,3100
9799,4900,9999,,Melbourne-Titusville-Palm Bay  FL MSA ,2984,2984,329726,17,34,2526,13,48,5278,18,298,40503,2743,2743,307250,17,34,2526,13,48,5278,18,298,40503
9799,4920,9999,,Memphis  TN-AR-MS MSA ,6435,6435,794468,24,48,2391,3,10,671,139,1536,67590,5998,5998,762635,24,48,2391,3,10,671,129,1477,65046
9799,4940,9999,,Merced  CA MSA ,897,897,100210,0,0,0,1,4,124,15,180,785,897,897,100210,0,0,0,1,4,124,15,180,785
9799,4992,2680,,Fort Lauderdale  FL PMSA ,7494,7494,893264,10,20,1355,32,115,7696,324,5352,374830,7488,7488,892427,10,20,1355,32,115,7696,319,5298,372763
9799,4992,5000,,Miami  FL PMSA ,5150,5150,534954,73,146,11069,41,162,8975,184,4284,262364,5164,5164,545917,73,146,11069,41,162,8975,187,4474,312348
9799,5082,5080,,Milwaukee-Waukesha  WI PMSA ,3351,3351,512016,241,482,43484,47,185,13793,165,2411,124697,3318,3318,507673,241,482,43484,47,185,13793,165,2411,124697
9799,5082,6600,,Racine  WI PMSA ,670,670,86762,43,86,7931,8,30,2457,27,178,10169,652,652,84735,43,86,7931,7,27,2396,10,86,6988
9799,5120,9999,,Minneapolis-St. Paul  MN-WI MSA ,13640,13640,1806792,170,340,33151,165,626,50145,155,2058,162518,13458,13458,1783619,170,340,33151,151,582,48891,144,2002,161118
9799,5160,9999,,Mobile  AL MSA ,3403,3403,356728,46,92,7500,10,37,1657,64,1126,66573,3386,3386,355054,46,92,7500,10,37,1657,64,1126,66573
9799,5170,9999,,Modesto  CA MSA ,1370,1370,153718,3,6,454,0,0,0,9,66,3481,1370,1370,153718,3,6,454,0,0,0,7,56,3024
9799,5200,9999,,Monroe  LA MSA ,458,458,52224,3,6,131,6,20,435,4,68,3087,365,365,42483,1,2,35,2,6,185,4,68,3087
9799,5240,9999,,Montgomery  AL MSA ,1132,1132,94966,3,6,271,15,60,1846,1,8,300,1139,1139,95547,3,6,271,15,60,1846,1,8,300
9799,5280,9999,,Muncie  IN MSA ,267,267,33452,3,6,614,4,16,1035,0,0,0,203,203,23227,3,6,614,4,16,1035,0,0,0
9799,5330,9999,,Myrtle Beach  SC MSA ,2122,2122,195415,14,28,1832,47,183,10994,147,2187,126108,2122,2122,195415,14,28,1832,47,183,10994,147,2187,126108
9799,5345,9999,,Naples  FL MSA ,2811,2811,362363,16,32,2614,122,485,42265,204,2836,224938,2811,2811,362363,16,32,2614,122,485,42265,204,2836,224938
9799,5360,9999,,Nashville  TN MSA ,9297,9297,1017182,120,240,17270,15,58,3373,143,2798,179906,8133,8133,882566,79,158,12549,15,58,3373,80,1385,82533
9799,5520,9999,,New London-Norwich  CT-RI MSA ,817,817,79997,3,6,193,1,4,216,2,57,750,767,767,76380,3,6,193,1,4,216,1,52,600
9799,5560,9999,,New Orleans  LA MSA ,3597,3597,367366,56,112,3974,8,28,1107,24,397,16031,3394,3394,349767,52,104,3778,7,25,1048,24,397,16031
9799,5602,0875,,Bergen-Passaic  NJ PMSA ,1307,1307,211124,69,138,9321,9,30,1953,20,690,37215,1290,1290,209116,63,126,8448,6,21,1551,18,678,36306
9799,5602,1160,,Bridgeport  CT PMSA ,935,935,103179,17,34,1126,17,62,3421,4,39,1479,866,866,91901,15,30,1027,17,62,3421,4,39,1479
9799,5602,1930,,Danbury  CT PMSA ,758,758,122236,1,2,88,8,25,1176,18,100,6459,592,592,87267,1,2,88,8,25,1176,18,100,6459
9799,5602,2281,,Dutchess County  NY PMSA ,736,736,96916,3,6,456,4,12,480,10,69,3701,608,608,83122,2,4,335,0,0,0,3,26,1459
9799,5602,3640,,Jersey City  NJ PMSA ,136,136,8179,55,110,5472,4,12,454,1,444,28122,68,68,4662,30,60,3695,4,12,454,1,444,28122
9799,5602,5015,,Middlesex-Somerset-Hunterdon  NJ PMSA ,5142,5142,541695,7,14,547,18,70,4704,45,738,19186,5082,5082,533661,7,14,547,18,70,4704,42,722,18577
9799,5602,5190,,Monmouth-Ocean  NJ PMSA ,6438,6438,599036,6,12,434,1,4,244,6,213,5821,6354,6354,591911,6,12,434,1,4,244,6,213,5821
9799,5602,5380,,Nassau-Suffolk  NY PMSA ,4311,4311,573369,24,48,4540,11,42,2865,55,928,44553,3782,3782,520785,22,44,4410,11,42,2865,49,829,38308
9799,5602,5480,,New Haven-Meriden  CT PMSA ,986,986,121795,7,14,544,5,19,1589,16,312,14916,986,986,121795,7,14,544,5,19,1589,16,312,14916
9799,5602,5600,,New York  NY PMSA ,2966,2966,466579,1031,2062,124942,269,833,52503,130,5758,267764,2759,2759,418319,1025,2050,123862,258,799,50656,114,5669,263933
9799,5602,5640,,Newark  NJ PMSA ,3208,3208,368735,136,272,12404,46,152,4906,24,514,20634,3172,3172,364671,136,272,12404,46,152,4906,19,480,18619
9799,5602,5660,,Newburgh  NY-PA PMSA ,1384,1384,149352,22,44,2233,16,62,4388,8,58,3589,1357,1357,147337,22,44,2233,16,62,4388,7,48,3096
9799,5602,8040,,Stamford-Norwalk  CT PMSA ,469,469,160947,16,32,3745,13,44,4048,3,74,5443,469,469,160947,16,32,3745,13,44,4048,3,74,5443
9799,5602,8480,,Trenton  NJ PMSA ,1040,1040,105550,1,2,260,0,0,0,2,21,1348,1026,1026,103950,1,2,260,0,0,0,2,21,1348
9799,5602,8880,,Waterbury  CT PMSA ,544,544,63234,2,4,236,0,0,0,1,50,1943,472,472,53340,2,4,236,0,0,0,1,50,1943
9799,5720,9999,,Norfolk-Virginia Beach-Newport News  VA-NC MSA ,6256,6256,725358,37,74,7331,39,149,7447,83,1102,41213,6184,6184,719932,37,74,7331,39,149,7447,83,1102,41213
9799,5790,9999,,Ocala  FL MSA ,2395,2395,185089,3,6,275,14,46,1559,77,751,27063,2395,2395,185089,3,6,275,14,46,1559,77,751,27063
9799,5800,9999,,Odessa-Midland  TX MSA ,390,390,40621,2,4,470,0,0,0,0,0,0,390,390,40621,2,4,470,0,0,0,0,0,0
9799,5880,9999,,Oklahoma City  OK MSA ,3967,3967,436783,41,82,3723,2,8,427,112,1711,72237,3906,3906,431686,41,82,3723,2,8,427,112,1711,72237
9799,5920,9999,,Omaha  NE-IA MSA ,3147,3147,286027,46,92,5542,12,46,1912,88,2191,82376,2922,2922,266925,44,88,5292,12,46,1912,85,2173,81573
9799,5960,9999,,Orlando  FL MSA ,13696,13696,1421158,66,132,6695,35,132,9006,452,7431,327332,13696,13696,1421158,66,132,6695,35,132,9006,452,7431,327332
9799,5990,9999,,Owensboro  KY MSA ,365,365,21786,14,28,996,12,46,1215,6,48,1320,155,155,9921,14,28,996,12,46,1215,6,48,1320
9799,6015,9999,,Panama City  FL MSA ,932,932,63350,27,54,1654,2,8,833,46,568,22850,932,932,63350,27,54,1654,2,8,833,46,568,22850
9799,6020,9999,,Parkersburg-Marietta  WV-OH MSA ,204,204,19061,13,26,887,4,16,627,26,184,6280,135,135,10574,7,14,352,3,12,301,15,128,4442
9799,6080,9999,,Pensacola  FL MSA ,3126,3126,255543,37,74,2270,5,19,380,32,476,12504,3126,3126,255543,37,74,2270,5,19,380,32,476,12504
9799,6120,9999,,Peoria-Pekin  IL MSA ,949,949,122679,42,84,6184,3,10,635,21,206,7283,921,921,120250,42,84,6184,3,10,635,21,206,7283
9799,6162,0560,,Atlantic-Cape May  NJ PMSA ,1485,1485,126435,174,348,16326,1,4,191,10,78,9316,1460,1460,124555,174,348,16326,0,0,10,9,73,9082
9799,6162,6160,,Philadelphia  PA-NJ PMSA ,13319,13319,1363156,77,154,7935,32,115,8006,157,3105,144949,12664,12664,1296251,77,154,7935,32,115,8006,157,3105,144949
9799,6162,8760,,Vineland-Millville-Bridgeton  NJ PMSA ,362,362,24664,3,6,191,9,36,455,7,46,1650,340,340,22901,3,6,191,9,36,455,7,46,1650
9799,6162,9160,,Wilmington-Newark  DE-MD PMSA ,2618,2618,193683,2,4,150,0,0,0,24,344,6760,2567,2567,190693,2,4,150,0,0,0,16,304,6120
9799,6200,9999,,Phoenix-Mesa  AZ MSA ,32210,32210,3811883,75,150,11576,67,244,22015,877,10620,547770,32156,32156,3803858,75,150,11576,67,244,22015,877,10620,547770
9799,6240,9999,,Pine Bluff  AR MSA ,100,100,4638,10,20,405,0,0,0,1,96,1826,100,100,4638,10,20,405,0,0,0,1,96,1826
9799,6280,9999,,Pittsburgh  PA MSA ,4432,4432,551173,66,132,9580,52,194,12291,102,1306,65021,3705,3705,481092,60,120,9251,45,173,12002,81,1111,56757
9799,6320,9999,,Pittsfield  MA MSA ,97,97,11578,3,6,342,0,0,0,1,120,5750,80,80,9447,3,6,342,0,0,0,1,120,5750
9799,6340,9999,,Pocatello  ID MSA ,263,263,23778,8,16,870,20,80,3630,2,14,543,263,263,23778,8,16,870,20,80,3630,2,14,543
9799,6400,9999,,Portland  ME MSA ,1030,1030,125798,18,36,2753,8,31,754,8,43,1046,1024,1024,125426,18,36,2753,8,31,754,8,43,1046
9799,6442,6440,,Portland-Vancouver  OR-WA PMSA ,11317,11317,1457383,338,676,48364,164,611,39738,490,7100,402676,11126,11126,1435428,330,660,47031,163,608,39564,471,6952,398008
9799,6442,7080,,Salem  OR PMSA ,1737,1737,231975,63,126,8962,44,147,7990,68,561,24073,1725,1725,230601,62,124,8854,44,147,7990,68,561,24073
9799,6480,9999,,Providence-Fall River-Warwick  RI-MA MSA ,2557,2557,258810,47,94,4861,12,41,1545,8,218,9356,2385,2385,246239,31,62,3588,12,41,1545,7,213,9156
9799,6520,9999,,Provo-Orem  UT MSA ,2386,2386,271390,91,182,16924,15,58,3562,45,632,30417,2298,2298,262598,91,182,16924,15,58,3562,45,632,30417
9799,6560,9999,,Pueblo  CO MSA ,991,991,98511,34,68,5018,20,80,3158,0,0,0,991,991,98511,34,68,5018,20,80,3158,0,0,0
9799,6580,9999,,Punta Gorda  FL MSA ,1096,1096,109580,6,12,898,2,7,437,4,40,2488,1096,1096,109580,6,12,898,2,7,437,4,40,2488
9799,6640,9999,,Raleigh-Durham-Chapel Hill  NC MSA ,12107,12107,1497939,65,130,8512,15,52,3513,279,4538,175002,11456,11456,1431206,55,110,7368,13,46,3201,241,4091,159355
9799,6660,9999,,Rapid City  SD MSA ,301,301,30987,0,0,0,2,8,433,2,73,3869,295,295,30534,0,0,0,2,8,433,2,73,3869
9799,6680,9999,,Reading  PA MSA ,1534,1534,161116,16,32,1550,4,12,659,4,129,6192,1463,1463,154410,16,32,1550,4,12,659,3,124,5938
9799,6690,9999,,Redding  CA MSA ,609,609,70675,7,14,818,11,41,1845,0,0,0,609,609,70675,7,14,818,11,41,1845,0,0,0
9799,6720,9999,,Reno  NV MSA ,2800,2800,310305,7,14,811,12,43,1901,54,754,45239,2756,2756,304957,7,14,811,12,43,1901,54,754,45239
9799,6740,9999,,Richland-Kennewick-Pasco  WA MSA ,768,768,99717,1,2,183,3,11,389,10,142,6760,578,578,82394,0,0,0,3,11,389,8,114,6163
9799,6760,9999,,Richmond-Petersburg  VA MSA ,5588,5588,549041,9,18,460,41,143,1716,102,1705,53720,5585,5585,548904,9,18,460,41,143,1716,102,1705,53720
9799,6800,9999,,Roanoke  VA MSA ,786,786,64580,12,24,995,3,9,495,40,400,18879,720,720,60934,10,20,872,0,0,0,30,340,14631
9799,6820,9999,,Rochester  MN MSA ,626,626,83124,52,104,10306,37,148,12849,0,0,0,626,626,83124,52,104,10306,37,148,12849,0,0,0
9799,6840,9999,,Rochester  NY MSA ,2192,2192,280141,16,32,1319,24,91,5718,39,679,32677,1976,1976,252788,13,26,935,22,84,5268,35,547,30175
9799,6880,9999,,Rockford  IL MSA ,1468,1468,124787,25,50,2647,55,217,8791,33,342,11805,1404,1404,120040,23,46,2445,51,203,8247,31,332,11421
9799,6895,9999,,Rocky Mount  NC MSA ,454,454,37421,27,54,2402,3,12,755,12,202,4983,444,444,36784,27,54,2402,3,12,755,12,202,4983
9799,6922,6920,,Sacramento  CA PMSA ,7847,7847,1160133,8,16,1090,4,14,885,116,1204,68958,7847,7847,1160133,8,16,1090,4,14,885,116,1204,68958
9799,6922,9270,,Yolo  CA PMSA ,717,717,109352,3,6,359,0,0,0,0,0,0,717,717,109352,3,6,359,0,0,0,0,0,0
9799,6960,9999,,Saginaw-Bay City-Midland  MI MSA ,995,995,118870,43,86,7896,15,58,2904,14,218,9729,856,856,107477,43,86,7896,15,58,2904,14,218,9729
9799,6980,9999,,St. Cloud  MN MSA ,778,778,69791,2,4,345,12,45,1867,23,347,14243,592,592,54979,2,4,345,9,36,1867,9,116,5690
9799,7000,9999,,St. Joseph  MO MSA ,150,150,17889,23,46,2690,5,16,926,7,46,1328,121,121,14646,18,36,2318,2,6,400,5,30,948
9799,7040,9999,,St. Louis  MO-IL MSA ,9346,9346,1087002,192,384,26523,72,259,19029,65,1095,50368,9199,9199,1067283,189,378,26108,70,253,18740,61,1075,49901
9799,7120,9999,,Salinas  CA MSA ,1334,1334,218956,8,16,1755,10,36,4074,35,299,22221,1321,1321,217490,8,16,1755,10,36,4074,35,299,22221
9799,7160,9999,,Salt Lake City-Ogden  UT MSA ,7854,7854,879321,117,234,21175,81,311,19153,154,2165,103375,7678,7678,865459,117,234,21175,81,311,19153,154,2165,103375
9799,7200,9999,,San Angelo  TX MSA ,192,192,17082,6,12,575,6,24,878,5,100,3914,192,192,17082,6,12,575,6,24,878,5,100,3914
9799,7240,9999,,San Antonio  TX MSA ,6747,6747,522479,30,60,2430,17,67,2746,155,2133,54670,6742,6742,521039,30,60,2430,17,67,2746,155,2133,54670
9799,7320,9999,,San Diego  CA MSA ,8236,8236,1475878,74,148,19548,114,370,32814,163,2385,183143,8236,8236,1475878,74,148,19548,114,370,32814,163,2385,183143
9799,7362,5775,,Oakland  CA PMSA ,7190,7190,1431739,36,72,7897,78,291,23183,111,2170,181949,7160,7160,1425238,36,72,7897,78,291,23183,108,2152,180316
9799,7362,7360,,San Francisco  CA PMSA ,1568,1568,373224,59,118,10587,34,117,9794,77,2111,140338,1519,1519,347623,59,118,10587,34,117,9794,77,2111,140338
9799,7362,7400,,San Jose  CA PMSA ,4257,4257,772533,42,84,8836,32,103,9869,173,3866,271330,4244,4244,770619,42,84,8836,32,103,9869,168,3786,264243
9799,7362,7485,,Santa Cruz-Watsonville  CA PMSA ,517,517,97406,16,32,3323,15,52,5467,16,132,11658,517,517,97406,16,32,3323,15,52,5467,16,132,11658
9799,7362,7500,,Santa Rosa  CA PMSA ,1785,1785,255529,13,26,2057,6,20,1363,8,130,7147,1785,1785,255529,13,26,2057,6,20,1363,8,130,7147
9799,7362,8720,,Vallejo-Fairfield-Napa  CA PMSA ,1801,1801,294886,0,0,0,8,27,3146,11,59,6875,1801,1801,294886,0,0,0,8,27,3146,11,59,6875
9799,7460,9999,,San Luis Obispo-Atascadero-Paso Robles  CA MSA ,1212,1212,170085,4,8,375,1,4,232,12,62,1597,1162,1162,164064,4,8,375,1,4,232,11,55,1328
9799,7480,9999,,Santa Barbara-Santa Maria-Lompoc  CA MSA ,544,544,102551,12,24,2511,11,34,3416,21,279,21566,525,525,100095,12,24,2511,11,34,3416,21,279,21566
9799,7490,9999,,Santa Fe  NM MSA ,371,371,34050,0,0,0,0,0,0,27,189,8843,371,371,34050,0,0,0,0,0,0,27,189,8843
9799,7510,9999,,Sarasota-Bradenton  FL MSA ,4457,4457,503347,37,74,4604,19,73,5272,88,1675,113829,4260,4260,480852,37,74,4604,18,70,4938,88,1675,113829
9799,7520,9999,,Savannah  GA MSA ,1575,1575,158399,30,60,4788,6,18,1207,5,33,1238,1494,1494,151301,26,52,4317,5,15,1163,2,16,447
9799,7560,9999,,Scranton--Wilkes-Barre--Hazleton  PA MSA ,1289,1289,119044,14,28,1406,14,53,2605,15,127,6893,1055,1055,99284,9,18,1030,14,53,2605,14,106,6310
9799,7602,1150,,Bremerton  WA PMSA ,975,975,104873,18,36,2494,1,3,169,0,0,0,947,947,99467,18,36,2494,1,3,169,0,0,0
9799,7602,5910,,Olympia  WA PMSA ,1298,1298,144293,29,58,5314,6,22,1435,2,12,734,1298,1298,144293,29,58,5314,6,22,1435,2,12,734
9799,7602,7600,,Seattle-Bellevue-Everett  WA PMSA ,10222,10222,1448194,379,758,66507,188,668,63164,531,6369,464743,8974,8974,1313198,355,710,63750,178,635,58675,478,6076,443476
9799,7602,8200,,Tacoma  WA PMSA ,3931,3931,417211,159,318,25243,25,88,6454,39,589,32824,3755,3755,397811,157,314,24878,18,65,4513,39,589,32824
9799,7610,9999,,Sharon  PA MSA ,309,309,29395,1,2,133,1,4,328,0,0,0,303,303,29006,1,2,133,1,4,328,0,0,0
9799,7620,9999,,Sheboygan  WI MSA ,377,377,47333,32,64,5573,2,8,602,8,116,6065,364,364,45935,30,60,5353,2,8,602,6,94,5396
9799,7640,9999,,Sherman-Denison  TX MSA ,134,134,15458,10,20,935,0,0,0,28,452,10750,134,134,15458,10,20,935,0,0,0,28,452,10750
9799,7680,9999,,Shreveport-Bossier City  LA MSA ,847,847,101581,0,0,0,1,4,150,0,0,0,828,828,99832,0,0,0,1,4,150,0,0,0
9799,7720,9999,,Sioux City  IA-NE MSA ,237,237,23071,8,16,1093,1,4,0,16,357,12871,219,219,21881,8,16,1093,0,0,0,16,357,12871
9799,7760,9999,,Sioux Falls  SD MSA ,1138,1138,93989,13,26,2480,11,42,2270,7,150,6695,1120,1120,92266,13,26,2480,10,38,2110,7,150,6695
9799,7800,9999,,South Bend  IN MSA ,964,964,125994,4,8,586,0,0,0,7,197,7439,964,964,125994,4,8,586,0,0,0,7,197,7439
9799,7840,9999,,Spokane  WA MSA ,1335,1335,150386,26,52,3852,1,3,271,39,488,21136,1335,1335,150386,26,52,3852,1,3,271,39,488,21136
9799,7880,9999,,Springfield  IL MSA ,812,812,82511,52,104,8071,1,4,75,2,13,580,723,723,76139,51,102,7953,0,0,0,1,8,230
9799,7920,9999,,Springfield  MO MSA ,1942,1942,146841,69,138,5605,17,64,2125,21,315,5879,1842,1842,141139,67,134,5489,17,64,2125,21,315,5879
9799,8000,9999,,Springfield  MA MSA ,874,874,110842,24,48,2708,24,79,4576,6,41,4505,829,829,105368,24,48,2708,24,79,4576,6,41,4505
9799,8050,9999,,State College  PA MSA ,527,527,53978,2,4,225,1,4,185,6,144,10984,422,422,41858,2,4,225,1,4,185,6,144,10984
9799,8080,9999,,Steubenville-Weirton  OH-WV MSA ,95,95,10173,3,6,244,2,8,230,0,0,0,85,85,9074,3,6,244,2,8,230,0,0,0
9799,8120,9999,,Stockton-Lodi  CA MSA ,2229,2229,257258,3,6,437,7,28,2130,13,275,12646,2229,2229,257258,3,6,437,7,28,2130,13,275,12646
9799,8140,9999,,Sumter  SC MSA ,319,319,23451,17,34,1381,0,0,0,0,0,0,319,319,23451,17,34,1381,0,0,0,0,0,0
9799,8160,9999,,Syracuse  NY MSA ,1038,1038,98324,8,16,916,4,13,1014,3,60,2731,807,807,77939,6,12,691,3,10,1014,3,60,2731
9799,8240,9999,,Tallahassee  FL MSA ,930,930,94352,32,64,3001,2,8,414,46,741,28104,930,930,94352,32,64,3001,2,8,414,46,741,28104
9799,8280,9999,,Tampa-St. Petersburg-Clearwater  FL MSA ,10745,10745,1073872,98,196,14268,92,332,21073,293,5713,308661,10728,10728,1071770,98,196,14268,91,329,20921,291,5700,308115
9799,8320,9999,,Terre Haute  IN MSA ,386,386,39494,15,30,1418,0,0,0,3,26,1077,343,343,35918,15,30,1418,0,0,0,3,26,1077
9799,8360,9999,,Texarkana  TX-Texarkana  AR MSA ,170,170,11657,2,4,175,1,4,137,0,0,0,166,166,11417,2,4,175,1,4,137,0,0,0
9799,8400,9999,,Toledo  OH MSA ,1475,1475,180450,45,90,6702,25,96,6798,32,302,12449,1461,1461,178595,45,90,6702,25,96,6798,32,302,12449
9799,8440,9999,,Topeka  KS MSA ,488,488,60951,68,136,9669,2,6,351,3,41,1175,488,488,60951,68,136,9669,2,6,351,3,41,1175
9799,8520,9999,,Tucson  AZ MSA ,5577,5577,645025,28,56,2710,18,65,3215,96,1104,56079,4646,4646,548332,28,56,2710,18,65,3215,96,1104,56079
9799,8560,9999,,Tulsa  OK MSA ,2890,2890,311535,31,62,3631,7,28,1753,21,261,11938,2836,2836,306720,31,62,3631,7,28,1753,21,261,11938
9799,8600,9999,,Tuscaloosa  AL MSA ,549,549,37128,0,0,0,0,0,0,28,366,11029,549,549,37128,0,0,0,0,0,0,28,366,11029
9799,8640,9999,,Tyler  TX MSA ,414,414,56027,8,16,344,0,0,0,3,123,5464,334,334,49782,8,16,344,0,0,0,3,123,5464
9799,8680,9999,,Utica-Rome  NY MSA ,324,324,29352,1,2,160,1,3,100,3,38,2080,235,235,22354,1,2,160,0,0,0,1,8,463
9799,8750,9999,,Victoria  TX MSA ,189,189,14821,0,0,0,0,0,0,12,160,4314,189,189,14821,0,0,0,0,0,0,12,160,4314
9799,8780,9999,,Visalia-Tulare-Porterville  CA MSA ,1198,1198,112488,22,44,2443,16,61,3110,5,40,1413,1170,1170,110473,22,44,2443,15,58,2974,5,40,1413
9799,8800,9999,,Waco  TX MSA ,351,351,35529,41,82,4542,2,6,241,2,177,8404,336,336,33564,36,72,4090,0,0,0,1,172,8000
9799,8872,0720,,Baltimore  MD PMSA ,8581,8581,856229,6,12,611,6,24,1549,168,2021,91467,8474,8474,849837,6,12,611,6,24,1549,156,1945,89132
9799,8872,3180,,Hagerstown  MD PMSA ,589,589,56556,6,12,422,0,0,0,0,0,0,586,586,56310,6,12,422,0,0,0,0,0,0
9799,8872,8840,,Washington  DC-MD-VA-WV PMSA ,23654,23654,2517828,50,100,8255,55,182,11205,415,6907,336034,23316,23316,2484046,50,100,8255,55,182,11205,415,6907,336034
9799,8920,9999,,Waterloo-Cedar Falls  IA MSA ,150,150,17883,3,6,416,0,0,0,6,70,2678,147,147,17714,3,6,416,0,0,0,6,70,2678
9799,8940,9999,,Wausau  WI MSA ,646,646,70421,26,52,3315,1,3,160,3,40,1453,601,601,65898,25,50,3195,1,3,160,3,40,1453
9799,8960,9999,,West Palm Beach-Boca Raton  FL MSA ,6190,6190,810564,53,106,12044,106,419,26812,128,2269,134560,6168,6168,809329,53,106,12044,106,419,26812,128,2269,134560
9799,9000,9999,,Wheeling  WV-OH MSA ,63,63,8188,0,0,0,11,44,1892,13,68,3354,57,57,7762,0,0,0,11,44,1892,1,8,380
9799,9040,9999,,Wichita  KS MSA ,2828,2828,282266,80,160,12815,14,51,2410,33,513,17230,2620,2620,265753,78,156,12695,14,51,2410,33,513,17230
9799,9080,9999,,Wichita Falls  TX MSA ,202,202,21406,0,0,0,2,8,250,0,0,0,202,202,21406,0,0,0,2,8,250,0,0,0
9799,9140,9999,,Williamsport  PA MSA ,251,251,26809,1,2,45,5,19,1160,7,94,4021,172,172,19025,1,2,45,0,0,0,1,35,1245
9799,9200,9999,,Wilmington  NC MSA ,3887,3887,323411,21,42,3499,12,48,2851,108,1568,56381,3773,3773,313431,21,42,3499,12,48,2851,108,1568,56381
9799,9260,9999,,Yakima  WA MSA ,406,406,45652,38,76,4177,8,31,1182,11,151,5458,404,404,45469,32,64,3357,8,31,1182,11,151,5458
9799,9280,9999,,York  PA MSA ,1619,1619,165567,49,98,5878,21,83,3838,16,120,6016,1489,1489,151527,46,92,5566,21,83,3838,16,120,6016
9799,9320,9999,,Youngstown-Warren  OH MSA ,1118,1118,131505,115,230,15803,41,161,10992,14,86,3579,1088,1088,128696,114,228,15653,41,161,10992,14,86,3579
9799,9340,9999,,Yuba City  CA MSA ,345,345,37057,1,2,17,0,0,0,3,28,1111,345,345,37057,1,2,17,0,0,0,3,28,1111
9799,9360,9999,,Yuma  AZ MSA ,959,959,66011,0,0,0,2,6,223,10,92,4566,959,959,66011,0,0,0,2,6,223,10,92,4566
9799,1122,9999,,Boston-Worcester-Lawrence  MA-NH-ME-CT CMSA ,14192,14192,1847543,191,382,27233,71,261,21612,90,1543,98981,12589,12589,1649822,183,366,26166,71,261,21612,70,1430,92265
9799,1602,9999,,Chicago-Gary-Kenosha  IL-IN-WI CMSA ,25382,25382,3557260,451,902,77213,511,1852,134008,548,7242,465658,24844,24844,3479283,437,874,75530,497,1807,131442,522,6852,441015
9799,1642,9999,,Cincinnati-Hamilton  OH-KY-IN CMSA ,8639,8639,959854,149,298,16985,144,552,29511,262,2534,100669,8205,8205,921335,134,268,15474,136,528,28222,230,2354,94578
9799,1692,9999,,Cleveland-Akron  OH CMSA ,8080,8080,1290338,174,348,28213,110,386,29292,155,1749,74377,7872,7872,1259576,172,344,27898,101,359,27177,151,1717,73247
9799,1922,9999,,Dallas-Fort Worth  TX CMSA ,26561,26561,3697810,76,152,8371,75,295,15887,820,17281,766020,25538,25538,3519352,71,142,7859,74,292,15827,815,17247,765157
9799,2082,9999,,Denver-Boulder-Greeley  CO CMSA ,17552,17552,2212005,168,336,28579,66,238,16468,456,6648,315886,17216,17216,2174939,168,336,28579,66,238,16468,453,6632,315100
9799,2162,9999,,Detroit-Ann Arbor-Flint  MI CMSA ,20536,20536,2623913,224,448,36863,206,763,54410,250,3136,157381,19842,19842,2565057,216,432,35906,200,745,53456,217,2944,150552
9799,3362,9999,,Houston-Galveston-Brazoria  TX CMSA ,20826,20826,2402318,39,78,2687,44,164,3684,660,11265,438487,20752,20752,2390217,39,78,2687,44,164,3684,660,11265,438487
9799,4472,9999,,Los Angeles-Riverside-Orange County  CA CMSA ,30527,30527,5251571,216,432,46245,230,778,73669,511,7877,567127,29865,29865,5130888,196,392,42823,215,733,69642,456,7563,542403
9799,4992,9999,,Miami-Fort Lauderdale  FL CMSA ,12644,12644,1428218,83,166,12424,73,277,16671,508,9636,637194,12652,12652,1438344,83,166,12424,73,277,16671,506,9772,685111
9799,5082,9999,,Milwaukee-Racine  WI CMSA ,4021,4021,598778,284,568,51415,55,215,16250,192,2589,134866,3970,3970,592408,284,568,51415,54,212,16189,175,2497,131685
9799,5602,9999,,New York-Northern New Jersey-Long Island  NY-NJ-CT-PA CMSA ,30360,30360,3691926,1397,2794,166348,421,1367,82731,343,10008,462173,28883,28883,3492784,1355,2710,162268,403,1312,80002,303,9705,445829
9799,6162,9999,,Philadelphia-Wilmington-Atlantic City  PA-NJ-DE-MD CMSA ,17784,17784,1707938,256,512,24602,42,155,8652,198,3573,162675,17031,17031,1634400,256,512,24602,41,151,8471,189,3528,161801
9799,6442,9999,,Portland-Salem  OR-WA CMSA ,13054,13054,1689358,401,802,57326,208,758,47728,558,7661,426749,12851,12851,1666029,392,784,55885,207,755,47554,539,7513,422081
9799,6922,9999,,Sacramento-Yolo  CA CMSA ,8564,8564,1269485,11,22,1449,4,14,885,116,1204,68958,8564,8564,1269485,11,22,1449,4,14,885,116,1204,68958
9799,7362,9999,,San Francisco-Oakland-San Jose  CA CMSA ,17118,17118,3225317,166,332,32700,173,610,52822,396,8468,619297,17026,17026,3191301,166,332,32700,173,610,52822,388,8370,610577
9799,7602,9999,,Seattle-Tacoma-Bremerton  WA CMSA ,16426,16426,2114571,585,1170,99558,220,781,71222,572,6970,498301,14974,14974,1954769,559,1118,96436,203,725,64792,519,6677,477034
9799,8872,9999,,Washington-Baltimore  DC-MD-VA-WV CMSA ,32824,32824,3430613,62,124,9288,61,206,12754,583,8928,427501,32376,32376,3390193,62,124,9288,61,206,12754,571,8852,425166
