Survey,MSA/,PMSA,,MA,,1-unit,,,2-units,,,3-4 units,,,5+ units,,,1-unit rep,,,2-units rep,,,3-4 units rep,,,5+ units rep
Date,CMSA,,,Name,Bldgs,Units,Value,Bldgs,Units,Value,Bldgs,Units,Value,Bldgs,Units,Value,Bldgs,Units,Value,Bldgs,Units,Value,Bldgs,Units,Value,Bldgs,Units,Value

9099,0040,9999, ,Abilene TX MSA,109,109,9412,0,0,0,3,9,750,0,0,0,73,73,7720,0,0,0,3,9,750,0,0,0
9099,0120,9999, ,Albany GA MSA,334,334,19925,4,8,237,7,28,372,2,14,300,334,334,19925,4,8,237,7,28,372,2,14,300
9099,0160,9999, ,Albany-Schenectady-Troy NY MSA,2121,2121,221422,84,168,6553,29,115,4595,44,520,15734,2094,2094,219073,84,168,6553,29,115,4595,44,520,15734
9099,0200,9999, ,Albuquerque NM MSA,1470,1470,134200,0,0,0,0,0,0,53,420,17542,1470,1470,134200,0,0,0,0,0,0,53,420,17542
9099,0220,9999, ,Alexandria LA MSA,56,56,4505,2,4,40,0,0,0,0,0,0,52,52,4324,2,4,40,0,0,0,0,0,0
9099,0240,9999, ,Allentown-Bethlehem-Easton PA-NJ MSA,1867,1867,173597,17,34,1475,4,13,360,25,237,8066,1860,1860,173133,17,34,1475,4,13,360,25,237,8066
9099,0280,9999, ,Altoona PA MSA,286,286,18730,3,6,165,6,24,595,3,21,1448,281,281,18576,3,6,165,5,20,535,3,21,1448
9099,0320,9999, ,Amarillo TX MSA,149,149,14819,3,6,304,0,0,0,0,0,0,119,119,13495,3,6,304,0,0,0,0,0,0
9099,0380,9999, ,Anchorage AK MSA,399,399,62476,0,0,0,0,0,0,0,0,0,399,399,62476,0,0,0,0,0,0,0,0,0
9099,0400,9999, ,Anderson IN MSA,158,158,13991,27,54,2137,1,4,300,1,5,156,119,119,10697,25,50,2045,1,4,300,1,5,156
9099,0405,9999, ,Anderson SC MSA,676,676,47114,18,36,906,20,77,3081,14,126,2668,673,673,46887,18,36,906,20,77,3081,14,126,2668
9099,0450,9999, ,Anniston AL MSA,163,163,9204,3,6,90,5,19,362,7,43,656,157,157,8963,3,6,90,5,19,362,7,43,656
9099,0460,9999, ,Appleton-Oshkosh-Neenah WI MSA,1084,1084,95034,120,240,9511,7,27,963,82,651,12716,1074,1074,94327,120,240,9511,7,27,963,82,651,12716
9099,0480,9999, ,Asheville NC MSA,767,767,70072,11,22,1266,5,19,1122,1,8,304,767,767,70072,11,22,1266,5,19,1122,1,8,304
9099,0500,9999, ,Athens GA MSA,809,809,62078,38,76,3152,2,7,360,7,65,1923,809,809,62078,38,76,3152,2,7,360,7,65,1923
9099,0520,9999, ,Atlanta GA MSA,20654,20654,1622094,160,320,10254,6,21,925,210,5641,248465,20648,20648,1621731,159,318,10214,6,21,925,209,5636,248153
9099,0560,9999, ,Atlantic City NJ MSA,1097,1097,102686,93,186,17310,8,30,1587,27,334,11393,1096,1096,102600,93,186,17310,8,30,1587,27,334,11393
9099,0600,9999, ,Augusta GA-SC MSA,2289,2289,177594,3,6,126,2,8,512,10,64,912,2288,2288,177553,3,6,126,2,8,512,10,64,912
9099,0640,9999, ,Austin TX MSA,1900,1900,225997,5,10,641,9,36,649,0,0,408,1900,1900,225997,5,10,641,9,36,649,0,0,408
9099,0680,9999, ,Bakersfield CA MSA,4557,4557,427017,29,58,3438,23,84,3422,28,255,11474,4557,4557,427017,29,58,3438,23,84,3422,28,255,11474
9099,0720,9999, ,Baltimore MD MSA,9529,9529,776138,1,2,75,0,0,0,135,4029,127773,9529,9529,776138,1,2,75,0,0,0,135,4029,127773
9099,0730,9999, ,Bangor ME MSA,258,258,18764,3,6,237,19,76,2602,13,102,3587,258,258,18764,3,6,237,19,76,2602,13,102,3587
9099,0760,9999, ,Baton Rouge LA MSA,1011,1011,81276,1,2,60,0,0,0,2,11,304,974,974,78028,1,2,60,0,0,0,2,11,304
9099,0780,9999, ,Battle Creek MI MSA,182,182,13023,0,0,0,0,0,0,2,47,1217,166,166,12234,0,0,0,0,0,0,2,47,1217
9099,0840,9999, ,Beaumont-Port Arthur TX MSA,488,488,40577,1,2,86,0,0,0,0,0,0,488,488,40577,1,2,86,0,0,0,0,0,0
9099,0860,9999, ,Bellingham WA MSA,1109,1109,87487,42,84,4434,47,182,5965,50,599,26428,1074,1074,83862,41,82,4386,42,162,5264,48,584,25003
9099,0870,9999, ,Benton Harbor MI MSA,458,458,38754,27,54,4043,4,16,1152,3,26,1940,431,431,37238,27,54,4043,4,16,1152,3,26,1940
9099,0880,9999, ,Billings MT MSA,152,152,15352,2,4,226,1,4,450,0,0,0,147,147,15128,2,4,226,1,4,450,0,0,0
9099,0920,9999, ,Biloxi-Gulfport MS MSA,483,483,28450,1,2,31,0,0,0,0,0,0,483,483,28450,1,2,31,0,0,0,0,0,0
9099,0960,9999, ,Binghamton NY MSA,428,428,41323,6,12,658,0,0,0,2,72,2650,426,426,41245,5,10,588,0,0,0,2,72,2650
9099,1000,9999, ,Birmingham AL MSA,2669,2669,238485,3,6,194,0,0,0,92,1316,48867,2636,2636,236330,3,6,194,0,0,0,92,1316,48867
9099,1010,9999, ,Bismarck ND MSA,273,273,23353,0,0,0,0,0,0,6,119,3922,272,272,23253,0,0,0,0,0,0,6,119,3922
9099,1020,9999, ,Bloomington IN MSA,426,426,41170,28,56,2931,2,8,360,7,51,1408,420,420,40630,28,56,2931,2,8,360,7,51,1408
9099,1040,9999, ,Bloomington-Normal IL MSA,561,561,39911,17,34,1514,4,16,527,13,136,4267,561,561,39911,17,34,1514,4,16,527,13,136,4267
9099,1080,9999, ,Boise City ID MSA,1840,1840,161347,16,32,1605,58,230,6682,39,468,13577,1840,1840,161347,16,32,1605,58,230,6682,39,468,13577
9099,1122,1120, ,Boston MA PMSA,3297,3297,394807,127,254,15502,24,85,5102,65,852,39032,3092,3092,378199,127,254,15502,24,85,5102,43,720,32870
9099,1122,1200, ,Brockton MA PMSA,271,271,23057,8,16,841,6,20,1022,6,35,1575,268,268,22780,8,16,841,6,20,1022,6,35,1575
9099,1122,4160, ,Lawrence-Haverhill MA-NH PMSA,998,998,99754,52,104,4372,4,14,1055,4,53,600,980,980,97337,48,96,3969,4,14,1055,3,48,300
9099,1122,4560, ,Lowell MA-NH PMSA,618,618,66674,20,40,2706,0,0,0,2,83,4328,601,601,64671,20,40,2706,0,0,0,2,83,4328
9099,1122,5350, ,Nashua NH PMSA,451,451,42956,20,40,1086,0,0,0,1,6,385,445,445,42075,20,40,1086,0,0,0,1,6,385
9099,1122,7090, ,Salem-Gloucester MA PMSA,313,313,39533,20,40,2678,16,64,3015,13,128,5913,304,304,38123,20,40,2678,16,64,3015,13,128,5913
9099,1140,9999, ,Bradenton FL MSA,1259,1259,70589,43,86,5712,10,39,1533,75,997,47493,1259,1259,70589,43,86,5712,10,39,1533,75,997,47493
9099,1150,9999, ,Bremerton WA MSA,1914,1914,105849,18,36,1178,0,0,0,41,632,22455,1888,1888,103995,18,36,1178,0,0,0,37,483,16348
9099,1240,9999, ,Brownsville-Harlingen TX MSA,641,641,27173,7,14,334,1,4,49,1,6,62,622,622,26679,7,14,334,1,4,49,1,6,62
9099,1260,9999, ,Bryan-College Station TX MSA,213,213,20202,0,0,0,0,0,0,0,0,0,213,213,20202,0,0,0,0,0,0,0,0,0
9099,1282,1280, ,Buffalo NY PMSA,2145,2145,240307,107,214,11445,20,73,3707,31,311,8072,2145,2145,240307,107,214,11445,20,73,3707,31,311,8072
9099,1282,5700, ,Niagara Falls NY PMSA,625,625,58897,26,52,2632,12,47,1484,11,173,3858,625,625,58897,26,52,2632,12,47,1484,11,173,3858
9099,1300,9999, ,Burlington NC MSA,343,343,23881,10,20,680,2,7,195,0,0,0,343,343,23881,10,20,680,2,7,195,0,0,0
9099,1305,9999, ,Burlington VT MSA,405,405,43001,10,20,1531,3,12,420,2,13,690,405,405,43001,10,20,1531,3,12,420,2,13,690
9099,1320,9999, ,Canton OH MSA,880,880,100653,40,80,4045,10,36,1610,26,260,8710,877,877,100476,40,80,4045,10,36,1610,26,260,8710
9099,1350,9999, ,Casper WY MSA,30,30,3191,0,0,0,0,0,0,0,0,0,30,30,3191,0,0,0,0,0,0,0,0,0
9099,1360,9999, ,Cedar Rapids IA MSA,499,499,37894,7,14,691,20,79,3413,7,90,1799,499,499,37894,7,14,691,20,79,3413,7,90,1799
9099,1400,9999, ,Champaign-Urbana-Rantoul IL MSA,218,218,18871,3,6,346,9,29,1761,24,276,8135,187,187,16586,3,6,346,9,29,1761,24,276,8135
9099,1440,9999, ,Charleston SC MSA,3034,3034,249266,28,56,2428,3,9,182,33,443,11429,2801,2801,227768,26,52,2088,0,0,0,33,443,11429
9099,1480,9999, ,Charleston WV MSA,175,175,14972,1,2,140,6,20,615,3,18,262,164,164,14491,1,2,140,2,8,120,1,8,160
9099,1520,9999, ,Charlotte-Gastonia-Rock Hill NC-SC MSA,7675,7675,615462,87,174,5194,28,108,3404,234,2795,70707,7434,7434,595599,85,170,5040,28,108,3404,216,2542,65867
9099,1540,9999, ,Charlottesville VA MSA,955,955,81006,30,60,3728,17,65,2649,28,271,9383,955,955,81006,30,60,3728,17,65,2649,28,271,9383
9099,1560,9999, ,Chattanooga TN-GA MSA,1288,1288,87153,37,74,2197,16,63,1087,12,79,3429,1182,1182,83065,35,70,2117,16,63,1087,8,59,1429
9099,1580,9999, ,Cheyenne WY MSA,79,79,7618,0,0,0,0,0,0,0,0,0,79,79,7618,0,0,0,0,0,0,0,0,0
9099,1602,0620, ,Aurora-Elgin IL PMSA,3015,3015,364250,47,94,5118,36,140,8196,40,599,21474,2998,2998,362846,47,94,5118,36,140,8196,40,599,21474
9099,1602,1600, ,Chicago IL PMSA,10495,10495,1261716,198,396,23766,168,588,33800,232,5187,327773,10269,10269,1244441,198,396,23766,168,588,33800,228,5167,327273
9099,1602,2960, ,Gary-Hammond IN PMSA,2157,2157,233546,29,58,3550,19,72,2980,1,6,137,2156,2156,233443,29,58,3550,19,72,2980,1,6,137
9099,1602,3690, ,Joliet IL PMSA,2623,2623,256386,36,72,5046,11,44,3634,4,34,1130,2605,2605,254636,36,72,5046,11,44,3634,4,34,1130
9099,1602,3800, ,Kenosha WI PMSA,682,682,61998,5,10,549,0,0,0,24,602,19885,682,682,61998,5,10,549,0,0,0,24,602,19885
9099,1602,3965, ,Lake County IL PMSA,3441,3441,405964,33,66,3829,8,31,1668,31,583,35313,3397,3397,401698,33,66,3829,8,31,1668,31,583,35313
9099,1620,9999, ,Chico CA MSA,1153,1153,107540,16,32,1603,59,229,9838,65,498,22202,1153,1153,107540,16,32,1603,59,229,9838,65,498,22202
9099,1642,1640, ,Cincinnati OH-KY-IN PMSA,5171,5171,493092,53,106,4196,11,41,3661,155,2283,61744,5021,5021,486242,53,106,4196,11,41,3661,155,2283,61744
9099,1642,3200, ,Hamilton-Middletown OH PMSA,1277,1277,83646,18,36,1384,9,31,1931,28,191,7622,1275,1275,83445,18,36,1384,8,28,1756,28,191,7622
9099,1660,9999, ,Clarksville-Hopkinsville TN-KY MSA,790,790,42360,6,12,249,12,45,1114,9,66,1296,790,790,42360,6,12,249,12,45,1114,9,66,1296
9099,1692,0080, ,Akron OH PMSA,2166,2166,232143,22,44,1868,28,111,5855,84,1011,27659,2166,2166,232143,22,44,1868,28,111,5855,84,1011,27659
9099,1692,1680, ,Cleveland OH PMSA,3797,3797,490735,65,130,8991,38,137,9448,106,1529,45654,3762,3762,487771,65,130,8991,37,134,9323,102,1472,42958
9099,1692,4440, ,Lorain-Elyria OH PMSA,821,821,96653,47,94,4552,8,31,952,14,87,2197,818,818,96510,47,94,4552,8,31,952,13,82,2030
9099,1720,9999, ,Colorado Springs CO MSA,745,745,74774,2,4,327,6,22,1150,16,278,11405,745,745,74774,2,4,327,6,22,1150,16,278,11405
9099,1740,9999, ,Columbia MO MSA,611,611,50780,62,124,5207,3,12,195,6,40,1050,611,611,50780,62,124,5207,3,12,195,6,40,1050
9099,1760,9999, ,Columbia SC MSA,2058,2058,157842,10,20,996,2,6,192,18,396,11594,2058,2058,157842,10,20,996,2,6,192,18,396,11594
9099,1800,9999, ,Columbus GA-AL MSA,520,520,27608,4,8,210,3,12,340,7,72,1794,520,520,27608,4,8,210,3,12,340,7,72,1794
9099,1840,9999, ,Columbus OH MSA,5770,5770,594169,70,140,5914,116,457,9507,227,3056,78550,5683,5683,588512,70,140,5914,116,457,9507,208,2918,75208
9099,1880,9999, ,Corpus Christi TX MSA,501,501,36186,1,2,85,12,40,955,1,9,403,467,467,33869,1,2,85,12,40,955,1,9,403
9099,1900,9999, ,Cumberland MD-WV MSA,266,266,15783,2,4,130,0,0,0,3,48,2089,258,258,15573,2,4,130,0,0,0,0,0,0
9099,1922,1920, ,Dallas TX PMSA,9916,9916,1109243,7,14,984,7,26,4571,219,4861,113569,9895,9895,1106695,7,14,984,7,26,4571,218,4854,113470
9099,1922,2800, ,Fort Worth-Arlington TX PMSA,4734,4734,512380,1,2,70,5,19,432,14,307,22292,4732,4732,512261,0,0,0,4,16,386,14,307,22292
9099,1950,9999, ,Danville VA MSA,301,301,19381,4,8,200,10,39,1086,6,50,1080,301,301,19381,4,8,200,10,39,1086,6,50,1080
9099,1960,9999, ,Davenport-Rock Island-Moline IA-IL MSA,637,637,66892,4,8,478,1,4,155,0,0,0,636,636,66820,4,8,478,1,4,155,0,0,0
9099,2000,9999, ,Dayton-Springfield OH MSA,2133,2133,199263,27,54,2314,39,150,5798,30,347,13469,2130,2130,199034,27,54,2314,39,150,5798,30,347,13469
9099,2020,9999, ,Daytona Beach FL MSA,3269,3269,263875,29,58,3627,7,26,1395,26,507,35979,3269,3269,263875,29,58,3627,7,26,1395,26,507,35979
9099,2030,9999, ,Decatur Al MSA,485,485,32445,1,2,40,7,27,710,7,67,1217,477,477,31839,1,2,40,7,27,710,7,67,1217
9099,2040,9999, ,Decatur IL MSA,207,207,20777,2,4,370,1,4,260,1,12,1000,206,206,20727,2,4,370,1,4,260,1,12,1000
9099,2082,1125, ,Boulder-Longmont CO PMSA,1014,1014,121872,0,0,0,2,7,255,29,439,14851,1014,1014,121872,0,0,0,2,7,255,29,439,14851
9099,2082,2080, ,Denver CO PMSA,4383,4383,486058,5,10,588,7,27,2797,3,76,1978,4381,4381,485746,5,10,588,7,27,2797,3,76,1978
9099,2120,9999, ,Des Moines IA MSA,1676,1676,152056,18,36,1940,10,38,2104,43,919,31241,1659,1659,151009,17,34,1870,10,38,2104,43,919,31241
9099,2162,0440, ,Ann Arbor MI PMSA,830,830,96129,13,26,2392,10,37,3995,81,916,34149,828,828,95961,13,26,2392,10,37,3995,81,916,34149
9099,2162,2160, ,Detroit MI PMSA,11283,11283,1058097,96,192,8418,99,380,22490,268,4307,162518,11228,11228,1053551,95,190,8334,98,377,22490,255,4218,160166
9099,2180,9999, ,Dothan AL MSA,326,326,19193,6,12,282,0,0,0,5,38,1053,325,325,19113,6,12,282,0,0,0,5,38,1053
9099,2200,9999, ,Dubuque IA MSA,247,247,20799,6,12,531,8,32,1754,5,55,3100,247,247,20799,6,12,531,8,32,1754,5,55,3100
9099,2240,9999, ,Duluth MN-WI MSA,589,589,39312,7,14,679,9,35,1513,1,12,634,549,549,36094,7,14,679,9,35,1513,1,12,634
9099,2290,9999, ,Eau Claire WI MSA,381,381,32320,5,10,652,9,34,1280,5,85,4850,381,381,32320,5,10,652,9,34,1280,5,85,4850
9099,2320,9999, ,El Paso TX MSA,1837,1837,96606,9,18,626,4,15,339,17,227,4326,1837,1837,96606,9,18,626,4,15,339,17,227,4326
9099,2330,9999, ,Elkhart-Goshen IN MSA,668,668,52941,5,10,551,9,36,1137,2,30,437,664,664,52679,5,10,551,9,36,1137,1,24,240
9099,2335,9999, ,Elmira NY MSA,100,100,9661,1,2,65,0,0,0,1,8,350,86,86,8616,0,0,0,0,0,0,1,8,350
9099,2340,9999, ,Enid OK MSA,31,31,3567,0,0,0,0,0,0,0,0,0,31,31,3567,0,0,0,0,0,0,0,0,0
9099,2360,9999, ,Erie PA MSA,593,593,41546,1,2,60,9,34,1207,9,49,1402,550,550,39480,1,2,60,9,34,1207,9,49,1402
9099,2400,9999, ,Eugene-Springfield OR MSA,884,884,81760,21,42,2306,14,50,2908,86,896,33888,878,878,81223,21,42,2306,14,50,2908,86,896,33888
9099,2440,9999, ,Evansville IN-KY MSA,752,752,60860,17,34,2403,2,6,190,20,313,4595,752,752,60860,17,34,2403,2,6,190,20,313,4595
9099,2520,9999, ,Fargo-Moorhead ND-MN MSA,417,417,37028,2,4,150,4,15,566,29,554,12104,416,416,36968,2,4,150,4,15,566,29,554,12104
9099,2560,9999, ,Fayetteville NC MSA,1024,1024,57452,2,4,100,15,55,1277,11,135,2976,1023,1023,57367,2,4,100,15,55,1277,11,135,2976
9099,2580,9999, ,Fayetteville-Springdale AR MSA,517,517,33582,52,104,3273,5,17,410,11,112,2589,516,516,33528,51,102,3218,5,17,410,11,112,2589
9099,2600,9999, ,Fitchburg-Leominster MA MSA,181,181,16309,4,8,403,6,24,880,4,99,2075,166,166,14932,4,8,403,6,24,880,4,99,2075
9099,2640,9999, ,Flint MI MSA,845,845,68318,13,26,1230,15,55,3072,14,355,11570,843,843,68149,13,26,1230,15,55,3072,14,355,11570
9099,2650,9999, ,Florence AL MSA,197,197,11201,5,10,172,4,13,317,11,146,2793,180,180,10605,5,10,172,4,13,317,11,146,2793
9099,2655,9999, ,Florence SC MSA,453,453,35185,10,20,550,3,10,240,17,227,6050,452,452,35055,10,20,550,3,10,240,17,227,6050
9099,2670,9999, ,Fort Collins-Loveland CO MSA,1017,1017,79199,18,36,1843,3,11,738,18,172,3787,1017,1017,79199,18,36,1843,3,11,738,18,172,3787
9099,2700,9999, ,Fort Myers-Cape Coral FL MSA,3383,3383,275330,95,190,10801,26,104,6546,88,1238,49963,3207,3207,261247,90,180,10267,22,88,5689,81,1131,44553
9099,2710,9999, ,Fort Pierce FL MSA,3101,3101,256089,36,72,3817,71,275,13017,31,330,22505,3101,3101,256089,36,72,3817,71,275,13017,31,330,22505
9099,2720,9999, ,Fort Smith AR-OK MSA,451,451,28157,8,16,649,2,6,175,7,187,3320,437,437,27293,8,16,649,2,6,175,7,187,3320
9099,2750,9999, ,Fort Walton Beach FL MSA,910,910,51827,0,0,0,0,0,0,8,155,2526,910,910,51827,0,0,0,0,0,0,8,155,2526
9099,2760,9999, ,Fort Wayne IN MSA,1681,1681,174677,30,60,1903,2,8,480,7,214,4600,1679,1679,174620,30,60,1903,2,8,480,7,214,4600
9099,2840,9999, ,Fresno CA MSA,3872,3872,375114,139,278,13156,48,185,8440,118,1018,34824,3872,3872,375114,139,278,13156,48,185,8440,118,1018,34824
9099,2880,9999, ,Gadsden AL MSA,114,114,6576,1,2,48,0,0,0,2,16,350,114,114,6576,1,2,48,0,0,0,2,16,350
9099,2900,9999, ,Gainesville FL MSA,943,943,54483,6,12,265,10,40,617,27,216,6567,943,943,54483,6,12,265,10,40,617,27,216,6567
9099,2975,9999, ,Glens Falls NY MSA,662,662,54155,24,48,3312,5,20,1195,1,10,262,649,649,53643,24,48,3312,5,20,1195,1,10,262
9099,2985,9999, ,Grand Forks ND MSA,71,71,6356,1,2,80,1,4,188,0,0,0,70,70,6281,0,0,0,1,4,188,0,0,0
9099,3000,9999, ,Grand Rapids MI MSA,2927,2927,274043,46,92,5192,58,225,9457,62,1632,60052,2890,2890,271425,46,92,5192,56,219,9197,61,1622,59874
9099,3040,9999, ,Great Falls MT MSA,53,53,5673,1,2,227,0,0,0,0,0,0,53,53,5673,1,2,227,0,0,0,0,0,0
9099,3060,9999, ,Greeley CO MSA,246,246,19037,6,12,573,4,13,848,0,0,0,231,231,18278,6,12,573,4,13,848,0,0,0
9099,3080,9999, ,Green Bay WI MSA,760,760,71672,59,118,5743,2,7,340,21,376,8320,590,590,57394,59,118,5743,1,4,280,21,376,8320
9099,3120,9999, ,Greensboro--Winston-Salem--High Point NC MSA,4364,4364,323725,44,88,2674,29,112,4476,44,426,9604,4361,4361,323441,44,88,2674,29,112,4476,44,426,9604
9099,3160,9999, ,Greenville-Spartanburg SC MSA,2802,2802,208611,54,108,4149,8,27,1000,85,1179,45240,2802,2802,208611,54,108,4149,8,27,1000,85,1179,45240
9099,3180,9999, ,Hagerstown MD MSA,631,631,55279,19,38,1143,0,0,0,1,8,160,630,630,55261,19,38,1143,0,0,0,1,8,160
9099,3240,9999, ,Harrisburg-Lebanon-Carlisle PA MSA,2454,2454,189590,16,32,996,12,43,1724,31,459,14932,2377,2377,185397,16,32,996,12,43,1724,30,443,14038
9099,3282,1170, ,Bristol CT PMSA,144,144,14487,0,0,0,1,3,65,1,7,125,144,144,14487,0,0,0,1,3,65,1,7,125
9099,3282,3280, ,Hartford CT PMSA,1262,1262,136971,18,36,1612,6,22,1601,9,357,13723,1262,1262,136971,18,36,1612,6,22,1601,9,357,13723
9099,3282,5020, ,Middletown CT PMSA,207,207,18744,2,4,187,0,0,0,1,15,360,207,207,18744,2,4,187,0,0,0,1,15,360
9099,3282,5440, ,New Britain CT PMSA,161,161,13089,4,8,316,2,7,249,0,0,0,161,161,13089,4,8,316,2,7,249,0,0,0
9099,3290,9999, ,Hickory-Morganton NC MSA,859,859,62640,22,44,1522,12,43,1256,19,137,3208,763,763,57069,22,44,1522,12,43,1256,19,137,3208
9099,3320,9999, ,Honolulu HI MSA,1524,1524,249477,63,126,18133,22,85,6335,95,1242,127931,1524,1524,249477,63,126,18133,22,85,6335,95,1242,127931
9099,3350,9999, ,Houma-Thibodaux LA MSA,393,393,22088,3,6,168,0,0,0,7,56,900,393,393,22088,3,6,168,0,0,0,7,56,900
9099,3362,1145, ,Brazoria TX PMSA,924,924,73804,2,4,88,0,0,0,1,12,1043,915,915,72812,2,4,88,0,0,0,1,12,1043
9099,3362,2920, ,Galveston-Texas City TX PMSA,942,942,104072,0,0,0,0,0,0,1,40,600,942,942,104072,0,0,0,0,0,0,1,40,600
9099,3362,3360, ,Houston TX PMSA,9065,9065,945165,6,12,375,8,31,1378,100,2259,49642,9062,9062,944985,6,12,375,8,31,1378,100,2259,49642
9099,3400,9999, ,Huntington-Ashland WV-KY-OH MSA,140,140,10212,3,6,108,2,7,504,0,0,0,135,135,10013,2,4,80,2,7,504,0,0,0
9099,3440,9999, ,Huntsville AL MSA,1380,1380,47989,4,8,217,6,24,1101,31,453,8004,1379,1379,47954,4,8,217,6,24,1101,31,453,8004
9099,3480,9999, ,Indianapolis IN MSA,6433,6433,726758,84,168,8572,44,160,10697,133,1716,49118,6429,6429,726585,84,168,8572,44,160,10697,133,1716,49118
9099,3500,9999, ,Iowa City IA MSA,374,374,39202,5,10,403,10,39,2195,16,196,5880,374,374,39202,5,10,403,10,39,2195,16,196,5880
9099,3520,9999, ,Jackson MI MSA,452,452,32665,3,6,265,2,6,568,10,120,6327,417,417,30647,3,6,265,2,6,568,10,120,6327
9099,3560,9999, ,Jackson MS MSA,1144,1144,76021,22,44,2093,4,15,688,8,96,3516,1142,1142,75903,22,44,2093,4,15,688,8,96,3516
9099,3580,9999, ,Jackson TN MSA,427,427,30123,1,2,40,1,4,90,0,0,0,427,427,30123,1,2,40,1,4,90,0,0,0
9099,3600,9999, ,Jacksonville FL MSA,5981,5981,457904,23,46,2232,22,87,3115,151,2044,58774,5981,5981,457904,23,46,2232,22,87,3115,151,2044,58774
9099,3605,9999, ,Jacksonville NC MSA,470,470,20458,2,4,158,4,14,506,3,44,2898,470,470,20458,2,4,158,4,14,506,3,44,2898
9099,3610,9999, ,Jamestown-Durkirk NY MSA,214,214,15372,1,2,70,1,3,30,1,6,170,198,198,14691,1,2,70,1,3,30,1,6,170
9099,3620,9999, ,Janesville-Beloit WI MSA,359,359,28148,39,78,4028,1,4,205,11,177,5048,338,338,27362,39,78,4028,1,4,205,11,177,5048
9099,3660,9999, ,Johnson City-Kingsport-Bristol TN-VA MSA,800,800,51087,8,16,416,7,28,672,16,130,3132,787,787,50506,8,16,416,7,28,672,16,130,3132
9099,3680,9999, ,Johnstown PA MSA,367,367,23738,2,4,114,0,0,0,2,64,2534,333,333,22042,2,4,114,0,0,0,2,64,2534
9099,3710,9999, ,Joplin MO MSA,252,252,15986,5,10,410,8,32,649,3,24,700,243,243,15356,5,10,410,8,32,649,3,24,700
9099,3720,9999, ,Kalamazoo MI MSA,658,658,75565,5,10,684,3,12,520,5,48,2448,607,607,71132,5,10,684,3,12,520,5,48,2448
9099,3740,9999, ,Kankakee IL MSA,245,245,22313,10,20,1018,4,16,470,8,168,9420,239,239,21850,10,20,1018,4,16,470,8,168,9420
9099,3760,9999, ,Kansas City MO-KS MSA,6197,6197,605227,122,244,13858,98,377,12153,53,596,22990,6171,6171,603330,122,244,13858,98,377,12153,53,596,22990
9099,3810,9999, ,Killeen-Temple TX MSA,257,257,18844,1,2,77,0,0,0,0,0,0,254,254,18759,1,2,77,0,0,0,0,0,0
9099,3840,9999, ,Knoxville TN MSA,2531,2531,173050,36,72,2256,39,145,4841,25,273,8863,2523,2523,172600,36,72,2256,39,145,4841,25,273,8863
9099,3850,9999, ,Kokomo IN MSA,196,196,18656,20,40,3544,0,0,0,0,0,0,189,189,18350,20,40,3544,0,0,0,0,0,0
9099,3870,9999, ,La Crosse WI MSA,268,268,23501,19,38,1937,3,12,303,11,133,4247,267,267,23462,19,38,1937,3,12,303,10,119,3779
9099,3880,9999, ,Lafayette LA MSA,402,402,36228,0,0,0,0,0,0,0,0,0,383,383,35518,0,0,0,0,0,0,0,0,0
9099,3920,9999, ,Lafayette-West Lafayette IN MSA,371,371,35393,0,0,0,3,12,320,33,369,9988,371,371,35393,0,0,0,3,12,320,33,369,9988
9099,3960,9999, ,Lake Charles LA MSA,484,484,32375,6,12,497,1,3,1100,11,93,2763,481,481,32241,6,12,497,1,3,1100,5,34,1165
9099,3980,9999, ,Lakeland-Winter Haven FL MSA,1988,1988,124254,49,98,3782,1,4,88,61,695,22851,1988,1988,124254,49,98,3782,1,4,88,61,695,22851
9099,4000,9999, ,Lancaster PA MSA,1947,1947,160593,14,28,1115,33,128,5695,47,578,24451,1770,1770,151966,14,28,1115,33,128,5695,46,558,23903
9099,4040,9999, ,Lansing-East Lansing MI MSA,1324,1324,106193,24,48,2696,6,23,1091,16,239,5734,1322,1322,105961,24,48,2696,6,23,1091,15,229,5511
9099,4080,9999, ,Laredo TX MSA,603,603,26910,4,8,124,10,38,610,14,175,3085,603,603,26910,4,8,124,10,38,610,14,175,3085
9099,4100,9999, ,Las Cruces NM MSA,433,433,30456,5,10,166,2,6,90,7,104,2657,368,368,26575,1,2,35,2,6,90,7,104,2657
9099,4120,9999, ,Las Vegas NV MSA,11201,11201,757124,63,126,3780,144,564,24658,740,8812,270204,11200,11200,757087,63,126,3780,144,564,24658,739,8806,270099
9099,4150,9999, ,Lawrence KS MSA,436,436,37460,53,106,5364,34,122,4242,7,46,1547,418,418,36331,53,106,5364,34,122,4242,7,46,1547
9099,4200,9999, ,Lawton OK MSA,61,61,6377,0,0,0,0,0,0,0,0,0,59,59,6331,0,0,0,0,0,0,0,0,0
9099,4240,9999, ,Lewiston-Auburn ME MSA,148,148,11811,4,8,233,0,0,0,1,8,232,148,148,11811,4,8,233,0,0,0,1,8,232
9099,4280,9999, ,Lexington-Fayette KY MSA,1943,1943,153661,43,86,2695,10,38,1027,15,98,2094,1943,1943,153661,43,86,2695,10,38,1027,15,98,2094
9099,4320,9999, ,Lima OH MSA,402,402,33629,14,28,988,4,12,368,5,60,1415,319,319,29398,14,28,988,4,12,368,5,60,1415
9099,4360,9999, ,Lincoln NE MSA,971,971,84872,27,54,2492,4,14,562,42,1031,19641,969,969,84774,27,54,2492,4,14,562,42,1031,19641
9099,4400,9999, ,Little Rock-North Little Rock AR MSA,1321,1321,107519,20,40,1386,1,3,50,6,113,2550,1321,1321,107519,20,40,1386,1,3,50,6,113,2550
9099,4420,9999, ,Longview-Marshall TX MSA,117,117,8661,0,0,0,0,0,0,0,0,0,117,117,8661,0,0,0,0,0,0,0,0,0
9099,4472,0360, ,Anaheim-Santa Ana CA PMSA,4378,4378,663445,189,378,30399,237,848,66527,595,6379,388881,4378,4378,663445,189,378,30399,237,848,66527,595,6379,388881
9099,4472,4480, ,Los Angeles-Long Beach CA PMSA,9011,9011,1630363,461,922,79215,362,1309,104449,1030,13883,1164467,8887,8887,1613695,444,888,76838,339,1228,99873,1008,13692,1153904
9099,4472,6000, ,Oxnard-Ventura CA PMSA,1368,1368,247982,32,64,6784,27,98,11598,76,1090,60268,1360,1360,247123,32,64,6784,27,98,11598,76,1090,60268
9099,4472,6780, ,Riverside-San Bernardino CA PMSA,23126,23126,2708507,168,336,23919,83,321,21034,456,4829,257396,23075,23075,2697333,167,334,23742,83,321,21034,456,4829,257396
9099,4520,9999, ,Louisville KY-IN MSA,3680,3680,331456,22,44,1024,32,127,4305,83,945,28544,3639,3639,328737,21,42,975,31,124,4209,82,940,28415
9099,4600,9999, ,Lubbock TX MSA,394,394,37832,0,0,0,8,32,416,3,27,750,394,394,37832,0,0,0,8,32,416,3,27,750
9099,4640,9999, ,Lynchburg VA MSA,363,363,30336,8,16,395,4,16,370,3,21,629,363,363,30336,8,16,395,4,16,370,3,21,629
9099,4680,9999, ,Macon-Warner Robins GA MSA,1166,1166,72117,28,56,1996,0,0,0,23,205,7757,1166,1166,72117,28,56,1996,0,0,0,23,205,7757
9099,4720,9999, ,Madison WI MSA,1566,1566,150842,100,200,9936,36,142,5543,45,893,28978,1566,1566,150842,100,200,9936,36,142,5543,45,893,28978
9099,4760,9999, ,Manchester NH MSA,266,266,31713,7,14,582,0,0,0,3,231,13674,266,266,31713,7,14,582,0,0,0,3,231,13674
9099,4800,9999, ,Mansfield OH MSA,229,229,19975,6,12,485,0,0,0,6,58,1580,229,229,19975,6,12,485,0,0,0,6,58,1580
9099,4880,9999, ,McAllen-Edinburg-Mission TX MSA,1217,1217,56882,22,44,1124,17,59,1193,8,82,1956,1129,1129,54733,22,44,1124,17,59,1193,6,42,966
9099,4890,9999, ,Medford OR MSA,933,933,84177,10,20,1206,15,58,2720,39,500,23320,933,933,84177,10,20,1206,15,58,2720,39,500,23320
9099,4900,9999, ,Melbourne-Titusville-Palm Bay FL MSA,3880,3880,325182,16,32,1741,16,58,2878,53,789,29963,3880,3880,325182,16,32,1741,16,58,2878,53,789,29963
9099,4920,9999, ,Memphis TN-AR-MS MSA,4564,4564,382912,20,40,1463,1,4,50,92,1198,27788,4551,4551,381942,20,40,1463,1,4,50,91,1193,27624
9099,4940,9999, ,Merced CA MSA,1061,1061,97368,4,8,360,5,17,799,2,92,3164,1061,1061,97368,4,8,360,5,17,799,2,92,3164
9099,4992,2680, ,Fort Lauderdale-Hollywood-Pompano Beach FL PMSA,5457,5457,577207,72,144,7964,46,181,8847,233,4967,216495,5457,5457,577207,72,144,7964,46,181,8847,233,4967,216495
9099,4992,5000, ,Miami-Hialeah FL PMSA,5073,5073,404345,131,262,12846,27,107,3386,185,5413,240959,5073,5073,404345,131,262,12846,27,107,3386,185,5413,240959
9099,5040,9999, ,Midland TX MSA,216,216,22595,0,0,0,0,0,0,0,0,0,216,216,22595,0,0,0,0,0,0,0,0,0
9099,5082,5080, ,Milwaukee WI PMSA,3653,3653,402465,172,344,23789,87,337,18214,300,3832,137014,3527,3527,392912,171,342,23689,87,337,18214,300,3832,137014
9099,5082,6600, ,Racine WI PMSA,486,486,54632,15,30,1792,5,20,1115,27,330,18272,486,486,54632,15,30,1792,5,20,1115,27,330,18272
9099,5120,9999, ,Minneapolis-St. Paul MN-WI MSA,11538,11538,1174805,45,90,5766,36,137,11518,143,3085,145715,11528,11528,1173191,45,90,5766,36,137,11518,142,3079,145268
9099,5160,9999, ,Mobile AL MSA,808,808,59070,6,12,480,1,4,49,0,0,0,808,808,59070,6,12,480,1,4,49,0,0,0
9099,5170,9999, ,Modesto CA MSA,3471,3471,294043,49,98,5885,52,182,9657,18,206,7040,3471,3471,294043,49,98,5885,52,182,9657,18,206,7040
9099,5200,9999, ,Monroe LA MSA,254,254,22383,0,0,0,0,0,0,0,0,0,254,254,22383,0,0,0,0,0,0,0,0,0
9099,5240,9999, ,Montgomery AL MSA,822,822,47721,1,2,38,0,0,0,14,112,2600,822,822,47721,1,2,38,0,0,0,14,112,2600
9099,5280,9999, ,Muncie IN MSA,171,171,16092,8,16,930,4,15,950,3,56,2442,167,167,15897,7,14,780,4,15,950,3,56,2442
9099,5320,9999, ,Muskegon MI MSA,627,627,45472,7,14,440,3,10,421,3,40,1116,532,532,39315,7,14,440,2,6,261,2,22,756
9099,5345,9999, ,Naples FL MSA,2138,2138,190424,95,190,10758,46,166,12259,265,3352,202362,2136,2136,189648,95,190,10758,46,166,12259,265,3352,202362
9099,5360,9999, ,Nashville TN MSA,5091,5091,387592,59,118,5727,5,20,405,43,842,27157,5087,5087,387317,59,118,5727,5,20,405,43,842,27157
9099,5400,9999, ,New Bedford MA MSA,266,266,25275,10,20,941,1,4,250,4,43,1190,230,230,22041,10,20,941,0,0,0,4,43,1190
9099,5480,9999, ,New Haven-Meriden CT MSA,757,757,68369,50,100,3932,6,21,559,21,270,11992,756,756,68318,49,98,3868,6,21,559,21,270,11992
9099,5520,9999, ,New London-Norwich CT-RI MSA,463,463,47208,6,12,522,2,8,301,7,153,4991,463,463,47208,6,12,522,2,8,301,7,153,4991
9099,5560,9999, ,New Orleans LA MSA,1970,1970,138532,16,32,1082,1,3,158,2,268,13141,1970,1970,138532,16,32,1082,1,3,158,2,268,13141
9099,5602,0875, ,Bergen-Passaic NJ PMSA,434,434,76408,58,116,8569,2,8,257,34,987,42052,432,432,75823,57,114,8457,2,8,257,34,987,42052
9099,5602,1160, ,Bridgeport-Milford CT PMSA,454,454,44669,10,20,633,6,20,912,9,62,3060,454,454,44669,10,20,633,6,20,912,9,62,3060
9099,5602,1930, ,Danbury CT PMSA,338,338,46369,8,16,1047,12,43,2055,8,78,2016,338,338,46369,8,16,1047,12,43,2055,8,78,2016
9099,5602,3640, ,Jersey City NJ PMSA,10,10,537,77,154,7213,3,9,231,7,313,22090,10,10,537,77,154,7213,2,6,145,7,313,22090
9099,5602,5015, ,Middlesex-Somerset-Hunterdon NJ PMSA,2166,2166,235066,17,34,1402,8,30,2196,56,810,35945,2161,2161,234808,16,32,1331,8,30,2196,56,810,35945
9099,5602,5190, ,Monmouth-Ocean NJ PMSA,3157,3157,267249,11,22,979,3,12,504,14,162,7036,3121,3121,262337,11,22,979,3,12,504,13,157,6226
9099,5602,5380, ,Nassau-Suffolk NY PMSA,4578,4578,306622,79,158,6368,3,12,635,19,276,17515,4533,4533,303387,78,156,6280,3,12,635,19,276,17515
9099,5602,5600, ,New York NY PMSA,2766,2766,281909,834,1668,98021,254,795,55232,95,3847,325841,2763,2763,280719,833,1666,97766,254,795,55232,95,3847,325841
9099,5602,5640, ,Newark NJ PMSA,1274,1274,168925,50,100,4338,8,30,1994,34,409,16196,1268,1268,167926,50,100,4338,8,30,1994,33,402,15774
9099,5602,5760, ,Norwalk CT PMSA,60,60,12622,3,6,268,1,4,172,3,117,3982,53,53,11200,3,6,268,1,4,172,3,117,3982
9099,5602,5950, ,Orange County NY PMSA,785,785,67971,42,84,3387,3,11,488,15,130,5644,783,783,67789,42,84,3387,3,11,488,15,130,5644
9099,5602,8040, ,Stamford CT PMSA,119,119,24678,4,8,465,1,3,150,20,460,32025,119,119,24678,4,8,465,1,3,150,20,460,32025
9099,5720,9999, ,Norfolk-Virginia Beach-Newport News VA MSA,5899,5899,487845,147,294,8869,37,144,6069,165,1712,58092,5899,5899,487845,147,294,8869,37,144,6069,165,1712,58092
9099,5790,9999, ,Ocala FL MSA,1942,1942,71945,7,14,371,0,0,0,4,32,671,1942,1942,71945,7,14,371,0,0,0,4,32,671
9099,5800,9999, ,Odessa TX MSA,45,45,5437,0,0,0,0,0,0,0,0,0,45,45,5437,0,0,0,0,0,0,0,0,0
9099,5880,9999, ,Oklahoma City OK MSA,2033,2033,177844,1,2,25,0,0,0,2,32,670,2030,2030,177655,1,2,25,0,0,0,2,32,670
9099,5910,9999, ,Olympia WA MSA,1766,1766,135916,11,22,1076,18,72,3678,61,762,29681,1766,1766,135916,11,22,1076,18,72,3678,61,762,29681
9099,5920,9999, ,Omaha NE-IA MSA,2150,2150,151200,26,52,2631,4,16,723,62,1152,16954,2150,2150,151200,26,52,2631,4,16,723,62,1152,16954
9099,5960,9999, ,Orlando FL MSA,11360,11360,1010599,66,132,7264,15,57,2392,535,7282,216362,11360,11360,1010599,65,130,7169,15,57,2392,535,7282,216362
9099,5990,9999, ,Owensboro KY MSA,255,255,15797,10,20,710,2,8,226,4,32,914,255,255,15797,10,20,710,2,8,226,4,32,914
9099,6015,9999, ,Panama City FL MSA,677,677,51528,6,12,597,0,0,0,3,36,1200,677,677,51528,6,12,597,0,0,0,3,36,1200
9099,6020,9999, ,Parkersburg-Marietta WV-OH MSA,85,85,6844,2,4,60,0,0,0,0,0,0,85,85,6844,2,4,60,0,0,0,0,0,0
9099,6025,9999, ,Pascagoula MS MSA,282,282,14140,0,0,0,0,0,0,0,0,0,282,282,14140,0,0,0,0,0,0,0,0,0
9099,6080,9999, ,Pensacola FL MSA,1939,1939,111017,15,30,681,4,12,256,2,16,400,1939,1939,111017,15,30,681,4,12,256,2,16,400
9099,6120,9999, ,Peoria IL MSA,760,760,72941,22,44,2529,4,13,1149,5,32,802,758,758,72823,22,44,2529,4,13,1149,5,32,802
9099,6162,6160, ,Philadelphia PA-NJ PMSA,9962,9962,861332,89,178,8474,30,119,5924,118,1648,71127,9879,9879,856357,89,178,8474,30,119,5924,118,1648,71127
9099,6162,8480, ,Trenton NJ PMSA,520,520,47093,0,0,0,1,4,286,25,480,15700,520,520,47093,0,0,0,1,4,286,25,480,15700
9099,6162,8760, ,Vineland-Millville-Bridgeton NJ PMSA,260,260,17627,13,26,1134,1,3,14,1,5,35,252,252,17148,13,26,1134,1,3,14,1,5,35
9099,6162,9160, ,Wilmington DE-NJ-MD PMSA,3216,3216,175001,6,12,310,1,4,78,42,573,16071,3215,3215,174927,6,12,310,1,4,78,42,573,16071
9099,6200,9999, ,Phoenix AZ MSA,10909,10909,1185631,3,6,490,22,72,5085,157,1963,94313,10909,10909,1185631,3,6,490,22,72,5085,157,1963,94313
9099,6240,9999, ,Pine Bluff AR MSA,91,91,2551,6,12,219,0,0,0,0,0,0,91,91,2551,6,12,219,0,0,0,0,0,0
9099,6282,0845, ,Beaver County PA PMSA,449,449,39994,3,6,135,1,4,120,2,11,900,449,449,39994,3,6,135,1,4,120,2,11,900
9099,6282,6280, ,Pittsburgh PA PMSA,3634,3634,382135,13,26,1438,15,57,2675,48,700,30710,3537,3537,374971,13,26,1438,13,51,2225,46,690,30506
9099,6320,9999, ,Pittsfield MA MSA,113,113,12407,1,2,290,0,0,0,3,15,538,72,72,8581,1,2,290,0,0,0,1,5,125
9099,6400,9999, ,Portland ME MSA,692,692,67098,18,36,1350,5,20,400,1,100,2030,692,692,67098,18,36,1350,5,20,400,1,100,2030
9099,6442,6440, ,Portland OR PMSA,6420,6420,701345,39,78,4038,177,701,27539,416,4913,182146,6419,6419,701240,39,78,4038,177,701,27539,416,4913,182146
9099,6442,8725, ,Vancouver WA PMSA,2637,2637,237891,12,24,952,23,82,4311,132,1108,25901,2637,2637,237891,12,24,952,23,82,4311,132,1108,25901
9099,6450,9999, ,Portsmouth-Dover-Rochester NH-ME MSA,629,629,59892,9,18,1033,2,7,575,2,14,439,576,576,56668,9,18,1033,2,7,575,2,14,439
9099,6460,9999, ,Poughkeepsie NY MSA,573,573,62744,6,12,503,4,16,834,6,46,3375,490,490,52428,5,10,433,4,16,834,6,46,3375
9099,6482,2480, ,Fall River MA-RI PMSA,278,278,26587,20,40,2283,3,12,637,2,42,810,278,278,26587,20,40,2283,3,12,637,2,42,810
9099,6482,6060, ,Pawtucket-Woonsocket-Attleboro RI-MA PMSA,692,692,64279,28,56,2180,6,20,602,13,79,2751,692,692,64279,28,56,2180,6,20,602,13,79,2751
9099,6482,6480, ,Providence RI PMSA,1555,1555,134801,136,272,9047,7,26,1023,23,202,7200,1555,1555,134801,136,272,9047,7,26,1023,23,202,7200
9099,6520,9999, ,Provo-Orem UT MSA,979,979,88939,16,32,1439,13,49,2975,15,240,7392,971,971,88432,16,32,1439,13,49,2975,15,240,7392
9099,6560,9999, ,Pueblo CO MSA,188,188,9398,1,2,69,1,4,293,1,30,595,188,188,9398,1,2,69,1,4,293,1,30,595
9099,6640,9999, ,Raleigh-Durham NC MSA,4953,4953,442807,16,32,1108,10,35,936,96,1582,45646,4953,4953,442807,16,32,1108,10,35,936,96,1582,45646
9099,6660,9999, ,Rapid City SD MSA,245,245,15231,1,2,103,0,0,0,3,50,1945,243,243,15200,1,2,103,0,0,0,3,50,1945
9099,6680,9999, ,Reading PA MSA,1171,1171,95577,22,44,1895,2,7,712,14,179,4715,1059,1059,87643,22,44,1895,2,7,712,13,169,4415
9099,6690,9999, ,Redding CA MSA,1855,1855,178504,43,86,4512,37,145,7773,38,282,13582,1855,1855,178504,43,86,4512,37,145,7773,38,282,13582
9099,6720,9999, ,Reno NV MSA,1861,1861,193413,4,8,671,23,91,4361,83,642,29567,1861,1861,193413,4,8,671,23,91,4361,83,642,29567
9099,6740,9999, ,Richland-Kennewick-Pasco WA MSA,434,434,44498,12,24,2260,0,0,0,1,20,785,434,434,44498,12,24,2260,0,0,0,1,20,785
9099,6760,9999, ,Richmond-Petersburg VA MSA,6028,6028,396201,19,38,1987,10,39,1627,72,659,12716,6028,6028,396201,19,38,1987,10,39,1627,72,659,12716
9099,6800,9999, ,Roanoke VA MSA,699,699,41744,29,58,1302,4,14,341,5,51,934,543,543,30661,27,54,1216,4,14,341,3,39,627
9099,6820,9999, ,Rochester MN MSA,791,791,81823,17,34,2828,16,60,3103,15,222,11344,791,791,81823,17,34,2828,16,60,3103,15,222,11344
9099,6840,9999, ,Rochester NY MSA,3098,3098,322410,22,44,1674,13,51,1974,34,314,9900,3084,3084,321187,22,44,1674,13,51,1974,34,314,9900
9099,6880,9999, ,Rockford IL MSA,1034,1034,80214,62,124,5809,18,69,1814,31,245,6016,571,571,53326,52,104,4862,16,63,1648,30,240,5920
9099,6920,9999, ,Sacramento CA MSA,13456,13456,1728239,86,172,13253,27,97,5503,226,2620,135323,13456,13456,1728239,86,172,13253,27,97,5503,226,2620,135323
9099,6960,9999, ,Saginaw-Bay City-Midland MI MSA,846,846,68076,33,66,3598,8,31,2316,12,91,6382,691,691,57390,33,66,3598,7,28,2316,11,86,6298
9099,6980,9999, ,St. Cloud MN MSA,1101,1101,80139,2,4,233,2,7,161,29,854,23803,1018,1018,74399,2,4,233,1,4,161,29,854,23803
9099,7000,9999, ,St. Joseph MO MSA,156,156,13297,7,14,600,6,24,880,1,12,400,156,156,13297,7,14,600,6,24,880,1,12,400
9099,7040,9999, ,St. Louis MO-IL MSA,7165,7165,625787,116,232,11207,62,236,8807,51,707,32366,7164,7164,625696,116,232,11207,62,236,8807,51,707,32366
9099,7080,9999, ,Salem OR MSA,1096,1096,83007,32,64,2689,14,56,1543,105,940,18827,1096,1096,83007,32,64,2689,14,56,1543,105,940,18827
9099,7120,9999, ,Salinas-Seaside-Monterey CA MSA,1027,1027,124250,31,62,3291,14,51,2801,7,43,2221,1027,1027,124250,31,62,3291,14,51,2801,7,43,2221
9099,7160,9999, ,Salt Lake City-Ogden UT MSA,3544,3544,311586,14,28,1914,5,18,1102,30,239,7838,3480,3480,307115,13,26,1790,5,18,1102,30,239,7838
9099,7200,9999, ,San Angelo TX MSA,131,131,5427,0,0,0,0,0,0,0,0,0,131,131,5427,0,0,0,0,0,0,0,0,0
9099,7240,9999, ,San Antonio TX MSA,1641,1641,101327,4,8,197,1,4,62,3,70,1574,1632,1632,100700,4,8,197,1,4,62,3,70,1574
9099,7320,9999, ,San Diego CA MSA,6652,6652,1171293,273,546,50951,164,581,52710,579,7953,545494,6652,6652,1171293,273,546,50951,164,581,52710,579,7953,545494
9099,7362,5775, ,Oakland CA PMSA,4764,4764,655511,68,136,11533,56,200,14877,143,1887,119597,4764,4764,655511,68,136,11533,56,200,14877,143,1887,119597
9099,7362,7360, ,San Francisco CA PMSA,1154,1154,244905,68,136,17664,62,195,25451,68,1230,123397,1126,1126,241550,67,134,17528,61,192,25133,65,1215,122261
9099,7362,7400, ,San Jose CA PMSA,1760,1760,292476,49,98,10114,34,110,11124,238,3015,185242,1760,1760,292476,49,98,10114,34,110,11124,238,3015,185242
9099,7362,7485, ,Santa Cruz CA PMSA,405,405,59696,10,20,1393,9,30,2862,6,98,6822,405,405,59696,10,20,1393,9,30,2862,6,98,6822
9099,7362,7500, ,Santa Rosa-Petaluma CA PMSA,2662,2662,287420,25,50,3445,11,41,1901,59,892,32412,2662,2662,287420,25,50,3445,11,41,1901,59,892,32412
9099,7362,8720, ,Vallejo-Fairfield-Napa CA PMSA,2415,2415,349583,15,30,2536,101,305,18798,28,271,13457,2415,2415,349583,15,30,2536,101,305,18798,28,271,13457
9099,7480,9999, ,Santa Barbara-Santa Maria-Lompoc CA MSA,886,886,142433,30,60,6854,17,58,6051,22,275,12988,855,855,138103,29,58,6708,17,58,6051,22,275,12988
9099,7490,9999, ,Santa Fe NM MSA,354,354,42167,0,0,0,38,150,13845,1,6,100,354,354,42167,0,0,0,38,150,13845,1,6,100
9099,7510,9999, ,Sarasota FL MSA,2642,2642,250518,9,18,1245,31,120,5120,44,707,33181,2642,2642,250518,9,18,1245,31,120,5120,44,707,33181
9099,7520,9999, ,Savannah GA MSA,985,985,70386,12,24,1107,8,28,778,15,192,5883,692,692,55548,6,12,803,0,0,0,0,0,0
9099,7560,9999, ,Scranton--Wilkes-Barre PA MSA,3054,3054,245882,32,64,2229,23,88,2830,26,400,15347,2674,2674,222318,30,60,2051,22,84,2730,26,400,15347
9099,7602,7600, ,Seattle WA PMSA,10247,10247,1174221,156,312,17909,248,853,44422,882,11774,564003,10171,10171,1165618,155,310,17846,244,841,44003,874,11697,560509
9099,7602,8200, ,Tacoma WA PMSA,3925,3925,290904,114,228,11099,43,153,7893,92,1224,41238,3912,3912,289934,112,224,10935,43,153,7893,92,1224,41238
9099,7610,9999, ,Sharon PA MSA,266,266,16725,3,6,173,0,0,0,0,0,0,255,255,16260,3,6,173,0,0,0,0,0,0
9099,7620,9999, ,Sheboygan WI MSA,265,265,22763,25,50,2869,3,11,682,0,0,0,225,225,18979,23,46,2674,3,11,682,0,0,0
9099,7640,9999, ,Sherman-Denison TX MSA,59,59,3680,1,2,40,0,0,0,0,0,0,59,59,3680,1,2,40,0,0,0,0,0,0
9099,7680,9999, ,Shreveport LA MSA,289,289,29509,2,4,247,1,3,87,0,0,0,289,289,29509,1,2,175,0,0,0,0,0,0
9099,7720,9999, ,Sioux City IA-NE MSA,186,186,9899,8,16,738,2,7,180,9,48,1336,174,174,9106,8,16,738,2,7,180,9,48,1336
9099,7760,9999, ,Sioux Falls SD MSA,490,490,36348,5,10,605,3,12,390,10,180,5948,488,488,36313,5,10,605,3,12,390,10,180,5948
9099,7800,9999, ,South Bend-Mishawaka IN MSA,773,773,86068,17,34,1262,7,26,1160,22,657,22562,772,772,86002,17,34,1262,7,26,1160,22,657,22562
9099,7840,9999, ,Spokane WA MSA,1353,1353,116146,44,88,4127,9,33,978,16,318,19636,1345,1345,115680,44,88,4127,7,27,747,16,318,19636
9099,7880,9999, ,Springfield IL MSA,624,624,53589,80,160,7567,3,12,150,36,472,10534,614,614,53133,80,160,7567,2,8,150,36,472,10534
9099,7920,9999, ,Springfield MO MSA,1016,1016,53813,58,116,3457,10,40,1164,26,217,5076,1009,1009,53513,58,116,3457,10,40,1164,26,217,5076
9099,8000,9999, ,Springfield MA MSA,877,877,92513,95,190,8185,26,89,4164,17,224,11753,877,877,92513,95,190,8185,26,89,4164,17,224,11753
9099,8050,9999, ,State College PA MSA,408,408,36325,0,0,0,7,28,885,21,371,15143,406,406,36254,0,0,0,7,28,885,21,371,15143
9099,8080,9999, ,Steubenville-Weirton OH-WV MSA,71,71,5355,3,6,195,1,4,100,1,22,848,64,64,4889,3,6,195,1,4,100,1,22,848
9099,8120,9999, ,Stockton CA MSA,2958,2958,326267,9,18,1244,6,21,1479,17,190,9046,2958,2958,326267,9,18,1244,6,21,1479,17,190,9046
9099,8160,9999, ,Syracuse NY MSA,1658,1658,139222,32,64,2453,15,59,2850,6,124,5681,1646,1646,138143,32,64,2453,15,59,2850,6,124,5681
9099,8240,9999, ,Tallahassee FL MSA,1900,1900,129526,91,182,4529,11,38,820,74,869,25483,1900,1900,129526,91,182,4529,11,38,820,74,869,25483
9099,8280,9999, ,Tampa-St. Petersburg-Clearwater FL MSA,7850,7850,633020,87,174,9084,64,251,9741,258,4830,210689,7705,7705,622346,87,174,9084,64,251,9741,258,4830,210689
9099,8320,9999, ,Terre Haute IN MSA,171,171,15812,26,52,2490,3,12,340,14,136,3080,171,171,15812,26,52,2490,3,12,340,14,136,3080
9099,8360,9999, ,Texarkana TX-Texarkana AR MSA,158,158,8928,1,2,66,2,8,274,0,0,0,158,158,8928,1,2,66,2,8,274,0,0,0
9099,8400,9999, ,Toledo OH MSA,938,938,109177,18,36,1452,9,36,1128,48,502,15113,938,938,109177,18,36,1452,9,36,1128,46,492,14814
9099,8440,9999, ,Topeka KS MSA,457,457,40348,25,50,2679,2,7,550,5,32,560,457,457,40348,25,50,2679,2,7,550,5,32,560
9099,8520,9999, ,Tucson AZ MSA,2207,2207,176189,9,18,787,3,11,339,17,442,18142,2207,2207,176189,9,18,787,3,11,339,17,442,18142
9099,8560,9999, ,Tulsa OK MSA,1741,1741,137896,1,2,76,0,0,0,15,300,8971,1738,1738,137701,1,2,76,0,0,0,15,300,8971
9099,8600,9999, ,Tuscaloosa AL MSA,469,469,24205,16,32,652,1,4,58,27,381,8707,469,469,24205,16,32,652,1,4,58,27,381,8707
9099,8640,9999, ,Tyler TX MSA,95,95,12325,0,0,0,0,0,0,3,24,1060,95,95,12325,0,0,0,0,0,0,3,24,1060
9099,8680,9999, ,Utica-Rome NY MSA,622,622,47051,13,26,888,10,39,1030,6,178,5600,526,526,40448,12,24,822,10,39,1030,6,178,5600
9099,8750,9999, ,Victoria TX MSA,107,107,11641,0,0,0,0,0,0,0,0,0,107,107,11641,0,0,0,0,0,0,0,0,0
9099,8780,9999, ,Visalia-Tulare-Porterville CA MSA,1892,1892,160893,24,48,1675,42,152,7472,8,46,1480,1891,1891,160796,23,46,1632,41,148,7387,8,46,1480
9099,8800,9999, ,Waco TX MSA,214,214,17761,0,0,0,1,3,65,4,20,400,201,201,17169,0,0,0,1,3,65,4,20,400
9099,8840,9999, ,Washington DC-MD-VA MSA,16068,16068,1346829,33,66,2760,28,99,4383,371,8388,297587,16063,16063,1346269,33,66,2760,28,99,4383,371,8388,297587
9099,8880,9999, ,Waterbury CT MSA,700,700,45676,32,64,2046,7,27,1218,3,19,911,696,696,45512,32,64,2046,7,27,1218,3,19,911
9099,8920,9999, ,Waterloo-Cedar Falls IA MSA,187,187,17643,1,2,213,2,8,364,2,39,2373,187,187,17643,1,2,213,2,8,364,2,39,2373
9099,8940,9999, ,Wausau WI MSA,431,431,34510,22,44,1924,3,12,370,13,126,3255,402,402,32058,22,44,1924,3,12,370,13,126,3255
9099,8960,9999, ,West Palm Beach-Boca Raton-Delray Beach FL MSA,5665,5665,544792,31,62,2695,44,173,8043,459,3961,175849,5665,5665,544792,31,62,2695,44,173,8043,459,3961,175849
9099,9000,9999, ,Wheeling WV-OH MSA,48,48,3200,0,0,0,2,7,216,1,21,748,48,48,3200,0,0,0,2,7,216,1,21,748
9099,9040,9999, ,Wichita KS MSA,1595,1595,111706,35,70,3081,35,140,7262,48,443,10014,1593,1593,111606,35,70,3081,35,140,7262,48,443,10014
9099,9080,9999, ,Wichita Falls TX MSA,82,82,6782,1,2,60,0,0,0,0,0,0,82,82,6782,1,2,60,0,0,0,0,0,0
9099,9140,9999, ,Williamsport PA MSA,275,275,16510,5,10,205,0,0,0,4,30,630,266,266,16036,5,10,205,0,0,0,4,30,630
9099,9200,9999, ,Wilmington NC MSA,1185,1185,81393,20,40,1420,29,106,5232,7,75,4580,1168,1168,78887,18,36,1176,29,106,5232,0,0,0
9099,9240,9999, ,Worcester MA MSA,1021,1021,92227,29,58,3551,3,11,1000,24,447,12717,570,570,59215,23,46,2758,0,0,0,13,326,8915
9099,9260,9999, ,Yakima WA MSA,346,346,30536,19,38,1746,3,10,527,3,46,1282,345,345,30496,19,38,1746,3,10,527,3,46,1282
9099,9280,9999, ,York PA MSA,2439,2439,190429,44,88,4321,11,43,1732,12,67,3079,2227,2227,176092,36,72,3749,11,43,1732,9,52,2329
9099,9320,9999, ,Youngstown-Warren OH MSA,825,825,83004,32,64,3405,15,57,2913,24,185,5550,825,825,83004,32,64,3405,15,57,2913,24,185,5550
9099,9340,9999, ,Yuba City CA MSA,1095,1095,108538,35,70,3990,2,8,308,16,270,8351,1095,1095,108538,35,70,3990,2,8,308,16,270,8351
9099,9360,9999, ,Yuma AZ MSA,488,488,32069,0,0,0,4,13,340,36,318,10912,488,488,32069,0,0,0,4,13,340,36,318,10912
9099,1122,9999,,Boston-Lawrence-Salem MA-NH CMSA,5948,5948,666781,247,494,27185,50,183,10194,91,1157,51833,5690,5690,643185,243,486,26782,50,183,10194,68,1020,45371
9099,1282,9999,,Buffalo-Niagara Falls NY CMSA ,2770,2770,299204,133,266,14077,32,120,5191,42,484,11930,2770,2770,299204,133,266,14077,32,120,5191,42,484,11930
9099,1602,9999,,Chicago-Gary-Lake County IL-IN-WI CMSA,22413,22413,2583860,348,696,41858,242,875,50278,332,7011,405712,22107,22107,2559062,348,696,41858,242,875,50278,328,6991,405212
9099,1642,9999,,Cincinnati-Hamilton OH-KY-IN CMSA ,6448,6448,576738,71,142,5580,20,72,5592,183,2474,69366,6296,6296,569687,71,142,5580,19,69,5417,183,2474,69366
9099,1692,9999,,Cleveland-Akron-Lorain OH CMSA,6784,6784,819531,134,268,15411,74,279,16255,204,2627,75510,6746,6746,816424,134,268,15411,73,276,16130,199,2565,72647
9099,1922,9999,,Dallas-Fort Worth TX CMSA ,14650,14650,1621623,8,16,1054,12,45,5003,233,5168,135861,14627,14627,1618956,7,14,984,11,42,4957,232,5161,135762
9099,2082,9999,,Denver-Boulder CO CMSA,5397,5397,607930,5,10,588,9,34,3052,32,515,16829,5395,5395,607618,5,10,588,9,34,3052,32,515,16829
9099,2162,9999,,Detroit-Ann Arbor MI CMSA ,12113,12113,1154226,109,218,10810,109,417,26485,349,5223,196667,12056,12056,1149512,108,216,10726,108,414,26485,336,5134,194315
9099,3282,9999,,Hartford-New Britain-Middletown CT CMSA ,1774,1774,183291,24,48,2115,9,32,1915,11,379,14208,1774,1774,183291,24,48,2115,9,32,1915,11,379,14208
9099,3362,9999,,Houston-Galveston-Brazoria TX CMSA,10931,10931,1123041,8,16,463,8,31,1378,102,2311,51285,10919,10919,1121869,8,16,463,8,31,1378,102,2311,51285
9099,4472,9999,,Los Angeles-Anaheim-Riverside CA CMSA ,37883,37883,5250297,850,1700,140317,709,2576,203608,2157,26181,1871012,37700,37700,5221596,832,1664,137763,686,2495,199032,2135,25990,1860449
9099,4992,9999,,Miami-Fort Lauderdale FL CMSA ,10530,10530,981552,203,406,20810,73,288,12233,418,10380,457454,10530,10530,981552,203,406,20810,73,288,12233,418,10380,457454
9099,5082,9999,,Milwaukee-Racine WI CMSA,4139,4139,457097,187,374,25581,92,357,19329,327,4162,155286,4013,4013,447544,186,372,25481,92,357,19329,327,4162,155286
9099,5602,9999,,New York-Northern New Jersey-Long Island NY-NJ-CT CMSA,16141,16141,1533025,1193,2386,132690,304,977,64826,314,7651,513402,16035,16035,1520242,1189,2378,132164,303,974,64740,312,7639,512170
9099,6162,9999,,Philadelphia-Wilmington-Trenton PA-NJ-DE-MD CMSA,13958,13958,1101053,108,216,9918,33,130,6302,186,2706,102933,13866,13866,1095525,108,216,9918,33,130,6302,186,2706,102933
9099,6282,9999,,Pittsburgh-Beaver Valley PA CMSA,4083,4083,422129,16,32,1573,16,61,2795,50,711,31610,3986,3986,414965,16,32,1573,14,55,2345,48,701,31406
9099,6442,9999,,Portland-Vancouver OR-WA CMSA ,9057,9057,939236,51,102,4990,200,783,31850,548,6021,208047,9056,9056,939131,51,102,4990,200,783,31850,548,6021,208047
9099,6482,9999,,Providence-Pawtucket-Fall River RI-MA CMSA,2525,2525,225667,184,368,13510,16,58,2262,38,323,10761,2525,2525,225667,184,368,13510,16,58,2262,38,323,10761
9099,7362,9999,,San Francisco-Oakland-San Jose CA CMSA,13160,13160,1889591,235,470,46685,273,881,75013,542,7393,480927,13132,13132,1886236,234,468,46549,272,878,74695,539,7378,479791
9099,7602,9999,,Seattle-Tacoma WA CMSA,14172,14172,1465125,270,540,29008,291,1006,52315,974,12998,605241,14083,14083,1455552,267,534,28781,287,994,51896,966,12921,601747
