Survey,MSA/,PMSA,,MA,,1-unit,,,2-units,,,3-4 units,,,5+ units,,,1-unit rep,,,2-units rep,,,3-4 units rep,,,5+ units rep
Date,CMSA,,,Name,Bldgs,Units,Value,Bldgs,Units,Value,Bldgs,Units,Value,Bldgs,Units,Value,Bldgs,Units,Value,Bldgs,Units,Value,Bldgs,Units,Value,Bldgs,Units,Value

9699,0040,9999, ,Abilene TX MSA,244,244,28370,1,2,100,3,9,810,8,117,3042,86,86,10653,0,0,0,0,0,0,0,0,0
9699,0120,9999, ,Albany GA MSA,783,783,51853,14,28,1393,13,49,2003,10,96,2384,783,783,51853,14,28,1393,13,49,2003,10,96,2384
9699,0160,9999, ,Albany-Schenectady-Troy NY MSA,1747,1747,200572,31,62,3595,5,19,517,61,813,30722,1500,1500,177366,21,42,2673,3,12,330,52,739,28782
9699,0200,9999, ,Albuquerque NM MSA,4662,4662,624221,6,12,444,12,46,2285,76,1035,43107,3554,3554,553664,5,10,335,12,46,2285,62,958,41016
9699,0220,9999, ,Alexandria LA MSA,369,369,35342,0,0,0,0,0,0,2,65,1816,363,363,34926,0,0,0,0,0,0,2,65,1816
9699,0240,9999, ,Allentown-Bethlehem-Easton PA MSA,2074,2074,214132,11,22,1032,11,41,1862,20,328,19480,1923,1923,199491,11,22,1032,11,41,1862,20,328,19480
9699,0280,9999, ,Altoona PA MSA,239,239,19467,3,6,218,2,8,265,1,6,100,210,210,17908,3,6,218,2,8,265,1,6,100
9699,0320,9999, ,Amarillo TX MSA,568,568,63162,1,2,76,1,3,156,0,0,0,568,568,63162,1,2,76,1,3,156,0,0,0
9699,0380,9999, ,Anchorage AK MSA,859,859,139520,32,64,8246,19,64,8031,14,327,18759,859,859,139520,32,64,8246,19,64,8031,14,327,18759
9699,0450,9999, ,Anniston AL MSA,196,196,15692,2,4,140,0,0,0,20,112,4605,43,43,3585,2,4,140,0,0,0,9,47,1650
9699,0460,9999, ,Appleton-Oshkosh-Neenah WI MSA,1746,1746,196620,138,276,17721,16,61,2947,47,663,23096,1386,1386,153908,126,252,16035,16,61,2947,42,631,22237
9699,0480,9999, ,Asheville NC MSA,1007,1007,121029,28,56,3804,18,59,3500,60,482,19351,1000,1000,120315,27,54,3713,18,59,3500,60,482,19351
9699,0500,9999, ,Athens GA MSA,780,780,88752,70,140,5690,10,37,1688,78,934,38716,780,780,88752,70,140,5690,10,37,1688,78,934,38716
9699,0520,9999, ,Atlanta GA MSA,37527,37527,3623459,100,200,7912,23,87,3753,574,10448,462129,37045,37045,3588745,100,200,7912,22,84,3753,574,10448,462129
9699,0600,9999, ,Augusta-Aiken GA-SC MSA,2058,2058,177949,6,12,242,16,62,2200,3,95,3958,2058,2058,177949,6,12,242,16,62,2200,3,95,3958
9699,0640,9999, ,Austin-San Marcos TX MSA,10095,10095,1049700,220,440,22531,16,58,2384,266,6484,234438,9622,9622,1016444,212,424,22349,16,58,2384,266,6484,234438
9699,0680,9999, ,Bakersfield CA MSA,2390,2390,245554,1,2,89,44,159,8309,30,216,13664,2390,2390,245554,1,2,89,44,159,8309,30,216,13664
9699,0730,9999, ,Bangor ME MSA,172,172,17535,0,0,0,0,0,0,0,0,0,170,170,17423,0,0,0,0,0,0,0,0,0
9699,0740,9999, ,Barnstable-Yarmouth MA MSA,1072,1072,143931,7,14,1425,8,25,2239,1,25,875,1072,1072,143931,7,14,1425,8,25,2239,1,25,875
9699,0760,9999, ,Baton Rouge LA MSA,3251,3251,270850,2,4,120,3,12,362,77,1096,40574,2559,2559,218643,2,4,120,3,12,362,77,1096,40574
9699,0840,9999, ,Beaumont-Port Arthur TX MSA,640,640,60769,3,6,309,0,0,0,4,34,909,613,613,58231,3,6,309,0,0,0,4,34,909
9699,0860,9999, ,Bellingham WA MSA,949,949,114186,20,40,3509,37,130,10264,10,169,9315,949,949,114186,20,40,3509,37,130,10264,10,169,9315
9699,0870,9999, ,Benton Harbor MI MSA,579,579,72948,3,6,468,8,25,1591,3,88,1700,413,413,54007,3,6,468,1,4,200,3,88,1700
9699,0880,9999, ,Billings MT MSA,346,346,40018,27,54,4024,1,4,270,10,143,8313,346,346,40018,27,54,4024,1,4,270,10,143,8313
9699,0920,9999, ,Biloxi-Gulfport-Pascagoula MS MSA,1759,1759,151365,10,20,924,5,20,907,31,398,16380,1681,1681,144732,10,20,924,5,20,907,31,398,16380
9699,0960,9999, ,Binghamton NY MSA,155,155,16760,6,12,504,3,12,653,2,30,1826,149,149,16207,3,6,294,3,12,653,2,30,1826
9699,1000,9999, ,Birmingham AL MSA,4774,4774,553539,5,10,404,9,31,1101,118,1884,59266,3981,3981,476910,4,8,335,5,19,963,107,1828,57998
9699,1010,9999, ,Bismarck ND MSA,383,383,40816,4,8,537,1,4,270,7,104,4799,382,382,40716,4,8,537,1,4,270,7,104,4799
9699,1020,9999, ,Bloomington IN MSA,639,639,66261,22,44,2162,4,15,1118,19,181,4547,639,639,66261,22,44,2162,4,15,1118,19,181,4547
9699,1040,9999, ,Bloomington-Normal IL MSA,737,737,71383,19,38,1984,3,12,351,32,427,14075,732,732,71030,19,38,1984,3,12,351,32,427,14075
9699,1080,9999, ,Boise City ID MSA,4237,4237,487682,35,70,3670,30,117,5336,11,114,5310,4208,4208,485575,35,70,3670,30,117,5336,10,109,5060
9699,1122,1120, ,Boston MA-NH PMSA,6028,6028,836236,113,226,16037,14,49,4570,78,988,61934,5470,5470,761404,105,210,14782,14,49,4570,63,891,56957
9699,1122,1200, ,Brockton MA PMSA,723,723,75958,7,14,830,0,0,0,0,0,0,723,723,75958,7,14,830,0,0,0,0,0,0
9699,1122,2600, ,Fitchburg-Leominster MA PMSA,472,472,42866,8,16,890,0,0,0,16,175,3719,313,313,29624,2,4,478,0,0,0,0,0,0
9699,1122,4160, ,Lawrence MA-NH PMSA,1316,1316,178323,4,8,1014,0,0,0,0,0,0,1105,1105,153374,4,8,1014,0,0,0,0,0,0
9699,1122,4560, ,Lowell MA-NH PMSA,933,933,108333,5,10,501,0,0,0,4,20,881,784,784,88881,2,4,161,0,0,0,0,0,0
9699,1122,4760, ,Manchester NH PMSA,650,650,77807,17,34,2342,0,0,0,7,251,14385,650,650,77807,17,34,2342,0,0,0,7,251,14385
9699,1122,5350, ,Nashua NH PMSA,669,669,71596,4,8,376,1,4,120,7,130,8511,590,590,65690,4,8,376,1,4,120,1,70,3416
9699,1122,5400, ,New Bedford MA PMSA,399,399,40552,18,36,3602,1,3,204,0,0,0,283,283,27676,18,36,3602,1,3,204,0,0,0
9699,1122,6450, ,Portsmouth-Rochester NH-ME PMSA,824,824,102976,5,10,532,1,3,133,6,80,3357,721,721,92116,5,10,532,1,3,133,3,65,2656
9699,1122,9240, ,Worcester MA-CT PMSA,1688,1688,186601,16,32,2087,4,12,635,23,199,9199,1394,1394,164809,11,22,1511,4,12,635,5,100,4891
9699,1240,9999, ,Brownsville-Harlingen-San Benito TX MSA,1729,1729,102316,30,60,3018,17,67,2283,55,676,22618,1667,1667,100524,30,60,3018,17,67,2283,55,676,22618
9699,1260,9999, ,Bryan-College Station TX MSA,601,601,53813,38,76,3053,2,8,141,36,655,20300,601,601,53813,38,76,3053,2,8,141,36,655,20300
9699,1280,9999, ,Buffalo-Niagara Falls NY MSA,1961,1961,246734,39,78,5380,16,61,4101,65,873,34963,1859,1859,238642,39,78,5380,16,61,4101,51,660,30399
9699,1305,9999, ,Burlington VT MSA,608,608,70630,21,42,2564,0,0,0,4,53,1850,606,606,70383,21,42,2564,0,0,0,4,53,1850
9699,1320,9999, ,Canton-Massillon OH MSA,1061,1061,146300,54,108,7982,9,31,3070,3,30,1215,1060,1060,146181,54,108,7982,9,31,3070,3,30,1215
9699,1350,9999, ,Casper WY MSA,157,157,11100,0,0,0,4,15,1553,0,0,0,157,157,11100,0,0,0,4,15,1553,0,0,0
9699,1360,9999, ,Cedar Rapids IA MSA,725,725,71049,23,46,3009,25,95,5368,20,226,7685,698,698,69199,23,46,3009,25,95,5368,20,226,7685
9699,1400,9999, ,Champaign-Urbana IL MSA,475,475,56611,9,18,1242,8,30,1982,7,131,8537,402,402,50044,5,10,822,2,7,708,7,131,8537
9699,1440,9999, ,Charleston-North Charleston SC MSA,2536,2536,305913,3,6,232,20,78,3325,9,172,11667,2381,2381,293507,2,4,158,20,78,3325,4,147,11038
9699,1480,9999, ,Charleston WV MSA,424,424,45551,5,10,392,5,19,837,5,65,2612,420,420,45361,5,10,392,5,19,837,5,65,2612
9699,1520,9999, ,Charlotte-Gastonia-Rock Hill NC-SC MSA,12515,12515,1374504,85,170,7424,39,144,9309,410,5629,220373,12175,12175,1345748,70,140,6644,38,141,9189,410,5629,220373
9699,1540,9999, ,Charlottesville VA MSA,1019,1019,124001,22,44,2880,9,33,2237,8,117,5712,860,860,110540,22,44,2880,9,33,2237,8,117,5712
9699,1560,9999, ,Chattanooga TN-GA MSA,2518,2518,246323,37,74,3561,12,47,2055,5,30,543,2501,2501,245205,37,74,3561,12,47,2055,5,30,543
9699,1580,9999, ,Cheyenne WY MSA,302,302,32558,1,2,122,17,68,3640,30,292,10943,297,297,32079,1,2,122,17,68,3640,30,292,10943
9699,1602,1600, ,Chicago IL PMSA,24597,24597,3255636,339,678,49858,526,1832,123907,615,6979,411737,24196,24196,3207716,329,658,48583,515,1798,121574,593,6827,404609
9699,1602,2960, ,Gary IN PMSA,2583,2583,322813,90,180,15983,22,85,5929,23,343,17720,2564,2564,320894,90,180,15983,22,85,5929,23,343,17720
9699,1602,3740, ,Kankakee IL PMSA,333,333,36958,20,40,3460,20,79,5591,7,82,3412,318,318,35484,20,40,3460,20,79,5591,7,82,3412
9699,1602,3800, ,Kenosha WI PMSA,553,553,65565,11,22,1540,6,24,1438,25,518,22913,541,541,64712,11,22,1540,6,24,1438,25,518,22913
9699,1620,9999, ,Chico-Paradise CA MSA,614,614,65652,2,4,232,7,28,983,4,27,1341,614,614,65652,2,4,232,7,28,983,4,27,1341
9699,1642,1640, ,Cincinnati OH-KY-IN PMSA,7500,7500,782211,108,216,12904,29,108,6870,166,1724,65181,7023,7023,736360,106,212,12650,28,105,6703,135,1531,58058
9699,1642,3200, ,Hamilton-Middletown OH PMSA,2064,2064,229816,27,54,2548,24,88,5868,58,600,26858,1889,1889,211111,19,38,1842,17,64,4520,50,553,25040
9699,1660,9999, ,Clarksville-Hopkinsville TN-KY MSA,1702,1702,103819,14,28,1517,21,81,2360,31,280,8824,1702,1702,103819,14,28,1517,21,81,2360,31,280,8824
9699,1692,0080, ,Akron OH PMSA,2645,2645,367960,99,198,12273,72,240,8490,71,815,36349,2642,2642,367693,99,198,12273,72,240,8490,71,815,36349
9699,1692,1680, ,Cleveland-Lorain-Elyria OH PMSA,6044,6044,940181,81,162,14940,67,222,16371,93,969,60516,5758,5758,903815,81,162,14940,59,198,14639,89,925,58739
9699,1720,9999, ,Colorado Springs CO MSA,4033,4033,391252,17,34,2293,13,52,1278,61,1173,37356,4033,4033,391252,17,34,2293,13,52,1278,61,1173,37356
9699,1740,9999, ,Columbia MO MSA,861,861,97351,257,514,24857,8,32,1067,26,231,7904,861,861,97351,257,514,24857,8,32,1067,26,231,7904
9699,1760,9999, ,Columbia SC MSA,3620,3620,291588,17,34,1283,1,3,87,16,236,6435,3602,3602,291160,17,34,1283,1,3,87,16,236,6435
9699,1800,9999, ,Columbus GA-AL MSA,1105,1105,108310,6,12,450,3,12,407,5,127,3864,1105,1105,108310,6,12,450,3,12,407,5,127,3864
9699,1840,9999, ,Columbus OH MSA,7645,7645,969726,123,246,15794,273,1073,34479,297,3183,86938,5155,5155,737991,42,84,6737,63,242,15737,82,914,26799
9699,1880,9999, ,Corpus Christi TX MSA,1399,1399,120159,12,24,1507,4,16,612,90,877,42555,1399,1399,120159,12,24,1507,4,16,612,90,877,42555
9699,1900,9999, ,Cumberland MD-WV MSA,228,228,18673,2,4,97,3,9,529,0,0,0,208,208,16172,0,0,0,0,0,0,0,0,0
9699,1922,1920, ,Dallas TX PMSA,18061,18061,2525527,48,96,6349,70,273,7325,566,10243,499508,16617,16617,2366058,48,96,6349,66,261,7158,555,10082,495177
9699,1922,2800, ,Fort Worth-Arlington TX PMSA,7460,7460,861721,40,80,3168,8,32,800,141,2563,133064,6946,6946,750504,40,80,3168,8,32,800,140,2558,132981
9699,1950,9999, ,Danville VA MSA,319,319,25275,0,0,0,0,0,0,9,45,1851,66,66,6709,0,0,0,0,0,0,0,0,0
9699,1960,9999, ,Davenport-Moline-Rock Island IA-IL MSA,781,781,87565,19,38,2859,4,12,514,30,449,11626,754,754,84443,14,28,2205,0,0,0,30,449,11626
9699,2000,9999, ,Dayton-Springfield OH MSA,2312,2312,272615,53,106,8055,16,57,2999,115,1623,53172,2186,2186,255591,53,106,8055,14,51,2779,106,1380,46553
9699,2020,9999, ,Daytona Beach FL MSA,3311,3311,286593,12,24,1175,3,10,1002,4,110,5012,3311,3311,286593,12,24,1175,3,10,1002,4,110,5012
9699,2030,9999, ,Decatur Al MSA,366,366,33615,0,0,0,9,36,1015,29,261,7151,328,328,30934,0,0,0,9,36,1015,29,261,7151
9699,2040,9999, ,Decatur IL MSA,242,242,29220,13,26,2102,16,64,3459,1,6,150,227,227,27499,13,26,2102,16,64,3459,1,6,150
9699,2082,1125, ,Boulder-Longmont CO PMSA,1752,1752,217745,11,22,1661,10,35,2484,107,935,47441,1744,1744,216713,11,22,1661,10,35,2484,107,935,47441
9699,2082,2080, ,Denver CO PMSA,12522,12522,1570500,86,172,14237,63,219,13587,329,4018,206994,12434,12434,1541588,86,172,14237,63,219,13587,293,3596,180453
9699,2082,3060, ,Greeley CO PMSA,1665,1665,171396,11,22,1761,19,74,2297,15,95,4607,1641,1641,169637,11,22,1761,19,74,2297,15,95,4607
9699,2120,9999, ,Des Moines IA MSA,2396,2396,301773,22,44,2644,19,72,4863,49,883,41602,2372,2372,299373,22,44,2644,19,72,4863,49,883,41602
9699,2162,0440, ,Ann Arbor MI PMSA,4270,4270,487475,12,24,2040,27,98,6017,40,489,17646,4179,4179,481185,12,24,2040,27,98,6017,40,489,17646
9699,2162,2160, ,Detroit MI PMSA,15832,15832,1959105,137,274,18395,108,418,23621,237,3185,182922,15483,15483,1930048,131,262,17937,105,409,23246,222,3104,180295
9699,2162,2640, ,Flint MI PMSA,1646,1646,194462,16,32,3711,5,19,1025,26,423,19618,1501,1501,182939,16,32,3711,5,19,1025,25,416,18970
9699,2180,9999, ,Dothan AL MSA,374,374,27877,6,12,427,8,30,1273,0,0,0,373,373,27797,6,12,427,6,24,1273,0,0,0
9699,2190,9999, ,Dover DE MSA,613,613,45648,8,16,656,0,0,0,1,30,1890,613,613,45648,8,16,656,0,0,0,1,30,1890
9699,2200,9999, ,Dubuque IA MSA,250,250,29519,7,14,822,2,8,650,2,59,2450,250,250,29519,7,14,822,2,8,650,2,59,2450
9699,2240,9999, ,Duluth-Superior MN-WI MSA,616,616,56839,11,22,918,6,24,1267,3,30,1545,580,580,54361,11,22,918,6,24,1267,3,30,1545
9699,2290,9999, ,Eau Claire WI MSA,548,548,57740,48,96,4780,56,224,11242,11,96,3677,548,548,57740,48,96,4780,56,224,11242,11,96,3677
9699,2320,9999, ,El Paso TX MSA,2347,2347,124065,22,44,1549,4,16,360,65,926,27260,2347,2347,124065,22,44,1549,4,16,360,65,926,27260
9699,2330,9999, ,Elkhart-Goshen IN MSA,994,994,96059,20,40,3943,11,42,3314,4,101,2438,985,985,95266,19,38,3784,10,39,3034,3,96,2256
9699,2335,9999, ,Elmira NY MSA,82,82,10670,0,0,0,3,12,420,1,20,472,68,68,9400,0,0,0,3,12,420,1,20,472
9699,2340,9999, ,Enid OK MSA,135,135,12254,3,6,340,3,10,302,1,5,250,131,131,12193,3,6,340,3,10,302,1,5,250
9699,2360,9999, ,Erie PA MSA,631,631,66378,16,32,1956,14,55,3727,15,90,4442,631,631,66378,16,32,1956,14,55,3727,15,90,4442
9699,2400,9999, ,Eugene-Springfield OR MSA,1541,1541,192690,83,166,10663,8,27,1619,40,435,19692,1428,1428,181587,58,116,7896,8,27,1619,33,394,17797
9699,2440,9999, ,Evansville-Henderson IN-KY MSA,1151,1151,113427,12,24,1973,2,8,380,18,234,5316,1117,1117,109603,11,22,1852,2,8,380,18,234,5316
9699,2520,9999, ,Fargo-Moorhead ND-MN MSA,679,679,70567,6,12,835,8,30,2067,24,484,14400,670,670,69679,6,12,835,8,30,2067,24,484,14400
9699,2560,9999, ,Fayetteville NC MSA,1301,1301,99668,7,14,555,0,0,0,29,318,13511,1301,1301,99668,7,14,555,0,0,0,29,318,13511
9699,2580,9999, ,Fayetteville-Springdale-Rogers AR MSA,2199,2199,167819,110,220,10962,17,64,1978,49,513,13250,2141,2141,163771,100,200,10260,17,64,1978,48,508,13115
9699,2620,9999, ,Flagstaff AZ-UT MSA,758,758,88942,15,30,1644,9,35,1552,46,654,30490,758,758,88942,15,30,1644,9,35,1552,46,654,30490
9699,2650,9999, ,Florence AL MSA,302,302,27299,1,2,66,21,84,2828,12,93,3473,302,302,27299,1,2,66,21,84,2828,12,93,3473
9699,2655,9999, ,Florence SC MSA,586,586,50769,8,16,324,2,8,243,17,115,5164,586,586,50769,7,14,284,2,8,243,17,115,5164
9699,2670,9999, ,Fort Collins-Loveland CO MSA,2426,2426,254323,16,32,2393,59,225,11850,84,808,34719,2426,2426,254323,16,32,2393,59,225,11850,84,808,34719
9699,2700,9999, ,Fort Myers-Cape Coral FL MSA,3677,3677,397179,113,226,17982,110,405,48064,113,1402,155577,3677,3677,397179,113,226,17982,110,405,48064,113,1402,155577
9699,2710,9999, ,Fort Pierce-Port St. Lucie FL MSA,2439,2439,333584,84,168,16545,26,89,4731,40,564,32471,2439,2439,333584,84,168,16545,26,89,4731,40,564,32471
9699,2720,9999, ,Fort Smith AR-OK MSA,728,728,66078,18,36,1844,6,23,596,8,118,4570,667,667,63125,17,34,1789,6,23,596,8,118,4570
9699,2750,9999, ,Fort Walton Beach FL MSA,1535,1535,126156,26,52,2844,7,26,1197,20,230,11029,1535,1535,126156,26,52,2844,7,26,1197,20,230,11029
9699,2760,9999, ,Fort Wayne IN MSA,2570,2570,336505,30,60,3463,3,10,484,15,176,4825,2499,2499,329368,23,46,3055,3,10,484,7,135,3608
9699,2840,9999, ,Fresno CA MSA,3539,3539,355096,24,48,2371,36,140,6606,22,183,8221,3500,3500,352442,24,48,2371,35,137,6416,21,174,7733
9699,2880,9999, ,Gadsden AL MSA,216,216,16846,1,2,25,0,0,0,4,40,1164,206,206,16333,1,2,25,0,0,0,4,40,1164
9699,2900,9999, ,Gainesville FL MSA,1040,1040,92613,1,2,155,3,10,220,60,801,32968,1040,1040,92613,1,2,155,3,10,220,60,801,32968
9699,2975,9999, ,Glens Falls NY MSA,415,415,41782,1,2,122,2,8,613,2,16,400,406,406,39610,1,2,122,2,8,613,2,16,400
9699,2980,9999, ,Goldsboro NC MSA,424,424,38077,3,6,228,10,30,951,1,6,300,424,424,38077,3,6,228,10,30,951,1,6,300
9699,2985,9999, ,Grand Forks ND-MN MSA,213,213,17669,2,4,303,0,0,0,4,51,2326,210,210,17539,2,4,303,0,0,0,4,51,2326
9699,2995,9999, ,Grand Junction CO MSA,917,917,81437,47,94,5038,0,0,0,3,33,1537,917,917,81437,47,94,5038,0,0,0,3,33,1537
9699,3000,9999, ,Grand Rapids-Muskegon-Holland MI MSA,6117,6117,669817,94,188,12961,34,127,9203,85,1508,58588,4921,4921,578654,85,170,12004,27,106,7838,74,1397,55146
9699,3040,9999, ,Great Falls MT MSA,104,104,11751,0,0,0,0,0,0,6,30,1666,10,10,1187,0,0,0,0,0,0,0,0,0
9699,3080,9999, ,Green Bay WI MSA,1020,1020,127919,77,154,11286,9,34,2385,39,497,16986,935,935,117431,66,132,9783,6,22,1005,37,472,15979
9699,3120,9999, ,Greensboro--Winston-Salem--High Point NC MSA,6953,6953,682776,57,114,4468,28,102,4339,168,2234,92621,6950,6950,682480,57,114,4468,28,102,4339,168,2234,92621
9699,3150,9999, ,Greenville NC MSA,663,663,57666,9,18,834,0,0,0,25,338,7960,649,649,56500,7,14,662,0,0,0,25,338,7960
9699,3160,9999, ,Greenville-Spartanburg-Anderson SC MSA,5589,5589,468044,61,122,4409,18,69,4188,113,1881,88264,5198,5198,435689,60,120,4342,16,63,3999,113,1881,88264
9699,3240,9999, ,Harrisburg-Lebanon-Carlisle PA MSA,2283,2283,229902,15,30,2347,37,143,5922,46,385,13887,2219,2219,224264,15,30,2347,35,137,5742,43,363,12598
9699,3280,9999, ,Hartford CT MSA,2723,2723,286497,11,22,1148,11,36,2091,12,202,7962,2707,2707,285630,11,22,1148,11,36,2091,12,202,7962
9699,3285,9999, ,Hattiesburg MS MSA,101,101,9608,6,12,407,0,0,0,6,76,2481,95,95,9388,6,12,407,0,0,0,6,76,2481
9699,3290,9999, ,Hickory-Morganton-Lenoir NC MSA,1747,1747,168842,35,70,3113,4,15,441,14,206,6180,1747,1747,168842,35,70,3113,4,15,441,14,206,6180
9699,3320,9999, ,Honolulu HI MSA,1125,1125,183564,17,34,4754,0,0,0,30,841,81322,1125,1125,183564,17,34,4754,0,0,0,30,841,81322
9699,3350,9999, ,Houma LA MSA,758,758,63191,4,8,205,1,4,160,2,64,1219,748,748,62895,4,8,205,1,4,160,2,64,1219
9699,3362,1145, ,Brazoria TX PMSA,1633,1633,156471,3,6,268,0,0,0,6,91,3795,1629,1629,156112,3,6,268,0,0,0,5,79,3479
9699,3362,2920, ,Galveston-Texas City TX PMSA,1321,1321,140918,2,4,129,1,4,60,2,183,5586,1321,1321,140918,2,4,129,1,4,60,2,183,5586
9699,3362,3360, ,Houston TX PMSA,16482,16482,1735468,19,38,1509,33,131,4205,252,4225,170930,16422,16422,1722185,14,28,1050,33,131,4205,246,4195,169255
9699,3400,9999, ,Huntington-Ashland WV-KY-OH MSA,204,204,16303,2,4,116,5,16,397,3,54,1689,185,185,14195,1,2,40,4,13,308,2,28,650
9699,3440,9999, ,Huntsville AL MSA,897,897,45796,0,0,0,1,4,154,7,46,1765,897,897,45796,0,0,0,1,4,154,7,46,1765
9699,3480,9999, ,Indianapolis IN MSA,10704,10704,1392798,102,204,13414,55,204,12595,195,2625,82442,9837,9837,1295593,81,162,11049,50,185,11578,182,2512,78900
9699,3500,9999, ,Iowa City IA MSA,435,435,53488,28,56,5251,9,32,2362,31,384,17538,435,435,53488,28,56,5251,9,32,2362,31,384,17538
9699,3520,9999, ,Jackson MI MSA,687,687,65561,1,2,50,3,11,465,2,16,408,641,641,61021,1,2,50,0,0,0,0,0,0
9699,3560,9999, ,Jackson MS MSA,2312,2312,204709,0,0,0,9,35,925,53,546,18050,2297,2297,203783,0,0,0,9,35,925,53,546,18050
9699,3580,9999, ,Jackson TN MSA,571,571,57601,19,38,1572,0,0,2,12,96,3900,571,571,57601,19,38,1572,0,0,2,12,96,3900
9699,3600,9999, ,Jacksonville FL MSA,7459,7459,842246,21,42,2448,12,43,2494,210,3746,148924,7428,7428,839782,21,42,2448,12,43,2494,210,3746,148924
9699,3605,9999, ,Jacksonville NC MSA,713,713,46199,10,20,1092,19,75,2493,3,24,816,653,653,38166,0,0,0,19,75,2493,3,24,816
9699,3610,9999, ,Jamestown NY MSA,206,206,18282,9,18,1710,2,7,480,0,0,0,171,171,15762,9,18,1710,2,7,480,0,0,0
9699,3620,9999, ,Janesville-Beloit WI MSA,561,561,57653,54,108,7462,5,18,700,31,260,11580,545,545,55930,54,108,7462,3,12,700,31,260,11580
9699,3660,9999, ,Johnson City-Kingsport-Bristol TN-VA MSA,1563,1563,137399,14,28,1143,21,80,2394,20,170,4296,1393,1393,121500,14,28,1143,20,77,2306,20,170,4296
9699,3680,9999, ,Johnstown PA MSA,386,386,28609,9,18,913,1,4,364,2,73,3966,314,314,23946,3,6,151,1,4,364,1,12,587
9699,3700,9999, ,Jonesboro AR MSA,412,412,37711,4,8,228,4,15,893,39,459,12541,411,411,37686,4,8,228,4,15,893,39,459,12541
9699,3710,9999, ,Joplin MO MSA,477,477,38308,50,100,5369,9,36,1361,6,125,3232,463,463,37328,50,100,5369,9,36,1361,6,125,3232
9699,3720,9999, ,Kalamazoo-Battle Creek MI MSA,1750,1750,201166,20,40,2475,20,74,6336,16,225,8421,1371,1371,171271,16,32,2096,18,68,6063,12,194,7248
9699,3760,9999, ,Kansas City MO-KS MSA,9695,9695,1116255,271,542,31850,84,317,16188,138,1790,82228,9405,9405,1088620,270,540,31770,82,311,15935,138,1790,82228
9699,3810,9999, ,Killeen-Temple TX MSA,1489,1489,124985,64,128,4890,57,224,7847,32,369,13510,1489,1489,124985,64,128,4890,57,224,7847,32,369,13510
9699,3840,9999, ,Knoxville TN MSA,3999,3999,325694,55,110,3237,21,75,4818,90,1269,49986,3984,3984,325217,55,110,3237,21,75,4818,90,1269,49986
9699,3850,9999, ,Kokomo IN MSA,413,413,50892,44,88,6853,0,0,0,14,240,7000,408,408,50663,44,88,6853,0,0,0,14,240,7000
9699,3870,9999, ,La Crosse WI-MN MSA,519,519,59623,45,90,5599,8,30,935,11,186,8277,512,512,59115,45,90,5599,8,30,935,11,186,8277
9699,3880,9999, ,Lafayette LA MSA,1623,1623,153257,1,2,80,6,19,640,17,130,5221,1552,1552,149117,1,2,80,5,16,640,17,130,5221
9699,3920,9999, ,Lafayette IN MSA,868,868,100700,55,110,6620,11,44,2473,31,427,14390,866,866,100485,55,110,6620,11,44,2473,31,427,14390
9699,3960,9999, ,Lake Charles LA MSA,879,879,82108,73,146,4150,7,28,881,30,291,9371,877,877,82003,73,146,4150,7,28,881,30,291,9371
9699,3980,9999, ,Lakeland-Winter Haven FL MSA,2504,2504,182227,17,34,1610,11,42,1526,5,46,2460,2500,2500,181957,17,34,1610,11,42,1526,5,46,2460
9699,4000,9999, ,Lancaster PA MSA,1748,1748,182994,14,28,1759,17,66,4480,29,241,7474,1578,1578,170428,12,24,1660,16,63,4480,29,241,7474
9699,4040,9999, ,Lansing-East Lansing MI MSA,1707,1707,198954,22,44,2650,1,4,241,37,429,17992,1689,1689,197398,19,38,2247,1,4,241,37,429,17992
9699,4080,9999, ,Laredo TX MSA,1156,1156,52789,4,8,215,7,27,747,6,108,3913,1156,1156,52789,4,8,215,7,27,747,6,108,3913
9699,4100,9999, ,Las Cruces NM MSA,765,765,72869,4,8,320,6,23,463,5,94,2443,765,765,72869,4,8,320,6,23,463,5,94,2443
9699,4120,9999, ,Las Vegas NV-AZ MSA,20513,20513,1852309,67,134,8876,175,636,38639,1040,11098,473939,20513,20513,1852309,67,134,8876,175,636,38639,1040,11098,473939
9699,4150,9999, ,Lawrence KS MSA,536,536,55698,152,304,16496,39,148,3988,76,904,28838,432,432,45190,136,272,14648,36,136,3533,70,852,27381
9699,4200,9999, ,Lawton OK MSA,171,171,17624,9,18,703,0,0,0,0,0,0,171,171,17624,9,18,703,0,0,0,0,0,0
9699,4240,9999, ,Lewiston-Auburn ME MSA,141,141,12996,0,0,0,0,0,0,0,0,0,119,119,10903,0,0,0,0,0,0,0,0,0
9699,4280,9999, ,Lexington KY MSA,2879,2879,252521,112,224,8654,21,74,2804,111,968,31442,2580,2580,230941,107,214,8212,19,68,2444,108,953,31142
9699,4320,9999, ,Lima OH MSA,431,431,49567,18,36,2022,4,12,640,1,12,387,366,366,42233,18,36,2022,4,12,640,1,12,387
9699,4360,9999, ,Lincoln NE MSA,1047,1047,125297,38,76,4009,2,8,234,45,1190,36980,1044,1044,124882,38,76,4009,2,8,234,45,1190,36980
9699,4400,9999, ,Little Rock-North Little Rock AR MSA,2046,2046,235318,21,42,1972,27,96,3519,44,525,16774,2036,2036,234762,21,42,1972,27,96,3519,44,525,16774
9699,4420,9999, ,Longview-Marshall TX MSA,283,283,28786,5,10,448,0,0,0,1,71,2500,258,258,27135,5,10,448,0,0,0,1,71,2500
9699,4472,4480, ,Los Angeles-Long Beach CA PMSA,4699,4699,949724,115,230,21028,44,155,18081,151,2647,189547,4326,4326,866279,96,192,17890,33,122,15046,102,2336,166212
9699,4472,5945, ,Orange County CA PMSA,6976,6976,1138838,73,146,15434,44,156,15457,237,2895,205924,6935,6935,1131771,73,146,15434,43,153,15122,234,2841,201474
9699,4472,6780, ,Riverside-San Bernardino CA PMSA,11713,11713,1595208,9,18,1715,14,53,4005,57,578,35012,11507,11507,1567952,5,10,974,13,50,3687,57,578,35012
9699,4472,8735, ,Ventura CA PMSA,2075,2075,401021,11,22,3215,34,118,13148,10,106,8400,1956,1956,375383,9,18,2645,32,112,12398,10,106,8400
9699,4520,9999, ,Louisville KY-IN MSA,5060,5060,579403,59,118,6505,22,85,3592,118,1234,41665,4959,4959,573058,56,112,6370,22,85,3592,108,1183,39715
9699,4600,9999, ,Lubbock TX MSA,827,827,69061,6,12,633,3,9,602,22,288,11967,827,827,69061,6,12,633,3,9,602,22,288,11967
9699,4640,9999, ,Lynchburg VA MSA,1105,1105,118401,22,44,2764,4,16,797,0,0,0,1105,1105,118401,22,44,2764,4,16,797,0,0,0
9699,4680,9999, ,Macon GA MSA,2105,2105,143551,13,26,1031,1,3,260,32,610,17089,2105,2105,143551,13,26,1031,1,3,260,32,610,17089
9699,4720,9999, ,Madison WI MSA,1760,1760,233389,137,274,25197,61,239,15276,54,736,43071,1754,1754,232889,136,272,25105,57,227,14976,54,736,43071
9699,4800,9999, ,Mansfield OH MSA,414,414,47213,19,38,2042,6,21,1620,1,5,547,404,404,46570,19,38,2042,6,21,1620,1,5,547
9699,4880,9999, ,McAllen-Edinburg-Mission TX MSA,4287,4287,171612,80,160,4463,116,443,11804,65,449,12252,1538,1538,74716,46,92,2692,89,348,10269,17,119,3096
9699,4890,9999, ,Medford-Ashland OR MSA,1000,1000,119699,54,108,8524,16,56,3936,14,112,6178,997,997,119384,54,108,8524,16,56,3936,14,112,6178
9699,4900,9999, ,Melbourne-Titusville-Palm Bay FL MSA,2910,2910,308982,7,14,1389,6,20,1084,22,357,35803,2907,2907,308644,7,14,1389,6,20,1084,22,357,35803
9699,4920,9999, ,Memphis TN-AR-MS MSA,6239,6239,715264,5,10,529,1,4,380,261,3553,150188,5681,5681,673567,1,2,108,1,4,380,248,3487,147292
9699,4940,9999, ,Merced CA MSA,843,843,85717,0,0,0,0,0,0,6,32,1555,843,843,85717,0,0,0,0,0,0,6,32,1555
9699,4992,2680, ,Fort Lauderdale FL PMSA,9584,9584,1074838,20,40,1803,54,183,15795,246,4612,293273,9579,9579,1073548,20,40,1803,54,183,15795,246,4612,293273
9699,4992,5000, ,Miami FL PMSA,3802,3802,386900,77,154,7671,25,97,4539,132,2498,141073,3774,3774,377467,77,154,7671,25,97,4539,126,2363,125652
9699,5082,5080, ,Milwaukee-Waukesha WI PMSA,3693,3693,541714,155,310,29989,61,236,19412,168,2207,99388,3561,3561,526070,155,310,29989,61,236,19412,159,2162,97668
9699,5082,6600, ,Racine WI PMSA,634,634,77972,16,32,3449,6,23,1680,25,241,10723,618,618,76248,16,32,3449,5,20,1619,9,159,7990
9699,5120,9999, ,Minneapolis-St. Paul MN-WI MSA,15198,15198,1950914,105,210,19947,141,531,40922,179,2267,156219,14868,14868,1908601,102,204,19656,132,503,40124,169,2217,154969
9699,5160,9999, ,Mobile AL MSA,3395,3395,263470,27,54,4306,8,28,1683,51,892,64229,3383,3383,261764,27,54,4306,8,28,1683,51,892,64229
9699,5170,9999, ,Modesto CA MSA,1303,1303,130116,5,10,656,13,48,3036,6,40,1829,1303,1303,130116,5,10,656,13,48,3036,6,40,1829
9699,5200,9999, ,Monroe LA MSA,461,461,50622,5,10,241,16,62,1142,1,5,90,456,456,50235,5,10,241,16,62,1142,1,5,90
9699,5240,9999, ,Montgomery AL MSA,1433,1433,111656,5,10,442,8,31,1157,49,408,12233,1433,1433,111656,5,10,442,8,31,1157,49,408,12233
9699,5280,9999, ,Muncie IN MSA,255,255,30299,5,10,689,2,8,460,0,0,0,192,192,20061,5,10,689,2,8,460,0,0,0
9699,5330,9999, ,Myrtle Beach SC MSA,1995,1995,171776,19,38,2103,29,113,6684,164,1908,92658,1995,1995,171776,19,38,2103,29,113,6684,164,1908,92658
9699,5345,9999, ,Naples FL MSA,2383,2383,302262,36,72,4710,148,586,48665,166,2408,177582,2383,2383,302262,36,72,4710,148,586,48665,166,2408,177582
9699,5360,9999, ,Nashville TN MSA,10005,10005,1034277,76,152,8636,25,97,3980,374,5419,324320,9864,9864,1024393,70,140,8336,25,97,3980,371,5404,323570
9699,5520,9999, ,New London-Norwich CT-RI MSA,876,876,83447,2,4,223,13,39,1728,3,82,3778,857,857,81897,2,4,223,13,39,1728,3,82,3778
9699,5560,9999, ,New Orleans LA MSA,3682,3682,346186,73,146,5702,8,28,1066,19,883,37561,3288,3288,310424,71,142,5512,8,28,1066,18,872,36448
9699,5602,0875, ,Bergen-Passaic NJ PMSA,1180,1180,161483,92,184,13041,9,29,1469,13,213,11170,1111,1111,152322,85,170,12175,6,20,1074,7,183,10044
9699,5602,1160, ,Bridgeport CT PMSA,868,868,94444,6,12,600,5,18,1231,3,58,1751,810,810,85392,5,10,551,5,18,1231,3,58,1751
9699,5602,1930, ,Danbury CT PMSA,797,797,118931,3,6,337,2,6,300,1,6,325,703,703,101449,3,6,337,2,6,300,1,6,325
9699,5602,2281, ,Dutchess County NY PMSA,609,609,78481,4,8,484,5,17,900,3,77,4126,576,576,75266,4,8,484,2,8,540,3,77,4126
9699,5602,3640, ,Jersey City NJ PMSA,131,131,7069,90,180,8216,11,34,1428,3,15,472,4,4,465,44,88,5038,10,31,1360,0,0,0
9699,5602,5015, ,Middlesex-Somerset-Hunterdon NJ PMSA,4680,4680,458972,9,18,1035,4,14,882,88,1227,43193,4579,4579,448566,9,18,1035,4,14,882,86,1194,41906
9699,5602,5190, ,Monmouth-Ocean NJ PMSA,5064,5064,466912,1,2,225,1,3,301,3,198,10375,4740,4740,440311,1,2,225,1,3,301,3,198,10375
9699,5602,5380, ,Nassau-Suffolk NY PMSA,4186,4186,568704,31,62,4393,1,4,473,80,1193,71518,3820,3820,534181,26,52,3874,1,4,473,78,1183,70556
9699,5602,5480, ,New Haven-Meriden CT PMSA,919,919,111106,5,10,321,5,20,1549,7,67,2795,826,826,105189,3,6,221,5,20,1549,4,52,2595
9699,5602,5600, ,New York NY PMSA,2970,2970,435713,1205,2410,147005,250,779,53955,137,5298,246580,2895,2895,423768,1201,2402,146270,239,743,52376,131,5266,245220
9699,5602,5640, ,Newark NJ PMSA,3135,3135,352254,114,228,7696,9,31,1727,11,113,5590,3015,3015,335391,109,218,7290,8,28,1722,11,113,5590
9699,5602,5660, ,Newburgh NY-PA PMSA,1294,1294,135081,15,30,1680,10,34,1763,59,1071,46885,1206,1206,128778,14,28,1600,7,25,1323,42,931,36967
9699,5602,8040, ,Stamford-Norwalk CT PMSA,456,456,137175,15,30,4173,1,4,142,13,235,13402,414,414,128717,15,30,4173,1,4,142,12,157,9100
9699,5602,8480, ,Trenton NJ PMSA,788,788,83086,2,4,570,0,0,0,1,10,263,690,690,74872,2,4,570,0,0,0,0,0,0
9699,5602,8880, ,Waterbury CT PMSA,568,568,61176,2,4,132,2,6,500,4,76,1708,567,567,61047,2,4,132,2,6,500,4,76,1708
9699,5720,9999, ,Norfolk-Virginia Beach-Newport News VA-NC MSA,6543,6543,679062,85,170,9353,47,180,11354,133,1421,47158,6543,6543,679062,85,170,9353,47,180,11354,133,1421,47158
9699,5790,9999, ,Ocala FL MSA,2246,2246,152378,3,6,190,24,86,2414,10,96,3042,2246,2246,152378,3,6,190,24,86,2414,10,96,3042
9699,5800,9999, ,Odessa-Midland TX MSA,358,358,38058,0,0,0,0,0,0,0,0,0,352,352,37321,0,0,0,0,0,0,0,0,0
9699,5880,9999, ,Oklahoma City OK MSA,4185,4185,468146,83,166,8415,6,24,1059,32,667,27914,4152,4152,465071,83,166,8415,6,24,1059,31,662,27811
9699,5920,9999, ,Omaha NE-IA MSA,3295,3295,286857,46,92,5457,5,20,939,103,2185,58739,3156,3156,275087,43,86,5083,5,20,939,103,2185,58739
9699,5960,9999, ,Orlando FL MSA,12395,12395,1292281,21,42,1603,15,56,2581,273,3591,172651,12394,12394,1292244,21,42,1603,15,56,2581,273,3591,172651
9699,5990,9999, ,Owensboro KY MSA,379,379,22491,3,6,238,2,7,192,3,22,564,168,168,10570,3,6,238,2,7,192,3,22,564
9699,6015,9999, ,Panama City FL MSA,948,948,66608,21,42,1237,2,8,107,0,0,0,948,948,66608,21,42,1237,2,8,107,0,0,0
9699,6020,9999, ,Parkersburg-Marietta WV-OH MSA,225,225,20157,12,24,986,4,15,1165,18,138,4977,183,183,14537,10,20,816,4,15,1165,10,97,3626
9699,6080,9999, ,Pensacola FL MSA,3307,3307,271938,34,68,2704,5,18,1581,134,1172,42492,3307,3307,271938,34,68,2704,5,18,1581,134,1172,42492
9699,6120,9999, ,Peoria-Pekin IL MSA,1182,1182,135706,25,50,3279,4,13,1295,13,205,7300,1174,1174,135120,24,48,3066,4,13,1295,13,205,7300
9699,6162,0560, ,Atlantic-Cape May NJ PMSA,1305,1305,103953,124,248,16079,28,92,8383,7,67,3927,1280,1280,101356,124,248,16079,28,92,8383,7,67,3927
9699,6162,6160, ,Philadelphia PA-NJ PMSA,12461,12461,1241612,50,100,3759,25,96,5126,131,1902,77844,11552,11552,1157163,46,92,3383,25,96,5126,129,1892,76964
9699,6162,8760, ,Vineland-Millville-Bridgeton NJ PMSA,306,306,20714,5,10,344,0,0,0,0,0,0,301,301,20305,5,10,344,0,0,0,0,0,0
9699,6162,9160, ,Wilmington-Newark DE-MD PMSA,2798,2798,196332,9,18,592,6,18,1458,14,116,4900,2749,2749,193469,9,18,592,6,18,1458,7,81,4340
9699,6200,9999, ,Phoenix-Mesa AZ MSA,29513,29513,3579114,85,170,17460,57,209,19228,745,9754,550489,29486,29486,3577249,85,170,17460,57,209,19228,745,9754,550489
9699,6240,9999, ,Pine Bluff AR MSA,98,98,4741,9,18,697,0,0,0,3,38,645,98,98,4741,9,18,697,0,0,0,3,38,645
9699,6280,9999, ,Pittsburgh PA MSA,4711,4711,542717,40,80,4450,47,174,7270,77,657,32521,4164,4164,476956,28,56,3388,41,156,7007,50,474,25145
9699,6320,9999, ,Pittsfield MA MSA,104,104,12235,3,6,501,0,0,0,7,128,5380,90,90,10846,3,6,501,0,0,0,7,128,5380
9699,6340,9999, ,Pocatello ID MSA,299,299,27038,10,20,801,19,76,3217,4,30,1225,299,299,27038,10,20,801,19,76,3217,4,30,1225
9699,6400,9999, ,Portland ME MSA,1021,1021,118785,7,14,740,5,18,1095,8,45,2382,1000,1000,117431,7,14,740,5,18,1095,7,40,2081
9699,6442,6440, ,Portland-Vancouver OR-WA PMSA,11205,11205,1419102,276,552,40322,146,541,33430,428,5962,278966,11098,11098,1405937,275,550,40174,146,541,33430,420,5898,276308
9699,6442,7080, ,Salem OR PMSA,1696,1696,215030,107,214,16208,30,115,5812,160,1348,60619,1487,1487,189485,85,170,12939,26,101,5118,154,1308,58670
9699,6480,9999, ,Providence-Fall River-Warwick RI-MA MSA,2383,2383,231971,72,144,7444,7,23,769,24,271,11106,2187,2187,216251,58,116,6302,7,23,769,24,271,11106
9699,6520,9999, ,Provo-Orem UT MSA,2584,2584,280742,77,154,12764,50,191,12793,81,1026,57849,2292,2292,248420,77,154,12764,50,191,12793,81,1026,57849
9699,6560,9999, ,Pueblo CO MSA,877,877,88398,64,128,8289,19,76,2769,7,112,6735,877,877,88398,64,128,8289,19,76,2769,7,112,6735
9699,6580,9999, ,Punta Gorda FL MSA,941,941,94405,12,24,1937,7,25,1622,8,75,5159,941,941,94405,12,24,1937,7,25,1622,8,75,5159
9699,6640,9999, ,Raleigh-Durham-Chapel Hill NC MSA,10874,10874,1303526,61,122,8033,30,117,5326,251,3087,116939,10768,10768,1295410,61,122,8033,30,117,5326,241,3022,115011
9699,6660,9999, ,Rapid City SD MSA,283,283,30314,0,0,0,0,0,0,6,64,3756,276,276,29972,0,0,0,0,0,0,6,64,3756
9699,6680,9999, ,Reading PA MSA,1435,1435,146529,20,40,1995,2,8,380,6,70,3450,1317,1317,135103,20,40,1995,2,8,380,6,70,3450
9699,6690,9999, ,Redding CA MSA,577,577,65213,10,20,1251,14,52,3223,2,61,2096,577,577,65213,10,20,1251,14,52,3223,2,61,2096
9699,6720,9999, ,Reno NV MSA,2885,2885,327384,11,22,2075,15,57,1969,135,1413,66364,2849,2849,323722,11,22,2075,15,57,1969,134,1408,66211
9699,6740,9999, ,Richland-Kennewick-Pasco WA MSA,792,792,92725,1,2,183,3,11,494,2,75,2801,781,781,91720,1,2,183,3,11,494,1,51,2290
9699,6760,9999, ,Richmond-Petersburg VA MSA,5364,5364,528772,4,8,254,22,82,3398,62,693,19717,5278,5278,521312,2,4,202,22,82,3398,62,693,19717
9699,6800,9999, ,Roanoke VA MSA,848,848,59672,8,16,464,2,8,520,12,119,6145,848,848,59672,8,16,464,2,8,520,12,119,6145
9699,6820,9999, ,Rochester MN MSA,493,493,62094,22,44,4649,25,99,9176,6,128,7878,493,493,62094,22,44,4649,25,99,9176,6,128,7878
9699,6840,9999, ,Rochester NY MSA,2455,2455,296098,19,38,1944,27,95,10659,42,519,20953,2295,2295,278849,16,32,1560,27,95,10659,39,498,20091
9699,6880,9999, ,Rockford IL MSA,1646,1646,136930,82,164,9610,80,318,13009,28,274,10836,1612,1612,134441,82,164,9610,80,318,13009,28,274,10836
9699,6895,9999, ,Rocky Mount NC MSA,450,450,37486,7,14,578,0,0,0,0,0,0,440,440,36848,7,14,578,0,0,0,0,0,0
9699,6922,6920, ,Sacramento CA PMSA,7419,7419,1055349,13,26,1713,4,16,627,61,713,41269,7419,7419,1055349,13,26,1713,4,16,627,61,713,41269
9699,6922,9270, ,Yolo CA PMSA,677,677,93162,10,20,1664,0,0,0,11,103,6581,677,677,93162,10,20,1664,0,0,0,11,103,6581
9699,6960,9999, ,Saginaw-Bay City-Midland MI MSA,1087,1087,119512,42,84,6027,1,4,320,11,164,7461,865,865,100892,42,84,6027,1,4,320,7,137,5896
9699,6980,9999, ,St. Cloud MN MSA,913,913,75948,0,0,0,6,21,620,21,413,16268,585,585,52795,0,0,0,3,12,620,6,150,6500
9699,7000,9999, ,St. Joseph MO MSA,203,203,22825,20,40,1018,11,35,1682,10,64,1520,194,194,21795,18,36,765,9,27,1237,10,64,1520
9699,7040,9999, ,St. Louis MO-IL MSA,10537,10537,1147426,207,414,25576,182,671,23434,79,1044,53825,10372,10372,1118105,205,410,25375,182,671,23434,79,1044,53825
9699,7120,9999, ,Salinas CA MSA,1168,1168,206778,2,4,264,9,33,3839,38,297,21643,1157,1157,205458,2,4,264,9,33,3839,38,297,21643
9699,7160,9999, ,Salt Lake City-Ogden UT MSA,9054,9054,965482,113,226,15877,50,192,11823,218,3271,136938,8826,8826,945286,113,226,15877,50,192,11823,218,3271,136938
9699,7200,9999, ,San Angelo TX MSA,252,252,22741,4,8,444,0,0,0,2,216,10486,252,252,22741,4,8,444,0,0,0,2,216,10486
9699,7240,9999, ,San Antonio TX MSA,6901,6901,530217,37,74,2886,8,27,1514,161,2640,67652,6893,6893,529345,37,74,2886,8,27,1514,161,2640,67652
9699,7320,9999, ,San Diego CA MSA,5831,5831,1068437,47,94,11795,138,444,36061,53,479,34446,5831,5831,1068437,47,94,11795,138,444,36061,53,479,34446
9699,7362,5775, ,Oakland CA PMSA,5831,5831,1156582,11,22,2042,35,137,12367,63,1043,85053,5831,5831,1156582,11,22,2042,35,137,12367,63,1043,85053
9699,7362,7360, ,San Francisco CA PMSA,1168,1168,268064,77,154,19719,60,206,20478,69,1488,122150,1098,1098,238382,77,154,19719,60,206,20478,60,1435,117126
9699,7362,7400, ,San Jose CA PMSA,4032,4032,684944,21,42,4704,102,339,29247,147,3161,192603,4030,4030,684383,21,42,4704,102,339,29247,147,3161,192603
9699,7362,7485, ,Santa Cruz-Watsonville CA PMSA,372,372,67967,2,4,244,5,18,775,10,113,8461,372,372,67967,2,4,244,5,18,775,10,113,8461
9699,7362,7500, ,Santa Rosa CA PMSA,1412,1412,192827,7,14,1027,0,0,0,6,61,2784,1385,1385,189010,7,14,1027,0,0,0,6,61,2784
9699,7362,8720, ,Vallejo-Fairfield-Napa CA PMSA,1420,1420,216460,51,102,9907,43,158,14198,4,135,14172,1388,1388,211402,51,102,9907,43,158,14198,4,135,14172
9699,7460,9999, ,San Luis Obispo-Atascadero-Paso Robles CA MSA,1067,1067,140611,5,10,718,1,4,213,15,75,2879,1064,1064,140130,5,10,718,1,4,213,15,75,2879
9699,7480,9999, ,Santa Barbara-Santa Maria-Lompoc CA MSA,693,693,119555,14,28,3442,7,22,1624,3,37,3856,604,604,108749,14,28,3442,7,22,1624,3,37,3856
9699,7490,9999, ,Santa Fe NM MSA,340,340,35872,0,0,0,0,0,0,0,0,0,340,340,35872,0,0,0,0,0,0,0,0,0
9699,7510,9999, ,Sarasota-Bradenton FL MSA,4107,4107,442622,39,78,4920,18,65,4240,109,1942,162530,4075,4075,438522,39,78,4920,18,65,4240,108,1937,161718
9699,7520,9999, ,Savannah GA MSA,1621,1621,163626,19,38,1845,2,7,185,31,476,18673,1584,1584,160575,15,30,1374,2,7,185,31,476,18673
9699,7560,9999, ,Scranton--Wilkes-Barre--Hazleton PA MSA,1290,1290,127145,14,28,1444,4,15,330,7,66,2944,1067,1067,108813,9,18,1038,4,15,330,6,44,2333
9699,7602,1150, ,Bremerton WA PMSA,1537,1537,133980,15,30,1536,6,20,1085,16,182,7460,491,491,59542,0,0,0,2,7,383,4,64,2841
9699,7602,5910, ,Olympia WA PMSA,1711,1711,158304,25,50,3752,0,0,0,17,235,9268,1707,1707,157939,25,50,3752,0,0,0,17,235,9268
9699,7602,7600, ,Seattle-Bellevue-Everett WA PMSA,9027,9027,1182191,268,536,44770,254,892,66350,340,5275,339959,7566,7566,1016074,245,490,42115,243,857,61795,290,4966,318875
9699,7602,8200, ,Tacoma WA PMSA,3785,3785,397194,127,254,18346,33,121,9196,41,628,34294,3677,3677,387356,126,252,18196,29,109,8407,41,628,34294
9699,7610,9999, ,Sharon PA MSA,321,321,29091,5,10,806,2,8,200,0,0,0,284,284,25050,5,10,806,2,8,200,0,0,0
9699,7620,9999, ,Sheboygan WI MSA,458,458,56947,21,42,2999,2,8,380,10,212,7725,404,404,50722,21,42,2999,2,8,380,10,212,7725
9699,7640,9999, ,Sherman-Denison TX MSA,186,186,17766,12,24,940,0,0,0,0,0,0,166,166,15366,12,24,940,0,0,0,0,0,0
9699,7680,9999, ,Shreveport-Bossier City LA MSA,1132,1132,125803,7,14,638,0,0,0,21,220,6338,1131,1131,125390,7,14,638,0,0,0,21,220,6338
9699,7720,9999, ,Sioux City IA-NE MSA,295,295,28683,8,16,1244,2,7,51,7,109,1988,271,271,26862,8,16,1244,1,3,51,5,88,1562
9699,7760,9999, ,Sioux Falls SD MSA,1033,1033,88330,39,78,5320,8,31,1391,15,405,17896,979,979,84332,37,74,5054,8,31,1391,12,346,15162
9699,7800,9999, ,South Bend IN MSA,1019,1019,125874,5,10,397,0,0,0,12,274,9664,1018,1018,125820,5,10,397,0,0,0,12,274,9664
9699,7840,9999, ,Spokane WA MSA,1564,1564,177660,58,116,8402,12,43,2950,100,1678,72681,1277,1277,146586,53,106,7635,10,36,2592,86,1423,62247
9699,7880,9999, ,Springfield IL MSA,922,922,100021,84,168,11575,1,4,75,4,37,1486,804,804,88448,84,168,11575,1,4,75,4,37,1486
9699,7920,9999, ,Springfield MO MSA,1895,1895,131695,71,142,6997,13,51,2136,13,171,4695,1861,1861,129165,67,134,6655,13,51,2136,9,119,3508
9699,8000,9999, ,Springfield MA MSA,990,990,118793,23,46,2498,11,34,1965,7,44,2135,941,941,112796,23,46,2498,11,34,1965,7,44,2135
9699,8050,9999, ,State College PA MSA,495,495,51936,6,12,518,0,0,0,1,9,120,435,435,47306,6,12,518,0,0,0,1,9,120
9699,8080,9999, ,Steubenville-Weirton OH-WV MSA,70,70,6432,4,8,249,2,8,315,2,14,350,59,59,5300,4,8,249,2,8,315,2,14,350
9699,8120,9999, ,Stockton-Lodi CA MSA,2117,2117,243483,6,12,899,0,0,0,18,208,11539,2097,2097,241562,6,12,899,0,0,0,18,208,11539
9699,8140,9999, ,Sumter SC MSA,379,379,25432,0,0,0,3,10,333,0,0,0,349,349,23507,0,0,0,2,7,263,0,0,0
9699,8160,9999, ,Syracuse NY MSA,1176,1176,104177,10,20,626,2,7,98,18,249,5308,886,886,79663,9,18,496,1,4,98,18,249,5308
9699,8240,9999, ,Tallahassee FL MSA,1548,1548,162215,41,82,3891,2,8,90,14,288,12659,1548,1548,162215,41,82,3891,2,8,90,14,288,12659
9699,8280,9999, ,Tampa-St. Petersburg-Clearwater FL MSA,10006,10006,973630,74,148,12608,73,273,16959,256,4253,248304,9997,9997,972585,74,148,12608,73,273,16959,255,4248,248112
9699,8320,9999, ,Terre Haute IN MSA,364,364,33075,18,36,1941,9,36,923,3,76,2000,355,355,32268,18,36,1941,9,36,923,3,76,2000
9699,8360,9999, ,Texarkana TX-Texarkana AR MSA,224,224,14663,10,20,689,2,8,296,34,400,9500,220,220,14423,10,20,689,2,8,296,34,400,9500
9699,8400,9999, ,Toledo OH MSA,1681,1681,202099,44,88,6213,37,138,8497,14,117,5317,1678,1678,201798,44,88,6213,37,138,8497,14,117,5317
9699,8440,9999, ,Topeka KS MSA,533,533,66589,53,106,6490,2,8,380,13,138,3890,533,533,66589,53,106,6490,2,8,380,13,138,3890
9699,8520,9999, ,Tucson AZ MSA,5073,5073,571866,36,72,4305,6,21,1071,20,531,26197,4216,4216,481580,36,72,4305,6,21,1071,20,531,26197
9699,8560,9999, ,Tulsa OK MSA,2943,2943,298645,14,28,1085,0,0,0,46,605,20507,2934,2934,298000,13,26,1040,0,0,0,46,605,20507
9699,8600,9999, ,Tuscaloosa AL MSA,672,672,39612,1,2,36,2,6,265,46,374,11953,672,672,39612,1,2,36,2,6,265,46,374,11953
9699,8640,9999, ,Tyler TX MSA,354,354,52482,9,18,1060,41,160,5587,17,246,12190,274,274,46212,9,18,1060,41,160,5587,17,246,12190
9699,8680,9999, ,Utica-Rome NY MSA,362,362,35134,0,0,0,1,4,133,7,56,2665,295,295,30214,0,0,0,0,0,0,7,56,2665
9699,8750,9999, ,Victoria TX MSA,160,160,12902,2,4,197,0,0,0,1,10,222,160,160,12902,2,4,197,0,0,0,1,10,222
9699,8780,9999, ,Visalia-Tulare-Porterville CA MSA,1276,1276,110578,18,36,1728,11,40,2223,2,23,767,1273,1273,110333,18,36,1728,11,40,2223,2,23,767
9699,8800,9999, ,Waco TX MSA,346,346,34307,23,46,2020,7,25,1043,1,6,485,329,329,30770,23,46,2020,7,25,1043,1,6,485
9699,8872,0720, ,Baltimore MD PMSA,9322,9322,906764,1,2,100,7,28,1405,89,1389,59048,9218,9218,900419,1,2,100,7,28,1405,76,1320,56928
9699,8872,3180, ,Hagerstown MD PMSA,604,604,59870,6,12,453,0,0,0,2,24,670,599,599,59651,6,12,453,0,0,0,2,24,670
9699,8872,8840, ,Washington DC-MD-VA-WV PMSA,23191,23191,2414397,35,70,5590,9,32,5258,373,7722,298779,22925,22925,2387233,35,70,5590,9,32,5258,370,7697,297851
9699,8920,9999, ,Waterloo-Cedar Falls IA MSA,142,142,17872,13,26,1394,1,4,166,2,152,6130,142,142,17872,13,26,1394,1,4,166,2,152,6130
9699,8940,9999, ,Wausau WI MSA,630,630,66382,16,32,1842,3,11,550,3,18,620,630,630,66382,16,32,1842,3,11,550,3,18,620
9699,8960,9999, ,West Palm Beach-Boca Raton FL MSA,8328,8328,987987,22,44,5353,71,279,20006,85,1320,72819,8326,8326,986576,22,44,5353,71,279,20006,85,1320,72819
9699,9000,9999, ,Wheeling WV-OH MSA,59,59,7340,0,0,0,0,0,0,8,48,2379,59,59,7340,0,0,0,0,0,0,0,0,0
9699,9040,9999, ,Wichita KS MSA,2636,2636,258479,51,102,5695,4,16,400,19,141,6582,2574,2574,253946,51,102,5695,4,16,400,0,0,0
9699,9080,9999, ,Wichita Falls TX MSA,198,198,20217,4,8,207,1,4,110,17,288,10240,197,197,20177,4,8,207,1,4,110,17,288,10240
9699,9140,9999, ,Williamsport PA MSA,306,306,32361,1,2,75,7,28,1621,8,64,3011,187,187,20278,1,2,75,7,28,1621,8,64,3011
9699,9200,9999, ,Wilmington NC MSA,3343,3343,300416,19,38,3044,6,24,1093,34,403,17533,3178,3178,286462,16,32,2781,6,24,1093,34,403,17533
9699,9260,9999, ,Yakima WA MSA,409,409,46909,83,166,9014,19,64,2668,4,80,2810,409,409,46909,83,166,9014,19,64,2668,4,80,2810
9699,9280,9999, ,York PA MSA,1844,1844,173201,29,58,3157,13,50,2820,10,180,7440,1813,1813,170565,27,54,2889,13,50,2820,10,180,7440
9699,9320,9999, ,Youngstown-Warren OH MSA,1178,1178,133071,100,200,13215,47,178,10780,8,48,2641,1146,1146,130477,95,190,12537,47,178,10780,8,48,2641
9699,9340,9999, ,Yuba City CA MSA,388,388,49207,3,6,345,1,4,120,0,0,0,388,388,49207,3,6,345,1,4,120,0,0,0
9699,9360,9999, ,Yuma AZ MSA,879,879,59858,1,2,72,2,7,205,4,263,10875,879,879,59858,1,2,72,2,7,205,4,263,10875
9699,1122,9999, ,Boston-Worcester-Lawrence MA-NH-ME-CT CMSA,13702,13702,1721248,197,394,28212,21,71,5661,141,1843,101984,12033,12033,1537339,175,350,25628,21,71,5661,79,1377,82305
9699,1602,9999, ,Chicago-Gary-Kenosha IL-IN-WI CMSA,28066,28066,3680971,460,920,70840,574,2020,136865,670,7922,455782,27619,27619,3628807,450,900,69565,563,1986,134532,648,7770,448654
9699,1642,9999, ,Cincinnati-Hamilton OH-KY-IN CMSA,9564,9564,1012027,135,270,15451,53,196,12737,224,2324,92039,8912,8912,947471,125,250,14492,45,169,11222,185,2084,83099
9699,1692,9999, ,Cleveland-Akron OH CMSA,8689,8689,1308141,180,360,27213,139,462,24861,164,1784,96865,8400,8400,1271508,180,360,27213,131,438,23128,160,1740,95088
9699,1922,9999, ,Dallas-Fort Worth TX CMSA,25521,25521,3387248,88,176,9517,78,305,8125,707,12806,632572,23563,23563,3116561,88,176,9517,74,293,7958,695,12640,628158
9699,2082,9999, ,Denver-Boulder-Greeley CO CMSA,15939,15939,1959641,108,216,17658,92,328,18367,451,5048,259043,15819,15819,1927938,108,216,17658,92,328,18367,415,4626,232502
9699,2162,9999, ,Detroit-Ann Arbor-Flint MI CMSA,21748,21748,2641042,165,330,24146,140,535,30663,303,4097,220186,21163,21163,2594172,159,318,23688,137,526,30288,287,4009,216912
9699,3362,9999, ,Houston-Galveston-Brazoria TX CMSA,19436,19436,2032857,24,48,1906,34,135,4265,260,4499,180311,19372,19372,2019215,19,38,1447,34,135,4265,253,4457,178320
9699,4472,9999, ,Los Angeles-Riverside-Orange County CA CMSA,25463,25463,4084790,208,416,41392,136,482,50691,455,6226,438883,24724,24724,3941385,183,366,36944,121,437,46252,403,5861,411098
9699,4992,9999, ,Miami-Fort Lauderdale FL CMSA,13386,13386,1461738,97,194,9474,79,280,20334,378,7110,434346,13353,13353,1451015,97,194,9474,79,280,20334,372,6975,418925
9699,5082,9999, ,Milwaukee-Racine WI CMSA,4327,4327,619685,171,342,33438,67,259,21091,193,2448,110111,4179,4179,602318,171,342,33438,66,256,21031,168,2321,105658
9699,5602,9999, ,New York-Northern New Jersey-Long Island NY-NJ-CT-PA CMSA,27645,27645,3270587,1594,3188,189907,315,999,66618,426,9857,460154,25956,25956,3095715,1523,3046,183976,293,930,63771,385,9494,440263
9699,6162,9999, ,Philadelphia-Wilmington-Atlantic City PA-NJ-DE-MD CMSA,16870,16870,1562612,188,376,20774,59,206,14967,152,2085,86671,15882,15882,1472294,184,368,20398,59,206,14967,143,2040,85231
9699,6442,9999, ,Portland-Salem OR-WA CMSA,12901,12901,1634132,383,766,56530,176,656,39243,588,7310,339585,12585,12585,1595422,360,720,53113,172,642,38548,574,7206,334978
9699,6922,9999, ,Sacramento-Yolo CA CMSA,8096,8096,1148511,23,46,3377,4,16,627,72,816,47850,8096,8096,1148511,23,46,3377,4,16,627,72,816,47850
9699,7362,9999, ,San Francisco-Oakland-San Jose CA CMSA,14235,14235,2586844,169,338,37642,245,858,77065,299,6001,425224,14104,14104,2547726,169,338,37642,245,858,77065,290,5948,420200
9699,7602,9999, ,Seattle-Tacoma-Bremerton WA CMSA,16060,16060,1871669,435,870,68404,293,1033,76631,414,6320,390982,13441,13441,1620911,396,792,64063,274,973,70584,352,5893,365279
9699,8872,9999, ,Washington-Baltimore DC-MD-VA-WV CMSA,33117,33117,3381031,42,84,6143,16,60,6663,464,9135,358497,32742,32742,3347303,42,84,6143,16,60,6663,448,9041,355450
