Survey,CSA,CBSA,MONCOV,CBSA,,1-unit,,,2-units,,,3-4 units,,,5+ units,,,1-unit rep,,,2-units rep,,,3-4 units rep,,,5+ units rep
Date,Code,Code,,Name,Bldgs,Units,Value,Bldgs,Units,Value,Bldgs,Units,Value,Bldgs,Units,Value,Bldgs,Units,Value,Bldgs,Units,Value,      Bldgs,Units,Value,Bldgs,Units,Value
 
201499,104,10580, ,Albany-Schenectady-Troy  NY ,1203,1203,296663,31,62,8161,35,127,16113,70,839,85759,1121,1121,278433,24,48,5671,29,109,13638,65,814,83884
201499,104,24020, ,Glens Falls  NY ,260,260,44062,0,0,0,9,34,1681,10,74,1420,235,235,41659,0,0,0,9,34,1681,10,74,1420
201499,106,10740,C,Albuquerque  NM ,2128,2128,407739,6,12,1700,18,67,5618,15,336,21263,1248,1248,251144,0,0,0,0,0,0,9,306,20013
201499,106,42140,C,Santa Fe  NM ,161,161,37092,0,0,0,0,0,0,0,0,0,149,149,34689,0,0,0,0,0,0,0,0,0
201499,108,11100, ,Amarillo  TX ,496,496,128990,3,6,575,11,44,2279,13,372,42004,496,496,128990,3,6,575,11,44,2279,13,372,42004
201499,118,11540, ,Appleton  WI ,508,508,116994,18,36,4536,10,40,3565,35,346,22317,482,482,111390,17,34,4286,10,40,3565,35,346,22317
201499,118,36780, ,Oshkosh-Neenah  WI ,267,267,59912,8,16,1770,0,0,0,16,228,14713,267,267,59912,8,16,1770,0,0,0,16,228,14713
201499,120,11700, ,Asheville  NC ,1408,1408,372781,4,8,880,0,0,0,31,416,36397,1197,1197,330900,4,8,880,0,0,0,31,416,36397
201499,122,12020, ,Athens-Clarke County  GA ,502,502,115881,1,2,220,1,4,440,19,422,28824,471,471,114152,1,2,220,1,4,440,19,422,28824
201499,122,12060,C,Atlanta-Sandy Springs-Roswell  GA ,16984,16984,3423797,20,40,6316,57,217,36123,165,9442,925420,16748,16748,3379609,20,40,6316,57,217,36123,162,9331,917379
201499,122,23580, ,Gainesville  GA ,714,714,119313,4,8,755,0,0,0,0,0,0,694,694,115688,4,8,755,0,0,0,0,0,0
201499,140,13460,C,Bend-Redmond  OR ,1274,1274,318520,12,24,6153,0,0,0,5,32,1151,1260,1260,315492,12,24,6153,0,0,0,5,32,1151
201499,142,13820,C,Birmingham-Hoover  AL ,2318,2318,520115,1,2,246,22,85,9565,18,959,85071,2255,2255,507745,1,2,246,22,85,9565,17,954,84753
201499,144,14020, ,Bloomington  IN ,233,233,53654,18,36,4528,0,0,0,17,270,24909,233,233,53654,18,36,4528,0,0,0,17,270,24909
201499,145,14010, ,Bloomington  IL ,257,257,47335,1,2,205,2,6,600,1,6,315,251,251,46375,1,2,205,2,6,600,1,6,315
201499,146,14100, ,Bloomsburg-Berwick  PA ,107,107,21539,1,2,130,1,4,650,0,0,0,100,100,20223,1,2,130,1,4,650,0,0,0
201499,147,14260,C,Boise City  ID ,3481,3481,807544,8,16,1311,94,375,25580,64,1311,125262,3441,3441,797597,8,16,1311,93,371,25325,63,1292,123941
201499,148,12700, ,Barnstable Town  MA ,530,530,167856,2,4,1038,4,15,2625,15,91,13690,439,439,143272,2,4,1038,4,15,2625,2,12,2901
201499,148,14460,C,Boston-Cambridge-Quincy  MA-NH ,4991,4991,1418826,153,306,44132,74,245,35578,225,6482,1145235,4403,4403,1267574,131,262,38993,64,211,31846,125,5206,1011185
201499,148,31700, ,Manchester-Nashua  NH ,464,464,98643,12,24,3205,0,0,0,11,480,39803,427,427,90286,12,24,3205,0,0,0,11,480,39803
201499,148,39300, ,Providence-Warwick  RI-MA ,1441,1441,301814,26,52,5808,20,73,8671,20,209,15588,1411,1411,297080,26,52,5808,20,73,8671,20,209,15588
201499,148,49340, ,Worcester  MA-CT ,1274,1274,257750,20,40,4386,4,12,1304,3,58,4637,1015,1015,216111,20,40,4386,4,12,1304,3,58,4637
201499,150,14540, ,Bowling Green  KY ,417,417,83586,4,8,735,7,26,3730,12,152,14455,417,417,83586,4,8,735,7,26,3730,12,152,14455
201499,154,15180, ,Brownsville-Harlingen  TX ,1179,1179,126678,33,66,3016,8,30,1310,3,142,7332,1176,1176,126578,33,66,3016,8,30,1310,3,142,7332
201499,160,15380, ,Buffalo-Cheektowaga-Niagara Falls  NY ,1057,1057,266847,12,24,3405,15,56,7859,55,741,65005,1014,1014,257550,12,24,3405,15,56,7859,46,687,58047
201499,162,15980,C,Cape Coral-Fort Myers  FL ,3112,3112,791647,33,66,7160,45,167,36788,43,750,98611,3112,3112,791647,33,66,7160,45,167,36788,43,750,98611
201499,162,34940,C,Naples-Immokalee-Marco Island  FL ,2477,2477,902072,4,8,23295,46,164,27730,55,961,158298,2477,2477,902072,4,8,23295,46,164,27730,55,961,158298
201499,164,16020, ,Cape Girardeau-Jackson  MO-IL ,163,163,31090,6,12,1684,0,0,0,1,12,850,163,163,31090,6,12,1684,0,0,0,1,12,850
201499,168,16300, ,Cedar Rapids  IA ,644,644,81766,35,70,6103,31,113,8837,2,54,5575,637,637,80226,35,70,6103,31,113,8837,2,54,5575
201499,168,26980, ,Iowa City  IA ,641,641,144711,3,6,701,7,26,3502,22,431,45113,620,620,141399,3,6,701,6,23,3129,21,426,44455
201499,170,16620, ,Charleston  WV ,88,88,15707,8,16,2129,8,29,1761,18,188,12574,70,70,12265,4,8,972,5,19,1209,11,91,7826
201499,170,26580, ,Huntington-Ashland  WV-KY-OH ,230,230,40964,6,12,798,12,45,4792,4,71,2915,179,179,34986,6,12,798,11,42,4605,4,71,2915
201499,172,16740, ,Charlotte-Concord-Gastonia  NC-SC ,11306,11306,2625412,28,56,5138,20,75,5543,238,7100,601383,10536,10536,2418426,28,56,5138,20,75,5543,229,7029,593379
201499,174,16860, ,Chattanooga  TN-GA ,1226,1226,222991,12,24,1747,3,10,1260,31,1086,87796,1170,1170,216529,12,24,1747,3,10,1260,27,1066,85978
201499,174,17420, ,Cleveland  TN ,419,419,67743,10,20,1544,24,84,6506,8,166,6330,277,277,42165,10,20,1544,24,84,6506,8,166,6330
201499,174,19140,C,Dalton  GA ,115,115,18840,0,0,0,0,0,0,1,6,510,115,115,18840,0,0,0,0,0,0,1,6,510
201499,176,16980,C,Chicago-Naperville-Elgin  IL-IN-WI ,7723,7723,2180831,62,124,19992,131,439,70622,201,7393,1113734,7328,7328,2108475,55,110,18334,131,439,70622,178,7264,1107118
201499,176,28100, ,Kankakee  IL ,115,115,21255,2,4,760,0,0,0,1,8,1380,115,115,21255,2,4,760,0,0,0,1,8,1380
201499,176,33140, ,Michigan City-La Porte  IN ,101,101,23748,0,0,0,0,0,0,2,24,800,84,84,20312,0,0,0,0,0,0,2,24,800
201499,178,17140, ,Cincinnati  OH-KY-IN ,3218,3218,710569,14,28,3855,39,137,18218,102,1823,173419,3115,3115,694460,14,28,3855,39,137,18218,102,1823,173419
201499,184,10420, ,Akron  OH ,684,684,173540,0,0,0,4,16,1900,1,63,6000,622,622,159834,0,0,0,4,16,1900,1,63,6000
201499,184,15940, ,Canton-Massillon  OH ,404,404,91951,6,12,1205,18,70,5278,6,65,8920,388,388,90214,6,12,1205,18,70,5278,1,40,7000
201499,184,17460,C,Cleveland-Elyria  OH ,2256,2256,599567,22,44,1301,21,81,8860,31,519,37807,2144,2144,589533,9,18,1170,21,81,8860,31,519,37807
201499,190,17860,C,Columbia  MO ,663,663,152139,19,38,3916,9,27,4355,20,686,101872,663,663,152139,19,38,3916,9,27,4355,20,686,101872
201499,192,17900,C,Columbia  SC ,3300,3300,630108,2,4,358,1,3,135,36,760,46248,2120,2120,494425,2,4,358,1,3,135,14,338,22429
201499,194,12220,C,Auburn-Opelika  AL ,751,751,206685,2,4,465,0,0,0,10,188,30438,719,719,196649,2,4,465,0,0,0,9,182,28591
201499,194,17980, ,Columbus  GA-AL ,703,703,111615,0,0,0,8,24,1090,16,228,17293,325,325,69273,0,0,0,0,0,0,0,0,0
201499,198,18140, ,Columbus  OH ,3497,3497,898683,50,100,11593,66,243,28922,189,3204,315210,3347,3347,868599,49,98,11389,64,237,27990,188,3199,314588
201499,204,18580, ,Corpus Christi  TX ,1667,1667,282048,3,6,599,3,11,787,70,1180,91667,1500,1500,251386,3,6,599,3,11,787,66,1150,89359
201499,206,19100, ,Dallas-Fort Worth-Arlington  TX ,22550,22550,6234172,91,182,23838,44,166,17945,426,18520,1497099,21861,21861,6055591,91,182,23838,43,162,17403,426,18520,1497099
201499,206,43300, ,Sherman-Denison  TX ,203,203,28096,2,4,307,0,0,0,3,64,4187,203,203,28096,2,4,307,0,0,0,3,64,4187
201499,209,19340, ,Davenport-Moline-Rock Island  IA-IL ,458,458,106787,33,66,7602,4,15,2314,4,116,15466,452,452,105470,33,66,7602,4,15,2314,4,116,15466
201499,212,19380, ,Dayton  OH ,743,743,215257,15,30,3193,2,6,400,0,0,0,675,675,199971,15,30,3193,2,6,400,0,0,0
201499,212,44220, ,Springfield  OH ,49,49,10513,0,0,0,1,4,800,0,0,0,49,49,10513,0,0,0,1,4,800,0,0,0
201499,216,14500, ,Boulder  CO ,560,560,191618,23,46,7559,7,23,2696,41,742,86373,469,469,175088,0,0,0,0,0,0,35,712,82029
201499,216,19740,C,Denver-Aurora-Lakewood  CO ,8064,8064,2109218,155,310,62637,18,61,8365,164,7332,754216,7999,7999,2089116,155,310,62637,18,61,8365,164,7332,754216
201499,216,24540,C,Greeley  CO ,1995,1995,469013,1,2,239,6,24,3179,51,687,67793,1814,1814,418842,1,2,239,6,24,3179,48,672,65110
201499,218,11180, ,Ames  IA ,179,179,46631,5,10,1772,0,0,0,22,350,39751,172,172,45148,5,10,1772,0,0,0,22,350,39751
201499,218,19780,C,Des Moines-West Des Moines  IA ,2952,2952,728316,19,38,6449,6,23,2772,58,1423,159986,2930,2930,724167,19,38,6449,6,23,2772,58,1423,159986
201499,220,11460, ,Ann Arbor  MI ,385,385,99885,1,2,480,0,0,0,14,183,17461,300,300,78863,1,2,480,0,0,0,14,183,17461
201499,220,19820,C,Detroit-Warren-Dearborn  MI ,4830,4830,1272144,30,60,5444,54,200,19318,69,1205,115317,4666,4666,1243735,30,60,5444,46,175,17491,58,1132,110081
201499,220,22420, ,Flint  MI ,271,271,59021,1,2,374,0,0,0,5,70,6075,264,264,57970,1,2,374,0,0,0,5,70,6075
201499,220,33780, ,Monroe  MI ,239,239,44179,0,0,0,0,0,0,0,0,0,218,218,40437,0,0,0,0,0,0,0,0,0
201499,222,20020, ,Dothan  AL ,223,223,58963,0,0,0,0,0,0,2,113,4720,198,198,55828,0,0,0,0,0,0,2,113,4720
201499,232,20740, ,Eau Claire  WI ,343,343,67441,12,24,2306,4,12,1163,13,84,5361,309,309,60828,12,24,2306,3,9,900,5,44,3225
201499,236,21300, ,Elmira  NY ,55,55,21545,3,6,450,0,0,0,0,0,0,26,26,5327,3,6,450,0,0,0,0,0,0
201499,238,21340, ,El Paso  TX ,2260,2260,357565,29,58,6334,45,176,15273,34,549,60210,2241,2241,355826,29,58,6334,45,176,15273,34,549,60210
201499,238,29740,C,Las Cruces  NM ,606,606,132352,0,0,0,0,0,0,1,11,800,606,606,132352,0,0,0,0,0,0,1,11,800
201499,240,21500, ,Erie  PA ,166,166,34810,21,42,2814,3,10,960,5,103,5330,161,161,33745,21,42,2814,3,10,960,5,103,5330
201499,244,22020, ,Fargo  ND-MN ,1242,1242,266147,2,4,750,6,24,3240,64,2496,184324,1238,1238,264934,2,4,750,6,24,3240,64,2496,184324
201499,246,22180, ,Fayetteville  NC ,1012,1012,173202,0,0,0,0,0,0,3,77,6393,1012,1012,173202,0,0,0,0,0,0,3,77,6393
201499,258,23060,C,Fort Wayne  IN ,883,883,207675,24,48,5181,1,4,600,37,310,12605,883,883,207675,24,48,5181,1,4,600,37,310,12605
201499,260,23420, ,Fresno  CA ,1611,1611,423269,2,4,436,4,15,944,30,262,20573,1273,1273,339245,2,4,436,4,15,944,30,262,20573
201499,260,31460, ,Madera  CA ,210,210,56451,0,0,0,1,4,432,0,0,0,210,210,56451,0,0,0,1,4,432,0,0,0
201499,264,23540, ,Gainesville  FL ,536,536,95519,0,0,0,0,0,0,20,263,16113,411,411,72547,0,0,0,0,0,0,0,0,0
201499,266,24340, ,Grand Rapids-Wyoming  MI ,2273,2273,508588,31,62,8096,4,13,1601,44,823,70503,2199,2199,494492,31,62,8096,4,13,1601,44,823,70503
201499,266,34740, ,Muskegon  MI ,172,172,37155,3,6,843,1,3,513,0,0,0,142,142,31441,2,4,600,1,3,513,0,0,0
201499,267,24580, ,Green Bay  WI ,641,641,138893,11,22,2990,2,6,360,35,335,19589,544,544,121485,11,22,2990,0,0,0,21,231,13223
201499,268,15500, ,Burlington  NC ,593,593,83707,3,6,840,2,7,593,0,0,0,534,534,76828,3,6,840,2,7,593,0,0,0
201499,268,24660,C,Greensboro-High Point  NC ,1470,1470,372254,1,2,163,0,0,0,49,1160,146565,1470,1470,372254,1,2,163,0,0,0,49,1160,146565
201499,268,49180, ,Winston-Salem  NC ,1424,1424,266222,40,80,7148,1,4,312,23,577,27373,1407,1407,262034,40,80,7148,1,4,312,23,577,27373
201499,273,24860, ,Greenville-Anderson-Mauldin  SC ,3306,3306,786854,6,12,993,6,22,1770,44,1139,80141,3284,3284,784710,6,12,993,6,22,1770,44,1139,80141
201499,273,43900, ,Spartanburg  SC ,1084,1084,176071,10,20,1461,0,0,0,0,0,0,1055,1055,169761,10,20,1461,0,0,0,0,0,0
201499,274,24780, ,Greenville  NC ,335,335,64252,21,42,3496,0,0,0,18,528,45397,303,303,59539,19,38,3171,0,0,0,17,517,44748
201499,276,23900,C,Gettysburg  PA ,222,222,54304,0,0,0,3,10,1200,8,40,4800,222,222,54304,0,0,0,3,10,1200,8,40,4800
201499,276,25420, ,Harrisburg-Carlisle  PA ,1201,1201,243885,2,4,384,0,0,0,22,397,30466,1201,1201,243885,2,4,384,0,0,0,22,397,30466
201499,276,30140, ,Lebanon  PA ,285,285,47511,3,6,940,0,0,0,6,57,4501,285,285,47511,3,6,940,0,0,0,6,57,4501
201499,276,49620, ,York-Hanover  PA ,720,720,131120,3,6,758,3,12,1303,9,78,5788,717,717,130581,3,6,758,3,12,1303,9,78,5788
201499,277,25500,C,Harrisonburg  VA ,324,324,61169,10,20,2745,0,0,0,6,60,2636,324,324,61169,10,20,2745,0,0,0,6,60,2636
201499,277,44420, ,Staunton-Waynesboro  VA ,249,249,45143,2,4,180,0,0,0,17,350,28063,249,249,45143,2,4,180,0,0,0,17,350,28063
201499,278,25540, ,Hartford-West Hartford-East Hartford  CT ,754,754,167211,24,48,4333,26,93,7940,41,498,42114,704,704,157274,11,22,2677,10,38,3072,33,450,39777
201499,278,35980, ,Norwich-New London  CT ,288,288,62050,3,6,1724,3,12,3348,13,340,32181,247,247,55265,3,6,1724,3,12,3348,13,340,32181
201499,280,25860, ,Hickory-Lenoir-Morganton  NC ,454,454,108081,9,18,1618,0,0,0,6,122,8509,454,454,108081,9,18,1618,0,0,0,6,122,8509
201499,284,26300, ,Hot Springs  AR ,43,43,12298,0,0,0,0,0,0,0,0,0,43,43,12298,0,0,0,0,0,0,0,0,0
201499,288,26420,C,Houston-The Woodlands-Sugar Land  TX ,38315,38315,7081757,73,146,17252,64,236,23902,845,25044,2127872,31153,31153,6394798,73,146,17252,64,236,23902,813,24759,2112993
201499,290,19460, ,Decatur  AL ,136,136,22527,0,0,0,0,0,0,0,0,0,128,128,21106,0,0,0,0,0,0,0,0,0
201499,290,26620, ,Huntsville  AL ,1784,1784,270739,8,16,1380,10,34,4638,57,983,72739,1742,1742,263126,8,16,1380,10,34,4638,57,983,72739
201499,292,26820, ,Idaho Falls  ID ,474,474,70255,4,8,721,0,0,0,0,0,0,474,474,70255,4,8,721,0,0,0,0,0,0
201499,294,18020, ,Columbus  IN ,254,254,62387,0,0,0,0,0,0,0,0,0,254,254,62387,0,0,0,0,0,0,0,0,0
201499,294,26900, ,Indianapolis-Carmel-Anderson  IN ,4965,4965,1229886,55,110,15085,39,141,10737,137,2790,242802,4889,4889,1217437,55,110,15085,36,132,9838,137,2790,242802
201499,294,34620, ,Muncie  IN ,54,54,10676,0,0,0,0,0,0,1,44,5100,52,52,10546,0,0,0,0,0,0,1,44,5100
201499,296,27060, ,Ithaca  NY ,140,140,23598,7,14,1769,0,0,0,19,147,17735,127,127,22498,7,14,1769,0,0,0,6,70,9150
201499,298,27140, ,Jackson  MS ,1954,1954,398035,0,0,0,2,8,1342,0,0,0,1858,1858,377398,0,0,0,2,8,1342,0,0,0
201499,300,27260,C,Jacksonville  FL ,6299,6299,1546137,41,82,8383,52,187,21190,53,1213,98337,6226,6226,1526906,41,82,8383,52,187,21190,51,1203,97729
201499,304,27740, ,Johnson City  TN ,458,458,70117,0,0,0,0,0,0,10,248,18873,414,414,65151,0,0,0,0,0,0,10,248,18873
201499,304,28700, ,Kingsport-Bristol-Bristol  TN-VA ,316,316,63939,2,4,270,1,4,542,1,16,650,311,311,63464,2,4,270,1,4,542,1,16,650
201499,306,27780, ,Johnstown  PA ,59,59,11265,1,2,180,0,0,0,0,0,0,59,59,11265,1,2,180,0,0,0,0,0,0
201499,308,27860, ,Jonesboro  AR ,377,377,57016,24,48,2750,25,93,3947,18,162,3911,357,357,55016,24,48,2750,23,87,3760,18,162,3911
201499,309,27900, ,Joplin  MO ,332,332,36252,12,24,1665,1,4,455,1,48,3531,325,325,35785,11,22,1590,1,4,455,1,48,3531
201499,310,12980, ,Battle Creek  MI ,34,34,6948,1,2,126,0,0,0,1,20,1300,27,27,5498,1,2,126,0,0,0,1,20,1300
201499,310,28020, ,Kalamazoo-Portage  MI ,511,511,132226,5,10,2402,1,4,500,2,36,2972,419,419,119818,5,10,2402,1,4,500,2,36,2972
201499,312,28140,C,Kansas City  MO-KS ,4170,4170,1037364,78,156,17488,65,237,23335,112,3638,348634,3654,3654,887573,73,146,16059,65,237,23335,112,3638,348634
201499,312,29940, ,Lawrence  KS ,178,178,44958,4,8,902,0,0,0,7,161,10730,165,165,41101,4,8,902,0,0,0,7,161,10730
201499,312,41140, ,St. Joseph  MO-KS ,98,98,17644,3,6,890,0,0,0,0,0,0,98,98,17644,3,6,890,0,0,0,0,0,0
201499,314,28940, ,Knoxville  TN ,2095,2095,397801,7,14,1397,0,0,0,33,1000,84055,1893,1893,372009,5,10,1197,0,0,0,33,1000,84055
201499,314,34100, ,Morristown  TN ,141,141,34942,5,10,1334,0,0,0,0,0,0,135,135,34446,5,10,1334,0,0,0,0,0,0
201499,316,29020, ,Kokomo  IN ,98,98,15263,14,28,2795,1,4,650,1,10,780,98,98,15263,14,28,2795,1,4,650,1,10,780
201499,318,29180, ,Lafayette  LA ,2224,2224,488681,0,0,0,4,13,400,6,125,9827,2221,2221,488374,0,0,0,2,7,400,6,125,9827
201499,320,29200, ,Lafayette-West Lafayette  IN ,596,596,119504,0,0,0,5,17,2088,28,468,42024,594,594,118320,0,0,0,5,17,2088,28,468,42024
201499,330,29620, ,Lansing-East Lansing  MI ,455,455,107370,1,2,218,1,4,550,16,294,60559,385,385,90549,1,2,218,1,4,550,16,294,60559
201499,332,29420, ,Lake Havasu City-Kingman  AZ ,521,521,105354,7,14,530,0,0,0,0,0,0,521,521,105354,7,14,530,0,0,0,0,0,0
201499,332,29820,C,Las Vegas-Henderson-Paradise  NV ,6809,6809,941433,13,26,1310,24,95,6628,183,3106,183613,6809,6809,941433,13,26,1310,24,95,6628,183,3106,183613
201499,336,30460, ,Lexington-Fayette  KY ,1319,1319,216542,13,26,3666,10,37,3959,24,506,30179,1188,1188,194602,8,16,1666,6,24,2320,24,506,30179
201499,338,30620, ,Lima  OH ,55,55,9950,1,2,125,1,4,900,0,0,0,31,31,5969,0,0,0,1,4,900,0,0,0
201499,339,30700, ,Lincoln  NE ,1052,1052,208490,4,8,921,0,0,0,27,934,87778,974,974,192835,4,8,921,0,0,0,26,884,86023
201499,340,30780, ,Little Rock-North Little Rock-Conway  AR ,1514,1514,287647,30,60,3948,7,23,1868,7,485,40032,1358,1358,271980,30,60,3948,7,23,1868,7,485,40032
201499,340,38220, ,Pine Bluff  AR ,39,39,4464,0,0,0,0,0,0,1,16,600,39,39,4464,0,0,0,0,0,0,1,16,600
201499,346,30980, ,Longview  TX ,213,213,36163,15,30,1954,3,11,1162,3,36,2905,194,194,33395,13,26,1664,2,8,862,1,8,280
201499,348,31080,C,Los Angeles-Long Beach-Anaheim  CA ,8300,8300,2962972,291,582,114410,87,312,59564,485,17756,2845390,8064,8064,2784083,272,544,102547,82,297,55482,450,17463,2811305
201499,348,37100, ,Oxnard-Thousand Oaks-Ventura  CA ,536,536,184973,0,0,0,28,91,11926,37,687,82632,470,470,169172,0,0,0,20,64,9356,21,502,63379
201499,348,40140,C,Riverside-San Bernardino-Ontario  CA ,7222,7222,1819371,44,88,17206,57,207,31129,210,2649,231331,6784,6784,1744847,44,88,17206,57,207,31129,186,2446,216745
201499,350,21060, ,Elizabethtown-Fort Knox  KY ,292,292,48505,15,30,3019,1,4,300,19,166,4982,267,267,44622,13,26,2573,1,4,300,19,166,4982
201499,350,31140, ,Louisville-Jefferson County  KY-IN ,2390,2390,505326,41,82,5038,2,8,650,204,1531,93698,2323,2323,495886,41,82,5038,2,8,650,204,1531,93698
201499,352,31180, ,Lubbock  TX ,975,975,222776,30,60,6228,0,0,0,92,1101,63661,594,594,138534,19,38,3822,0,0,0,58,614,33899
201499,356,31420, ,Macon  GA ,218,218,43443,0,0,0,0,0,0,0,0,0,210,210,42476,0,0,0,0,0,0,0,0,0
201499,356,47580, ,Warner Robins  GA ,659,659,125792,0,0,0,3,11,603,13,110,8422,609,609,120569,0,0,0,0,0,0,6,66,6012
201499,357,27500, ,Janesville-Beloit  WI ,123,123,24785,10,20,2220,0,0,0,0,0,0,105,105,21835,10,20,2220,0,0,0,0,0,0
201499,357,31540, ,Madison  WI ,1243,1243,338164,26,52,7675,12,41,5344,59,2469,279459,976,976,280382,15,30,4287,5,20,2379,25,1117,131968
201499,358,31740, ,Manhattan  KS ,407,407,93055,4,8,1128,5,20,3505,4,79,7984,386,386,90060,4,8,1128,5,20,3505,4,79,7984
201499,359,31860, ,Mankato-North Mankato  MN ,232,232,48347,9,18,2206,0,0,0,11,180,15335,195,195,39501,6,12,1190,0,0,0,10,175,14959
201499,360,31900, ,Mansfield  OH ,61,61,12430,0,0,0,0,0,0,0,0,0,61,61,12430,0,0,0,0,0,0,0,0,0
201499,365,32580,C,McAllen-Edinburg-Mission  TX ,2840,2840,340015,89,178,8329,63,245,12717,12,210,10941,2762,2762,331929,89,178,8329,63,245,12717,12,210,10941
201499,366,24420,C,Grants Pass  OR ,145,145,34145,2,4,544,0,0,0,0,0,0,145,145,34145,2,4,544,0,0,0,0,0,0
201499,366,32780, ,Medford  OR ,590,590,147970,5,10,1589,4,15,1713,15,132,15719,587,587,147383,5,10,1589,4,15,1713,15,132,15719
201499,368,32820, ,Memphis  TN-MS-AR ,2539,2539,478805,2,4,260,1,4,382,11,607,45073,2294,2294,443459,2,4,260,1,4,382,11,607,45073
201499,370,33100,C,Miami-Fort Lauderdale-West Palm Beach  FL ,5791,5791,1920613,64,128,18633,17,68,16173,256,9272,1526823,5592,5592,1843805,64,128,18633,17,68,16173,217,8551,1371754
201499,370,38940,C,Port St. Lucie  FL ,1048,1048,302151,11,22,1868,1,3,285,22,321,47167,1047,1047,301801,11,22,1868,1,3,285,21,316,46433
201499,370,42680,C,Sebastian-Vero Beach  FL ,707,707,271374,0,0,0,0,0,0,0,0,0,707,707,271374,0,0,0,0,0,0,0,0,0
201499,372,33260,C,Midland  TX ,920,920,186993,0,0,0,0,0,0,26,636,49000,920,920,186993,0,0,0,0,0,0,26,636,49000
201499,372,36220,C,Odessa  TX ,430,430,99399,3,6,480,0,0,0,5,120,8575,430,430,99399,3,6,480,0,0,0,5,120,8575
201499,376,33340,C,Milwaukee-Waukesha-West Allis  WI ,1257,1257,396525,24,48,8089,8,32,2594,44,1018,86860,1173,1173,361561,21,42,7114,8,32,2594,44,1018,86860
201499,376,39540, ,Racine  WI ,159,159,39517,12,24,4174,0,0,0,1,24,2084,159,159,39517,12,24,4174,0,0,0,1,24,2084
201499,378,33460, ,Minneapolis-St. Paul-Bloomington  MN-WI ,6689,6689,2035468,21,42,6787,23,85,16723,70,4609,667658,6561,6561,2002367,21,42,6787,23,85,16723,70,4609,667658
201499,378,41060, ,St. Cloud  MN ,387,387,86078,0,0,0,4,16,2340,14,174,14790,329,329,76380,0,0,0,4,16,2340,0,0,0
201499,380,19300, ,Daphne-Fairhope-Foley  AL ,1364,1364,263359,8,16,958,1,4,609,0,0,0,1197,1197,224278,8,16,958,1,4,609,0,0,0
201499,380,33660, ,Mobile  AL ,746,746,124217,0,0,0,0,0,0,0,0,0,722,722,120852,0,0,0,0,0,0,0,0,0
201499,382,32900, ,Merced  CA ,163,163,42041,3,6,913,0,0,0,0,0,0,159,159,41368,3,6,913,0,0,0,0,0,0
201499,382,33700, ,Modesto  CA ,404,404,89336,0,0,0,0,0,0,1,50,7700,375,375,85951,0,0,0,0,0,0,1,50,7700
201499,384,33740, ,Monroe  LA ,504,504,93919,72,144,12979,8,27,4245,8,51,5052,151,151,30037,26,52,5182,0,0,0,1,16,1000
201499,390,34060, ,Morgantown  WV ,16,16,2469,0,0,0,3,10,835,2,75,5060,13,13,1915,0,0,0,3,10,835,2,75,5060
201499,396,34820, ,Myrtle Beach-Conway-North Myrtle Beach  SC-NC ,5027,5027,926572,32,64,4513,4,15,1587,20,340,23974,4780,4780,871670,32,64,4513,4,15,1587,17,325,23224
201499,400,34980, ,Nashville-Davidson--Murfreesboro--Franklin  TN ,9075,9075,2171868,33,66,7976,8,28,1738,163,5775,499817,8995,8995,2157328,33,66,7976,8,28,1738,163,5775,499817
201499,404,35100, ,New Bern  NC ,264,264,37338,0,0,0,0,0,0,0,0,0,169,169,26653,0,0,0,0,0,0,0,0,0
201499,406,25220,C,Hammond  LA ,577,577,77293,5,10,715,0,0,0,1,5,344,576,576,77138,5,10,715,0,0,0,0,0,0
201499,406,35380,C,New Orleans-Metairie  LA ,2440,2440,554389,70,140,14104,16,63,6025,4,348,60123,2306,2306,524444,65,130,13154,16,63,6025,4,348,60123
201499,408,10900,C,Allentown-Bethlehem-Easton  PA-NJ ,1051,1051,221371,1,2,350,4,14,2164,38,734,38022,934,934,203516,1,2,350,4,14,2164,23,638,32438
201499,408,14860, ,Bridgeport-Stamford-Norwalk  CT ,987,987,537999,19,38,5243,16,62,6489,17,802,64511,894,894,437995,19,38,5243,15,59,6183,17,802,64511
201499,408,20700, ,East Stroudsburg  PA ,153,153,38574,0,0,0,0,0,0,0,0,0,151,151,38254,0,0,0,0,0,0,0,0,0
201499,408,28740, ,Kingston  NY ,161,161,43886,5,10,1613,0,0,0,8,118,23000,151,151,42378,5,10,1613,0,0,0,8,118,23000
201499,408,35300, ,New Haven-Milford  CT ,484,484,98368,7,14,1079,9,36,2423,35,606,48395,418,418,84257,7,14,1079,9,36,2423,16,418,36828
201499,408,35620,C,New York-Newark-Jersey City  NY-NJ-PA ,11799,11799,3334507,669,1338,156905,319,1071,118334,1046,33776,3388266,10140,10140,2998584,605,1210,142371,289,975,103629,708,29346,3054399
201499,408,45940,C,Trenton  NJ ,239,239,51319,4,8,812,0,0,0,9,121,8595,211,211,45564,4,8,812,0,0,0,6,103,7068
201499,412,35840,C,North Port-Sarasota-Bradenton  FL ,4174,4174,1093346,18,36,8104,71,254,47753,72,1194,147441,3991,3991,1055346,18,36,8104,70,251,47393,69,1110,142258
201499,412,39460,C,Punta Gorda  FL ,610,610,140869,0,0,0,0,0,0,0,0,0,542,542,127401,0,0,0,0,0,0,0,0,0
201499,416,36420,C,Oklahoma City  OK ,5959,5959,1295281,65,130,13209,24,92,8994,78,1689,139398,5760,5760,1262878,65,130,13209,24,92,8994,78,1689,139398
201499,420,36540,C,Omaha-Council Bluffs  NE-IA ,2639,2639,521400,10,20,2159,0,0,0,63,1533,137519,2631,2631,519639,10,20,2159,0,0,0,63,1533,137519
201499,422,19660,C,Deltona-Daytona Beach-Ormond Beach  FL ,1749,1749,542464,1,2,17,0,0,0,8,170,14456,1725,1725,534989,1,2,17,0,0,0,8,170,14456
201499,422,36740,C,Orlando-Kissimmee-Sanford  FL ,9806,9806,2896264,54,108,16232,24,95,12838,210,6106,641333,9748,9748,2883835,54,108,16232,24,95,12838,210,6106,641333
201499,422,45540,C,The Villages  FL ,2570,2570,733957,0,0,0,0,0,0,0,0,0,2570,2570,733957,0,0,0,0,0,0,0,0,0
201499,425,37620, ,Parkersburg-Vienna  WV ,122,122,20331,1,2,150,0,0,0,0,0,0,120,120,20066,1,2,150,0,0,0,0,0,0
201499,426,37900, ,Peoria  IL ,835,835,203588,1,2,230,0,0,0,1,53,10669,779,779,189528,1,2,230,0,0,0,1,53,10669
201499,428,12100,C,Atlantic City-Hammonton  NJ ,392,392,78801,19,38,5764,3,10,1715,24,282,39286,290,290,66510,19,38,5764,3,10,1715,14,218,25227
201499,428,20100,C,Dover  DE ,912,912,126844,1,2,236,3,12,952,3,72,6366,912,912,126844,1,2,236,3,12,952,3,72,6366
201499,428,36140,C,Ocean City  NJ ,447,447,171535,82,164,32261,5,17,2266,2,10,114,433,433,169052,82,164,32261,5,17,2266,2,10,114
201499,428,37980,C,Philadelphia-Camden-Wilmington  PA-NJ-DE-MD ,6379,6379,1110338,114,228,21421,148,501,40068,384,6523,970088,5920,5920,1044910,113,226,21287,148,501,40068,302,5948,940039
201499,428,39740, ,Reading  PA ,322,322,61820,0,0,0,6,24,1200,6,112,8125,322,322,61820,0,0,0,6,24,1200,6,112,8125
201499,428,47220,C,Vineland-Bridgeton  NJ ,182,182,20630,0,0,0,0,0,0,6,30,3997,94,94,9490,0,0,0,0,0,0,0,0,0
201499,430,38300,C,Pittsburgh  PA ,3082,3082,779770,41,82,11420,18,69,9223,32,957,100755,2950,2950,752959,36,72,9920,18,69,9223,32,957,100755
201499,430,48260, ,Weirton-Steubenville  WV-OH ,25,25,5052,0,0,0,4,16,741,0,0,0,19,19,4103,0,0,0,0,0,0,0,0,0
201499,438,30340, ,Lewiston-Auburn  ME ,91,91,17348,0,0,0,0,0,0,0,0,0,82,82,15239,0,0,0,0,0,0,0,0,0
201499,438,38860, ,Portland-South Portland  ME ,1419,1419,314954,14,28,2810,12,42,4760,14,207,18996,1211,1211,281360,12,24,2430,12,42,4760,14,207,18996
201499,440,10540, ,Albany  OR ,270,270,65175,1,2,409,0,0,0,11,121,11767,270,270,65175,1,2,409,0,0,0,11,121,11767
201499,440,18700, ,Corvallis  OR ,119,119,31980,11,22,5507,0,0,0,31,310,48533,119,119,31980,11,22,5507,0,0,0,31,310,48533
201499,440,31020, ,Longview  WA ,160,160,34800,6,12,1082,0,0,0,1,6,320,160,160,34800,6,12,1082,0,0,0,1,6,320
201499,440,38900,C,Portland-Vancouver-Hillsboro  OR-WA ,5462,5462,1524073,77,154,24079,16,59,6689,187,6681,798553,5439,5439,1518514,77,154,24079,16,59,6689,187,6681,798553
201499,440,41420, ,Salem  OR ,712,712,183681,10,20,2940,1,4,294,20,208,18918,710,710,183292,10,20,2940,1,4,294,20,208,18918
201499,444,39380,C,Pueblo  CO ,157,157,28074,0,0,0,0,0,0,0,0,0,157,157,28074,0,0,0,0,0,0,0,0,0
201499,450,20500,C,Durham-Chapel Hill  NC ,2167,2167,494284,1,2,177,0,0,0,17,418,27509,2167,2167,494284,1,2,177,0,0,0,17,418,27509
201499,450,39580,C,Raleigh  NC ,7680,7680,1607460,0,0,0,1,4,760,93,3963,345725,7661,7661,1604250,0,0,0,1,4,760,93,3963,345725
201499,452,39660, ,Rapid City  SD ,524,524,94597,5,10,1230,1,3,450,8,134,11139,524,524,94597,5,10,1230,1,3,450,8,134,11139
201499,454,39820, ,Redding  CA ,240,240,49676,1,2,453,0,0,0,0,0,0,240,240,49676,1,2,453,0,0,0,0,0,0
201499,456,16180,C,Carson City  NV ,33,33,11343,1,2,336,0,0,0,0,0,0,33,33,11343,1,2,336,0,0,0,0,0,0
201499,456,39900,C,Reno  NV ,1507,1507,393158,6,12,1478,3,11,887,62,686,75366,1507,1507,393158,6,12,1478,3,11,887,62,686,75366
201499,462,40340, ,Rochester  MN ,621,621,147095,3,6,771,4,16,2122,3,189,16865,619,619,146834,3,6,771,4,16,2122,3,189,16865
201499,464,40380, ,Rochester  NY ,1269,1269,285356,29,58,6974,10,36,4049,19,428,50317,1212,1212,273953,26,52,6236,10,36,4049,17,418,49749
201499,466,40420, ,Rockford  IL ,134,134,16897,2,4,720,3,12,759,0,0,0,134,134,16897,2,4,720,3,12,759,0,0,0
201499,468,40580, ,Rocky Mount  NC ,202,202,34340,7,14,421,0,0,0,0,0,0,202,202,34340,7,14,421,0,0,0,0,0,0
201499,470,40660, ,Rome  GA ,70,70,14097,0,0,0,0,0,0,1,5,324,65,65,13015,0,0,0,0,0,0,0,0,0
201499,472,40900,C,Sacramento--Roseville--Arden-Arcade  CA ,3694,3694,1111882,5,10,1309,8,32,5935,20,423,53099,3666,3666,1104377,5,10,1309,8,32,5935,20,423,53099
201499,472,49700, ,Yuba City  CA ,270,270,50609,5,10,1317,0,0,0,0,0,0,267,267,49810,5,10,1317,0,0,0,0,0,0
201499,474,13020, ,Bay City  MI ,37,37,8473,0,0,0,0,0,0,5,25,2517,26,26,6168,0,0,0,0,0,0,0,0,0
201499,474,33220, ,Midland  MI ,107,107,19568,9,18,1669,0,0,0,3,137,3406,87,87,16455,9,18,1669,0,0,0,3,137,3406
201499,474,40980, ,Saginaw  MI ,104,104,20171,20,40,4651,3,10,535,2,60,4093,85,85,15592,3,6,604,3,10,535,1,5,267
201499,476,41180,C,St. Louis  MO-IL ,4538,4538,1132201,31,62,7576,33,116,12345,119,2276,272688,4293,4293,1084596,31,62,7576,33,116,12345,102,2055,247613
201499,482,36260, ,Ogden-Clearfield  UT ,1990,1990,484701,12,24,4014,33,124,14157,32,540,41858,1854,1854,451878,12,24,4014,25,99,10093,29,525,39459
201499,482,39340, ,Provo-Orem  UT ,2679,2679,691503,14,28,3114,44,167,23845,87,2421,245417,2670,2670,688063,14,28,3114,44,167,23845,87,2421,245417
201499,482,41620,C,Salt Lake City  UT ,3159,3159,727950,19,38,6067,30,111,15184,86,2010,186839,2867,2867,658657,19,38,6067,29,108,14989,70,1894,175644
201499,488,34900, ,Napa  CA ,92,92,37919,8,16,2399,0,0,0,4,39,4403,92,92,37919,8,16,2399,0,0,0,4,39,4403
201499,488,41860,C,San Francisco-Oakland-Hayward  CA ,3716,3716,1371757,41,82,25232,22,77,23274,122,6126,1372941,3552,3552,1287182,41,82,25232,22,77,23274,88,5833,1339033
201499,488,41940,C,San Jose-Sunnyvale-Santa Clara  CA ,1861,1861,636840,5,10,3707,41,149,32152,166,8017,1221714,1766,1766,610579,5,10,3707,38,140,29916,156,7613,1148845
201499,488,42100, ,Santa Cruz-Watsonville  CA ,172,172,41334,0,0,0,5,15,1722,13,104,9595,46,46,15428,0,0,0,0,0,0,0,0,0
201499,488,42220, ,Santa Rosa-Petaluma  CA ,419,419,105531,2,4,1544,2,8,780,14,232,22763,418,418,105407,2,4,1544,2,8,780,14,232,22763
201499,488,44700,C,Stockton-Lodi  CA ,1245,1245,327005,0,0,0,0,0,0,1,20,2441,1240,1240,325564,0,0,0,0,0,0,1,20,2441
201499,488,46700, ,Vallejo-Fairfield  CA ,646,646,167513,0,0,0,0,0,0,0,0,0,646,646,167513,0,0,0,0,0,0,0,0,0
201499,496,25980, ,Hinesville  GA ,198,198,46028,0,0,0,2,8,685,1,36,3889,198,198,46028,0,0,0,2,8,685,1,36,3889
201499,496,42340, ,Savannah  GA ,1857,1857,351590,3,6,657,0,0,0,44,348,49476,1619,1619,324335,3,6,657,0,0,0,37,313,46710
201499,500,14740, ,Bremerton-Silverdale  WA ,519,519,131607,2,4,643,1,4,129,1,71,5933,519,519,131607,2,4,643,1,4,129,1,71,5933
201499,500,34580, ,Mount Vernon-Anacortes  WA ,262,262,53918,6,12,2009,0,0,0,0,0,0,130,130,30722,6,12,2009,0,0,0,0,0,0
201499,500,36500, ,Olympia-Tumwater  WA ,934,934,235000,5,10,2140,0,0,0,6,59,5704,934,934,235000,5,10,2140,0,0,0,5,52,5054
201499,500,42660,C,Seattle-Tacoma-Bellevue  WA ,8665,8665,2736693,264,528,102036,104,359,64741,286,12401,1565786,8502,8502,2684834,264,528,102036,104,359,64741,277,12277,1554432
201499,512,43580, ,Sioux City  IA-NE-SD ,301,301,72206,12,24,2990,1,4,300,2,79,4957,197,197,43891,12,24,2990,1,4,300,2,79,4957
201499,515,21140, ,Elkhart-Goshen  IN ,270,270,57187,0,0,0,0,0,0,0,0,0,270,270,57187,0,0,0,0,0,0,0,0,0
201499,515,35660, ,Niles-Benton Harbor  MI ,184,184,69136,0,0,0,0,0,0,0,0,0,181,181,68461,0,0,0,0,0,0,0,0,0
201499,515,43780, ,South Bend-Mishawaka  IN-MI ,342,342,86176,1,2,340,0,0,0,3,168,7375,330,330,81981,1,2,340,0,0,0,3,168,7375
201499,518,17660, ,Coeur dAlene  ID ,820,820,188543,27,54,4406,0,0,0,23,173,15119,805,805,185653,27,54,4406,0,0,0,23,173,15119
201499,518,44060, ,Spokane-Spokane Valley  WA ,1135,1135,269817,41,82,11571,6,21,3369,45,722,97418,1091,1091,262303,36,72,10190,6,21,3369,41,702,96259
201499,520,44180, ,Springfield  MO ,1116,1116,231226,8,16,1035,1,4,830,36,969,40491,897,897,196907,2,4,345,1,4,830,0,0,0
201499,521,44140, ,Springfield  MA ,420,420,93836,15,30,3646,4,15,2595,5,41,6545,362,362,81750,12,24,2774,4,15,2595,4,26,4052
201499,522,44100, ,Springfield  IL ,300,300,60165,33,66,9443,0,0,0,3,89,18543,182,182,39940,31,62,8943,0,0,0,2,79,17605
201499,524,44300, ,State College  PA ,365,365,83108,6,12,1632,0,0,0,7,134,16870,355,355,81181,6,12,1632,0,0,0,7,134,16870
201499,532,45060, ,Syracuse  NY ,652,652,121221,28,56,6127,4,16,1602,23,439,38568,565,565,107340,28,56,6127,4,16,1602,23,439,38568
201499,533,45220, ,Tallahassee  FL ,628,628,115966,2,4,500,1,3,390,26,625,63870,626,626,115524,2,4,500,1,3,390,26,625,63870
201499,534,45780, ,Toledo  OH ,598,598,132166,5,10,1347,0,0,0,31,467,23578,592,592,130686,5,10,1347,0,0,0,31,467,23578
201499,536,46060,C,Tucson  AZ ,2296,2296,587409,16,32,1574,0,0,0,44,922,108379,1721,1721,471814,0,0,0,0,0,0,0,0,0
201499,538,46140,C,Tulsa  OK ,3022,3022,609807,38,76,10154,24,96,17391,50,1339,104562,3011,3011,608993,38,76,10154,24,96,17391,50,1339,104562
201499,540,46340, ,Tyler  TX ,377,377,110333,3,6,786,2,6,1138,0,0,0,296,296,101263,3,6,786,2,6,1138,0,0,0
201499,544,47020,C,Victoria  TX ,163,163,27109,34,68,9190,0,0,0,25,604,49193,163,163,27109,34,68,9190,0,0,0,25,604,49193
201499,545,47260, ,Virginia Beach-Norfolk-Newport News  VA-NC ,3766,3766,722035,11,22,2586,20,70,9385,92,1857,115767,3509,3509,648719,11,22,2586,20,70,9385,90,1832,115075
201499,546,25260, ,Hanford-Corcoran  CA ,274,274,43998,0,0,0,0,0,0,19,160,12759,267,267,42919,0,0,0,0,0,0,19,160,12759
201499,546,47300, ,Visalia-Porterville  CA ,836,836,180050,4,8,878,0,0,0,22,248,19684,836,836,180050,4,8,878,0,0,0,22,248,19684
201499,548,12580,C,Baltimore-Columbia-Towson  MD ,4662,4662,880891,35,70,12234,4,14,1979,54,2354,278311,4640,4640,877589,35,70,12234,3,10,1455,53,2233,267323
201499,548,15680, ,California-Lexington Park  MD ,451,451,101387,0,0,0,0,0,0,1,6,1094,451,451,101387,0,0,0,0,0,0,1,6,1094
201499,548,16540,C,Chambersburg-Waynesboro  PA ,251,251,45575,6,12,1692,8,32,3458,5,61,5558,212,212,42523,6,12,1692,8,32,3458,5,61,5558
201499,548,25180, ,Hagerstown-Martinsburg  MD-WV ,783,783,142194,0,0,0,6,24,1740,15,168,12485,783,783,142194,0,0,0,6,24,1740,15,168,12485
201499,548,47900,C,Washington-Arlington-Alexandria  DC-VA-MD-WV ,12411,12411,2681475,64,128,11250,7,26,2700,132,12239,1203182,11880,11880,2561138,64,128,11250,7,26,2700,132,12239,1203182
201499,548,49020, ,Winchester  VA-WV ,523,523,102146,1,2,140,0,0,0,0,0,0,521,521,101996,1,2,140,0,0,0,0,0,0
201499,554,48140, ,Wausau  WI ,218,218,43109,0,0,0,0,0,0,12,165,11164,212,212,41935,0,0,0,0,0,0,12,165,11164
201499,556,48620, ,Wichita  KS ,1177,1177,236374,85,170,16210,10,37,4090,5,130,4317,1115,1115,228246,79,158,15311,10,37,4090,5,130,4317
201499,558,48700, ,Williamsport  PA ,107,107,25461,6,12,1629,0,0,0,2,95,9358,107,107,25461,6,12,1629,0,0,0,2,95,9358
201499,566,49660, ,Youngstown-Warren-Boardman  OH-PA ,301,301,62073,0,0,0,0,0,0,1,12,840,297,297,61312,0,0,0,0,0,0,1,12,840
201499,999,10180, ,Abilene  TX ,284,284,58424,0,0,0,0,0,0,0,0,0,283,283,58074,0,0,0,0,0,0,0,0,0
201499,999,10500, ,Albany  GA ,235,235,28674,11,22,1651,3,9,458,1,5,188,188,188,23437,0,0,0,0,0,0,0,0,0
201499,999,10780, ,Alexandria  LA ,311,311,56565,6,12,1035,0,0,0,0,0,0,185,185,35998,6,12,1035,0,0,0,0,0,0
201499,999,11020, ,Altoona  PA ,88,88,16215,2,4,640,0,0,0,1,8,690,87,87,16031,2,4,640,0,0,0,1,8,690
201499,999,11260,C,Anchorage  AK ,671,671,195440,9,18,2413,7,22,3776,19,176,27825,598,598,173495,9,18,2413,5,16,2683,19,176,27825
201499,999,11500, ,Anniston-Oxford-Jacksonville  AL ,102,102,14122,0,0,0,0,0,0,1,12,400,98,98,13852,0,0,0,0,0,0,1,12,400
201499,999,12260, ,Augusta-Richmond County  GA-SC ,2416,2416,437786,2,4,360,10,40,3965,20,387,11898,2155,2155,390712,0,0,0,10,40,3965,19,382,11672
201499,999,12420,C,Austin-Round Rock  TX ,11515,11515,2571504,128,256,34840,51,188,22300,273,7990,607317,10956,10956,2453764,128,256,34840,51,188,22300,273,7990,607317
201499,999,12540, ,Bakersfield  CA ,1885,1885,371662,13,26,2031,9,29,2851,29,357,32596,797,797,136853,10,20,1280,0,0,0,0,0,0
201499,999,12620, ,Bangor  ME ,213,213,32824,3,6,840,3,12,1076,0,0,0,143,143,24150,3,6,840,3,12,1076,0,0,0
201499,999,12940, ,Baton Rouge  LA ,3294,3294,658673,0,0,0,1,4,612,6,270,53141,2813,2813,568044,0,0,0,1,4,612,6,270,53141
201499,999,13140, ,Beaumont-Port Arthur  TX ,1068,1068,149911,97,194,12019,0,0,0,24,344,21943,1068,1068,149911,97,194,12019,0,0,0,24,344,21943
201499,999,13220, ,Beckley  WV ,120,120,23582,0,0,0,0,0,0,1,5,505,107,107,21576,0,0,0,0,0,0,1,5,505
201499,999,13380, ,Bellingham  WA ,542,542,130726,21,42,6260,6,23,3280,16,400,38683,542,542,130726,21,42,6260,6,23,3280,16,400,38683
201499,999,13740, ,Billings  MT ,517,517,118835,2,4,614,4,16,2990,9,114,9910,517,517,118835,2,4,614,4,16,2990,9,114,9910
201499,999,13780, ,Binghamton  NY ,85,85,14124,0,0,0,0,0,0,0,0,0,77,77,13307,0,0,0,0,0,0,0,0,0
201499,999,13900, ,Bismarck  ND ,883,883,162965,13,26,2480,2,8,1906,18,854,86983,849,849,155213,13,26,2480,2,8,1906,18,854,86983
201499,999,13980, ,Blacksburg-Christiansburg-Radford  VA ,297,297,66578,4,8,1700,0,0,0,2,48,2768,297,297,66578,4,8,1700,0,0,0,2,48,2768
201499,999,15260, ,Brunswick  GA ,462,462,119169,0,0,0,0,0,0,0,0,0,20,20,3496,0,0,0,0,0,0,0,0,0
201499,999,15540, ,Burlington-South Burlington  VT ,368,368,89118,26,52,6888,8,25,3551,8,261,22578,288,288,74749,25,50,6480,8,25,3551,8,261,22578
201499,999,16060, ,Carbondale-Marion  IL ,86,86,15480,8,16,1205,6,22,1370,1,121,15200,84,84,15380,8,16,1205,6,22,1370,1,121,15200
201499,999,16220, ,Casper  WY ,330,330,72398,0,0,0,0,0,0,0,0,0,330,330,72398,0,0,0,0,0,0,0,0,0
201499,999,16580, ,Champaign-Urbana  IL ,366,366,94044,5,10,1200,1,4,1100,41,1109,147858,366,366,94044,5,10,1200,1,4,1100,41,1109,147858
201499,999,16700,C,Charleston-North Charleston  SC ,4144,4144,1074109,0,0,0,0,0,0,51,2011,139124,3535,3535,977672,0,0,0,0,0,0,34,1633,120185
201499,999,16820, ,Charlottesville  VA ,706,706,174523,9,18,1856,0,0,0,7,149,18409,593,593,148267,6,12,1275,0,0,0,4,74,7400
201499,999,16940, ,Cheyenne  WY ,305,305,54935,0,0,0,1,3,263,1,95,8000,305,305,54935,0,0,0,1,3,263,1,95,8000
201499,999,17020, ,Chico  CA ,355,355,73642,3,6,510,2,6,648,20,183,17722,355,355,73642,3,6,510,2,6,648,20,183,17722
201499,999,17300, ,Clarksville  TN-KY ,1276,1276,169262,18,36,2448,13,51,2627,15,144,5734,1255,1255,167767,18,36,2448,13,51,2627,15,144,5734
201499,999,17780, ,College Station-Bryan  TX ,972,972,178304,16,32,4461,9,36,3774,28,763,70238,961,961,177048,16,32,4461,9,36,3774,28,763,70238
201499,999,17820,C,Colorado Springs  CO ,2662,2662,1086234,14,28,4222,0,0,0,42,983,122440,2662,2662,1086234,14,28,4222,0,0,0,42,983,122440
201499,999,18880, ,Crestview-Fort Walton Beach-Destin  FL ,1564,1564,594298,1,2,240,2,8,1141,4,92,10181,1564,1564,594298,1,2,240,2,8,1141,4,92,10181
201499,999,19060, ,Cumberland  MD-WV ,52,52,8785,0,0,0,0,0,0,1,5,200,52,52,8785,0,0,0,0,0,0,1,5,200
201499,999,19180, ,Danville  IL ,6,6,922,0,0,0,0,0,0,0,0,0,6,6,922,0,0,0,0,0,0,0,0,0
201499,999,19500, ,Decatur  IL ,41,41,8841,0,0,0,0,0,0,1,12,700,38,38,8181,0,0,0,0,0,0,1,12,700
201499,999,20220, ,Dubuque  IA ,248,248,47256,5,10,1160,0,0,0,1,18,340,248,248,47256,5,10,1160,0,0,0,1,18,340
201499,999,20260, ,Duluth  MN-WI ,436,436,89036,6,12,1569,3,12,1800,11,138,14902,393,393,78928,6,12,1569,3,12,1800,7,118,12022
201499,999,20940, ,El Centro  CA ,185,185,34263,2,4,230,1,3,80,5,54,9342,185,185,34263,2,4,230,1,3,80,5,54,9342
201499,999,21660, ,Eugene  OR ,506,506,124993,13,26,3448,3,11,1670,40,773,109893,365,365,88955,13,26,3448,3,11,1670,40,773,109893
201499,999,21780, ,Evansville  IN-KY ,568,568,103023,21,42,3905,3,11,835,5,106,6700,568,568,103023,21,42,3905,3,11,835,5,106,6700
201499,999,21820,C,Fairbanks  AK ,54,54,9925,0,0,0,0,0,0,0,0,0,0,0,0,0,0,0,0,0,0,0,0,0
201499,999,22140,C,Farmington  NM ,173,173,35978,0,0,0,0,0,0,0,0,0,173,173,35978,0,0,0,0,0,0,0,0,0
201499,999,22220, ,Fayetteville-Springdale-Rogers  AR-MO ,2388,2388,564882,18,36,4862,1,3,462,46,926,88435,2362,2362,558976,18,36,4862,0,0,0,46,926,88435
201499,999,22380, ,Flagstaff  AZ ,290,290,65014,3,6,804,0,0,0,3,264,39590,288,288,64529,3,6,804,0,0,0,3,264,39590
201499,999,22500, ,Florence  SC ,331,331,53152,4,8,622,0,0,0,4,40,3100,323,323,52280,4,8,622,0,0,0,4,40,3100
201499,999,22520, ,Florence-Muscle Shoals  AL ,174,174,23553,0,0,0,0,0,0,4,23,1175,61,61,9946,0,0,0,0,0,0,2,11,850
201499,999,22540, ,Fond du Lac  WI ,106,106,27711,11,22,3120,0,0,0,7,112,4200,102,102,26849,11,22,3120,0,0,0,7,112,4200
201499,999,22660,C,Fort Collins  CO ,1627,1627,425353,39,78,12177,4,15,2494,45,778,84403,1615,1615,422549,39,78,12177,4,15,2494,45,778,84403
201499,999,22900, ,Fort Smith  AR-OK ,371,371,62306,43,86,7262,6,19,1440,8,128,6250,256,256,50234,39,78,6585,1,4,170,8,128,6250
201499,999,23460, ,Gadsden  AL ,79,79,10935,0,0,0,0,0,0,0,0,0,72,72,10096,0,0,0,0,0,0,0,0,0
201499,999,24140, ,Goldsboro  NC ,257,257,40390,0,0,0,0,0,0,0,0,0,257,257,40390,0,0,0,0,0,0,0,0,0
201499,999,24220, ,Grand Forks  ND-MN ,314,314,74056,0,0,0,0,0,0,14,685,68657,297,297,70396,0,0,0,0,0,0,14,685,68657
201499,999,24260, ,Grand Island  NE ,248,248,46518,10,20,3231,2,6,561,1,30,1600,214,214,40303,10,20,3231,2,6,561,1,30,1600
201499,999,24300,C,Grand Junction  CO ,452,452,109722,6,12,1819,0,0,0,6,40,2686,452,452,109722,6,12,1819,0,0,0,6,40,2686
201499,999,24500, ,Great Falls  MT ,155,155,40298,9,18,2693,3,12,1432,9,278,26605,155,155,40298,9,18,2693,3,12,1432,9,278,26605
201499,999,25060, ,Gulfport-Biloxi-Pascagoula  MS ,1386,1386,218314,11,22,2265,17,62,5552,30,484,40543,937,937,154747,1,2,233,5,19,1236,14,328,28048
201499,999,25620, ,Hattiesburg  MS ,55,55,17722,5,10,859,27,101,2655,0,0,0,16,16,2950,0,0,0,0,0,0,0,0,0
201499,999,25940, ,Hilton Head Island-Bluffton-Beaufort  SC ,1426,1426,515106,0,0,0,0,0,0,0,0,0,1426,1426,515106,0,0,0,0,0,0,0,0,0
201499,999,26140, ,Homosassa Springs  FL ,233,233,6838,0,0,0,0,0,0,0,0,0,233,233,6838,0,0,0,0,0,0,0,0,0
201499,999,26380, ,Houma-Thibodaux  LA ,634,634,147595,3,6,633,1,4,717,1,20,9182,634,634,147595,3,6,633,1,4,717,1,20,9182
201499,999,27100, ,Jackson  MI ,89,89,16728,0,0,0,0,0,0,0,0,0,54,54,12309,0,0,0,0,0,0,0,0,0
201499,999,27180, ,Jackson  TN ,205,205,40938,0,0,0,0,0,0,0,0,0,205,205,40938,0,0,0,0,0,0,0,0,0
201499,999,27340, ,Jacksonville  NC ,1045,1045,123840,10,20,1175,1,4,315,2,12,945,1045,1045,123840,10,20,1175,1,4,315,2,12,945
201499,999,27620, ,Jefferson City  MO ,171,171,20488,12,24,1694,14,45,3727,0,0,0,171,171,20488,12,24,1694,14,45,3727,0,0,0
201499,999,27980,C,Kahului-Wailuku-Lahaina  HI ,324,324,82328,7,14,2868,0,0,0,0,0,0,324,324,82328,7,14,2868,0,0,0,0,0,0
201499,999,28420, ,Kennewick-Richland  WA ,1078,1078,310722,24,48,5328,5,20,1874,9,118,9598,1077,1077,310543,24,48,5328,5,20,1874,9,118,9598
201499,999,28660, ,Killeen-Temple  TX ,2115,2115,332676,85,170,12898,4,12,801,12,74,6090,1518,1518,251870,78,156,11725,1,3,364,2,16,2000
201499,999,29100, ,La Crosse-Onalaska  WI-MN ,243,243,52530,11,22,3065,7,21,1156,2,12,1315,242,242,52380,11,22,3065,7,21,1156,2,12,1315
201499,999,29340, ,Lake Charles  LA ,619,619,120446,42,84,6811,1,3,315,34,596,43767,567,567,114315,42,84,6811,1,3,315,34,596,43767
201499,999,29460,C,Lakeland-Winter Haven  FL ,2547,2547,500378,6,12,2143,0,0,0,0,0,0,2533,2533,498730,6,12,2143,0,0,0,0,0,0
201499,999,29540, ,Lancaster  PA ,970,970,183468,16,32,5209,2,6,415,9,101,7472,954,954,180584,16,32,5209,2,6,415,8,96,7038
201499,999,29700,C,Laredo  TX ,954,954,139413,1,2,147,8,28,1338,15,735,45942,0,0,0,0,0,0,0,0,0,0,0,0
201499,999,30020, ,Lawton  OK ,92,92,18365,7,14,878,2,8,600,0,0,0,92,92,18365,7,14,878,2,8,600,0,0,0
201499,999,30300, ,Lewiston  ID-WA ,59,59,12763,2,4,454,1,3,384,2,24,3000,59,59,12763,2,4,454,1,3,384,2,24,3000
201499,999,30860, ,Logan  UT-ID ,415,415,73294,0,0,0,15,53,4744,24,316,39020,356,356,64041,0,0,0,1,3,550,5,156,23467
201499,999,31340, ,Lynchburg  VA ,576,576,116438,2,4,280,1,3,160,12,338,24860,576,576,116438,2,4,280,1,3,160,12,338,24860
201499,999,33540,C,Missoula  MT ,227,227,34656,5,10,486,25,94,3975,11,247,10119,219,219,32890,5,10,486,25,94,3975,11,247,10119
201499,999,33860, ,Montgomery  AL ,737,737,127627,1,2,96,0,0,0,23,390,33172,645,645,118987,1,2,96,0,0,0,8,272,30285
201499,999,36100,C,Ocala  FL ,713,713,145938,1,2,125,1,3,120,6,36,8020,713,713,145938,1,2,125,1,3,120,6,36,8020
201499,999,36980, ,Owensboro  KY ,257,257,23785,19,38,1480,1,4,263,3,24,1800,257,257,23785,19,38,1480,1,4,263,3,24,1800
201499,999,37340,C,Palm Bay-Melbourne-Titusville  FL ,1241,1241,402690,1,2,100,0,0,0,2,43,22166,1225,1225,397551,1,2,100,0,0,0,2,43,22166
201499,999,37460, ,Panama City  FL ,687,687,150989,1,2,141,1,4,224,0,0,0,657,657,146387,1,2,141,1,4,224,0,0,0
201499,999,37860,C,Pensacola-Ferry Pass-Brent  FL ,1637,1637,261749,6,12,425,0,0,0,15,176,360,1637,1637,261749,6,12,425,0,0,0,15,176,360
201499,999,38060,C,Phoenix-Mesa-Scottsdale  AZ ,11557,11557,3248802,78,156,27226,34,125,22837,349,8503,1010928,11489,11489,3233265,78,156,27226,34,125,22837,348,8497,1010617
201499,999,38340, ,Pittsfield  MA ,137,137,47145,0,0,0,0,0,0,1,40,6691,81,81,34688,0,0,0,0,0,0,1,40,6691
201499,999,38540, ,Pocatello  ID ,142,142,18223,0,0,0,5,20,905,0,0,0,141,141,18133,0,0,0,5,20,905,0,0,0
201499,999,39140, ,Prescott  AZ ,948,948,223775,4,8,1085,1,4,438,1,8,754,948,948,223775,4,8,1085,1,4,438,1,8,754
201499,999,40060,C,Richmond  VA ,3181,3181,619166,20,40,3682,23,85,8467,24,1006,58711,3181,3181,619166,20,40,3682,23,85,8467,24,1006,58711
201499,999,40220, ,Roanoke  VA ,425,425,88483,7,14,1305,0,0,0,4,72,3266,425,425,88483,7,14,1305,0,0,0,4,72,3266
201499,999,41100, ,St. George  UT ,1573,1573,301957,0,0,0,1,4,500,4,51,6685,1572,1572,301807,0,0,0,1,4,500,4,51,6685
201499,999,41500, ,Salinas  CA ,236,236,60635,1,2,247,0,0,0,13,123,11158,230,230,60037,1,2,247,0,0,0,5,68,6076
201499,999,41540, ,Salisbury  MD-DE ,2237,2237,337811,72,144,15092,18,64,8648,32,351,38033,2235,2235,337637,72,144,15092,18,64,8648,32,351,38033
201499,999,41660,C,San Angelo  TX ,229,229,52640,0,0,0,0,0,0,25,400,16928,229,229,52640,0,0,0,0,0,0,25,400,16928
201499,999,41700,C,San Antonio-New Braunfels  TX ,6220,6220,1395455,91,182,16522,14,52,4518,174,3878,305628,5590,5590,1298441,90,180,16387,13,49,4518,163,3818,292842
201499,999,41740,C,San Diego-Carlsbad  CA ,2487,2487,900503,36,72,14977,62,219,40494,163,4097,548033,2486,2486,900063,36,72,14977,62,219,40494,163,4097,548033
201499,999,42020, ,San Luis Obispo-Paso Robles-Arroyo Grande  CA ,812,812,251400,9,18,2280,5,19,2509,17,134,15681,812,812,251400,9,18,2280,5,19,2509,17,134,15681
201499,999,42200, ,Santa Maria-Santa Barbara  CA ,372,372,129563,13,26,5423,2,6,1529,16,351,35826,363,363,127721,13,26,5423,2,6,1529,16,351,35826
201499,999,42540, ,Scranton--Wilkes-Barre--Hazleton  PA ,2113,2113,448522,7,14,1610,23,92,5568,6,82,6249,2083,2083,442968,7,14,1610,23,92,5568,6,82,6249
201499,999,42700,C,Sebring  FL ,92,92,21357,0,0,0,0,0,0,0,0,0,91,91,21223,0,0,0,0,0,0,0,0,0
201499,999,43100, ,Sheboygan  WI ,87,87,21174,2,4,510,0,0,0,3,20,1840,71,71,17533,2,4,510,0,0,0,3,20,1840
201499,999,43340, ,Shreveport-Bossier City  LA ,1242,1242,229551,3,6,321,0,0,0,22,471,28678,650,650,156559,3,6,321,0,0,0,0,0,0
201499,999,43420, ,Sierra Vista-Douglas  AZ ,179,179,26297,0,0,0,0,0,0,11,82,8852,125,125,17380,0,0,0,0,0,0,6,57,6750
201499,999,43620, ,Sioux Falls  SD ,1134,1134,196475,4,8,1041,34,131,13623,49,1057,95691,1133,1133,196355,4,8,1041,34,131,13623,49,1057,95691
201499,999,44940,C,Sumter  SC ,269,269,35823,0,0,0,0,0,0,1,20,1021,249,249,33709,0,0,0,0,0,0,0,0,0
201499,999,45300,C,Tampa-St. Petersburg-Clearwater  FL ,7267,7267,2152476,65,130,17606,38,134,11553,176,4855,663684,7228,7228,2144862,65,130,17606,38,134,11553,172,4824,661372
201499,999,45460, ,Terre Haute  IN ,75,75,13574,14,28,1579,0,0,0,9,235,19761,60,60,11772,14,28,1579,0,0,0,9,235,19761
201499,999,45500, ,Texarkana  TX-AR ,129,129,13929,2,4,300,0,0,0,0,0,0,129,129,13929,2,4,300,0,0,0,0,0,0
201499,999,45820, ,Topeka  KS ,285,285,54269,3,6,640,0,0,0,3,24,1600,276,276,52772,3,6,640,0,0,0,3,24,1600
201499,999,46220, ,Tuscaloosa  AL ,440,440,103741,35,70,9935,10,33,3922,30,843,85177,436,436,103031,35,70,9935,10,33,3922,30,843,85177
201499,999,46520,C,Urban Honolulu  HI ,875,875,290257,6,12,2867,0,0,0,17,691,83850,875,875,290257,6,12,2867,0,0,0,17,691,83850
201499,999,46540, ,Utica-Rome  NY ,220,220,73644,0,0,0,0,0,0,2,16,2600,160,160,63085,0,0,0,0,0,0,2,16,2600
201499,999,46660, ,Valdosta  GA ,384,384,58750,8,16,1048,0,0,0,2,10,525,167,167,31486,0,0,0,0,0,0,0,0,0
201499,999,47380, ,Waco  TX ,607,607,120657,25,50,4457,0,0,0,49,814,74123,525,525,107699,25,50,4457,0,0,0,49,814,74123
201499,999,47460, ,Walla Walla  WA ,190,190,37390,4,8,1480,0,0,0,2,16,1684,179,179,34726,4,8,1480,0,0,0,1,11,1403
201499,999,47940, ,Waterloo-Cedar Falls  IA ,334,334,74513,11,22,3441,3,11,1628,3,40,6182,252,252,64820,9,18,3041,3,11,1628,1,30,5000
201499,999,48060, ,Watertown-Fort Drum  NY ,107,107,16464,2,4,397,0,0,0,54,408,35378,11,11,1577,0,0,0,0,0,0,0,0,0
201499,999,48300, ,Wenatchee  WA ,433,433,88120,3,6,646,0,0,0,3,21,1642,433,433,88120,3,6,646,0,0,0,3,21,1642
201499,999,48540, ,Wheeling  WV-OH ,9,9,1830,0,0,0,0,0,0,2,52,5089,8,8,1740,0,0,0,0,0,0,2,52,5089
201499,999,48660, ,Wichita Falls  TX ,107,107,21735,1,2,125,0,0,0,3,48,2275,107,107,21735,1,2,125,0,0,0,3,48,2275
201499,999,48900,C,Wilmington  NC ,1367,1367,299620,9,18,2220,0,0,0,24,823,63833,1288,1288,287263,9,18,2220,0,0,0,24,823,63833
201499,999,49420, ,Yakima  WA ,352,352,79347,1,2,278,2,6,679,4,82,9486,323,323,75086,1,2,278,2,6,679,4,82,9486
201499,999,49740, ,Yuma  AZ ,594,594,91377,0,0,0,0,0,0,0,0,0,566,566,89330,0,0,0,0,0,0,0,0,0
