Survey,CSA,CBSA,MONCOV,CBSA,,1-unit,,,2-units,,,3-4 units,,,5+ units,,,1-unit rep,,,2-units rep,,,3-4 units rep,,,5+ units rep
Date,Code,Code,,Name,Bldgs,Units,Value,Bldgs,Units,Value,Bldgs,Units,Value,Bldgs,Units,Value,Bldgs,Units,Value,Bldgs,Units,Value,      Bldgs,Units,Value,Bldgs,Units,Value
 
202199,104,10580,C,Albany-Schenectady-Troy  NY ,1385,1385,413443,19,38,7870,24,92,11768,45,1182,185077,1286,1286,386520,18,36,7320,24,92,11768,36,1134,182243
202199,104,24020, ,Glens Falls  NY ,256,256,65660,0,0,0,0,0,0,11,128,37187,153,153,40658,0,0,0,0,0,0,11,128,37187
202199,106,10740,C,Albuquerque  NM ,2535,2535,645001,26,52,9669,6,24,2602,52,1410,111091,2414,2414,618988,26,52,9669,6,24,2602,36,1314,107091
202199,106,42140,C,Santa Fe  NM ,228,228,66477,0,0,0,0,0,0,38,612,67355,228,228,66477,0,0,0,0,0,0,38,612,67355
202199,107,11020, ,Altoona  PA ,94,94,24763,0,0,0,0,0,0,0,0,0,93,93,24570,0,0,0,0,0,0,0,0,0
202199,108,11100, ,Amarillo  TX ,682,682,161658,19,38,4881,0,0,0,2,16,1993,677,677,160492,19,38,4881,0,0,0,2,16,1993
202199,118,11540, ,Appleton  WI ,574,574,199522,50,100,19355,0,0,0,69,755,68871,570,570,198408,50,100,19355,0,0,0,69,755,68871
202199,118,36780, ,Oshkosh-Neenah  WI ,347,347,109849,23,46,7830,0,0,0,39,555,51563,347,347,109849,23,46,7830,0,0,0,39,555,51563
202199,120,11700, ,Asheville  NC ,2976,2976,986455,5,10,1521,0,0,0,49,1252,140381,2523,2523,895818,5,10,1521,0,0,0,34,1156,113798
202199,122,12020, ,Athens-Clarke County  GA ,856,856,265778,12,24,2497,12,46,5875,48,922,101154,779,779,264623,12,24,2497,12,46,5875,48,922,101154
202199,122,12060, ,Atlanta-Sandy Springs-Alpharetta  GA ,31560,31560,7530250,39,78,12847,44,151,32016,317,7677,1146748,30658,30658,7329842,37,74,12427,40,139,31029,296,7562,1123561
202199,122,23580, ,Gainesville  GA ,1402,1402,326888,2,4,387,21,78,10311,52,765,95288,341,341,76852,1,2,175,21,78,10311,52,765,95288
202199,122,40660,C,Rome  GA ,204,204,61657,0,0,0,0,0,0,0,0,0,204,204,61657,0,0,0,0,0,0,0,0,0
202199,140,13460,C,Bend  OR ,1734,1734,568986,56,112,16125,9,32,3537,43,859,107590,1734,1734,568986,56,112,16125,9,32,3537,43,859,107590
202199,142,13820,C,Birmingham-Hoover  AL ,3433,3433,1005077,2,4,2823,1,3,300,6,544,43666,3399,3399,999155,2,4,2823,1,3,300,6,544,43666
202199,144,14020,C,Bloomington  IN ,254,254,69969,6,12,1500,3,10,1444,37,1810,198625,254,254,69969,6,12,1500,3,10,1444,37,1810,198625
202199,145,14010, ,Bloomington  IL ,201,201,51243,10,20,1668,0,0,0,5,62,3830,201,201,51243,10,20,1668,0,0,0,5,62,3830
202199,146,14100,C,Bloomsburg-Berwick  PA ,87,87,25232,0,0,0,0,0,0,2,72,6532,76,76,22606,0,0,0,0,0,0,2,72,6532
202199,147,14260,C,Boise City  ID ,8342,8342,2163140,36,72,14324,146,581,66827,179,3201,421424,8128,8128,2113861,36,72,14324,146,581,66827,179,3201,421424
202199,148,12700, ,Barnstable Town  MA ,646,646,405904,9,18,2590,0,0,0,1,8,1700,513,513,334230,8,16,2290,0,0,0,1,8,1700
202199,148,14460,C,Boston-Cambridge-Newton  MA-NH ,4820,4820,1707152,260,520,118592,106,349,67719,599,10913,1801719,4091,4091,1495995,236,472,108532,96,319,61698,194,7837,1514055
202199,148,31700, ,Manchester-Nashua  NH ,683,683,192204,30,60,11081,10,30,6181,9,569,85415,585,585,167421,30,60,11081,9,27,5831,9,569,85415
202199,148,39300,C,Providence-Warwick  RI-MA ,1788,1788,440151,95,190,25407,23,88,9211,13,192,17000,1417,1417,357453,87,174,23742,22,85,9011,13,192,17000
202199,148,49340, ,Worcester  MA-CT ,1177,1177,320098,45,90,18919,7,26,3168,11,760,96259,831,831,227752,45,90,18919,7,26,3168,8,212,23829
202199,150,14540, ,Bowling Green  KY ,1071,1071,238190,6,12,1200,1,4,300,95,1050,96809,1066,1066,237440,6,12,1200,0,0,0,95,1050,96809
202199,154,15180, ,Brownsville-Harlingen  TX ,1573,1573,215115,51,102,9702,23,80,10041,24,297,26227,554,554,99748,18,36,3811,15,56,6743,12,141,12057
202199,160,15380,C,Buffalo-Cheektowaga  NY ,980,980,368239,28,56,10054,11,43,21260,40,474,81273,925,925,359300,28,56,10054,11,43,21260,22,217,23646
202199,162,15540, ,Burlington-South Burlington  VT ,458,458,142912,30,60,11699,2,8,716,16,523,60713,422,422,132542,29,58,11471,1,4,523,15,402,43431
202199,163,15980,C,Cape Coral-Fort Myers  FL ,11020,11020,2406650,282,564,62141,19,75,21282,68,1735,181543,11020,11020,2406650,282,564,62141,19,75,21282,68,1735,181543
202199,163,34940, ,Naples-Marco Island  FL ,4380,4380,1529135,7,14,4858,45,169,29852,73,2203,426608,4380,4380,1529135,7,14,4858,45,169,29852,73,2203,426608
202199,164,16020, ,Cape Girardeau  MO-IL ,167,167,48903,5,10,2385,0,0,0,0,0,0,167,167,48903,5,10,2385,0,0,0,0,0,0
202199,168,16300, ,Cedar Rapids  IA ,546,546,97948,47,94,14061,2,8,1237,12,250,23207,546,546,97948,47,94,14061,2,8,1237,12,250,23207
202199,168,26980, ,Iowa City  IA ,661,661,190818,11,22,3886,9,33,7407,13,451,74929,474,474,145558,11,22,3886,8,29,6924,12,347,60022
202199,170,16620, ,Charleston  WV ,218,218,27939,1,2,180,0,0,0,1,40,4755,198,198,25090,1,2,180,0,0,0,1,40,4755
202199,170,26580, ,Huntington-Ashland  WV-KY-OH ,297,297,60739,2,4,857,1,4,230,0,0,0,209,209,48044,2,4,857,1,4,230,0,0,0
202199,172,16740, ,Charlotte-Concord-Gastonia  NC-SC ,20830,20830,5369091,20,40,6025,18,70,11705,269,9186,943254,19692,19692,4956713,20,40,6025,18,70,11705,255,8984,920324
202199,174,16860, ,Chattanooga  TN-GA ,2443,2443,553155,53,106,7996,28,98,8106,45,1026,77815,1748,1748,410366,9,18,1675,20,73,6656,17,482,23500
202199,174,17420, ,Cleveland  TN ,765,765,181043,1,2,320,6,23,1946,0,0,0,518,518,136328,1,2,320,6,23,1946,0,0,0
202199,174,19140, ,Dalton  GA ,387,387,65597,6,12,979,8,30,4490,9,303,31320,387,387,65597,6,12,979,8,30,4490,9,303,31320
202199,176,16980, ,Chicago-Naperville-Elgin  IL-IN-WI ,10071,10071,3113691,131,262,49432,221,733,133144,259,7445,844772,9423,9423,2959258,125,250,47869,219,727,132244,240,7348,828615
202199,176,28100, ,Kankakee  IL ,140,140,34567,0,0,0,0,0,0,0,0,0,140,140,34567,0,0,0,0,0,0,0,0,0
202199,176,33140, ,Michigan City-La Porte  IN ,136,136,47499,1,2,220,0,0,0,0,0,0,128,128,45763,1,2,220,0,0,0,0,0,0
202199,178,17140, ,Cincinnati  OH-KY-IN ,5358,5358,1540840,30,60,8711,35,120,20676,127,2891,292371,5226,5226,1514533,30,60,8711,35,120,20676,127,2891,292371
202199,184,10420, ,Akron  OH ,881,881,257240,5,10,1018,27,107,10174,28,217,12528,858,858,251740,5,10,1018,27,107,10174,27,142,11523
202199,184,15940, ,Canton-Massillon  OH ,538,538,154788,17,34,5650,21,73,6422,50,308,33590,450,450,144519,17,34,5650,13,48,5141,37,231,27675
202199,184,17460, ,Cleveland-Elyria  OH ,2949,2949,933171,11,22,1313,22,73,9341,14,296,34158,2731,2731,895759,5,10,1250,17,58,8304,14,296,34158
202199,190,17860, ,Columbia  MO ,838,838,246802,1,2,265,0,0,0,8,189,23223,837,837,246523,1,2,265,0,0,0,8,189,23223
202199,192,17900,C,Columbia  SC ,5853,5853,1300680,12,24,2927,0,0,0,28,1004,166511,3320,3320,639439,12,24,2927,0,0,0,6,872,146581
202199,194,12220,C,Auburn-Opelika  AL ,1487,1487,412303,21,42,8378,7,28,3216,19,294,37517,1487,1487,412303,21,42,8378,7,28,3216,19,294,37517
202199,194,17980, ,Columbus  GA-AL ,740,740,155927,7,14,796,0,0,0,16,379,59665,715,715,150724,7,14,796,0,0,0,16,379,59665
202199,198,18140, ,Columbus  OH ,6844,6844,2218534,39,78,13832,22,84,10304,231,5056,492436,6301,6301,2094437,38,76,13332,22,84,10304,217,4983,483494
202199,204,18580, ,Corpus Christi  TX ,2213,2213,546671,0,0,0,1,4,400,7,358,29093,2042,2042,478906,0,0,0,0,0,0,6,128,12000
202199,206,19100, ,Dallas-Fort Worth-Arlington  TX ,51996,51996,13502444,418,836,89815,170,632,79754,518,25241,2979935,50031,50031,13048380,418,836,89815,170,632,79754,513,25204,2973637
202199,206,43300, ,Sherman-Denison  TX ,932,932,198946,10,20,2358,0,0,0,6,96,8419,932,932,198946,10,20,2358,0,0,0,6,96,8419
202199,209,19340, ,Davenport-Moline-Rock Island  IA-IL ,436,436,113400,11,22,3556,18,65,10273,11,106,11577,391,391,104661,11,22,3556,17,61,9940,10,82,9060
202199,212,19430, ,Dayton-Kettering  OH ,1521,1521,555798,3,6,956,5,16,3538,23,496,67246,1511,1511,552558,2,4,605,4,12,3140,22,197,30975
202199,212,44220, ,Springfield  OH ,189,189,53737,2,4,128,0,0,0,1,6,489,189,189,53737,2,4,128,0,0,0,1,6,489
202199,216,14500, ,Boulder  CO ,343,343,202411,31,62,19340,18,60,15989,29,772,163447,342,342,202341,31,62,19340,18,60,15989,29,772,163447
202199,216,19740,C,Denver-Aurora-Lakewood  CO ,13113,13113,3910829,301,602,117053,71,263,52980,356,16028,2151365,13038,13038,3897422,301,602,117053,71,263,52980,356,16028,2151365
202199,216,24540, ,Greeley  CO ,3814,3814,1022379,87,174,34764,66,230,44564,63,1050,147851,2968,2968,782397,87,174,34764,55,196,36183,43,751,107089
202199,218,11180, ,Ames  IA ,279,279,81769,1,2,499,1,3,749,4,110,11001,263,263,77314,1,2,499,1,3,749,4,110,11001
202199,218,19780, ,Des Moines-West Des Moines  IA ,4888,4888,1438028,41,82,17832,34,113,24959,44,1886,264111,4884,4884,1436295,41,82,17832,34,113,24959,44,1886,264111
202199,220,11460, ,Ann Arbor  MI ,795,795,233977,13,26,7885,22,80,12857,2,15,5050,613,613,187740,13,26,7885,19,71,11034,1,10,4500
202199,220,19820, ,Detroit-Warren-Dearborn  MI ,5666,5666,1769873,50,100,21854,48,171,21043,137,2661,613163,5132,5132,1640302,50,100,21854,34,123,17228,136,2656,612428
202199,220,22420, ,Flint  MI ,489,489,121544,5,10,2260,1,3,668,1,8,700,451,451,113925,5,10,2260,1,3,668,1,8,700
202199,220,33780, ,Monroe  MI ,221,221,57394,0,0,0,2,8,720,3,36,3304,157,157,43134,0,0,0,2,8,720,3,36,3304
202199,222,20020, ,Dothan  AL ,492,492,129834,1,2,165,0,0,0,0,0,0,349,349,99081,1,2,165,0,0,0,0,0,0
202199,232,20740, ,Eau Claire  WI ,461,461,152395,100,200,35467,2,8,1509,32,610,78933,458,458,151583,100,200,35467,2,8,1509,32,610,78933
202199,236,21300, ,Elmira  NY ,22,22,4975,0,0,0,0,0,0,1,116,13000,13,13,3498,0,0,0,0,0,0,1,116,13000
202199,238,21340,C,El Paso  TX ,2655,2655,620752,58,116,14875,6,19,2508,20,199,23395,694,694,158378,31,62,7813,0,0,0,0,0,0
202199,238,29740,C,Las Cruces  NM ,1239,1239,325125,2,4,608,0,0,0,12,95,7418,336,336,102980,0,0,0,0,0,0,0,0,0
202199,240,21500, ,Erie  PA ,174,174,49438,2,4,512,1,4,300,5,35,1852,166,166,48087,2,4,512,1,4,300,5,35,1852
202199,244,22020, ,Fargo  ND-MN ,1229,1229,380193,1,2,400,0,0,0,19,1058,140802,1219,1219,377295,1,2,400,0,0,0,19,1058,140802
202199,246,22180, ,Fayetteville  NC ,2055,2055,355693,0,0,0,0,0,0,12,252,31270,1233,1233,243909,0,0,0,0,0,0,12,252,31270
202199,258,23060,C,Fort Wayne  IN ,1799,1799,511731,76,152,13714,3,11,1471,2,16,1657,1799,1799,511731,76,152,13714,3,11,1471,2,16,1657
202199,260,23420,C,Fresno  CA ,3369,3369,950006,9,18,2915,15,53,10018,42,462,63981,3164,3164,867320,9,18,2915,15,53,10018,39,445,61891
202199,260,25260, ,Hanford-Corcoran  CA ,484,484,132588,0,0,0,0,0,0,2,24,6390,385,385,110017,0,0,0,0,0,0,2,24,6390
202199,260,31460, ,Madera  CA ,1066,1066,274438,0,0,0,0,0,0,0,0,0,1066,1066,274438,0,0,0,0,0,0,0,0,0
202199,264,23540, ,Gainesville  FL ,1652,1652,402615,2,4,151,0,0,0,12,1087,37012,1024,1024,304897,2,4,151,0,0,0,0,0,0
202199,266,24340, ,Grand Rapids-Kentwood  MI ,2811,2811,875504,67,134,24595,24,86,15688,34,674,80780,2629,2629,829695,66,132,24294,22,79,14177,19,512,63188
202199,266,34740, ,Muskegon  MI ,302,302,70020,13,26,3647,0,0,0,0,0,0,270,270,61836,13,26,3647,0,0,0,0,0,0
202199,267,24580, ,Green Bay  WI ,830,830,264895,20,40,9230,0,0,0,47,538,49603,721,721,235783,20,40,9230,0,0,0,33,459,44206
202199,268,15500, ,Burlington  NC ,1557,1557,238707,0,0,0,7,25,3729,30,712,45021,1557,1557,238707,0,0,0,7,25,3729,30,712,45021
202199,268,24660,C,Greensboro-High Point  NC ,2593,2593,651653,18,36,5227,0,0,0,47,1335,229100,2593,2593,651653,18,36,5227,0,0,0,47,1335,229100
202199,268,49180, ,Winston-Salem  NC ,3887,3887,1064575,1,2,230,0,0,0,23,317,20720,2941,2941,796645,1,2,230,0,0,0,23,317,20720
202199,272,24780, ,Greenville  NC ,805,805,186556,12,24,3468,0,0,0,18,446,47179,457,457,104510,12,24,3468,0,0,0,18,446,47179
202199,273,24860, ,Greenville-Anderson  SC ,8896,8896,2043278,96,192,12139,3,12,560,56,1504,123059,8895,8895,2043165,96,192,12139,3,12,560,56,1504,123059
202199,273,43900, ,Spartanburg  SC ,3394,3394,569604,0,0,0,0,0,0,13,220,26389,3352,3352,559673,0,0,0,0,0,0,13,220,26389
202199,276,23900,C,Gettysburg  PA ,438,438,127475,0,0,0,0,0,0,0,0,0,438,438,127475,0,0,0,0,0,0,0,0,0
202199,276,25420,C,Harrisburg-Carlisle  PA ,1283,1283,322926,13,26,4331,12,44,6212,15,189,23789,1170,1170,293700,13,26,4331,12,44,6212,15,189,23789
202199,276,30140, ,Lebanon  PA ,332,332,62682,2,4,750,0,0,0,4,171,21896,325,325,61325,2,4,750,0,0,0,3,105,10335
202199,276,49620, ,York-Hanover  PA ,1164,1164,238715,1,2,300,0,0,0,1,150,11099,862,862,181863,0,0,0,0,0,0,0,0,0
202199,277,25500,C,Harrisonburg  VA ,628,628,187609,3,6,1190,0,0,0,2,21,2029,628,628,187609,3,6,1190,0,0,0,2,21,2029
202199,277,44420, ,Staunton  VA ,341,341,76102,2,4,380,0,0,0,2,68,6970,341,341,76102,2,4,380,0,0,0,2,68,6970
202199,278,25540,C,Hartford-East Hartford-Middletown  CT ,962,962,245232,20,40,3848,8,31,4334,54,475,39704,802,802,210627,19,38,3628,8,31,4334,9,134,14509
202199,278,35980, ,Norwich-New London  CT ,403,403,108402,11,22,2131,0,0,0,3,31,2971,338,338,94071,10,20,1937,0,0,0,3,31,2971
202199,279,25620, ,Hattiesburg  MS ,133,133,27101,1,2,230,5,18,750,0,0,0,103,103,22393,1,2,230,5,18,750,0,0,0
202199,284,26300, ,Hot Springs  AR ,78,78,21597,0,0,0,0,0,0,1,252,16000,78,78,21597,0,0,0,0,0,0,1,252,16000
202199,288,26420, ,Houston-The Woodlands-Sugar Land  TX ,52719,52719,12070218,391,782,84408,30,114,17040,499,15648,1506282,50863,50863,11624239,391,782,84408,30,114,17040,485,15560,1504330
202199,290,19460, ,Decatur  AL ,226,226,59185,0,0,0,0,0,0,0,0,0,226,226,59185,0,0,0,0,0,0,0,0,0
202199,290,26620,C,Huntsville  AL ,4230,4230,838735,3,6,486,8,26,2407,88,1910,228080,2597,2597,444516,3,6,486,8,26,2407,88,1910,228080
202199,292,26820, ,Idaho Falls  ID ,1430,1430,284474,2,4,383,11,44,5141,0,0,0,1419,1419,282412,2,4,383,11,44,5141,0,0,0
202199,294,18020, ,Columbus  IN ,231,231,63407,0,0,0,0,0,0,0,0,0,231,231,63407,0,0,0,0,0,0,0,0,0
202199,294,26900, ,Indianapolis-Carmel-Anderson  IN ,10159,10159,3366465,167,334,64087,20,78,22014,92,2880,347085,10027,10027,3343401,167,334,64087,20,78,22014,92,2880,347085
202199,294,34620, ,Muncie  IN ,100,100,24096,0,0,0,0,0,0,2,13,6096,99,99,23837,0,0,0,0,0,0,2,13,6096
202199,296,27060, ,Ithaca  NY ,107,107,31687,12,24,3555,0,0,0,10,513,80839,62,62,17330,12,24,3555,0,0,0,9,456,76937
202199,297,27180, ,Jackson  TN ,537,537,120316,0,0,0,0,0,0,0,0,0,223,223,50182,0,0,0,0,0,0,0,0,0
202199,298,27140, ,Jackson  MS ,1414,1414,362188,1,2,247,0,0,0,0,0,0,1328,1328,348064,0,0,0,0,0,0,0,0,0
202199,300,27260,C,Jacksonville  FL ,16536,16536,3698909,54,108,10301,56,221,20862,158,5873,608354,16528,16528,3697486,54,108,10301,56,221,20862,158,5873,608354
202199,304,27740, ,Johnson City  TN ,766,766,168825,7,14,2163,0,0,0,6,39,4050,586,586,144066,7,14,2163,0,0,0,6,39,4050
202199,304,28700, ,Kingsport-Bristol  TN-VA ,663,663,143060,2,4,408,2,7,981,1,5,500,422,422,102786,2,4,408,2,7,981,1,5,500
202199,306,27780, ,Johnstown  PA ,62,62,15741,0,0,0,0,0,0,0,0,0,62,62,15741,0,0,0,0,0,0,0,0,0
202199,308,27860, ,Jonesboro  AR ,785,785,126271,41,82,5743,54,184,10740,16,96,5452,158,158,28791,1,2,240,5,15,2023,0,0,0
202199,309,27900, ,Joplin  MO ,665,665,129478,13,26,3373,3,11,945,16,289,20597,640,640,125202,12,24,3297,2,7,760,15,282,20270
202199,310,12980, ,Battle Creek  MI ,108,108,20922,0,0,0,0,0,0,0,0,0,85,85,14129,0,0,0,0,0,0,0,0,0
202199,310,28020, ,Kalamazoo-Portage  MI ,402,402,119395,5,10,2214,2,7,1476,0,0,0,333,333,94969,5,10,2214,1,3,532,0,0,0
202199,312,28140, ,Kansas City  MO-KS ,7051,7051,2201161,166,332,65264,98,376,55332,99,3495,438805,6994,6994,2186219,166,332,65264,98,376,55332,99,3495,438805
202199,312,29940, ,Lawrence  KS ,262,262,86127,1,2,196,2,6,1200,12,248,18564,252,252,83438,0,0,0,2,6,1200,12,248,18564
202199,312,41140, ,St. Joseph  MO-KS ,100,100,22613,4,8,880,0,0,0,0,0,0,48,48,11919,4,8,880,0,0,0,0,0,0
202199,313,28420,C,Kennewick-Richland  WA ,1915,1915,592837,22,44,10294,20,79,9676,4,111,12704,1351,1351,447993,19,38,9773,20,79,9676,3,106,12105
202199,313,47460, ,Walla Walla  WA ,137,137,37162,6,12,1940,0,0,0,6,112,12599,125,125,35962,6,12,1940,0,0,0,6,112,12599
202199,315,28940, ,Knoxville  TN ,4685,4685,1114026,5,10,2121,4,15,2039,63,1280,155887,4078,4078,1024632,5,10,2121,3,12,1739,51,1149,147116
202199,315,34100, ,Morristown  TN ,909,909,180338,0,0,0,3,12,1200,8,72,7632,810,810,163900,0,0,0,3,12,1200,8,72,7632
202199,316,29020, ,Kokomo  IN ,188,188,46239,1,2,320,0,0,0,0,0,0,167,167,39822,1,2,320,0,0,0,0,0,0
202199,318,29180, ,Lafayette  LA ,3040,3040,624206,0,0,0,1,4,800,0,0,0,2894,2894,600399,0,0,0,1,4,800,0,0,0
202199,320,29200, ,Lafayette-West Lafayette  IN ,580,580,161054,1,2,210,1,4,307,24,626,74186,528,528,151614,1,2,210,1,4,307,24,626,74186
202199,324,29340, ,Lake Charles  LA ,1024,1024,186278,20,40,3155,0,0,0,0,0,0,469,469,81292,18,36,2962,0,0,0,0,0,0
202199,332,29820,C,Las Vegas-Henderson-Paradise  NV ,12156,12156,3317503,69,138,19171,174,594,84613,187,3419,340335,12156,12156,3317503,69,138,19171,174,594,84613,187,3419,340335
202199,336,30460,C,Lexington-Fayette  KY ,1760,1760,430284,5,10,1338,10,34,4796,47,1139,105889,895,895,238975,2,4,500,1,4,400,18,220,16289
202199,338,30620, ,Lima  OH ,121,121,32831,1,2,400,3,9,645,9,94,11914,99,99,29393,1,2,400,3,9,645,9,94,11914
202199,339,30700, ,Lincoln  NE ,1378,1378,406818,13,26,4384,0,0,0,40,1203,170510,1263,1263,372022,13,26,4384,0,0,0,40,1203,170510
202199,340,30780, ,Little Rock-North Little Rock-Conway  AR ,2505,2505,563124,68,136,18867,42,161,30573,33,833,62618,2470,2470,557647,68,136,18867,42,161,30573,33,833,62618
202199,340,38220, ,Pine Bluff  AR ,38,38,18847,4,8,500,0,0,0,0,0,0,27,27,17203,4,8,500,0,0,0,0,0,0
202199,348,31080,C,Los Angeles-Long Beach-Anaheim  CA ,11090,11090,3241145,642,1284,297665,151,510,143232,546,18267,3282796,10462,10462,2928284,604,1208,273030,136,465,133160,500,17932,3232444
202199,348,37100, ,Oxnard-Thousand Oaks-Ventura  CA ,686,686,215027,17,34,8775,15,48,11560,30,709,108396,467,467,149758,17,34,8775,15,48,11560,29,702,107331
202199,348,40140, ,Riverside-San Bernardino-Ontario  CA ,11962,11962,3256169,150,300,64627,85,286,46862,230,3058,379513,11715,11715,3204098,150,300,64627,85,286,46862,207,2926,371585
202199,350,21060, ,Elizabethtown-Fort Knox  KY ,468,468,104409,23,46,6057,0,0,0,2,12,720,468,468,104409,23,46,6057,0,0,0,2,12,720
202199,350,31140, ,Louisville-Jefferson County  KY-IN ,4136,4136,1116907,28,56,9367,4,14,2035,52,1302,120713,4079,4079,1106042,28,56,9367,4,14,2035,52,1302,120713
202199,352,31180, ,Lubbock  TX ,2725,2725,648772,219,438,63892,0,0,0,22,241,17823,2713,2713,646696,219,438,63892,0,0,0,22,241,17823
202199,356,31420, ,Macon-Bibb County  GA ,563,563,114159,0,0,0,0,0,0,0,0,0,146,146,30172,0,0,0,0,0,0,0,0,0
202199,356,47580, ,Warner Robins  GA ,1390,1390,283710,1,2,207,15,60,6105,6,82,10072,1325,1325,271685,1,2,207,15,60,6105,6,82,10072
202199,357,27500, ,Janesville-Beloit  WI ,361,361,88751,36,72,11860,2,8,1400,4,176,27342,361,361,88751,36,72,11860,2,8,1400,4,176,27342
202199,357,31540, ,Madison  WI ,1737,1737,725314,99,198,47270,6,24,3600,107,5235,700888,1737,1737,725314,99,198,47270,6,24,3600,107,5235,700888
202199,359,31860, ,Mankato  MN ,252,252,77358,11,22,5925,5,19,4727,11,187,21161,251,251,77238,11,22,5925,5,19,4727,11,187,21161
202199,360,31900, ,Mansfield  OH ,107,107,31949,4,8,1097,0,0,0,0,0,0,107,107,31949,4,8,1097,0,0,0,0,0,0
202199,365,32580,C,McAllen-Edinburg-Mission  TX ,4844,4844,978204,160,320,26286,170,672,47684,19,219,13281,4611,4611,956187,155,310,25536,170,672,47684,19,219,13281
202199,366,24420, ,Grants Pass  OR ,265,265,59265,28,56,6169,3,12,2097,0,0,0,265,265,59265,28,56,6169,3,12,2097,0,0,0
202199,366,32780, ,Medford  OR ,777,777,215428,10,20,5288,12,46,6980,16,299,41122,747,747,208980,10,20,5288,12,46,6980,15,234,32383
202199,368,32820, ,Memphis  TN-MS-AR ,4284,4284,942659,1,2,518,6,24,3659,14,895,141572,4050,4050,901267,1,2,518,6,24,3659,14,895,141572
202199,370,33100, ,Miami-Fort Lauderdale-Pompano Beach  FL ,8316,8316,3421057,133,266,42079,52,182,23912,280,16549,3197394,7483,7483,3150096,133,266,42079,52,182,23912,240,16050,3151176
202199,370,38940, ,Port St. Lucie  FL ,6447,6447,1588285,114,228,27473,7,25,5464,93,1703,200345,6388,6388,1583217,114,228,27473,7,25,5464,93,1703,200345
202199,370,42680, ,Sebastian-Vero Beach  FL ,1569,1569,611888,4,8,1122,5,15,1010,0,0,0,1521,1521,571072,4,8,1122,5,15,1010,0,0,0
202199,372,33260, ,Midland  TX ,872,872,176067,0,0,0,0,0,0,0,0,0,872,872,176067,0,0,0,0,0,0,0,0,0
202199,372,36220,C,Odessa  TX ,1373,1373,326871,1,2,224,0,0,0,1,31,3716,1373,1373,326871,1,2,224,0,0,0,1,31,3716
202199,376,33340,C,Milwaukee-Waukesha  WI ,1779,1779,770488,166,332,79166,8,31,6157,29,787,113441,1728,1728,751899,166,332,79166,8,31,6157,29,787,113441
202199,376,39540, ,Racine  WI ,159,159,61557,13,26,6384,0,0,0,3,60,6177,159,159,61557,13,26,6384,0,0,0,3,60,6177
202199,378,33460, ,Minneapolis-St. Paul-Bloomington  MN-WI ,11734,11734,3877343,114,228,42376,59,223,49361,221,13892,2185779,11420,11420,3773162,114,228,42376,55,211,46792,208,13722,2171745
202199,378,41060, ,St. Cloud  MN ,525,525,151073,25,50,8622,0,0,0,1,49,6275,339,339,102477,24,48,8364,0,0,0,1,49,6275
202199,380,19300, ,Daphne-Fairhope-Foley  AL ,3315,3315,817672,0,0,0,0,0,0,16,390,26652,3214,3214,800068,0,0,0,0,0,0,16,390,26652
202199,380,33660, ,Mobile  AL ,970,970,219749,0,0,0,0,0,0,2,52,7280,920,920,212349,0,0,0,0,0,0,2,52,7280
202199,384,33740, ,Monroe  LA ,436,436,102775,7,14,519,13,43,6760,20,127,15266,335,335,81854,0,0,0,0,0,0,8,64,7972
202199,388,33860, ,Montgomery  AL ,993,993,245101,1,2,121,5,19,1678,0,0,0,983,983,242936,1,2,121,5,19,1678,0,0,0
202199,390,34060, ,Morgantown  WV ,21,21,4476,0,0,0,0,0,0,0,0,0,11,11,3108,0,0,0,0,0,0,0,0,0
202199,396,34820, ,Myrtle Beach-Conway-North Myrtle Beach  SC-NC ,11054,11054,2372127,118,236,39399,8,27,3553,44,902,76433,10743,10743,2295789,118,236,39399,7,23,2926,31,605,56109
202199,400,34980, ,Nashville-Davidson--Murfreesboro--Franklin  TN ,17422,17422,5159155,58,116,13707,47,175,26416,308,14478,1246343,16728,16728,4875593,58,116,13707,46,171,26016,308,14478,1246343
202199,404,35100, ,New Bern  NC ,406,406,122588,0,0,0,0,0,0,0,0,0,406,406,122588,0,0,0,0,0,0,0,0,0
202199,406,25220, ,Hammond  LA ,943,943,173669,4,8,625,0,0,0,1,557,55158,818,818,152719,3,6,525,0,0,0,0,0,0
202199,406,35380, ,New Orleans-Metairie  LA ,4018,4018,999362,159,318,35142,7,22,3990,28,924,137530,3170,3170,795052,20,40,3877,0,0,0,15,360,35800
202199,408,14860,C,Bridgeport-Stamford-Norwalk  CT ,714,714,456050,24,48,7901,8,29,3690,32,501,71070,686,686,452150,15,30,6491,8,29,3690,29,485,70736
202199,408,20700, ,East Stroudsburg  PA ,312,312,92955,0,0,0,2,8,1356,3,50,5093,282,282,86154,0,0,0,2,8,1356,2,24,2160
202199,408,28740, ,Kingston  NY ,312,312,92525,6,12,1344,0,0,0,3,18,4390,292,292,84785,6,12,1344,0,0,0,0,0,0
202199,408,35300, ,New Haven-Milford  CT ,497,497,109177,18,36,5169,1,4,439,22,446,34542,370,370,80601,17,34,4576,1,4,439,3,283,24082
202199,408,35620,C,New York-Newark-Jersey City  NY-NJ-PA ,12947,12947,3727114,761,1522,202976,283,934,98697,1354,41258,4663156,12323,12323,3580253,707,1414,190567,258,853,90934,1229,39287,4451721
202199,408,39100, ,Poughkeepsie-Newburgh-Middletown  NY ,939,939,308440,10,20,3755,5,16,3529,52,1307,162966,750,750,249653,10,20,3755,5,16,3529,51,1294,161178
202199,408,45940,C,Trenton-Princeton  NJ ,278,278,40809,1,2,20,0,0,0,29,264,12500,278,278,40809,1,2,20,0,0,0,29,264,12500
202199,412,35840,C,North Port-Sarasota-Bradenton  FL ,12106,12106,3346685,126,252,38166,16,62,8960,112,3504,525708,12106,12106,3346685,126,252,38166,16,62,8960,112,3504,525708
202199,412,39460, ,Punta Gorda  FL ,3435,3435,1010069,143,286,44497,23,92,26222,37,1017,165369,3435,3435,1010069,143,286,44497,23,92,26222,37,1017,165369
202199,416,36420,C,Oklahoma City  OK ,7637,7637,2002123,132,264,27180,2,8,1500,9,171,22230,7369,7369,1954096,129,258,26694,2,8,1500,9,171,22230
202199,420,36540, ,Omaha-Council Bluffs  NE-IA ,3677,3677,791335,27,54,4894,18,63,7664,99,2588,222497,3677,3677,791335,27,54,4894,18,63,7664,99,2588,222497
202199,422,19660, ,Deltona-Daytona Beach-Ormond Beach  FL ,6753,6753,1934407,251,502,93025,1,3,277,47,956,118944,6084,6084,1733202,251,502,93025,1,3,277,47,956,118944
202199,422,29460, ,Lakeland-Winter Haven  FL ,10591,10591,2447530,22,44,4753,5,19,1933,81,2417,254328,9550,9550,2196913,22,44,4753,5,19,1933,81,2417,254328
202199,422,36740, ,Orlando-Kissimmee-Sanford  FL ,17795,17795,4747997,84,168,30279,53,201,26130,278,12454,1515618,17512,17512,4699985,84,168,30279,53,201,26130,253,12042,1476958
202199,422,45540,C,The Villages  FL ,4007,4007,1068638,0,0,0,0,0,0,36,604,135189,3996,3996,1066545,0,0,0,0,0,0,36,604,135189
202199,425,37620, ,Parkersburg-Vienna  WV ,107,107,20456,1,2,312,0,0,0,0,0,0,94,94,18480,1,2,312,0,0,0,0,0,0
202199,426,37860,C,Pensacola-Ferry Pass-Brent  FL ,3101,3101,674597,341,682,58144,6,21,1022,13,247,23771,3101,3101,674597,341,682,58144,6,21,1022,13,247,23771
202199,428,12100,C,Atlantic City-Hammonton  NJ ,556,556,171329,1,2,630,2,6,831,16,240,21244,556,556,171329,1,2,630,2,6,831,16,240,21244
202199,428,20100,C,Dover  DE ,1676,1676,253896,25,50,4927,0,0,0,9,147,11677,1650,1650,248304,25,50,4927,0,0,0,9,147,11677
202199,428,36140,C,Ocean City  NJ ,680,680,251434,100,200,40366,8,27,2207,2,10,749,680,680,251434,100,200,40366,8,27,2207,2,10,749
202199,428,37980,C,Philadelphia-Camden-Wilmington  PA-NJ-DE-MD ,8868,8868,1888754,450,900,141295,331,1112,145096,676,25427,3862572,8351,8351,1764721,448,896,140395,328,1103,143885,643,24988,3798948
202199,428,39740, ,Reading  PA ,375,375,93037,1,2,297,2,8,1106,10,108,11895,299,299,72655,1,2,297,2,8,1106,9,56,5056
202199,428,47220,C,Vineland-Bridgeton  NJ ,122,122,14213,0,0,0,0,0,0,1,63,6316,122,122,14213,0,0,0,0,0,0,1,63,6316
202199,429,38060,C,Phoenix-Mesa-Chandler  AZ ,34347,34347,9330894,533,1066,127715,81,284,56320,598,14884,2139595,34223,34223,9305078,522,1044,124859,81,284,56320,582,13271,1857762
202199,430,38300, ,Pittsburgh  PA ,3891,3891,1104685,39,78,12209,60,208,24320,42,1046,130273,2794,2794,868594,29,58,9904,49,173,16987,20,244,29631
202199,430,48260, ,Weirton-Steubenville  WV-OH ,34,34,8379,0,0,0,0,0,0,0,0,0,19,19,4972,0,0,0,0,0,0,0,0,0
202199,438,30340, ,Lewiston-Auburn  ME ,178,178,39828,4,8,1070,0,0,0,1,35,6105,126,126,26806,3,6,870,0,0,0,1,35,6105
202199,438,38860, ,Portland-South Portland  ME ,2634,2634,789572,87,174,32075,15,48,6969,48,856,111942,1762,1762,574807,66,132,25055,7,24,4969,37,740,100453
202199,440,10540, ,Albany-Lebanon  OR ,385,385,100766,6,12,2169,0,0,0,22,223,28682,357,357,96022,6,12,2169,0,0,0,13,169,21308
202199,440,18700, ,Corvallis  OR ,270,270,76051,1,2,362,4,12,2195,0,0,0,270,270,76051,1,2,362,4,12,2195,0,0,0
202199,440,31020, ,Longview  WA ,286,286,79388,2,4,709,1,4,260,4,54,4800,286,286,79388,2,4,709,1,4,260,4,54,4800
202199,440,38900, ,Portland-Vancouver-Hillsboro  OR-WA ,8008,8008,2366666,90,180,31734,78,288,31241,169,6547,1342284,8008,8008,2366666,90,180,31734,78,288,31241,169,6547,1342284
202199,440,41420, ,Salem  OR ,1368,1368,381642,12,24,5553,1,3,574,58,759,85511,1303,1303,367129,12,24,5553,1,3,574,58,759,85511
202199,444,39380,C,Pueblo  CO ,742,742,120065,0,0,0,0,0,0,0,0,0,742,742,120065,0,0,0,0,0,0,0,0,0
202199,450,20500,C,Durham-Chapel Hill  NC ,3735,3735,1154493,14,28,3730,5,16,3370,42,2121,279998,3735,3735,1154493,14,28,3730,5,16,3370,42,2121,279998
202199,450,39580,C,Raleigh-Cary  NC ,14227,14227,3397805,19,38,6442,4,16,2071,138,7368,1112820,14227,14227,3397805,19,38,6442,4,16,2071,138,7368,1112820
202199,452,39660, ,Rapid City  SD ,684,684,178841,0,0,0,10,40,4555,35,838,94232,652,652,168806,0,0,0,10,40,4555,35,838,94232
202199,454,39820, ,Redding  CA ,320,320,101569,0,0,0,0,0,0,2,48,5400,320,320,101569,0,0,0,0,0,0,2,48,5400
202199,456,16180,C,Carson City  NV ,203,203,53627,0,0,0,5,15,1909,13,89,8886,0,0,0,0,0,0,0,0,0,0,0,0
202199,456,39900,C,Reno  NV ,2717,2717,743371,40,80,9707,20,68,10008,132,2472,316029,620,620,150000,11,22,3642,2,8,2085,4,51,7921
202199,462,40340, ,Rochester  MN ,721,721,220743,4,8,1335,1,4,538,5,402,53810,633,633,201039,4,8,1335,1,4,538,5,402,53810
202199,464,40380, ,Rochester  NY ,1180,1180,340192,28,56,11807,25,85,9709,44,453,43082,1120,1120,327688,27,54,11157,25,85,9709,44,453,43082
202199,466,40420, ,Rockford  IL ,254,254,43267,9,18,2417,0,0,0,1,8,655,254,254,43267,9,18,2417,0,0,0,1,8,655
202199,468,40580, ,Rocky Mount  NC ,640,640,88803,0,0,0,0,0,0,0,0,0,364,364,44577,0,0,0,0,0,0,0,0,0
202199,472,40900,C,Sacramento-Roseville-Folsom  CA ,9390,9390,2902021,49,98,14701,23,90,17164,89,2856,400682,9390,9390,2902021,49,98,14701,23,90,17164,89,2856,400682
202199,472,49700, ,Yuba City  CA ,725,725,184416,2,4,349,0,0,0,20,252,27535,725,725,184416,2,4,349,0,0,0,20,252,27535
202199,474,13020, ,Bay City  MI ,74,74,20613,0,0,0,0,0,0,0,0,0,57,57,16827,0,0,0,0,0,0,0,0,0
202199,474,33220, ,Midland  MI ,141,141,32485,9,18,2115,0,0,0,0,0,0,129,129,29045,9,18,2115,0,0,0,0,0,0
202199,474,40980, ,Saginaw  MI ,180,180,43228,2,4,546,3,11,1360,0,0,0,166,166,40034,1,2,250,2,7,700,0,0,0
202199,476,41180, ,St. Louis  MO-IL ,5716,5716,1674343,66,132,20385,12,43,7551,104,2435,285428,5604,5604,1646272,66,132,20385,12,43,7551,104,2435,285428
202199,480,41540, ,Salisbury  MD-DE ,4983,4983,795886,132,264,30634,4,15,2545,19,290,27105,4981,4981,795698,132,264,30634,4,15,2545,19,290,27105
202199,482,36260, ,Ogden-Clearfield  UT ,4205,4205,1119604,6,12,2996,39,140,23023,109,3125,410560,3969,3969,1059258,6,12,2996,22,83,12259,98,3069,404469
202199,482,39340, ,Provo-Orem  UT ,7562,7562,2262717,51,102,19642,66,246,39622,234,3265,449235,7531,7531,2250401,51,102,19642,66,246,39622,234,3265,449235
202199,482,41620, ,Salt Lake City  UT ,5338,5338,1419856,95,190,24659,75,263,45665,124,5851,894909,5007,5007,1328957,73,146,21145,54,195,33331,73,2320,416852
202199,484,41700,C,San Antonio-New Braunfels  TX ,13945,13945,3295338,70,140,17735,26,103,13820,314,8076,1096373,13526,13526,3197421,70,140,17735,26,103,13820,302,8016,1083587
202199,488,32900, ,Merced  CA ,1017,1017,307754,0,0,0,0,0,0,0,0,0,903,903,250928,0,0,0,0,0,0,0,0,0
202199,488,33700, ,Modesto  CA ,667,667,142604,2,4,553,0,0,0,9,140,21100,608,608,135716,2,4,553,0,0,0,9,140,21100
202199,488,34900, ,Napa  CA ,161,161,50629,0,0,0,1,4,627,9,1039,165005,21,21,6555,0,0,0,0,0,0,8,186,17496
202199,488,41860,C,San Francisco-Oakland-Berkeley  CA ,4301,4301,1437311,125,250,70770,25,91,29732,266,8964,2256707,4045,4045,1305034,106,212,50533,25,91,29732,220,8655,2192981
202199,488,41940,C,San Jose-Sunnyvale-Santa Clara  CA ,2400,2400,832156,17,34,11676,2,8,2166,49,2087,352434,2400,2400,832156,17,34,11676,2,8,2166,49,2087,352434
202199,488,42100, ,Santa Cruz-Watsonville  CA ,304,304,59126,2,4,971,2,7,2097,2,283,48028,234,234,50843,2,4,971,2,7,2097,1,205,42010
202199,488,42220, ,Santa Rosa-Petaluma  CA ,1227,1227,349202,16,32,4382,3,11,2098,49,1348,354022,1227,1227,349202,16,32,4382,3,11,2098,49,1348,354022
202199,488,44700, ,Stockton  CA ,3718,3718,1175287,2,4,1250,0,0,0,38,667,100970,3718,3718,1175287,2,4,1250,0,0,0,38,667,100970
202199,488,46700, ,Vallejo  CA ,1141,1141,337569,1,2,485,0,0,0,24,235,49430,1005,1005,304493,1,2,485,0,0,0,23,220,47120
202199,496,25980, ,Hinesville  GA ,837,837,187718,0,0,0,0,0,0,0,0,0,837,837,187718,0,0,0,0,0,0,0,0,0
202199,496,42340, ,Savannah  GA ,2752,2752,699196,3,6,1340,8,28,5656,26,441,38523,2752,2752,699196,3,6,1340,8,28,5656,26,441,38523
202199,500,14740,C,Bremerton-Silverdale-Port Orchard  WA ,1112,1112,355935,16,32,8927,5,16,3481,56,1125,125108,1112,1112,355935,16,32,8927,5,16,3481,56,1125,125108
202199,500,34580, ,Mount Vernon-Anacortes  WA ,332,332,101484,5,10,1749,10,38,9070,15,534,55122,330,330,101122,4,8,1510,9,34,8487,14,278,31228
202199,500,36500, ,Olympia-Lacey-Tumwater  WA ,752,752,179602,13,26,3921,15,56,8561,64,1220,132061,619,619,149901,13,26,3921,15,56,8561,52,1152,129169
202199,500,42660,C,Seattle-Tacoma-Bellevue  WA ,8828,8828,3043477,368,736,171217,251,858,187687,359,20321,3049854,8455,8455,2911436,366,732,170222,249,852,186686,332,20046,3023009
202199,508,43340,C,Shreveport-Bossier City  LA ,1136,1136,275788,0,0,0,0,0,0,0,0,0,1136,1136,275788,0,0,0,0,0,0,0,0,0
202199,515,21140, ,Elkhart-Goshen  IN ,389,389,108635,3,6,1100,0,0,0,1,63,5000,382,382,106629,3,6,1100,0,0,0,1,63,5000
202199,515,35660, ,Niles  MI ,325,325,122905,0,0,0,0,0,0,1,6,966,294,294,114638,0,0,0,0,0,0,1,6,966
202199,515,43780, ,South Bend-Mishawaka  IN-MI ,489,489,170545,0,0,0,1,3,1200,0,0,0,469,469,169637,0,0,0,1,3,1200,0,0,0
202199,518,17660, ,Coeur dAlene  ID ,1629,1629,435579,25,50,12651,11,37,11839,41,710,78488,1625,1625,433894,25,50,12651,11,37,11839,41,710,78488
202199,518,44060, ,Spokane-Spokane Valley  WA ,1908,1908,508205,105,210,38741,25,86,12762,64,1211,152614,1562,1562,416735,96,192,36638,21,74,11211,45,991,127247
202199,522,44100, ,Springfield  IL ,239,239,49324,41,82,15093,0,0,0,1,11,1864,210,210,42349,41,82,15093,0,0,0,1,11,1864
202199,524,44300, ,State College  PA ,264,264,81231,9,18,2757,3,9,1540,4,363,75593,246,246,77115,9,18,2757,3,9,1540,4,363,75593
202199,532,45060, ,Syracuse  NY ,537,537,127982,3,6,286,2,7,927,7,143,13842,477,477,111988,3,6,286,2,7,927,7,143,13842
202199,534,45780, ,Toledo  OH ,882,882,268690,17,34,4380,4,16,1674,13,278,17700,876,876,267282,17,34,4380,4,16,1674,13,278,17700
202199,536,46060,C,Tucson  AZ ,5116,5116,1577738,25,50,5942,0,0,0,70,1118,170312,3982,3982,1288486,0,0,0,0,0,0,11,209,33891
202199,538,46140,C,Tulsa  OK ,4354,4354,1038072,44,88,7512,9,32,4236,38,446,37667,4266,4266,1018971,44,88,7512,9,32,4236,23,333,28975
202199,540,46340, ,Tyler  TX ,741,741,178940,25,50,6294,25,80,10715,6,41,5107,720,720,171215,25,50,6294,25,80,10715,6,41,5107
202199,544,47020, ,Victoria  TX ,223,223,44317,0,0,0,0,0,0,8,168,14979,223,223,44317,0,0,0,0,0,0,8,168,14979
202199,545,47260, ,Virginia Beach-Norfolk-Newport News  VA-NC ,4712,4712,1166890,22,44,6667,19,71,12126,60,2550,263804,4398,4398,1140650,22,44,6667,19,71,12126,60,2550,263804
202199,548,12580,C,Baltimore-Columbia-Towson  MD ,4783,4783,1087153,1,2,525,1,4,2684,53,3045,449285,4783,4783,1087153,1,2,525,1,4,2684,53,3045,449285
202199,548,15680,C,California-Lexington Park  MD ,353,353,112069,0,0,0,0,0,0,1,6,1998,353,353,112069,0,0,0,0,0,0,1,6,1998
202199,548,16540,C,Chambersburg-Waynesboro  PA ,337,337,81535,10,20,3709,0,0,0,5,25,3213,313,313,75179,10,20,3709,0,0,0,1,5,625
202199,548,25180, ,Hagerstown-Martinsburg  MD-WV ,1726,1726,417105,12,24,3985,0,0,0,2,18,1185,1632,1632,406608,12,24,3985,0,0,0,2,18,1185
202199,548,47900, ,Washington-Arlington-Alexandria  DC-VA-MD-WV ,13729,13729,3670821,27,54,5463,11,41,5809,273,13590,1655527,12707,12707,3411610,21,42,4443,11,41,5809,239,12801,1562017
202199,548,49020, ,Winchester  VA-WV ,813,813,214354,0,0,0,5,15,244,7,194,29650,813,813,214354,0,0,0,5,15,244,7,194,29650
202199,554,48140, ,Wausau-Weston  WI ,387,387,105843,10,20,3500,0,0,0,7,273,31591,373,373,102194,10,20,3500,0,0,0,7,273,31591
202199,556,48620, ,Wichita  KS ,1618,1618,601812,353,706,73673,18,60,7948,0,0,0,1506,1506,572622,352,704,73373,17,56,7615,0,0,0
202199,558,48700, ,Williamsport  PA ,54,54,14826,1,2,297,0,0,0,0,0,0,47,47,13037,1,2,297,0,0,0,0,0,0
202199,566,49660, ,Youngstown-Warren-Boardman  OH-PA ,373,373,79052,12,24,3428,1,3,381,0,0,0,363,363,76565,12,24,3428,1,3,381,0,0,0
202199,999,10180, ,Abilene  TX ,506,506,108744,44,88,8617,0,0,0,7,289,33135,493,493,106224,44,88,8617,0,0,0,7,289,33135
202199,999,10500, ,Albany  GA ,224,224,32292,0,0,0,0,0,0,0,0,0,194,194,26597,0,0,0,0,0,0,0,0,0
202199,999,10780, ,Alexandria  LA ,273,273,69429,8,16,1325,0,0,0,0,0,0,179,179,44664,8,16,1325,0,0,0,0,0,0
202199,999,10900, ,Allentown-Bethlehem-Easton  PA-NJ ,1716,1716,430090,10,20,2953,3,12,2000,29,858,70444,1590,1590,400021,10,20,2953,3,12,2000,28,633,67858
202199,999,11260,C,Anchorage  AK ,877,877,277205,5,10,1678,14,52,8912,22,244,37001,37,37,10189,5,10,1678,1,3,459,0,0,0
202199,999,11500, ,Anniston-Oxford  AL ,68,68,10515,0,0,0,0,0,0,0,0,0,60,60,9825,0,0,0,0,0,0,0,0,0
202199,999,12260, ,Augusta-Richmond County  GA-SC ,4144,4144,914188,0,0,0,30,109,9902,4,27,1591,2300,2300,571828,0,0,0,30,109,9902,1,8,500
202199,999,12420, ,Austin-Round Rock-Georgetown  TX ,24486,24486,5894060,247,494,57061,78,285,45884,539,25642,3099070,20916,20916,5106085,247,494,57061,78,285,45884,539,25642,3099070
202199,999,12540, ,Bakersfield  CA ,2152,2152,452807,16,32,2181,5,18,1426,11,91,4803,2117,2117,445807,16,32,2181,5,18,1426,11,91,4803
202199,999,12620, ,Bangor  ME ,316,316,69589,16,32,5093,5,20,2671,0,0,0,284,284,63025,16,32,5093,5,20,2671,0,0,0
202199,999,12940, ,Baton Rouge  LA ,4458,4458,1021757,1,2,321,0,0,0,0,0,0,4338,4338,997924,1,2,321,0,0,0,0,0,0
202199,999,13140, ,Beaumont-Port Arthur  TX ,1401,1401,292658,18,36,3719,8,32,2864,10,116,11197,1236,1236,260793,17,34,3534,8,32,2864,10,116,11197
202199,999,13220,C,Beckley  WV ,101,101,19401,1,2,175,0,0,0,0,0,0,101,101,19401,1,2,175,0,0,0,0,0,0
202199,999,13380, ,Bellingham  WA ,888,888,246599,13,26,5478,10,36,5727,25,921,100992,888,888,246599,13,26,5478,10,36,5727,25,921,100992
202199,999,13740, ,Billings  MT ,597,597,157218,43,86,14783,0,0,0,7,296,45835,595,595,156735,43,86,14783,0,0,0,7,296,45835
202199,999,13780, ,Binghamton  NY ,140,140,26813,0,0,0,1,4,333,3,355,33527,67,67,12013,0,0,0,0,0,0,0,0,0
202199,999,13900, ,Bismarck  ND ,416,416,120209,116,232,43359,0,0,0,5,144,17781,413,413,119639,116,232,43359,0,0,0,4,127,15250
202199,999,13980, ,Blacksburg-Christiansburg  VA ,358,358,84229,2,4,356,0,0,0,2,24,1752,358,358,84229,2,4,356,0,0,0,2,24,1752
202199,999,15260, ,Brunswick  GA ,691,691,233278,6,12,1805,0,0,0,4,20,10783,691,691,233278,6,12,1805,0,0,0,4,20,10783
202199,999,16060, ,Carbondale-Marion  IL ,87,87,15503,2,4,563,2,8,600,0,0,0,71,71,13127,2,4,563,2,8,600,0,0,0
202199,999,16220,C,Casper  WY ,140,140,36761,2,4,253,3,12,1356,10,119,16807,140,140,36761,2,4,253,3,12,1356,10,119,16807
202199,999,16580, ,Champaign-Urbana  IL ,271,271,85586,0,0,0,0,0,0,21,345,38440,271,271,85586,0,0,0,0,0,0,21,345,38440
202199,999,16700,C,Charleston-North Charleston  SC ,5913,5913,1818374,8,16,1020,3,11,4869,95,2342,227702,3440,3440,1240165,8,16,1020,3,11,4869,54,1220,137813
202199,999,16820, ,Charlottesville  VA ,999,999,342358,9,18,3110,0,0,0,42,410,60053,836,836,291735,0,0,0,0,0,0,33,318,51078
202199,999,16940, ,Cheyenne  WY ,500,500,106207,8,16,1612,25,94,7644,9,127,13773,500,500,106207,8,16,1612,25,94,7644,9,127,13773
202199,999,17020, ,Chico  CA ,1193,1193,246266,22,44,5786,18,67,5708,33,746,78964,929,929,193823,22,44,5786,18,67,5708,33,746,78964
202199,999,17300,C,Clarksville  TN-KY ,2217,2217,411126,11,22,2674,37,143,20796,169,1730,115518,2185,2185,408848,11,22,2674,37,143,20796,169,1730,115518
202199,999,17780, ,College Station-Bryan  TX ,1765,1765,342656,7,14,2014,2,7,947,20,514,45301,1765,1765,342656,7,14,2014,2,7,947,20,514,45301
202199,999,17820,C,Colorado Springs  CO ,5074,5074,1914301,156,312,34413,8,24,4560,105,3925,669110,5074,5074,1914301,156,312,34413,8,24,4560,105,3925,669110
202199,999,18880,C,Crestview-Fort Walton Beach-Destin  FL ,3411,3411,1451871,20,40,9722,17,63,11436,21,378,46230,3411,3411,1451871,20,40,9722,17,63,11436,21,378,46230
202199,999,19060, ,Cumberland  MD-WV ,69,69,16840,0,0,0,0,0,0,0,0,0,69,69,16840,0,0,0,0,0,0,0,0,0
202199,999,19180, ,Danville  IL ,6,6,1103,0,0,0,0,0,0,0,0,0,5,5,1003,0,0,0,0,0,0,0,0,0
202199,999,19500, ,Decatur  IL ,31,31,8657,1,2,400,0,0,0,0,0,0,31,31,8657,1,2,400,0,0,0,0,0,0
202199,999,20220, ,Dubuque  IA ,166,166,60083,6,12,1880,1,3,350,7,356,47184,165,165,59683,6,12,1880,1,3,350,7,356,47184
202199,999,20260, ,Duluth  MN-WI ,566,566,134514,1,2,350,0,0,0,7,140,13495,479,479,112629,1,2,350,0,0,0,7,140,13495
202199,999,20940, ,El Centro  CA ,425,425,65835,1,2,180,6,20,1603,11,108,12375,425,425,65835,1,2,180,6,20,1603,11,108,12375
202199,999,21420, ,Enid  OK ,35,35,11007,0,0,0,0,0,0,0,0,0,35,35,11007,0,0,0,0,0,0,0,0,0
202199,999,21660, ,Eugene-Springfield  OR ,910,910,242915,22,44,7983,7,26,4179,40,1156,197006,657,657,178252,22,44,7983,7,26,4179,40,1156,197006
202199,999,21780, ,Evansville  IN-KY ,1045,1045,298659,44,88,16709,4,16,2045,11,200,13611,1045,1045,298659,44,88,16709,4,16,2045,11,200,13611
202199,999,21820,C,Fairbanks  AK ,18,18,5302,0,0,0,5,18,2732,0,0,0,18,18,5302,0,0,0,5,18,2732,0,0,0
202199,999,22140,C,Farmington  NM ,97,97,25463,0,0,0,0,0,0,0,0,0,97,97,25463,0,0,0,0,0,0,0,0,0
202199,999,22220, ,Fayetteville-Springdale-Rogers  AR-MO ,5678,5678,1544581,76,152,24780,40,135,18638,66,1155,110571,5063,5063,1417044,76,152,24780,40,135,18638,38,808,83211
202199,999,22380, ,Flagstaff  AZ ,596,596,201614,2,4,645,4,14,5343,10,437,27207,596,596,201614,2,4,645,4,14,5343,10,437,27207
202199,999,22500, ,Florence  SC ,738,738,132765,1,2,100,2,6,483,2,20,1624,737,737,132556,1,2,100,2,6,483,1,10,700
202199,999,22520, ,Florence-Muscle Shoals  AL ,331,331,40246,0,0,0,0,0,0,4,28,2321,94,94,12848,0,0,0,0,0,0,4,28,2321
202199,999,22540, ,Fond du Lac  WI ,153,153,47905,2,4,1190,1,4,795,5,74,5868,152,152,47530,2,4,1190,1,4,795,5,74,5868
202199,999,22660,C,Fort Collins  CO ,2149,2149,698215,4,8,1243,0,0,0,44,1064,135133,2149,2149,698215,4,8,1243,0,0,0,44,1064,135133
202199,999,22900, ,Fort Smith  AR-OK ,444,444,75924,91,182,16640,6,20,1570,2,16,1500,374,374,68889,89,178,16282,2,8,550,2,16,1500
202199,999,23460, ,Gadsden  AL ,138,138,21536,0,0,0,1,4,358,6,46,6879,116,116,20337,0,0,0,1,4,358,6,46,6879
202199,999,24140, ,Goldsboro  NC ,474,474,89242,4,8,350,0,0,0,0,0,0,474,474,89242,4,8,350,0,0,0,0,0,0
202199,999,24220, ,Grand Forks  ND-MN ,218,218,57093,1,2,413,2,7,935,0,0,0,218,218,57093,1,2,413,2,7,935,0,0,0
202199,999,24260, ,Grand Island  NE ,159,159,37409,7,14,2143,2,8,600,13,124,20369,132,132,33241,7,14,2143,2,8,600,13,124,20369
202199,999,24300,C,Grand Junction  CO ,909,909,167525,5,10,802,5,15,1623,14,297,24995,909,909,167525,5,10,802,5,15,1623,14,297,24995
202199,999,24500,C,Great Falls  MT ,200,200,46626,12,24,6596,0,0,0,4,48,2400,200,200,46626,12,24,6596,0,0,0,4,48,2400
202199,999,25060, ,Gulfport-Biloxi  MS ,2432,2432,493528,6,12,1303,14,48,4837,29,277,16128,1240,1240,303122,1,2,257,1,3,320,15,168,6900
202199,999,25860, ,Hickory-Lenoir-Morganton  NC ,1302,1302,299198,12,24,2387,13,52,5167,46,502,30079,1155,1155,274242,10,20,1667,13,52,5167,30,405,24675
202199,999,25940, ,Hilton Head Island-Bluffton  SC ,2693,2693,968109,0,0,0,1,3,764,35,1002,180527,2693,2693,968109,0,0,0,1,3,764,35,1002,180527
202199,999,26140, ,Homosassa Springs  FL ,1971,1971,433402,6,12,1054,0,0,0,0,0,0,1960,1960,428896,6,12,1054,0,0,0,0,0,0
202199,999,26380, ,Houma-Thibodaux  LA ,538,538,128924,20,40,1933,3,9,785,0,0,0,361,361,81125,9,18,222,0,0,0,0,0,0
202199,999,27100, ,Jackson  MI ,176,176,41766,0,0,0,0,0,0,0,0,0,141,141,32757,0,0,0,0,0,0,0,0,0
202199,999,27340,C,Jacksonville  NC ,1555,1555,290258,6,12,2238,2,6,1199,4,24,1344,1555,1555,290258,6,12,2238,2,6,1199,4,24,1344
202199,999,27620, ,Jefferson City  MO ,238,238,32322,0,0,0,2,8,674,0,0,0,153,153,11723,0,0,0,0,0,0,0,0,0
202199,999,27980,C,Kahului-Wailuku-Lahaina  HI ,396,396,198137,9,18,2619,4,13,39457,64,453,155993,396,396,198137,9,18,2619,4,13,39457,64,453,155993
202199,999,28660,C,Killeen-Temple  TX ,2576,2576,560692,283,566,49325,0,0,0,59,1170,130016,2576,2576,560692,283,566,49325,0,0,0,59,1170,130016
202199,999,29100, ,La Crosse-Onalaska  WI-MN ,242,242,80621,40,80,14976,2,7,925,12,365,38805,230,230,77430,40,80,14976,2,7,925,12,365,38805
202199,999,29420, ,Lake Havasu City-Kingman  AZ ,1541,1541,335885,35,70,6903,5,16,700,2,10,1679,1531,1531,334916,35,70,6903,5,16,700,2,10,1679
202199,999,29540, ,Lancaster  PA ,737,737,214037,17,34,5288,16,55,8678,15,213,24155,699,699,205999,17,34,5288,16,55,8678,14,170,21601
202199,999,29620, ,Lansing-East Lansing  MI ,605,605,164009,10,20,3826,3,10,2260,5,381,43688,347,347,95522,10,20,3826,3,10,2260,4,49,6845
202199,999,29700, ,Laredo  TX ,1462,1462,234823,21,42,3708,9,28,3561,14,152,9881,1462,1462,234823,21,42,3708,9,28,3561,14,152,9881
202199,999,30020, ,Lawton  OK ,117,117,20525,0,0,0,0,0,0,0,0,0,83,83,19595,0,0,0,0,0,0,0,0,0
202199,999,30300, ,Lewiston  ID-WA ,113,113,44543,7,14,3220,0,0,0,0,0,0,113,113,44543,7,14,3220,0,0,0,0,0,0
202199,999,30860, ,Logan  UT-ID ,1070,1070,328637,0,0,0,10,39,9366,24,200,27730,1070,1070,328637,0,0,0,10,39,9366,24,200,27730
202199,999,30980, ,Longview  TX ,395,395,83866,16,32,3131,0,0,0,3,152,21521,312,312,65358,16,32,3131,0,0,0,3,152,21521
202199,999,31340, ,Lynchburg  VA ,543,543,116698,1,2,284,3,9,1810,11,138,8268,511,511,110194,0,0,0,0,0,0,2,40,5727
202199,999,31740, ,Manhattan  KS ,266,266,81833,4,8,1309,1,4,333,0,0,0,249,249,77460,4,8,1309,0,0,0,0,0,0
202199,999,33540,C,Missoula  MT ,436,436,89719,16,32,5166,4,14,1344,43,1316,168374,436,436,89719,16,32,5166,4,14,1344,43,1316,168374
202199,999,36100, ,Ocala  FL ,5641,5641,1162668,4,8,707,1,4,522,21,576,44650,5625,5625,1161234,4,8,707,1,4,522,21,576,44650
202199,999,36980, ,Owensboro  KY ,398,398,38136,0,0,0,0,0,0,0,0,0,388,388,36118,0,0,0,0,0,0,0,0,0
202199,999,37340, ,Palm Bay-Melbourne-Titusville  FL ,4451,4451,1438131,13,26,6393,1,4,1586,21,693,91224,4302,4302,1413612,13,26,6393,1,4,1586,21,693,91224
202199,999,37460, ,Panama City  FL ,1520,1520,534093,11,22,5080,1,3,614,50,1065,143382,1345,1345,490431,11,22,5080,1,3,614,50,1065,143382
202199,999,37900, ,Peoria  IL ,219,219,66607,5,10,978,0,0,0,8,150,6781,209,209,64311,5,10,978,0,0,0,8,150,6781
202199,999,38340, ,Pittsfield  MA ,116,116,58988,4,8,1200,3,12,4006,4,57,14292,79,79,45606,4,8,1200,3,12,4006,4,57,14292
202199,999,38540, ,Pocatello  ID ,383,383,85255,8,16,1909,28,111,9614,0,0,0,383,383,85255,8,16,1909,28,111,9614,0,0,0
202199,999,39150, ,Prescott Valley-Prescott  AZ ,1905,1905,584612,53,106,14693,1,4,504,27,466,82827,1822,1822,565033,53,106,14693,1,4,504,27,466,82827
202199,999,40060, ,Richmond  VA ,5946,5946,1349916,199,398,40913,15,49,6614,60,3154,252795,5906,5906,1342809,199,398,40913,15,49,6614,60,3154,252795
202199,999,40220, ,Roanoke  VA ,509,509,133928,0,0,0,0,0,0,2,360,41786,283,283,61224,0,0,0,0,0,0,1,24,727
202199,999,41100, ,St. George  UT ,3218,3218,681327,22,44,7945,8,28,4924,25,194,27087,2764,2764,609027,22,44,7945,8,28,4924,25,194,27087
202199,999,41500, ,Salinas  CA ,503,503,128896,9,18,4225,2,8,1238,18,353,53306,499,499,127196,9,18,4225,2,8,1238,17,339,47006
202199,999,41660,C,San Angelo  TX ,333,333,71863,0,0,0,0,0,0,0,0,0,333,333,71863,0,0,0,0,0,0,0,0,0
202199,999,41740,C,San Diego-Chula Vista-Carlsbad  CA ,3227,3227,901871,57,114,19377,87,308,63890,214,6399,1107474,3227,3227,901871,57,114,19377,87,308,63890,214,6399,1107474
202199,999,42020, ,San Luis Obispo-Paso Robles  CA ,678,678,191806,9,18,2722,19,64,10043,30,360,45229,605,605,172428,9,18,2722,19,64,10043,30,360,45229
202199,999,42200, ,Santa Maria-Santa Barbara  CA ,534,534,97248,16,32,5412,3,11,1815,6,575,66280,402,402,90906,16,32,5412,2,7,1390,5,119,11169
202199,999,42540, ,Scranton--Wilkes-Barre  PA ,537,537,144280,9,18,2983,3,12,377,6,77,9424,313,313,87429,9,18,2983,3,12,377,4,38,4399
202199,999,42700, ,Sebring-Avon Park  FL ,576,576,130984,4,8,1068,15,60,5200,0,0,0,576,576,130984,4,8,1068,15,60,5200,0,0,0
202199,999,43100, ,Sheboygan  WI ,166,166,57575,11,22,5772,0,0,0,1,80,6460,158,158,55347,11,22,5772,0,0,0,1,80,6460
202199,999,43420, ,Sierra Vista-Douglas  AZ ,422,422,56408,6,12,1650,0,0,0,0,0,0,419,419,55694,6,12,1650,0,0,0,0,0,0
202199,999,43580, ,Sioux City  IA-NE-SD ,326,326,96042,5,10,2320,12,37,2715,2,84,8500,192,192,58096,5,10,2320,4,13,2715,2,84,8500
202199,999,43620, ,Sioux Falls  SD ,1893,1893,433091,21,42,6551,42,161,24572,115,1890,228526,1870,1870,427878,21,42,6551,41,157,24572,115,1890,228526
202199,999,44140, ,Springfield  MA ,495,495,141317,6,12,2129,1,4,545,4,234,28017,289,289,95355,6,12,2129,1,4,545,2,100,10887
202199,999,44180, ,Springfield  MO ,1685,1685,489026,16,32,4586,6,24,2280,31,897,48723,1685,1685,489026,16,32,4586,6,24,2280,31,897,48723
202199,999,44940, ,Sumter  SC ,468,468,74330,2,4,460,0,0,410,0,0,0,384,384,60875,2,4,460,0,0,410,0,0,0
202199,999,45220, ,Tallahassee  FL ,1592,1592,323373,10,20,2216,0,0,0,46,1293,165458,608,608,115968,0,0,0,0,0,0,0,0,0
202199,999,45300,C,Tampa-St. Petersburg-Clearwater  FL ,19305,19305,4996114,31,62,10820,8,30,29287,185,5434,765207,19207,19207,4980027,25,50,9140,8,30,29287,164,5329,739512
202199,999,45460, ,Terre Haute  IN ,110,110,20218,11,22,2792,0,0,0,3,38,3583,58,58,12291,11,22,2792,0,0,0,3,38,3583
202199,999,45500, ,Texarkana  TX-AR ,259,259,42720,0,0,0,0,0,0,0,0,0,205,205,30408,0,0,0,0,0,0,0,0,0
202199,999,45820, ,Topeka  KS ,417,417,108625,1,2,150,3,9,900,5,289,35924,414,414,108317,1,2,150,3,9,900,5,289,35924
202199,999,46220, ,Tuscaloosa  AL ,771,771,187178,3,6,1425,32,115,8665,15,604,100065,702,702,171069,3,6,1425,32,115,8665,15,604,100065
202199,999,46300, ,Twin Falls  ID ,894,894,199955,17,34,5876,18,72,7368,2,68,7638,890,890,199058,17,34,5876,17,68,7368,2,68,7638
202199,999,46520,C,Urban Honolulu  HI ,938,938,347951,27,54,12208,0,0,0,11,446,108192,938,938,347951,27,54,12208,0,0,0,11,446,108192
202199,999,46540, ,Utica-Rome  NY ,160,160,48726,3,6,936,1,4,210,3,286,40170,110,110,39655,2,4,676,1,4,210,1,15,2099
202199,999,46660, ,Valdosta  GA ,1389,1389,259268,8,16,1060,0,0,0,1,130,12768,678,678,139351,0,0,0,0,0,0,0,0,0
202199,999,47300, ,Visalia  CA ,1300,1300,315846,19,38,2880,4,16,1901,8,156,26689,1300,1300,315846,19,38,2880,4,16,1901,8,156,26689
202199,999,47380, ,Waco  TX ,983,983,119903,36,72,6214,1,3,450,3,49,4919,897,897,107237,36,72,6214,0,0,0,2,14,1319
202199,999,47940, ,Waterloo-Cedar Falls  IA ,203,203,76166,1,2,326,0,0,0,0,0,0,188,188,72045,1,2,326,0,0,0,0,0,0
202199,999,48060, ,Watertown-Fort Drum  NY ,161,161,32572,0,0,0,0,0,0,0,0,0,158,158,32408,0,0,0,0,0,0,0,0,0
202199,999,48300, ,Wenatchee  WA ,803,803,206915,15,30,5762,2,8,1449,13,159,19917,440,440,138920,14,28,5362,2,8,1449,13,159,19917
202199,999,48540, ,Wheeling  WV-OH ,6,6,1621,0,0,0,2,6,700,2,84,12691,6,6,1621,0,0,0,2,6,700,2,84,12691
202199,999,48660, ,Wichita Falls  TX ,189,189,45498,1,2,85,0,0,0,0,0,0,161,161,38918,1,2,85,0,0,0,0,0,0
202199,999,48900, ,Wilmington  NC ,2671,2671,745897,87,174,31414,3,12,5687,45,1561,204205,2019,2019,641176,87,174,31414,3,12,5687,45,1561,204205
202199,999,49420, ,Yakima  WA ,631,631,165251,23,46,7054,21,75,8285,29,351,42893,631,631,165251,23,46,7054,21,75,8285,29,351,42893
202199,999,49740, ,Yuma  AZ ,1096,1096,194972,1,2,202,1,3,188,20,190,9774,1096,1096,194972,1,2,202,1,3,188,20,190,9774
