Survey,MSA/,PMSA,,MA,,1-unit,,,2-units,,,3-4 units,,,5+ units,,,1-unit rep,,,2-units rep,,,3-4 units rep,,,5+ units rep
Date,CMSA,,,Name,Bldgs,Units,Value,Bldgs,Units,Value,Bldgs,Units,Value,Bldgs,Units,Value,Bldgs,Units,Value,Bldgs,Units,Value,      Bldgs,Units,Value,Bldgs,Units,Value
 
200099,0040,9999,,Abilene  TX MSA ,164,164,22306,9,18,1140,0,0,0,15,192,10200,164,164,22306,9,18,1140,0,0,0,15,192,10200
200099,0120,9999,,Albany  GA MSA ,466,466,53509,8,16,937,2,6,381,14,193,4737,234,234,27156,8,16,937,0,0,0,14,193,4737
200099,0160,9999,,Albany-Schenectady-Troy  NY MSA ,2216,2216,316903,16,32,1943,9,35,1255,25,346,16130,2051,2051,296268,14,28,1903,9,35,1255,12,254,10743
200099,0200,9999,,Albuquerque  NM MSA ,4663,4663,468594,0,0,0,10,40,2222,3,70,3175,4463,4463,450213,0,0,0,10,40,2222,3,70,3175
200099,0220,9999,,Alexandria  LA MSA ,376,376,42189,0,0,0,1,3,120,1,61,2567,348,348,39457,0,0,0,1,3,120,0,0,0
200099,0240,9999,,Allentown-Bethlehem-Easton  PA MSA ,2504,2504,319721,2,4,340,25,93,5105,13,262,11004,2404,2404,308430,2,4,340,16,63,4257,13,262,11004
200099,0280,9999,,Altoona  PA MSA ,212,212,19883,1,2,110,3,12,954,0,0,0,206,206,19733,1,2,110,3,12,954,0,0,0
200099,0320,9999,,Amarillo  TX MSA ,547,547,71265,2,4,325,0,0,0,1,6,203,539,539,69551,2,4,325,0,0,0,1,6,203
200099,0380,9999,,Anchorage  AK MSA ,821,821,159931,105,210,28057,7,26,3720,14,133,11147,821,821,159931,105,210,28057,7,26,3720,14,133,11147
200099,0450,9999,,Anniston  AL MSA ,252,252,40420,0,0,0,10,39,1200,8,45,2025,231,231,39077,0,0,0,10,39,1200,8,45,2025
200099,0460,9999,,Appleton-Oshkosh-Neenah  WI MSA ,1794,1794,259722,114,228,17248,6,22,2122,63,637,25779,1367,1367,200038,98,196,15229,6,22,2122,31,347,15122
200099,0480,9999,,Asheville  NC MSA ,1134,1134,157501,26,52,4204,8,29,2526,21,255,10433,1090,1090,153497,26,52,4204,8,29,2526,21,255,10433
200099,0500,9999,,Athens  GA MSA ,931,931,112061,61,122,5526,1,4,206,26,301,18216,931,931,112061,61,122,5526,1,4,206,26,301,18216
200099,0520,9999,,Atlanta  GA MSA ,46747,46747,5149752,100,200,12954,117,449,19083,699,16820,890199,46523,46523,5128087,99,198,12851,116,446,19008,688,16678,874938
200099,0580,9999,,Auburn-Opelika  AL MSA ,330,330,46680,66,132,6718,6,18,1452,9,94,4718,330,330,46680,66,132,6718,6,18,1452,9,94,4718
200099,0600,9999,,Augusta-Aiken  GA-SC MSA ,2231,2231,261745,2,4,140,0,0,0,5,42,2196,2086,2086,244817,2,4,140,0,0,0,5,42,2196
200099,0640,9999,,Austin-San Marcos  TX MSA ,12932,12932,1650506,97,194,15400,154,584,28982,530,8064,330454,11855,11855,1502666,94,188,15071,152,578,28676,524,7993,327344
200099,0680,9999,,Bakersfield  CA MSA ,2862,2862,357796,9,18,1241,11,41,2222,10,149,9844,2850,2850,356368,9,18,1241,11,41,2222,10,149,9844
200099,0730,9999,,Bangor  ME MSA ,235,235,24143,0,0,0,1,3,176,4,123,6239,193,193,19110,0,0,0,1,3,176,4,123,6239
200099,0740,9999,,Barnstable-Yarmouth  MA MSA ,1248,1248,259623,8,16,2034,7,21,2835,1,5,379,1244,1244,258880,8,16,2034,7,21,2835,1,5,379
200099,0760,9999,,Baton Rouge  LA MSA ,2834,2834,276635,5,10,265,1,4,302,32,374,16349,2831,2831,276203,5,10,265,1,4,302,32,374,16349
200099,0840,9999,,Beaumont-Port Arthur  TX MSA ,791,791,97282,3,6,450,2,8,512,1,5,260,791,791,97282,3,6,450,2,8,512,1,5,260
200099,0860,9999,,Bellingham  WA MSA ,1069,1069,138064,30,60,6348,12,45,3095,35,451,23096,797,797,96531,6,12,1351,5,20,1080,9,97,4666
200099,0870,9999,,Benton Harbor  MI MSA ,485,485,82240,1,2,140,2,8,880,1,12,770,444,444,74754,1,2,140,2,8,880,1,12,770
200099,0880,9999,,Billings  MT MSA ,408,408,50887,5,10,1003,5,18,912,4,28,1579,408,408,50887,5,10,1003,5,18,912,4,28,1579
200099,0920,9999,,Biloxi-Gulfport-Pascagoula  MS MSA ,2048,2048,199293,16,32,1725,6,22,1027,118,1202,53793,2295,2295,216118,16,32,1725,6,22,1027,140,1330,54981
200099,0960,9999,,Binghamton  NY MSA ,233,233,30073,1,2,90,0,0,0,1,18,900,224,224,28647,1,2,90,0,0,0,1,18,900
200099,1000,9999,,Birmingham  AL MSA ,4352,4352,569298,0,0,0,2,7,220,38,774,42234,4184,4184,550143,0,0,0,2,7,220,38,774,42234
200099,1010,9999,,Bismarck  ND MSA ,386,386,51581,22,44,5868,16,64,5579,1,8,659,379,379,50618,22,44,5868,16,64,5579,1,8,659
200099,1020,9999,,Bloomington  IN MSA ,480,480,64288,25,50,3366,11,44,3157,9,46,2485,480,480,64288,25,50,3366,11,44,3157,9,46,2485
200099,1040,9999,,Bloomington-Normal  IL MSA ,650,650,70966,4,8,389,11,42,1512,17,209,5876,641,641,69825,4,8,389,11,42,1512,17,209,5876
200099,1080,9999,,Boise City  ID MSA ,5446,5446,744619,28,56,4041,71,274,14993,19,192,7209,5378,5378,732179,28,56,4041,71,274,14993,18,183,6820
200099,1122,1120,,Boston  MA-NH PMSA ,5185,5185,984568,201,402,32254,76,259,27027,84,2398,244261,4742,4742,918061,168,336,27552,68,235,24159,65,2303,234727
200099,1122,1200,,Brockton  MA PMSA ,756,756,94454,1,2,105,1,4,100,5,63,3850,694,694,87159,1,2,105,1,4,100,5,63,3850
200099,1122,2600,,Fitchburg-Leominster  MA PMSA ,355,355,38348,2,4,372,1,3,330,6,40,2400,299,299,33763,2,4,372,1,3,330,6,40,2400
200099,1122,4160,,Lawrence  MA-NH PMSA ,1246,1246,208845,8,16,1200,9,30,2774,10,68,4520,1022,1022,178755,8,16,1200,8,27,2271,10,68,4520
200099,1122,4560,,Lowell  MA-NH PMSA ,772,772,98871,7,14,914,0,0,0,5,78,4792,743,743,95541,7,14,914,0,0,0,5,78,4792
200099,1122,4760,,Manchester  NH PMSA ,729,729,124372,15,30,2075,2,8,662,21,190,15666,729,729,124372,15,30,2075,2,8,662,21,190,15666
200099,1122,5350,,Nashua  NH PMSA ,818,818,139116,5,10,603,0,0,0,6,30,1964,673,673,127527,3,6,453,0,0,0,0,0,0
200099,1122,5400,,New Bedford  MA PMSA ,480,480,61436,3,6,798,0,0,0,0,0,0,375,375,47075,3,6,798,0,0,0,0,0,0
200099,1122,6450,,Portsmouth-Rochester  NH-ME PMSA ,1292,1292,196090,25,50,3983,3,12,555,5,52,2042,1221,1221,188058,25,50,3983,3,12,555,5,52,2042
200099,1122,9240,,Worcester  MA-CT PMSA ,1857,1857,259582,28,56,6497,7,21,2383,3,34,1429,1729,1729,243661,14,28,3511,7,21,2383,2,29,1200
200099,1240,9999,,Brownsville-Harlingen-San Benito  TX MSA ,2706,2706,179463,47,94,4711,38,148,5003,20,163,5293,2022,2022,140844,32,64,3640,31,121,3790,18,150,4834
200099,1260,9999,,Bryan-College Station  TX MSA ,752,752,78634,59,118,4309,1,3,106,25,499,18915,752,752,78634,59,118,4309,1,3,106,25,499,18915
200099,1280,9999,,Buffalo-Niagara Falls  NY MSA ,1903,1903,279665,13,26,2460,1,4,0,48,739,29874,1832,1832,275067,11,22,2160,0,0,0,35,496,24666
200099,1305,9999,,Burlington  VT MSA ,635,635,92259,16,32,2153,12,39,3361,6,50,2170,621,621,90498,16,32,2153,12,39,3361,6,50,2170
200099,1320,9999,,Canton-Massillon  OH MSA ,1201,1201,185225,20,40,3886,7,28,1653,2,10,415,1086,1086,171408,12,24,1996,7,28,1653,1,5,175
200099,1350,9999,,Casper  WY MSA ,107,107,15058,0,0,0,0,0,0,6,38,1847,107,107,15058,0,0,0,0,0,0,6,38,1847
200099,1360,9999,,Cedar Rapids  IA MSA ,850,850,97055,38,76,6067,30,117,7099,57,636,21648,835,835,95613,37,74,5914,30,117,7099,53,614,20449
200099,1400,9999,,Champaign-Urbana  IL MSA ,594,594,77806,12,24,2501,5,19,1120,14,412,24445,492,492,67991,8,16,2081,1,3,234,14,412,24445
200099,1440,9999,,Charleston-North Charleston  SC MSA ,3906,3906,616375,67,134,11073,10,37,3166,142,1310,113558,3779,3779,599506,65,130,10813,9,34,2904,132,1260,110589
200099,1480,9999,,Charleston  WV MSA ,317,317,39508,2,4,172,4,15,850,5,31,1581,287,287,36893,2,4,172,4,15,850,5,31,1581
200099,1520,9999,,Charlotte-Gastonia-Rock Hill  NC-SC MSA ,16380,16380,2046710,99,198,14673,50,192,10990,482,7158,345210,16380,16380,2046710,99,198,14673,50,192,10990,482,7158,345210
200099,1540,9999,,Charlottesville  VA MSA ,1134,1134,167712,16,32,2301,0,0,0,3,22,1581,875,875,141143,14,28,1998,0,0,0,3,22,1581
200099,1560,9999,,Chattanooga  TN-GA MSA ,2155,2155,255756,17,34,1194,14,52,1442,22,269,15464,2107,2107,251387,17,34,1194,7,28,1038,10,203,12201
200099,1580,9999,,Cheyenne  WY MSA ,245,245,33835,0,0,0,0,0,0,0,0,0,241,241,33370,0,0,0,0,0,0,0,0,0
200099,1602,1600,,Chicago  IL PMSA ,27183,27183,4359348,230,460,38150,464,1568,127642,525,8862,572069,26161,26161,4211906,219,438,35996,449,1517,123075,495,8530,545433
200099,1602,2960,,Gary  IN PMSA ,2395,2395,348420,58,116,11255,18,69,5468,24,455,25273,2282,2282,334465,58,116,11255,18,69,5468,24,455,25273
200099,1602,3740,,Kankakee  IL PMSA ,313,313,45576,10,20,1663,9,35,2145,3,21,1082,306,306,44777,7,14,1113,9,35,2145,2,16,650
200099,1602,3800,,Kenosha  WI PMSA ,626,626,87303,2,4,480,9,32,2644,23,352,15108,626,626,87303,2,4,480,9,32,2644,23,352,15108
200099,1620,9999,,Chico-Paradise  CA MSA ,965,965,118586,0,0,0,0,0,0,22,169,11794,965,965,118586,0,0,0,0,0,0,22,169,11794
200099,1642,1640,,Cincinnati  OH-KY-IN PMSA ,7483,7483,971966,55,110,6136,65,252,19040,170,1879,91195,6889,6889,911505,53,106,6001,61,240,18378,151,1771,87674
200099,1642,3200,,Hamilton-Middletown  OH PMSA ,1887,1887,226736,14,28,1967,20,66,6394,34,404,18282,1785,1785,215727,12,24,1794,16,54,4894,33,399,17820
200099,1660,9999,,Clarksville-Hopkinsville  TN-KY MSA ,1215,1215,83186,2,4,130,20,76,3342,47,377,10673,1192,1192,81189,2,4,130,20,76,3342,47,377,10673
200099,1692,0080,,Akron  OH PMSA ,2576,2576,427469,12,24,2478,23,79,4925,40,663,24314,2560,2560,425206,12,24,2478,23,79,4925,40,663,24314
200099,1692,1680,,Cleveland-Lorain-Elyria  OH PMSA ,6183,6183,1088891,52,104,11670,70,261,20392,69,854,38235,5659,5659,1008422,49,98,11267,61,228,18635,41,562,24874
200099,1720,9999,,Colorado Springs  CO MSA ,5086,5086,631556,6,12,875,12,48,2059,63,1118,76288,5084,5084,631289,6,12,875,12,48,2059,63,1118,76288
200099,1740,9999,,Columbia  MO MSA ,899,899,102059,40,80,4497,2,8,650,16,276,11473,899,899,102059,40,80,4497,2,8,650,16,276,11473
200099,1760,9999,,Columbia  SC MSA ,3877,3877,357193,1,2,69,1,4,608,35,436,15867,3848,3848,355299,1,2,69,1,4,608,35,436,15867
200099,1800,9999,,Columbus  GA-AL MSA ,969,969,115127,4,8,328,5,19,756,55,642,31937,969,969,115127,4,8,328,5,19,756,55,642,31937
200099,1840,9999,,Columbus  OH MSA ,10165,10165,1510325,69,138,11198,194,749,48774,279,3801,159543,9610,9610,1411261,66,132,10676,188,726,46857,273,3736,157729
200099,1880,9999,,Corpus Christi  TX MSA ,970,970,104958,10,20,1165,31,124,5237,29,320,11522,909,909,98424,10,20,1165,31,124,5237,29,320,11522
200099,1890,9999,,Corvallis OR MSA ,226,226,41253,6,12,848,0,0,0,3,26,1003,217,217,39676,6,12,848,0,0,0,1,10,250
200099,1900,9999,,Cumberland  MD-WV MSA ,368,368,44992,0,0,0,0,0,0,7,39,2107,151,151,16630,0,0,0,0,0,0,7,39,2107
200099,1922,1920,,Dallas  TX PMSA ,25716,25716,4260966,25,50,2701,85,327,19991,330,5985,456045,25387,25387,4207004,22,44,2469,84,324,19923,329,5972,455410
200099,1922,2800,,Fort Worth-Arlington  TX PMSA ,10455,10455,1313025,53,106,5055,9,34,1395,130,2070,100267,9900,9900,1234078,50,100,4695,9,34,1395,128,2060,100013
200099,1950,9999,,Danville  VA MSA ,290,290,29445,3,6,540,2,6,113,8,56,1920,29,29,4113,2,4,440,0,0,0,8,56,1920
200099,1960,9999,,Davenport-Moline-Rock Island  IA-IL MSA ,774,774,107243,13,26,2645,4,13,1402,12,215,8828,741,741,103618,13,26,2645,4,13,1402,12,215,8828
200099,2000,9999,,Dayton-Springfield  OH MSA ,2116,2116,303752,24,48,4386,30,117,10907,43,512,27556,1947,1947,284626,24,48,4386,30,117,10907,43,512,27556
200099,2020,9999,,Daytona Beach  FL MSA ,4423,4423,467076,20,40,2460,29,111,6736,27,458,45479,4309,4309,459009,20,40,2460,29,111,6736,27,458,45479
200099,2030,9999,,Decatur  Al MSA ,375,375,39829,0,0,0,8,24,1014,0,0,0,375,375,39829,0,0,0,8,24,1014,0,0,0
200099,2040,9999,,Decatur  IL MSA ,241,241,33876,4,8,869,0,0,0,2,112,4000,224,224,31813,4,8,869,0,0,0,2,112,4000
200099,2082,1125,,Boulder-Longmont  CO PMSA ,2474,2474,351413,26,52,4650,22,81,6549,10,173,10261,2446,2446,347189,26,52,4650,22,81,6549,9,149,9038
200099,2082,2080,,Denver  CO PMSA ,15264,15264,2144495,165,330,31752,84,301,25095,612,10784,649626,15116,15116,2133240,156,312,31147,84,301,25095,607,10759,641337
200099,2082,3060,,Greeley  CO PMSA ,3934,3934,552137,18,36,2361,15,56,3903,34,343,20774,3914,3914,549380,18,36,2361,15,56,3903,34,343,20774
200099,2120,9999,,Des Moines  IA MSA ,2427,2427,341603,46,92,10256,18,66,7163,35,432,34959,2400,2400,338496,46,92,10256,17,63,7163,35,432,34959
200099,2162,0440,,Ann Arbor  MI PMSA ,4215,4215,612506,12,24,2681,5,16,647,25,390,29408,3961,3961,589758,12,24,2681,2,7,536,25,390,29408
200099,2162,2160,,Detroit  MI PMSA ,14908,14908,2264326,138,276,26621,131,505,49246,224,2659,159162,14417,14417,2231107,133,266,26239,128,495,48538,192,2492,152984
200099,2162,2640,,Flint  MI PMSA ,1746,1746,237846,21,42,4225,24,84,9123,30,452,17484,1742,1742,237439,21,42,4225,24,84,9123,29,444,16935
200099,2180,9999,,Dothan  AL MSA ,376,376,24705,7,14,740,3,10,1025,25,298,7971,371,371,24208,7,14,740,3,10,1025,25,298,7971
200099,2190,9999,,Dover  DE MSA ,853,853,74931,0,0,0,0,0,0,1,5,200,853,853,74931,0,0,0,0,0,0,1,5,200
200099,2200,9999,,Dubuque  IA MSA ,262,262,37300,14,28,2325,10,39,4418,1,12,940,262,262,37300,14,28,2325,10,39,4418,1,12,940
200099,2240,9999,,Duluth-Superior  MN-WI MSA ,724,724,68604,11,22,1177,13,52,3595,3,34,2666,670,670,61203,11,22,1177,13,52,3595,2,29,2350
200099,2290,9999,,Eau Claire  WI MSA ,839,839,107102,29,58,4725,36,141,8819,12,135,8763,831,831,106549,29,58,4725,36,141,8819,12,135,8763
200099,2320,9999,,El Paso  TX MSA ,2879,2879,153515,34,68,2326,41,164,7042,8,92,3710,2413,2413,129088,12,24,907,37,148,6350,1,36,1743
200099,2330,9999,,Elkhart-Goshen  IN MSA ,896,896,113447,6,12,740,14,56,2352,16,332,9145,896,896,113447,6,12,740,14,56,2352,16,332,9145
200099,2335,9999,,Elmira  NY MSA ,142,142,21145,2,4,190,3,11,666,2,21,604,132,132,20145,2,4,190,3,11,666,1,6,250
200099,2340,9999,,Enid  OK MSA ,55,55,9638,2,4,132,0,0,0,0,0,0,55,55,9638,2,4,132,0,0,0,0,0,0
200099,2360,9999,,Erie  PA MSA ,574,574,64764,5,10,517,4,14,863,6,106,6659,567,567,64383,5,10,517,4,14,863,5,97,6396
200099,2400,9999,,Eugene-Springfield  OR MSA ,1153,1153,171828,37,74,5648,8,26,1752,3,77,3930,910,910,142261,15,30,2441,7,23,1513,2,72,3600
200099,2440,9999,,Evansville-Henderson  IN-KY MSA ,1168,1168,137282,25,50,3546,7,26,1093,35,503,12842,1166,1166,137240,25,50,3546,7,26,1093,35,503,12842
200099,2520,9999,,Fargo-Moorhead  ND-MN MSA ,648,648,72599,22,44,3463,18,71,4350,27,541,19610,646,646,72529,22,44,3463,18,71,4350,27,541,19610
200099,2560,9999,,Fayetteville  NC MSA ,814,814,79429,3,6,281,6,24,1060,45,700,23895,814,814,79429,3,6,281,6,24,1060,45,700,23895
200099,2580,9999,,Fayetteville-Springdale-Rogers  AR MSA ,2003,2003,219564,29,58,4458,18,69,2733,61,712,26263,1880,1880,209534,29,58,4458,17,65,2573,58,692,25739
200099,2620,9999,,Flagstaff  AZ-UT MSA ,664,664,101261,6,12,796,0,0,0,12,92,4087,640,640,97415,6,12,796,0,0,0,12,92,4087
200099,2650,9999,,Florence  AL MSA ,220,220,20999,4,8,304,0,0,0,15,96,4431,220,220,20999,4,8,304,0,0,0,15,96,4431
200099,2655,9999,,Florence  SC MSA ,516,516,44745,3,6,125,8,32,1416,14,91,3957,4,4,285,1,2,40,8,32,1416,0,0,0
200099,2670,9999,,Fort Collins-Loveland  CO MSA ,2724,2724,379856,12,24,2833,22,80,5522,77,696,39155,2724,2724,379856,12,24,2833,22,80,5522,77,696,39155
200099,2700,9999,,Fort Myers-Cape Coral  FL MSA ,5152,5152,889069,192,384,31883,166,653,78163,204,2931,284698,5037,5037,878725,191,382,31776,165,650,78054,203,2918,284252
200099,2710,9999,,Fort Pierce-Port St. Lucie  FL MSA ,2745,2745,405858,32,64,6136,7,26,3434,40,642,26860,2745,2745,405858,32,64,6136,7,26,3434,40,642,26860
200099,2720,9999,,Fort Smith  AR-OK MSA ,431,431,49088,36,72,4551,5,20,714,8,141,4686,392,392,45472,35,70,4401,2,8,213,5,110,3550
200099,2750,9999,,Fort Walton Beach  FL MSA ,1057,1057,124557,2,4,95,5,19,972,15,409,51834,999,999,119768,2,4,95,5,19,972,14,399,51190
200099,2760,9999,,Fort Wayne  IN MSA ,2416,2416,358812,37,74,4325,2,8,658,8,94,3272,2416,2416,358812,37,74,4325,2,8,658,8,94,3272
200099,2840,9999,,Fresno  CA MSA ,3458,3458,469374,5,10,615,33,111,6921,25,225,13861,3449,3449,468375,1,2,118,33,111,6921,25,225,13861
200099,2880,9999,,Gadsden  AL MSA ,180,180,18920,0,0,0,0,0,0,6,83,4019,164,164,17725,0,0,0,0,0,0,5,56,3140
200099,2900,9999,,Gainesville  FL MSA ,1072,1072,113188,5,10,288,15,60,4378,65,831,46720,981,981,106049,5,10,288,15,60,4378,65,831,46720
200099,2975,9999,,Glens Falls  NY MSA ,485,485,65201,10,20,2358,4,13,950,4,32,2007,473,473,64216,10,20,2358,4,13,950,4,32,2007
200099,2980,9999,,Goldsboro  NC MSA ,357,357,38060,10,20,784,13,51,1934,0,0,0,357,357,38060,10,20,784,13,51,1934,0,0,0
200099,2985,9999,,Grand Forks  ND-MN MSA ,151,151,16761,2,4,240,0,0,0,0,0,0,148,148,16631,2,4,240,0,0,0,0,0,0
200099,2995,9999,,Grand Junction  CO MSA ,1132,1132,117688,15,30,1931,18,71,4220,6,83,4447,1132,1132,117688,15,30,1931,18,71,4220,6,83,4447
200099,3000,9999,,Grand Rapids-Muskegon-Holland  MI MSA ,5662,5662,752525,45,90,6906,33,120,9088,65,742,32147,5006,5006,683263,39,78,6273,30,110,8302,61,722,30873
200099,3040,9999,,Great Falls  MT MSA ,81,81,10941,1,2,90,1,4,200,1,12,758,81,81,10941,1,2,90,1,4,200,1,12,758
200099,3080,9999,,Green Bay  WI MSA ,1130,1130,173722,87,174,12799,2,8,768,25,247,10352,943,943,149746,51,102,7834,2,8,768,11,115,4017
200099,3120,9999,,Greensboro--Winston-Salem--High Point  NC MSA ,8056,8056,933061,52,104,4601,46,173,6252,107,1473,56749,8056,8056,933061,52,104,4601,46,173,6252,107,1473,56749
200099,3150,9999,,Greenville  NC MSA ,722,722,81643,45,90,5264,1,4,60,81,950,36878,722,722,81643,45,90,5264,1,4,60,81,950,36878
200099,3160,9999,,Greenville-Spartanburg-Anderson  SC MSA ,6047,6047,596450,51,102,4084,9,35,1045,42,666,30326,6035,6035,595102,51,102,4084,9,35,1045,42,666,30326
200099,3240,9999,,Harrisburg-Lebanon-Carlisle  PA MSA ,2244,2244,250665,12,24,1804,7,26,2540,16,173,10577,2179,2179,244999,12,24,1804,6,23,2115,16,173,10577
200099,3280,9999,,Hartford  CT MSA ,3147,3147,396756,36,72,4305,6,22,1605,15,99,1968,2996,2996,384572,36,72,4305,6,22,1605,3,17,864
200099,3285,9999,,Hattiesburg  MS MSA ,144,144,15857,0,0,0,3,10,385,20,172,8668,144,144,15857,0,0,0,3,10,385,20,172,8668
200099,3290,9999,,Hickory-Morganton-Lenoir  NC MSA ,2004,2004,259140,13,26,1287,5,18,1389,13,142,6038,1982,1982,256769,13,26,1287,5,18,1389,13,142,6038
200099,3320,9999,,Honolulu  HI MSA ,1732,1732,273939,2,4,76,0,0,0,22,233,14733,1732,1732,273939,2,4,76,0,0,0,22,233,14733
200099,3350,9999,,Houma  LA MSA ,692,692,68172,2,4,144,0,0,0,0,0,0,633,633,59315,2,4,144,0,0,0,0,0,0
200099,3362,1145,,Brazoria  TX PMSA ,1903,1903,282252,1,2,116,0,0,0,7,180,9800,1903,1903,282252,1,2,116,0,0,0,7,180,9800
200099,3362,2920,,Galveston-Texas City  TX PMSA ,2235,2235,306865,5,10,885,0,0,0,59,686,30320,2224,2224,305963,5,10,885,0,0,0,59,686,30320
200099,3362,3360,,Houston  TX PMSA ,23917,23917,3263652,53,106,4461,24,96,4771,470,6765,303968,23797,23797,3239279,53,106,4461,24,96,4771,462,6725,301968
200099,3400,9999,,Huntington-Ashland  WV-KY-OH MSA ,244,244,21563,3,6,251,10,38,1776,0,0,0,237,237,21325,1,2,99,9,34,1658,0,0,0
200099,3440,9999,,Huntsville  AL MSA ,1058,1058,62833,0,0,0,2,8,468,13,144,4460,1017,1017,60748,0,0,0,2,8,468,13,144,4460
200099,3480,9999,,Indianapolis  IN MSA ,12686,12686,1856403,149,298,25355,65,254,17788,155,2118,108360,12630,12630,1846433,146,292,25062,63,248,17788,155,2118,108360
200099,3500,9999,,Iowa City  IA MSA ,529,529,83687,20,40,3448,11,43,3758,42,539,31711,499,499,79341,20,40,3448,10,39,3398,38,484,27409
200099,3520,9999,,Jackson  MI MSA ,688,688,73396,7,14,1910,0,0,0,7,217,10325,579,579,61615,6,12,1800,0,0,0,7,217,10325
200099,3560,9999,,Jackson  MS MSA ,1987,1987,220992,6,12,735,1,4,252,18,267,12540,1985,1985,220827,6,12,735,1,4,252,18,267,12540
200099,3580,9999,,Jackson  TN MSA ,656,656,66340,0,0,0,0,0,0,0,0,0,656,656,66340,0,0,0,0,0,0,0,0,0
200099,3600,9999,,Jacksonville  FL MSA ,7857,7857,1122734,11,22,1983,32,126,6502,153,2566,181141,7857,7857,1122734,11,22,1983,32,126,6502,153,2566,181141
200099,3605,9999,,Jacksonville  NC MSA ,634,634,57196,6,12,369,5,20,961,20,249,8935,593,593,53747,5,10,312,5,20,961,20,249,8935
200099,3610,9999,,Jamestown  NY MSA ,208,208,26423,11,22,2060,2,6,500,0,0,0,176,176,23655,1,2,60,0,0,0,0,0,0
200099,3620,9999,,Janesville-Beloit  WI MSA ,528,528,62188,23,46,3367,26,97,4270,24,177,8240,518,518,61335,23,46,3367,18,72,2695,15,131,6630
200099,3660,9999,,Johnson City-Kingsport-Bristol  TN-VA MSA ,1201,1201,116538,22,44,2216,1,4,150,23,252,7987,1120,1120,110635,21,42,2100,1,4,150,23,252,7987
200099,3680,9999,,Johnstown  PA MSA ,421,421,38789,9,18,1250,3,10,564,2,11,742,338,338,32001,2,4,221,3,10,564,2,11,742
200099,3700,9999,,Jonesboro  AR MSA ,274,274,29204,9,18,746,3,12,426,1,16,320,271,271,28879,9,18,746,3,12,426,1,16,320
200099,3710,9999,,Joplin  MO MSA ,400,400,36451,7,14,785,5,19,751,6,48,1872,392,392,35834,7,14,785,4,16,671,6,48,1872
200099,3720,9999,,Kalamazoo-Battle Creek  MI MSA ,1687,1687,221578,9,18,2008,10,36,2160,41,676,41562,1095,1095,162532,9,18,2008,10,36,2160,31,561,38692
200099,3760,9999,,Kansas City  MO-KS MSA ,9227,9227,1286128,279,558,42142,108,425,29792,244,2657,117623,9088,9088,1268902,279,558,42142,108,425,29792,244,2657,117623
200099,3810,9999,,Killeen-Temple  TX MSA ,1399,1399,152499,68,136,8935,80,320,13478,2,30,1160,1398,1398,152454,68,136,8935,80,320,13478,2,30,1160
200099,3840,9999,,Knoxville  TN MSA ,3147,3147,338358,25,50,3210,23,83,4654,54,710,31484,2623,2623,302404,22,44,2922,12,44,2922,28,361,23659
200099,3850,9999,,Kokomo  IN MSA ,427,427,58987,13,26,3066,0,0,0,1,8,343,384,384,52100,12,24,2922,0,0,0,0,0,0
200099,3870,9999,,La Crosse  WI-MN MSA ,472,472,64997,33,66,4828,12,46,2572,7,60,3081,464,464,64417,33,66,4828,12,46,2572,7,60,3081
200099,3880,9999,,Lafayette  LA MSA ,1410,1410,156469,20,40,1500,2,8,250,0,0,0,1387,1387,154213,20,40,1500,1,4,160,0,0,0
200099,3920,9999,,Lafayette  IN MSA ,842,842,101901,33,66,4009,22,82,4419,52,797,38427,715,715,86988,24,48,2945,21,79,4254,50,768,37521
200099,3960,9999,,Lake Charles  LA MSA ,893,893,68030,20,40,1504,8,26,1214,0,0,0,861,861,63220,20,40,1504,8,26,1214,0,0,0
200099,3980,9999,,Lakeland-Winter Haven  FL MSA ,3520,3520,276665,13,26,1277,11,42,1226,93,1158,51512,3519,3519,276605,13,26,1277,11,42,1226,93,1158,51512
200099,4000,9999,,Lancaster  PA MSA ,1704,1704,220322,16,32,2106,20,75,5479,20,205,22563,1611,1611,209179,16,32,2106,20,75,5479,20,205,22563
200099,4040,9999,,Lansing-East Lansing  MI MSA ,1661,1661,225641,32,64,5741,9,33,2507,50,558,26784,1579,1579,216139,32,64,5741,9,33,2507,50,558,26784
200099,4080,9999,,Laredo  TX MSA ,1423,1423,97252,4,8,259,16,59,1448,13,373,12796,1423,1423,97252,4,8,259,16,59,1448,13,373,12796
200099,4100,9999,,Las Cruces  NM MSA ,754,754,87979,0,0,0,3,11,491,24,217,7450,730,730,85897,0,0,0,3,11,491,24,217,7450
200099,4120,9999,,Las Vegas  NV-AZ MSA ,23169,23169,2553008,43,86,10215,60,219,18356,503,4688,259436,23169,23169,2553008,43,86,10215,60,219,18356,503,4688,259436
200099,4150,9999,,Lawrence  KS MSA ,478,478,64197,58,116,9407,12,48,2122,13,161,8143,478,478,64197,58,116,9407,12,48,2122,13,161,8143
200099,4200,9999,,Lawton  OK MSA ,128,128,15111,0,0,0,0,0,0,1,10,50,66,66,7863,0,0,0,0,0,0,1,10,50
200099,4240,9999,,Lewiston-Auburn  ME MSA ,169,169,19868,1,2,180,3,9,788,0,0,0,150,150,18058,1,2,180,3,9,788,0,0,0
200099,4280,9999,,Lexington  KY MSA ,3311,3311,374876,87,174,8097,21,82,6377,62,674,27542,3000,3000,341088,82,164,7671,20,78,6281,61,669,27460
200099,4320,9999,,Lima  OH MSA ,369,369,51901,10,20,1540,2,6,425,0,0,0,320,320,46435,10,20,1540,2,6,425,0,0,0
200099,4360,9999,,Lincoln  NE MSA ,1312,1312,174547,21,42,2638,0,0,0,29,343,10617,724,724,94506,11,22,1507,0,0,0,3,78,2326
200099,4400,9999,,Little Rock-North Little Rock  AR MSA ,2232,2232,311611,29,58,3667,65,251,9337,16,197,9265,2177,2177,308376,29,58,3667,65,251,9337,16,197,9265
200099,4420,9999,,Longview-Marshall  TX MSA ,201,201,24571,0,0,0,0,0,0,0,0,0,194,194,23692,0,0,0,0,0,0,0,0,0
200099,4472,4480,,Los Angeles-Long Beach  CA PMSA ,8372,8372,1806473,182,364,32117,121,424,38895,287,7808,486902,8173,8173,1765316,175,350,31300,119,418,38540,268,7709,477847
200099,4472,5945,,Orange County  CA PMSA ,6814,6814,1535302,95,190,23569,133,441,44224,251,5075,378187,6761,6761,1518323,90,180,22057,132,438,43909,244,4905,363853
200099,4472,6780,,Riverside-San Bernardino  CA PMSA ,19090,19090,3463230,20,40,3593,46,168,13184,140,2198,146941,18824,18824,3429805,13,26,2313,38,143,10864,140,2198,146941
200099,4472,8735,,Ventura  CA PMSA ,2984,2984,720328,20,40,5013,8,28,3918,70,908,86036,2984,2984,720328,20,40,5013,8,28,3918,70,908,86036
200099,4520,9999,,Louisville  KY-IN MSA ,5396,5396,680100,13,26,1200,15,56,2519,96,1273,56402,4900,4900,637496,4,8,367,12,47,2224,80,1181,52799
200099,4600,9999,,Lubbock  TX MSA ,804,804,88050,26,52,2785,14,48,2186,3,20,1100,699,699,77848,25,50,2671,13,45,2071,1,5,450
200099,4640,9999,,Lynchburg  VA MSA ,911,911,131524,14,28,1026,1,3,100,16,198,14045,911,911,131524,14,28,1026,1,3,100,16,198,14045
200099,4680,9999,,Macon  GA MSA ,2041,2041,182946,17,34,1760,1,4,80,58,613,25112,2030,2030,181924,16,32,1700,1,4,80,56,603,24647
200099,4720,9999,,Madison  WI MSA ,1992,1992,313467,135,270,29832,96,370,32005,75,1354,90205,1818,1818,287920,109,218,24419,58,225,20516,59,1231,84401
200099,4800,9999,,Mansfield  OH MSA ,403,403,52493,33,66,4036,15,59,3825,8,103,2940,385,385,51047,32,64,3830,14,56,3562,5,62,1626
200099,4880,9999,,McAllen-Edinburg-Mission  TX MSA ,5019,5019,287660,50,100,5498,77,274,10433,27,247,6787,3641,3641,198467,12,24,1201,23,83,3067,4,106,2423
200099,4890,9999,,Medford-Ashland  OR MSA ,1140,1140,142381,16,32,2510,13,52,3669,4,127,11450,1140,1140,142381,16,32,2510,13,52,3669,4,127,11450
200099,4900,9999,,Melbourne-Titusville-Palm Bay  FL MSA ,3438,3438,446700,3,6,514,8,31,2076,57,809,60438,3438,3438,446700,3,6,514,8,31,2076,57,809,60438
200099,4920,9999,,Memphis  TN-AR-MS MSA ,6052,6052,863700,42,84,4181,36,144,5309,316,3979,214201,5928,5928,841068,42,84,4181,36,144,5309,316,3979,214201
200099,4940,9999,,Merced  CA MSA ,1344,1344,180903,0,0,0,10,36,3129,0,0,0,1282,1282,173127,0,0,0,10,36,3129,0,0,0
200099,4992,2680,,Fort Lauderdale  FL PMSA ,9160,9160,1278506,18,36,2740,59,228,11559,125,2546,193819,9160,9160,1278506,18,36,2740,59,228,11559,125,2546,193819
200099,4992,5000,,Miami  FL PMSA ,5998,5998,638342,52,104,7949,187,722,48936,228,5651,526530,5995,5995,637719,52,104,7949,187,722,48936,228,5651,526530
200099,5082,5080,,Milwaukee-Waukesha  WI PMSA ,3581,3581,654820,204,408,42593,33,130,10724,84,1512,89761,3430,3430,631809,203,406,42347,33,130,10724,83,1507,89364
200099,5082,6600,,Racine  WI PMSA ,536,536,85514,28,56,5434,8,30,2036,23,245,11614,516,516,83258,28,56,5434,7,27,1975,7,141,8016
200099,5120,9999,,Minneapolis-St. Paul  MN-WI MSA ,16740,16740,2638716,250,500,52338,129,493,44527,243,4573,383642,16447,16447,2601651,248,496,52039,118,457,43501,231,4504,381917
200099,5140,9999,,Missoula  MT MSA ,299,299,28727,20,40,2133,3,12,567,17,220,8751,299,299,28727,20,40,2133,3,12,567,17,220,8751
200099,5160,9999,,Mobile  AL MSA ,3587,3587,381868,13,26,1882,0,0,0,28,1017,91100,3479,3479,371448,13,26,1882,0,0,0,28,1017,91100
200099,5170,9999,,Modesto  CA MSA ,2799,2799,387253,7,14,1139,4,15,1037,13,195,11493,2738,2738,379564,6,12,1014,4,15,1037,12,190,11215
200099,5200,9999,,Monroe  LA MSA ,366,366,47605,4,8,270,1,4,136,2,17,731,338,338,44125,2,4,210,0,0,0,1,5,450
200099,5240,9999,,Montgomery  AL MSA ,1212,1212,116950,0,0,0,8,32,2554,1,20,225,1218,1218,117692,0,0,0,8,32,2554,1,20,225
200099,5280,9999,,Muncie  IN MSA ,270,270,45633,2,4,124,4,16,900,4,112,5300,224,224,39067,2,4,124,4,16,900,4,112,5300
200099,5330,9999,,Myrtle Beach  SC MSA ,1907,1907,221025,12,24,1890,44,167,12987,120,2394,170580,1907,1907,221025,12,24,1890,44,167,12987,120,2394,170580
200099,5345,9999,,Naples  FL MSA ,4065,4065,670985,33,66,3321,193,732,77849,211,3107,436156,4065,4065,670985,33,66,3321,193,732,77849,211,3107,436156
200099,5360,9999,,Nashville  TN MSA ,8684,8684,1178469,67,134,10122,32,121,8973,156,1668,97677,8263,8263,1135956,63,126,10079,31,118,8820,151,1633,96162
200099,5520,9999,,New London-Norwich  CT-RI MSA ,934,934,123711,1,2,101,0,0,0,1,24,1546,913,913,121770,1,2,101,0,0,0,1,24,1546
200099,5560,9999,,New Orleans  LA MSA ,3489,3489,449758,83,166,15655,12,42,2252,27,486,49653,3397,3397,432285,76,152,14479,5,20,781,15,335,41858
200099,5602,0875,,Bergen-Passaic  NJ PMSA ,1417,1417,254343,154,308,27595,10,34,1200,15,1545,136637,1172,1172,210030,149,298,27031,9,31,1113,14,1534,136413
200099,5602,1160,,Bridgeport  CT PMSA ,773,773,102357,6,12,579,2,7,404,3,92,2625,773,773,102357,6,12,579,2,7,404,3,92,2625
200099,5602,1930,,Danbury  CT PMSA ,844,844,176595,5,10,270,17,56,991,0,0,0,816,816,169047,5,10,270,17,56,991,0,0,0
200099,5602,2281,,Dutchess County  NY PMSA ,983,983,170964,3,6,645,4,14,560,0,0,0,877,877,156752,3,6,645,0,0,0,0,0,0
200099,5602,3640,,Jersey City  NJ PMSA ,98,98,5110,114,228,13868,15,47,1851,25,965,62652,97,97,5019,97,194,11581,15,47,1851,13,646,34297
200099,5602,5015,,Middlesex-Somerset-Hunterdon  NJ PMSA ,3693,3693,504089,13,26,1423,1,3,166,101,1636,55948,3503,3503,478266,13,26,1423,1,3,166,101,1636,55948
200099,5602,5190,,Monmouth-Ocean  NJ PMSA ,7300,7300,771507,68,136,3157,3,12,245,67,1097,41231,7006,7006,737333,68,136,3157,3,12,245,67,1097,41231
200099,5602,5380,,Nassau-Suffolk  NY PMSA ,4627,4627,755681,188,376,133755,34,132,55580,111,1267,139420,4233,4233,737378,184,368,133242,34,132,55580,99,1202,128735
200099,5602,5480,,New Haven-Meriden  CT PMSA ,895,895,123319,7,14,1385,0,0,0,8,239,10643,891,891,122652,7,14,1385,0,0,0,8,239,10643
200099,5602,5600,,New York  NY PMSA ,3594,3594,678935,1847,3694,245725,576,1785,131875,231,9004,580016,3265,3265,603736,1807,3614,240806,556,1717,126393,205,8845,570359
200099,5602,5640,,Newark  NJ PMSA ,4669,4669,566278,368,736,39025,46,141,6383,38,1020,36945,4296,4296,518921,368,736,39025,46,141,6383,37,1015,36851
200099,5602,5660,,Newburgh  NY-PA PMSA ,2067,2067,265524,17,34,2790,5,18,2424,34,356,20473,2034,2034,261866,14,28,1890,5,18,2424,27,321,18348
200099,5602,8040,,Stamford-Norwalk  CT PMSA ,527,527,260290,18,36,3341,3,9,1033,6,509,65274,480,480,232631,16,32,2931,3,9,1033,6,509,65274
200099,5602,8480,,Trenton  NJ PMSA ,1210,1210,126214,2,4,264,0,0,0,6,69,8556,1207,1207,126106,2,4,264,0,0,0,6,69,8556
200099,5602,8880,,Waterbury  CT PMSA ,591,591,77837,2,4,338,0,0,0,2,11,165,587,587,77353,2,4,338,0,0,0,2,11,165
200099,5720,9999,,Norfolk-Virginia Beach-Newport News  VA-NC MSA ,6499,6499,858618,21,42,2978,53,204,13626,63,684,33789,6330,6330,838096,21,42,2978,52,201,13528,63,684,33789
200099,5790,9999,,Ocala  FL MSA ,2333,2333,363115,1,2,70,5,19,591,0,0,0,2333,2333,363115,1,2,70,5,19,591,0,0,0
200099,5800,9999,,Odessa-Midland  TX MSA ,262,262,30603,0,0,0,0,0,0,2,134,7200,253,253,29593,0,0,0,0,0,0,2,134,7200
200099,5880,9999,,Oklahoma City  OK MSA ,4162,4162,512852,25,50,2993,11,41,1905,63,1148,58397,4094,4094,505202,25,50,2993,10,38,1905,62,1143,58297
200099,5920,9999,,Omaha  NE-IA MSA ,3759,3759,388408,12,24,1899,59,235,11524,70,1709,80846,3745,3745,387049,12,24,1899,59,235,11524,70,1709,80846
200099,5960,9999,,Orlando  FL MSA ,15400,15400,1889849,46,92,4715,68,249,15503,597,9183,492002,15137,15137,1857437,43,86,4505,67,246,15387,595,9164,491087
200099,5990,9999,,Owensboro  KY MSA ,707,707,48510,4,8,336,10,40,1317,2,80,3557,466,466,34893,4,8,336,10,40,1317,2,80,3557
200099,6015,9999,,Panama City  FL MSA ,759,759,92823,25,50,4313,6,22,1220,3,621,68800,759,759,92823,25,50,4313,6,22,1220,3,621,68800
200099,6020,9999,,Parkersburg-Marietta  WV-OH MSA ,184,184,18673,0,0,0,13,52,1360,1,20,1707,184,184,18673,0,0,0,13,52,1360,1,20,1707
200099,6080,9999,,Pensacola  FL MSA ,2413,2413,247206,25,50,2104,4,14,604,4,34,1240,2413,2413,247206,25,50,2104,4,14,604,4,34,1240
200099,6120,9999,,Peoria-Pekin  IL MSA ,1153,1153,145776,28,56,3565,10,39,2191,26,316,14897,1138,1138,144500,28,56,3565,10,39,2191,26,316,14897
200099,6162,0560,,Atlantic-Cape May  NJ PMSA ,2224,2224,209878,195,390,31848,3,10,808,35,243,12093,2177,2177,204968,194,388,31719,3,10,808,35,243,12093
200099,6162,6160,,Philadelphia  PA-NJ PMSA ,13464,13464,1612878,44,88,6341,108,417,29840,140,2452,138096,12187,12187,1465336,31,62,4088,108,417,29840,94,2135,118284
200099,6162,8760,,Vineland-Millville-Bridgeton  NJ PMSA ,226,226,21159,6,12,426,0,0,0,2,17,862,215,215,19738,6,12,426,0,0,0,0,0,0
200099,6162,9160,,Wilmington-Newark  DE-MD PMSA ,2323,2323,209593,1,2,15,0,0,0,61,774,29541,2087,2087,189364,1,2,15,0,0,0,48,692,27684
200099,6200,9999,,Phoenix-Mesa  AZ MSA ,34232,34232,4592708,83,166,18934,165,621,58910,875,10291,627264,33951,33951,4561709,83,166,18934,165,621,58910,874,10286,626989
200099,6240,9999,,Pine Bluff  AR MSA ,109,109,7615,9,18,744,0,0,0,1,12,180,109,109,7615,9,18,744,0,0,0,1,12,180
200099,6280,9999,,Pittsburgh  PA MSA ,5130,5130,712199,37,74,4347,57,208,12708,58,1018,58839,4416,4416,643243,28,56,4167,36,140,11021,37,808,50044
200099,6320,9999,,Pittsfield  MA MSA ,122,122,18815,1,2,70,0,0,0,1,44,2779,90,90,14715,1,2,70,0,0,0,1,44,2779
200099,6340,9999,,Pocatello  ID MSA ,227,227,22721,4,8,626,0,0,0,0,0,0,221,221,22194,4,8,626,0,0,0,0,0,0
200099,6400,9999,,Portland  ME MSA ,1455,1455,198986,8,16,837,10,35,3254,5,41,1596,1346,1346,188086,8,16,837,10,35,3254,5,41,1596
200099,6442,6440,,Portland-Vancouver  OR-WA PMSA ,9724,9724,1405542,140,280,21818,78,292,22776,165,2666,173016,9544,9544,1384537,134,268,20815,77,289,22701,151,2549,169106
200099,6442,7080,,Salem  OR PMSA ,1360,1360,172746,19,38,3032,13,51,3217,25,235,10547,1354,1354,172184,19,38,3032,13,51,3217,25,235,10547
200099,6480,9999,,Providence-Fall River-Warwick  RI-MA MSA ,2564,2564,311980,82,164,7655,14,45,3088,8,209,11826,2237,2237,285619,51,102,5080,14,45,3088,3,156,8937
200099,6520,9999,,Provo-Orem  UT MSA ,3193,3193,470084,52,104,10984,33,127,9335,29,307,18744,2885,2885,424337,52,104,10984,33,127,9335,29,307,18744
200099,6560,9999,,Pueblo  CO MSA ,1028,1028,103487,24,48,1966,3,12,592,2,10,600,1028,1028,103487,24,48,1966,3,12,592,2,10,600
200099,6580,9999,,Punta Gorda  FL MSA ,1211,1211,152691,8,16,1680,18,71,5623,27,372,22304,904,904,120104,8,16,1680,16,64,5196,22,328,20165
200099,6640,9999,,Raleigh-Durham-Chapel Hill  NC MSA ,12503,12503,1807593,59,118,7005,23,85,5696,362,5847,282539,12059,12059,1746852,55,110,6583,22,82,5489,350,5675,274091
200099,6660,9999,,Rapid City  SD MSA ,413,413,44099,1,2,144,1,4,315,1,8,325,410,410,43888,1,2,144,1,4,315,1,8,325
200099,6680,9999,,Reading  PA MSA ,1583,1583,183559,7,14,701,5,20,977,21,192,7122,1528,1528,177712,7,14,701,5,20,977,20,168,5946
200099,6690,9999,,Redding  CA MSA ,791,791,113400,0,0,0,45,179,12142,0,0,0,791,791,113400,0,0,0,45,179,12142,0,0,0
200099,6720,9999,,Reno  NV MSA ,3177,3177,404332,4,8,266,6,22,1134,97,1337,57269,3177,3177,404332,4,8,266,6,22,1134,97,1337,57269
200099,6740,9999,,Richland-Kennewick-Pasco  WA MSA ,966,966,148232,8,16,2014,6,24,2610,1,12,2916,917,917,141858,8,16,2014,6,24,2610,1,12,2916
200099,6760,9999,,Richmond-Petersburg  VA MSA ,5670,5670,647163,33,66,4295,22,76,3962,9,75,1735,5670,5670,647163,33,66,4295,22,76,3962,9,75,1735
200099,6800,9999,,Roanoke  VA MSA ,918,918,74070,10,20,804,0,0,0,12,228,11637,918,918,74070,10,20,804,0,0,0,12,228,11637
200099,6820,9999,,Rochester  MN MSA ,892,892,129688,37,74,8271,28,110,8830,30,476,20766,732,732,107922,24,48,5388,20,80,6163,27,412,18028
200099,6840,9999,,Rochester  NY MSA ,2524,2524,371877,11,22,1413,11,41,1904,66,804,43545,2275,2275,343069,5,10,645,11,41,1904,51,619,37190
200099,6880,9999,,Rockford  IL MSA ,1581,1581,153981,37,74,4359,30,119,5104,9,61,2544,1571,1571,152981,37,74,4359,30,119,5104,9,61,2544
200099,6895,9999,,Rocky Mount  NC MSA ,618,618,50896,18,36,2371,0,0,0,18,136,7059,607,607,50194,18,36,2371,0,0,0,18,136,7059
200099,6922,6920,,Sacramento  CA PMSA ,12427,12427,2281616,13,26,2358,27,106,6321,190,3032,202786,12423,12423,2280981,13,26,2358,27,106,6321,190,3032,202786
200099,6922,9270,,Yolo  CA PMSA ,1041,1041,170259,2,4,410,0,0,0,16,157,13396,1041,1041,170259,2,4,410,0,0,0,16,157,13396
200099,6960,9999,,Saginaw-Bay City-Midland  MI MSA ,1112,1112,138102,32,64,5525,9,31,2463,23,338,9870,937,937,120358,27,54,4416,0,0,0,15,298,7248
200099,6980,9999,,St. Cloud  MN MSA ,1125,1125,130104,10,20,1720,7,23,333,14,186,8879,863,863,101304,10,20,1720,1,4,333,6,146,6478
200099,7000,9999,,St. Joseph  MO MSA ,224,224,25628,5,10,550,0,0,0,4,52,2138,224,224,25628,5,10,550,0,0,0,4,52,2138
200099,7040,9999,,St. Louis  MO-IL MSA ,9507,9507,1248474,130,260,18237,92,348,18151,121,1992,113987,9341,9341,1226325,126,252,17751,92,348,18151,109,1903,110611
200099,7120,9999,,Salinas  CA MSA ,1505,1505,359033,18,36,3249,27,106,8412,11,67,4702,1505,1505,359033,18,36,3249,27,106,8412,11,67,4702
200099,7160,9999,,Salt Lake City-Ogden  UT MSA ,6573,6573,848219,83,166,16179,92,324,29853,48,898,59622,5920,5920,781604,63,126,12559,84,296,27948,35,689,49904
200099,7200,9999,,San Angelo  TX MSA ,239,239,25303,4,8,691,0,0,0,0,0,0,239,239,25303,4,8,691,0,0,0,0,0,0
200099,7240,9999,,San Antonio  TX MSA ,8407,8407,784366,56,112,3854,3,12,455,155,2063,79532,8232,8232,766473,56,112,3854,3,12,455,155,2063,79532
200099,7320,9999,,San Diego  CA MSA ,9287,9287,2138315,44,88,10919,166,538,57458,305,5679,525837,9011,9011,2076030,43,86,10548,166,538,57458,300,5635,522452
200099,7362,5775,,Oakland  CA PMSA ,7256,7256,1684670,9,18,1819,36,120,9850,137,2139,202069,7255,7255,1684439,9,18,1819,36,120,9850,137,2139,202069
200099,7362,7360,,San Francisco  CA PMSA ,1661,1661,429329,70,140,27136,43,136,22404,136,3643,462198,1485,1485,381762,70,140,27136,43,136,22404,135,3638,461547
200099,7362,7400,,San Jose  CA PMSA ,2841,2841,629451,14,28,3221,50,183,23436,155,3587,280523,2827,2827,624412,14,28,3221,50,183,23436,154,3573,279715
200099,7362,7485,,Santa Cruz-Watsonville  CA PMSA ,390,390,99284,3,6,1153,6,24,2545,16,125,12240,390,390,99284,3,6,1153,6,24,2545,16,125,12240
200099,7362,7500,,Santa Rosa  CA PMSA ,2013,2013,340956,56,112,9264,24,88,5168,26,292,13746,1690,1690,298451,54,108,8942,24,88,5168,26,292,13746
200099,7362,8720,,Vallejo-Fairfield-Napa  CA PMSA ,2585,2585,549924,3,6,570,3,11,2112,20,173,11742,2583,2583,549512,3,6,570,3,11,2112,19,168,11160
200099,7460,9999,,San Luis Obispo-Atascadero-Paso Robles  CA MSA ,1541,1541,261716,6,12,806,8,26,2367,15,94,5098,1529,1529,259327,5,10,694,8,26,2367,13,84,4620
200099,7480,9999,,Santa Barbara-Santa Maria-Lompoc  CA MSA ,759,759,159904,8,16,4170,12,38,5090,5,54,5520,759,759,159904,8,16,4170,12,38,5090,5,54,5520
200099,7490,9999,,Santa Fe  NM MSA ,430,430,67186,0,0,0,1,4,209,9,157,10066,396,396,63331,0,0,0,0,0,0,5,120,8333
200099,7510,9999,,Sarasota-Bradenton  FL MSA ,5889,5889,817390,11,22,1858,20,79,6180,87,1120,66720,5793,5793,804688,7,14,1290,19,76,5947,75,1010,65229
200099,7520,9999,,Savannah  GA MSA ,1976,1976,243918,46,92,5783,2,8,958,49,632,25166,1935,1935,239299,46,92,5783,1,4,243,49,632,25166
200099,7560,9999,,Scranton--Wilkes-Barre--Hazleton  PA MSA ,1242,1242,140147,6,12,470,15,57,3114,9,169,7318,971,971,114166,3,6,206,14,53,3114,8,163,7243
200099,7602,1150,,Bremerton  WA PMSA ,1105,1105,133696,3,6,382,0,0,0,0,0,0,1099,1099,133032,3,6,382,0,0,0,0,0,0
200099,7602,5910,,Olympia  WA PMSA ,1139,1139,155385,11,22,2054,6,24,1477,8,114,6986,1119,1119,153363,11,22,2054,6,24,1477,7,105,6574
200099,7602,7600,,Seattle-Bellevue-Everett  WA PMSA ,8797,8797,1412211,212,424,39148,154,555,48172,384,8468,577099,8266,8266,1372096,197,394,37702,155,560,48578,375,8497,579329
200099,7602,8200,,Tacoma  WA PMSA ,3753,3753,442914,90,180,16020,101,397,33540,30,358,21659,3662,3662,430327,88,176,15775,96,382,32291,29,353,21416
200099,7610,9999,,Sharon  PA MSA ,303,303,32864,2,4,255,1,3,153,1,122,5100,291,291,31401,2,4,255,1,3,153,1,122,5100
200099,7620,9999,,Sheboygan  WI MSA ,361,361,62681,45,90,7588,4,16,947,21,208,7734,354,354,61465,45,90,7588,4,16,947,21,208,7734
200099,7640,9999,,Sherman-Denison  TX MSA ,171,171,19434,12,24,1020,0,0,0,1,5,150,137,137,15820,5,10,425,0,0,0,0,0,0
200099,7680,9999,,Shreveport-Bossier City  LA MSA ,960,960,131709,0,0,0,0,0,0,8,60,2000,942,942,130059,0,0,0,0,0,0,8,60,2000
200099,7720,9999,,Sioux City  IA-NE MSA ,245,245,29594,7,14,825,2,8,216,2,12,750,230,230,28085,7,14,825,2,8,216,2,12,750
200099,7760,9999,,Sioux Falls  SD MSA ,1556,1556,146284,13,26,1925,12,45,3091,31,678,35831,1552,1552,145837,13,26,1925,12,45,3091,31,678,35831
200099,7800,9999,,South Bend  IN MSA ,889,889,131720,10,20,2185,36,108,1560,61,648,27411,889,889,131720,10,20,2185,36,108,1560,61,648,27411
200099,7840,9999,,Spokane  WA MSA ,1328,1328,165289,21,42,3740,16,55,2328,38,669,37887,1075,1075,132681,17,34,2906,14,49,1703,33,581,33270
200099,7880,9999,,Springfield  IL MSA ,759,759,84730,63,126,9233,0,0,0,5,44,1694,542,542,68988,60,120,8813,0,0,0,5,44,1694
200099,7920,9999,,Springfield  MO MSA ,1848,1848,230210,49,98,5988,10,36,1182,49,576,18593,1611,1611,209172,45,90,5619,3,11,316,49,576,18593
200099,8000,9999,,Springfield  MA MSA ,921,921,138357,11,22,1843,4,15,1235,11,62,7531,879,879,133350,11,22,1843,4,15,1235,11,62,7531
200099,8050,9999,,State College  PA MSA ,554,554,65788,11,22,669,1,3,89,4,74,1234,517,517,62262,11,22,669,1,3,89,4,74,1234
200099,8080,9999,,Steubenville-Weirton  OH-WV MSA ,66,66,6847,0,0,0,5,20,1400,2,60,2209,41,41,5100,0,0,0,5,20,1400,1,5,400
200099,8120,9999,,Stockton-Lodi  CA MSA ,5350,5350,824924,2,4,461,4,16,1263,4,22,1649,5350,5350,824924,2,4,461,4,16,1263,4,22,1649
200099,8140,9999,,Sumter  SC MSA ,294,294,28197,0,0,0,0,0,0,0,0,0,294,294,28197,0,0,0,0,0,0,0,0,0
200099,8160,9999,,Syracuse  NY MSA ,1424,1424,164755,19,38,2564,18,70,3036,10,207,26605,1178,1178,141590,15,30,1856,10,40,1000,10,207,26605
200099,8240,9999,,Tallahassee  FL MSA ,1427,1427,165737,31,62,3771,6,20,1272,43,771,39628,1427,1427,165737,31,62,3771,6,20,1272,43,771,39628
200099,8280,9999,,Tampa-St. Petersburg-Clearwater  FL MSA ,13293,13293,1409916,209,418,35879,67,251,16827,309,5282,418864,13242,13242,1402013,209,418,35879,67,251,16827,296,5217,413966
200099,8320,9999,,Terre Haute  IN MSA ,381,381,42168,2,4,180,6,18,470,1,12,300,364,364,40714,2,4,180,5,15,470,1,12,300
200099,8360,9999,,Texarkana  TX-Texarkana  AR MSA ,263,263,19044,0,0,0,39,156,3965,0,0,0,263,263,19044,0,0,0,39,156,3965,0,0,0
200099,8400,9999,,Toledo  OH MSA ,1561,1561,223006,34,68,4842,11,43,2939,46,472,22087,1558,1558,222612,34,68,4842,11,43,2939,46,472,22087
200099,8440,9999,,Topeka  KS MSA ,538,538,79424,25,50,3925,1,3,320,0,0,0,538,538,79424,25,50,3925,1,3,320,0,0,0
200099,8520,9999,,Tucson  AZ MSA ,6816,6816,931029,52,104,7219,65,233,18024,49,626,38731,6805,6805,930504,52,104,7219,65,233,18024,49,626,38731
200099,8560,9999,,Tulsa  OK MSA ,3463,3463,442766,8,16,980,6,23,845,12,234,11819,3461,3461,442586,8,16,980,6,23,845,12,234,11819
200099,8600,9999,,Tuscaloosa  AL MSA ,576,576,65388,3,6,432,0,0,0,13,121,5106,582,582,65888,3,6,432,0,0,0,13,121,5106
200099,8640,9999,,Tyler  TX MSA ,467,467,67484,0,0,0,3,9,450,12,67,3096,164,164,13995,0,0,0,0,0,0,0,0,0
200099,8680,9999,,Utica-Rome  NY MSA ,377,377,40182,2,4,270,0,0,0,2,24,1175,292,292,32499,2,4,270,0,0,0,2,24,1175
200099,8750,9999,,Victoria  TX MSA ,167,167,18335,0,0,0,0,0,0,0,0,0,167,167,18335,0,0,0,0,0,0,0,0,0
200099,8780,9999,,Visalia-Tulare-Porterville  CA MSA ,1539,1539,157163,10,20,1108,14,56,2928,1,12,1600,1502,1502,154501,10,20,1108,14,56,2928,1,12,1600
200099,8800,9999,,Waco  TX MSA ,513,513,66360,49,98,5066,5,18,1146,4,62,2100,518,518,66995,48,96,4941,5,18,1146,4,62,2100
200099,8872,0720,,Baltimore  MD PMSA ,9700,9700,1178877,53,106,8180,1,4,180,91,1994,91393,9688,9688,1177929,53,106,8180,1,4,180,91,1994,91393
200099,8872,3180,,Hagerstown  MD PMSA ,559,559,61899,10,20,1230,0,0,0,6,142,4408,559,559,61899,10,20,1230,0,0,0,6,142,4408
200099,8872,8840,,Washington  DC-MD-VA-WV PMSA ,29725,29725,3426372,70,140,8902,13,49,2671,386,9175,469655,28308,28308,3278467,70,140,8902,12,46,2559,363,8977,459959
200099,8920,9999,,Waterloo-Cedar Falls  IA MSA ,251,251,34734,4,8,600,2,8,490,6,112,3750,245,245,34320,4,8,600,2,8,490,6,112,3750
200099,8940,9999,,Wausau  WI MSA ,652,652,81446,16,32,2365,4,15,1570,9,104,3260,618,618,75403,16,32,2365,4,15,1570,9,104,3260
200099,8960,9999,,West Palm Beach-Boca Raton  FL MSA ,6769,6769,1055292,17,34,2126,37,142,12152,193,3559,261992,6741,6741,1053725,17,34,2126,37,142,12152,193,3559,261992
200099,9000,9999,,Wheeling  WV-OH MSA ,49,49,5772,0,0,0,0,0,0,0,0,0,34,34,3876,0,0,0,0,0,0,0,0,0
200099,9040,9999,,Wichita  KS MSA ,2226,2226,237674,41,82,4836,8,31,2830,30,256,10667,2211,2211,235945,41,82,4836,8,31,2830,30,256,10667
200099,9080,9999,,Wichita Falls  TX MSA ,221,221,25847,1,2,230,0,0,0,1,8,286,220,220,25764,1,2,230,0,0,0,1,8,286
200099,9140,9999,,Williamsport  PA MSA ,283,283,29226,0,0,0,0,0,0,1,30,2500,209,209,21934,0,0,0,0,0,0,1,30,2500
200099,9200,9999,,Wilmington  NC MSA ,2736,2736,339905,19,38,3859,8,29,3495,35,506,22086,2258,2258,302544,19,38,3859,8,29,3495,29,476,20639
200099,9260,9999,,Yakima  WA MSA ,333,333,43204,24,48,2849,18,66,4565,5,37,1461,333,333,43204,24,48,2849,18,66,4565,5,37,1461
200099,9280,9999,,York  PA MSA ,1714,1714,196263,32,64,4430,15,59,3765,14,172,12018,1594,1594,179870,32,64,4430,14,55,3765,14,172,12018
200099,9320,9999,,Youngstown-Warren  OH MSA ,1032,1032,132721,42,84,7241,34,130,7674,12,78,5361,987,987,127409,38,76,6536,34,130,7674,12,78,5361
200099,9340,9999,,Yuba City  CA MSA ,320,320,47691,1,2,169,0,0,0,0,0,0,319,319,47618,1,2,169,0,0,0,0,0,0
200099,9360,9999,,Yuma  AZ MSA ,1180,1180,90149,2,4,143,0,0,0,13,104,6004,1180,1180,90149,2,4,143,0,0,0,13,104,6004
200099,1122,9999,,Boston-Worcester-Lawrence  MA-NH-ME-CT CMSA ,13490,13490,2205682,295,590,48801,99,337,33831,145,2953,280924,12227,12227,2043972,246,492,40963,90,310,30460,119,2823,269197
200099,1602,9999,,Chicago-Gary-Kenosha  IL-IN-WI CMSA ,30517,30517,4840647,300,600,51548,500,1704,137899,575,9690,613532,29375,29375,4678451,286,572,48844,485,1653,133332,544,9353,586464
200099,1642,9999,,Cincinnati-Hamilton  OH-KY-IN CMSA ,9370,9370,1198702,69,138,8103,85,318,25434,204,2283,109477,8674,8674,1127232,65,130,7795,77,294,23272,184,2170,105494
200099,1692,9999,,Cleveland-Akron  OH CMSA ,8759,8759,1516360,64,128,14148,93,340,25317,109,1517,62549,8219,8219,1433628,61,122,13745,84,307,23560,81,1225,49188
200099,1922,9999,,Dallas-Fort Worth  TX CMSA ,36171,36171,5573991,78,156,7756,94,361,21386,460,8055,556312,35287,35287,5441082,72,144,7164,93,358,21318,457,8032,555423
200099,2082,9999,,Denver-Boulder-Greeley  CO CMSA ,21672,21672,3048045,209,418,38763,121,438,35547,656,11300,680661,21476,21476,3029809,200,400,38158,121,438,35547,650,11251,671149
200099,2162,9999,,Detroit-Ann Arbor-Flint  MI CMSA ,20869,20869,3114678,171,342,33527,160,605,59016,279,3501,206054,20120,20120,3058304,166,332,33145,154,586,58197,246,3326,199327
200099,3362,9999,,Houston-Galveston-Brazoria  TX CMSA ,28055,28055,3852769,59,118,5462,24,96,4771,536,7631,344088,27924,27924,3827494,59,118,5462,24,96,4771,528,7591,342088
200099,4472,9999,,Los Angeles-Riverside-Orange County  CA CMSA ,37260,37260,7525333,317,634,64292,308,1061,100221,748,15989,1098066,36742,36742,7433772,298,596,60683,297,1027,97231,722,15720,1074677
200099,4992,9999,,Miami-Fort Lauderdale  FL CMSA ,15158,15158,1916848,70,140,10689,246,950,60495,353,8197,720349,15155,15155,1916225,70,140,10689,246,950,60495,353,8197,720349
200099,5082,9999,,Milwaukee-Racine  WI CMSA ,4117,4117,740334,232,464,48027,41,160,12760,107,1757,101375,3946,3946,715067,231,462,47781,40,157,12699,90,1648,97380
200099,5602,9999,,New York-Northern New Jersey-Long Island  NY-NJ-CT-PA CMSA ,33288,33288,4839043,2812,5624,474160,716,2258,202712,647,17810,1160585,31237,31237,4539447,2741,5482,464567,691,2173,196583,588,17216,1109445
200099,6162,9999,,Philadelphia-Wilmington-Atlantic City  PA-NJ-DE-MD CMSA ,18237,18237,2053508,246,492,38630,111,427,30648,238,3486,180592,16666,16666,1879406,232,464,36248,111,427,30648,177,3070,158061
200099,6442,9999,,Portland-Salem  OR-WA CMSA ,11084,11084,1578288,159,318,24850,91,343,25993,190,2901,183563,10898,10898,1556721,153,306,23847,90,340,25918,176,2784,179653
200099,6922,9999,,Sacramento-Yolo  CA CMSA ,13468,13468,2451875,15,30,2768,27,106,6321,206,3189,216182,13464,13464,2451240,15,30,2768,27,106,6321,206,3189,216182
200099,7362,9999,,San Francisco-Oakland-San Jose  CA CMSA ,16746,16746,3733614,155,310,43163,162,562,65515,490,9959,982518,16230,16230,3637860,153,306,42841,162,562,65515,487,9935,980477
200099,7602,9999,,Seattle-Tacoma-Bremerton  WA CMSA ,14794,14794,2144206,316,632,57604,261,976,83189,422,8940,605744,14146,14146,2088818,299,598,55913,257,966,82346,411,8955,607319
200099,8872,9999,,Washington-Baltimore  DC-MD-VA-WV CMSA ,39984,39984,4667148,133,266,18312,14,53,2851,483,11311,565456,38555,38555,4518295,133,266,18312,13,50,2739,460,11113,555760
