Survey,CSA,CBSA,MONCOV,CBSA,,1-unit,,,2-units,,,3-4 units,,,5+ units,,,1-unit rep,,,2-units rep,,,3-4 units rep,,,5+ units rep
Date,Code,Code,,Name,Bldgs,Units,Value,Bldgs,Units,Value,Bldgs,Units,Value,Bldgs,Units,Value,Bldgs,Units,Value,Bldgs,Units,Value,      Bldgs,Units,Value,Bldgs,Units,Value
 
200799,102,18700, ,Corvallis  OR ,193,193,51040,4,8,1266,3,12,2242,0,0,0,193,193,51040,4,8,1266,3,12,2242,0,0,0
200799,104,10580, ,Albany-Schenectady-Troy  NY ,1591,1591,386651,18,36,3487,24,95,9410,71,981,98096,1399,1399,358018,17,34,3397,23,91,9130,67,947,96796
200799,104,24020, ,Glens Falls  NY ,452,452,71777,7,14,1201,2,7,470,1,24,1800,399,399,65666,7,14,1201,1,4,357,1,24,1800
200799,112,11180, ,Ames  IA ,244,244,59729,0,0,0,0,0,0,6,116,8845,240,240,59204,0,0,0,0,0,0,6,116,8845
200799,118,11540, ,Appleton  WI ,673,673,139040,23,46,4938,1,3,252,7,78,4590,637,637,131758,23,46,4938,1,3,252,7,78,4590
200799,118,36780, ,Oshkosh-Neenah  WI ,441,441,87135,15,30,3412,4,16,2345,4,72,5585,423,423,83178,15,30,3412,4,16,2345,4,72,5585
200799,120,11700, ,Asheville  NC ,3324,3324,710088,12,24,2233,29,103,9572,14,197,17953,2705,2705,588719,8,16,1522,27,97,8572,10,158,15034
200799,122,12060,C,Atlanta-Sandy Springs-Marietta  GA ,31089,31089,5074424,94,188,18954,132,481,58618,369,13012,1230922,30537,30537,4985335,94,188,18954,128,469,58318,368,12995,1229242
200799,122,23580, ,Gainesville  GA ,1283,1283,222581,2,4,93,9,30,3196,2,10,950,1283,1283,222581,0,0,0,2,8,776,2,10,950
200799,132,12940, ,Baton Rouge  LA ,4360,4360,602337,62,124,11188,18,72,5559,94,1811,143184,4276,4276,589538,62,124,11188,18,72,5559,94,1811,143184
200799,140,13460,C,Bend  OR ,1574,1574,401360,10,20,1994,8,25,2801,21,166,11021,1574,1574,401360,10,20,1994,8,25,2801,21,166,11021
200799,142,13820,C,Birmingham-Hoover  AL ,4930,4930,865318,1,2,130,4,15,1677,20,486,38157,4229,4229,748699,1,2,130,4,15,1677,13,339,27547
200799,148,14460,C,Boston-Cambridge-Quincy  MA-NH ,5305,5305,1297800,217,434,50560,83,280,32759,262,5229,649716,4277,4277,1111501,170,340,39283,71,244,29386,170,4210,554510
200799,148,31700, ,Manchester-Nashua  NH ,697,697,149020,23,46,4592,5,20,2276,17,208,24277,632,632,137264,21,42,4208,5,20,2276,8,151,18845
200799,148,49340, ,Worcester  MA ,1660,1660,307131,13,26,2953,9,30,3549,5,71,2975,1439,1439,272223,11,22,2712,9,30,3549,5,71,2975
200799,154,15180, ,Brownsville-Harlingen  TX ,1728,1728,186135,47,94,5986,33,131,10069,15,138,14225,1706,1706,183681,47,94,5986,33,131,10069,15,138,14225
200799,160,15380, ,Buffalo-Niagara Falls  NY ,1388,1388,284898,3,6,795,2,8,860,26,530,58520,1373,1373,281801,3,6,795,2,8,860,26,530,58520
200799,172,16740,C,Charlotte-Gastonia-Concord  NC-SC ,15902,15902,2869302,15,30,2705,27,104,10592,185,5154,504481,15902,15902,2869302,15,30,2705,27,104,10592,185,5154,504481
200799,174,16860, ,Chattanooga  TN-GA ,2118,2118,317023,23,46,2566,14,53,2526,38,470,47998,1611,1611,245730,4,8,744,3,11,1133,22,303,32716
200799,174,17420, ,Cleveland  TN ,651,651,100643,17,34,2113,18,65,3975,5,69,4924,646,646,99932,16,32,1999,18,65,3975,5,69,4924
200799,176,16980,C,Chicago-Naperville-Joliet  IL-IN-WI ,18095,18095,4227916,284,568,63261,392,1261,115155,486,14009,1260999,17209,17209,4063850,282,564,62840,386,1240,113686,430,13296,1203732
200799,176,28100, ,Kankakee-Bradley  IL ,382,382,76516,8,16,1676,3,10,1423,0,0,0,374,374,75700,3,6,759,3,10,1423,0,0,0
200799,176,33140, ,Michigan City-La Porte  IN ,301,301,53685,0,0,0,3,9,386,1,20,1700,259,259,49702,0,0,0,0,0,0,1,20,1700
200799,178,17140,C,Cincinnati-Middletown  OH-KY-IN ,5289,5289,1086485,65,130,15283,92,292,31649,113,1173,96309,5016,5016,1051809,65,130,15283,88,280,31262,90,1051,92094
200799,184,10420, ,Akron  OH ,1379,1379,270769,2,4,530,9,29,1985,14,182,6985,1234,1234,255632,2,4,530,4,14,1642,2,28,1544
200799,184,17460,C,Cleveland-Elyria-Mentor  OH ,3574,3574,750606,22,44,5113,18,60,6710,38,397,28643,3196,3196,700961,21,42,4988,7,25,4006,24,327,23179
200799,192,17900,C,Columbia  SC ,5576,5576,739970,14,28,1870,4,13,1138,63,1248,64749,3645,3645,517434,10,20,1439,0,0,0,33,693,33422
200799,194,12220,C,Auburn-Opelika  AL ,1181,1181,201015,11,22,2101,1,3,600,13,297,25476,1181,1181,201015,11,22,2101,1,3,600,13,297,25476
200799,194,17980, ,Columbus  GA-AL ,1199,1199,162824,5,10,792,11,36,1636,43,563,43659,697,697,110165,4,8,626,0,0,0,18,267,21311
200799,198,18140,C,Columbus  OH ,4322,4322,1036988,33,66,9816,128,500,46810,181,1514,94931,4019,4019,980815,33,66,9816,126,493,46600,181,1514,94931
200799,204,18580, ,Corpus Christi  TX ,1771,1771,229094,4,8,605,5,19,875,16,219,10140,1739,1739,225196,4,8,605,5,19,875,16,219,10140
200799,206,19100,C,Dallas-Fort Worth-Arlington  TX ,28156,28156,5995555,186,372,32920,136,532,39239,490,14508,1230392,27427,27427,5846789,182,364,32233,135,528,38943,484,14433,1227385
200799,212,19380, ,Dayton  OH ,1501,1501,349444,10,20,2045,1,4,150,6,52,4966,1462,1462,342308,10,20,2045,1,4,150,6,52,4966
200799,212,44220, ,Springfield  OH ,191,191,26961,22,44,2448,6,24,1390,7,136,7928,191,191,26961,22,44,2448,6,24,1390,7,136,7928
200799,216,14500, ,Boulder  CO ,397,397,120493,5,10,1053,5,17,2423,17,211,25526,363,363,114347,5,10,1053,3,11,1884,6,130,19633
200799,216,19740,C,Denver-Aurora  CO ,7859,7859,1947432,118,236,40815,40,138,21227,185,5984,593381,7853,7853,1946427,118,236,40815,40,138,21227,185,5984,593381
200799,218,19780,C,Des Moines-West Des Moines  IA ,3164,3164,579583,36,72,7551,9,35,4345,30,579,65785,3056,3056,560623,36,72,7551,9,35,4345,28,566,64450
200799,220,11460, ,Ann Arbor  MI ,490,490,90383,1,2,155,2,8,714,12,65,4222,351,351,73392,0,0,0,2,8,714,1,10,899
200799,220,19820,C,Detroit-Warren-Livonia  MI ,3833,3833,771903,11,22,2201,15,50,4786,28,420,38262,3604,3604,743017,10,20,2041,8,28,3038,28,420,38262
200799,220,22420, ,Flint  MI ,434,434,76507,5,10,1120,0,0,0,1,32,3063,373,373,66704,0,0,0,0,0,0,1,32,3063
200799,220,33780, ,Monroe  MI ,309,309,51905,1,2,160,0,0,0,9,89,3808,289,289,47532,1,2,160,0,0,0,3,44,2190
200799,222,20020, ,Dothan  AL ,351,351,36998,0,0,0,0,0,0,0,0,0,339,339,35674,0,0,0,0,0,0,0,0,0
200799,232,20740, ,Eau Claire  WI ,504,504,83856,26,52,4392,3,11,1100,10,84,3610,487,487,79904,26,52,4392,3,11,1100,10,84,3610
200799,244,22020, ,Fargo  ND-MN ,1109,1109,170210,1,2,380,26,81,7302,16,611,43627,1109,1109,170210,1,2,380,25,78,7302,16,611,43627
200799,252,22540, ,Fond du Lac  WI ,243,243,46542,9,18,2164,2,7,930,1,5,300,219,219,43213,9,18,2164,2,7,930,1,5,300
200799,258,23060,C,Fort Wayne  IN ,1070,1070,211924,3,6,400,0,0,0,6,39,1882,1070,1070,211924,3,6,400,0,0,0,6,39,1882
200799,260,23420, ,Fresno  CA ,3645,3645,622972,24,48,4682,95,327,36665,101,835,61610,3214,3214,547207,22,44,4273,87,300,34184,101,835,61610
200799,260,31460, ,Madera  CA ,486,486,91804,6,12,1139,3,11,683,0,0,0,486,486,91804,6,12,1139,3,11,683,0,0,0
200799,266,24340,C,Grand Rapids-Wyoming  MI ,1636,1636,282812,12,24,1837,7,23,1840,23,183,18390,1245,1245,233486,4,8,690,2,8,680,4,47,4265
200799,266,26100, ,Holland-Grand Haven  MI ,749,749,143188,18,36,5522,5,19,1664,20,244,23219,742,742,142393,18,36,5522,5,19,1664,20,244,23219
200799,266,34740, ,Muskegon-Norton Shores  MI ,280,280,43899,11,22,2229,0,0,0,4,44,4703,250,250,39677,11,22,2229,0,0,0,2,30,3750
200799,268,15500, ,Burlington  NC ,1441,1441,221487,0,0,0,0,0,0,0,0,0,1441,1441,221487,0,0,0,0,0,0,0,0,0
200799,268,24660,C,Greensboro-High Point  NC ,3724,3724,651631,14,28,4049,5,15,1823,58,1199,62235,2923,2923,466017,14,28,4049,3,9,1688,58,1199,62235
200799,268,49180, ,Winston-Salem  NC ,3374,3374,424052,13,26,2145,1,3,360,14,177,16743,3122,3122,380998,12,24,2038,0,0,0,14,177,16743
200799,273,11340, ,Anderson  SC ,1156,1156,203587,9,18,1303,2,8,627,7,44,2968,1156,1156,203587,9,18,1303,2,8,627,7,44,2968
200799,273,24860,C,Greenville  SC ,4375,4375,577841,19,38,2394,7,25,1533,49,973,91574,4356,4356,576115,19,38,2394,7,25,1533,49,973,91574
200799,273,43900, ,Spartanburg  SC ,1646,1646,201789,0,0,0,0,0,0,0,0,0,1554,1554,189029,0,0,0,0,0,0,0,0,0
200799,274,25060, ,Gulfport-Biloxi  MS ,2584,2584,309517,85,170,9956,74,295,35746,153,2443,170425,2569,2569,308017,82,164,9356,74,295,35746,153,2443,170425
200799,274,37700, ,Pascagoula  MS ,758,758,108176,29,58,5752,4,13,794,51,584,59477,663,663,95732,28,56,5682,3,10,569,50,572,56408
200799,276,25420, ,Harrisburg-Carlisle  PA ,2030,2030,321476,5,10,668,4,13,1176,9,176,12680,1867,1867,295464,5,10,668,4,13,1176,8,170,12480
200799,276,30140, ,Lebanon  PA ,497,497,78132,0,0,0,0,0,0,0,0,0,492,492,77549,0,0,0,0,0,0,0,0,0
200799,278,25540, ,Hartford-West Hartford-East Hartford  CT ,1890,1890,362165,47,94,7122,8,29,3660,58,782,52932,1720,1720,338625,44,88,6613,8,29,3660,21,392,32710
200799,288,26420,C,Houston-Sugar Land-Baytown  TX ,42217,42217,6610308,244,488,39890,66,257,22561,969,20312,1619200,41375,41375,6473686,230,460,37728,65,254,22415,950,20088,1611908
200799,290,19460, ,Decatur  AL ,403,403,60540,0,0,0,0,0,0,3,64,6415,403,403,60540,0,0,0,0,0,0,3,64,6415
200799,290,26620, ,Huntsville  AL ,3280,3280,350048,0,0,0,0,0,0,71,1183,73362,2079,2079,178136,0,0,0,0,0,0,71,1183,73362
200799,292,26820, ,Idaho Falls  ID ,1217,1217,125710,11,22,1061,7,28,1344,5,221,12518,1217,1217,125710,11,22,1061,7,28,1344,5,221,12518
200799,294,11300, ,Anderson  IN ,241,241,39902,1,2,100,0,0,0,0,0,0,197,197,32465,1,2,100,0,0,0,0,0,0
200799,294,18020, ,Columbus  IN ,257,257,56283,0,0,0,0,0,0,0,0,0,257,257,56283,0,0,0,0,0,0,0,0,0
200799,294,26900,C,Indianapolis-Carmel  IN ,7091,7091,1358964,128,256,30221,58,207,16435,59,744,83423,6998,6998,1345161,124,248,29554,51,186,16435,59,744,83423
200799,296,27060, ,Ithaca  NY ,158,158,30102,6,12,1200,0,0,0,5,103,10000,129,129,26135,4,8,900,0,0,0,5,103,10000
200799,297,27180, ,Jackson  TN ,439,439,72620,12,24,784,0,0,0,1,80,3869,439,439,72620,12,24,784,0,0,0,1,80,3869
200799,298,27140, ,Jackson  MS ,2878,2878,439936,0,0,0,30,120,6961,5,47,7215,2841,2841,437411,0,0,0,30,120,6961,5,47,7215
200799,304,27740, ,Johnson City  TN ,876,876,117119,5,10,1041,5,20,1658,9,60,4062,545,545,83308,5,10,1041,5,20,1658,9,60,4062
200799,304,28700, ,Kingsport-Bristol-Bristol  TN-VA ,1041,1041,122658,15,30,1857,1,3,150,20,181,11099,888,888,103401,15,30,1857,0,0,0,13,126,8256
200799,308,27860, ,Jonesboro  AR ,553,553,55635,1,2,90,15,56,2864,0,0,0,544,544,54703,1,2,90,14,53,2864,0,0,0
200799,312,28140,C,Kansas City  MO-KS ,6032,6032,1240694,81,162,11633,153,589,47203,69,1346,97262,5946,5946,1228207,75,150,10975,151,583,46915,68,1338,96299
200799,314,28940, ,Knoxville  TN ,4076,4076,569088,9,18,1211,3,11,624,39,744,44297,3349,3349,466024,4,8,561,0,0,0,34,660,40047
200799,316,29020, ,Kokomo  IN ,101,101,17313,1,2,160,0,0,0,0,0,0,91,91,15851,1,2,160,0,0,0,0,0,0
200799,318,29180, ,Lafayette  LA ,1423,1423,193925,3,6,512,0,0,0,27,318,16709,618,618,87650,0,0,0,0,0,0,0,0,0
200799,320,29140, ,Lafayette  IN ,623,623,105721,18,36,3650,0,0,0,12,260,20538,583,583,101557,1,2,250,0,0,0,11,255,20122
200799,324,29340, ,Lake Charles  LA ,716,716,103348,34,68,4218,3,12,760,21,413,31031,556,556,80166,32,64,4054,3,12,760,21,413,31031
200799,330,29620, ,Lansing-East Lansing  MI ,568,568,102915,3,6,732,1,4,408,11,190,14735,535,535,98051,2,4,509,1,4,408,11,190,14735
200799,332,29820,C,Las Vegas-Paradise  NV ,13310,13310,1698608,28,56,6615,179,599,49504,154,10124,1802191,13310,13310,1698608,28,56,6615,179,599,49504,153,10119,1801572
200799,336,30460, ,Lexington-Fayette  KY ,2342,2342,396332,16,32,2556,11,42,4357,14,153,10456,2342,2342,396332,16,32,2556,11,42,4357,14,153,10456
200799,338,30620, ,Lima  OH ,169,169,25679,3,6,532,1,3,180,0,0,0,124,124,18683,0,0,0,0,0,0,0,0,0
200799,340,30780, ,Little Rock-North Little Rock  AR ,2877,2877,502775,47,94,5734,10,40,3150,21,466,68820,2830,2830,497160,47,94,5734,10,40,3150,21,466,68820
200799,340,38220, ,Pine Bluff  AR ,95,95,8237,3,6,122,2,8,348,3,60,960,95,95,8237,3,6,122,2,8,348,3,60,960
200799,346,30980, ,Longview  TX ,360,360,60309,0,0,0,1,4,160,1,17,781,348,348,58100,0,0,0,1,4,160,0,0,0
200799,348,31100,C,Los Angeles-Long Beach-Santa Ana  CA ,9381,9381,2632714,361,722,96999,162,553,50071,620,15960,2394848,8715,8715,2473949,346,692,95109,123,421,42257,540,15438,2364734
200799,348,37100, ,Oxnard-Thousand Oaks-Ventura  CA ,862,862,235615,25,50,8596,29,92,12636,48,591,73763,649,649,185859,23,46,8168,22,69,9837,35,302,46260
200799,348,40140,C,Riverside-San Bernardino-Ontario  CA ,16019,16019,3391573,64,128,11513,168,593,66189,233,3346,264950,15807,15807,3351840,62,124,11270,168,593,66189,233,3346,264950
200799,350,21060, ,Elizabethtown  KY ,678,678,90148,12,24,1670,15,51,2624,25,290,13861,602,602,80357,9,18,1370,5,18,1094,25,290,13861
200799,350,31140,C,Louisville-Jefferson County  KY-IN ,4443,4443,764063,23,46,2166,29,110,8474,106,1463,79966,4390,4390,756132,21,42,2041,29,110,8474,106,1463,79966
200799,352,31180, ,Lubbock  TX ,938,938,167762,7,14,1411,0,0,0,27,328,18012,938,938,167762,7,14,1411,0,0,0,27,328,18012
200799,356,31420, ,Macon  GA ,1262,1262,214733,2,4,150,0,0,0,13,347,23581,1025,1025,165114,0,0,0,0,0,0,13,347,23581
200799,356,47580, ,Warner Robins  GA ,1207,1207,166606,0,0,0,13,51,4326,25,232,9148,1207,1207,166606,0,0,0,13,51,4326,25,232,9148
200799,358,31540,C,Madison  WI ,1482,1482,331495,51,102,13071,33,123,12956,52,916,103577,1444,1444,325168,44,88,11745,27,104,11384,40,853,99512
200799,360,31900, ,Mansfield  OH ,128,128,26807,19,38,2950,9,36,4590,0,0,0,128,128,26807,19,38,2950,9,36,4590,0,0,0
200799,372,33260,C,Midland  TX ,514,514,62159,0,0,0,0,0,0,0,0,0,514,514,62159,0,0,0,0,0,0,0,0,0
200799,372,36220,C,Odessa  TX ,215,215,48588,0,0,0,0,0,0,10,224,13945,215,215,48588,0,0,0,0,0,0,10,224,13945
200799,376,33340,C,Milwaukee-Waukesha-West Allis  WI ,2082,2082,575517,53,106,15271,25,97,14281,40,981,144691,2044,2044,561618,53,106,15271,25,97,14281,38,970,144026
200799,376,39540, ,Racine  WI ,508,508,105409,22,44,4832,0,0,0,7,80,8700,508,508,105409,22,44,4832,0,0,0,7,80,8700
200799,378,33460,C,Minneapolis-St. Paul-Bloomington  MN-WI ,7581,7581,1862541,29,58,7857,36,132,15980,70,2211,280207,7452,7452,1837386,29,58,7857,34,126,15334,69,2206,279584
200799,378,41060, ,St. Cloud  MN ,700,700,119784,1,2,299,5,15,0,12,63,3972,503,503,92298,1,2,299,0,0,0,0,0,0
200799,380,33660, ,Mobile  AL ,1828,1828,208911,1,2,150,1,3,53,52,651,49560,1780,1780,203793,1,2,150,1,3,53,52,651,49560
200799,384,33740, ,Monroe  LA ,474,474,68290,3,6,153,1,3,120,11,72,5513,188,188,27202,0,0,0,0,0,0,0,0,0
200799,388,33860, ,Montgomery  AL ,1192,1192,174436,0,0,0,0,0,0,48,702,40560,1180,1180,172208,0,0,0,0,0,0,48,702,40560
200799,392,34100, ,Morristown  TN ,710,710,121763,2,4,500,3,11,449,1,6,240,710,710,121763,2,4,500,3,11,449,1,6,240
200799,396,34820, ,Myrtle Beach-Conway-North Myrtle Beach  SC ,3813,3813,606313,3,6,554,1,3,363,87,1446,202763,3682,3682,575346,3,6,554,1,3,363,75,998,102914
200799,400,34980,C,Nashville-Davidson--Murfreesboro  TN ,10902,10902,1999455,55,110,9834,21,83,5619,98,2472,222893,10593,10593,1949583,52,104,9684,21,83,5619,98,2472,222893
200799,406,35380,C,New Orleans-Metairie-Kenner  LA ,3999,3999,708998,188,376,30243,15,56,5433,80,2593,280014,3998,3998,708909,188,376,30243,15,56,5433,80,2593,280014
200799,408,14860, ,Bridgeport-Stamford-Norwalk  CT ,1438,1438,686146,43,86,9421,11,39,2793,24,727,164055,1428,1428,683712,43,86,9421,10,36,2568,24,727,164055
200799,408,28740, ,Kingston  NY ,418,418,90066,6,12,1300,2,7,764,7,159,19254,408,408,87393,6,12,1300,2,7,764,7,159,19254
200799,408,35300, ,New Haven-Milford  CT ,786,786,140364,14,28,1593,9,33,4175,24,409,32347,713,713,129697,14,28,1593,9,33,4175,12,174,17885
200799,408,35620,C,New York-Northern New Jersey-Long Island  NY-NJ-PA ,12558,12558,3189929,2325,4650,459590,1565,4859,424862,1126,34338,3081012,10852,10852,2827390,2255,4510,447694,1549,4810,421842,950,32910,2938655
200799,408,39100, ,Poughkeepsie-Newburgh-Middletown  NY ,1333,1333,257159,4,8,963,8,27,2978,66,652,63572,1125,1125,221464,3,6,620,8,27,2978,34,427,50197
200799,408,45940,C,Trenton-Ewing  NJ ,466,466,75239,7,14,1370,0,0,0,2,220,21376,456,456,71456,5,10,745,0,0,0,2,220,21376
200799,416,36420,C,Oklahoma City  OK ,5491,5491,948398,42,84,6435,26,104,8231,34,596,37340,3366,3366,665467,30,60,4701,26,104,8231,24,465,28753
200799,420,36540,C,Omaha-Council Bluffs  NE-IA ,3857,3857,522819,18,36,2802,8,30,1940,37,1125,81306,3840,3840,520760,18,36,2802,8,30,1940,37,1125,81306
200799,422,19660,C,Deltona-Daytona Beach-Ormond Beach  FL ,1520,1520,348221,16,32,3600,0,0,0,41,633,89983,1219,1219,296676,16,32,3600,0,0,0,18,355,62653
200799,422,36740,C,Orlando-Kissimmee  FL ,11805,11805,2282966,59,118,16337,17,66,9155,300,6649,688370,9266,9266,1947992,59,118,16337,17,66,9155,287,6509,680634
200799,422,37380, ,Palm Coast  FL ,517,517,140417,3,6,974,10,39,6355,1,5,117,517,517,140417,3,6,974,10,39,6355,1,5,117
200799,426,37900, ,Peoria  IL ,1093,1093,237043,35,70,8679,6,22,2860,15,167,11920,1081,1081,232617,35,70,8679,6,22,2860,14,161,11406
200799,428,37980,C,Philadelphia-Camden-Wilmington  PA-NJ-DE-MD ,9542,9542,1596627,78,156,14281,63,215,25534,167,3564,270631,8485,8485,1452514,76,152,13670,54,188,22414,101,3061,234436
200799,428,47220,C,Vineland-Millville-Bridgeton  NJ ,572,572,67113,5,10,1875,5,17,1529,2,84,8044,486,486,57946,5,10,1875,4,14,1127,2,84,8044
200799,430,38300,C,Pittsburgh  PA ,3844,3844,772312,54,108,10685,49,177,17063,29,551,23842,3492,3492,719194,50,100,9803,35,130,14655,10,442,20236
200799,438,30340, ,Lewiston-Auburn  ME ,246,246,43579,3,6,584,0,0,0,0,0,0,223,223,40756,3,6,584,0,0,0,0,0,0
200799,438,38860, ,Portland-South Portland-Biddeford  ME ,2124,2124,394483,37,74,6888,17,56,5499,29,418,39626,1510,1510,318548,23,46,5220,5,17,2105,18,363,32013
200799,442,38940,C,Port St. Lucie  FL ,2008,2008,415332,2,4,462,15,56,7628,28,341,29689,1922,1922,397331,2,4,462,4,15,2932,14,190,16708
200799,442,42680,C,Sebastian-Vero Beach  FL ,1130,1130,340609,4,8,837,8,29,1806,7,90,10740,1130,1130,340609,4,8,837,8,29,1806,7,90,10740
200799,450,20500,C,Durham  NC ,2845,2845,651992,49,98,8693,17,63,5400,13,248,17460,2764,2764,637474,49,98,8693,17,63,5400,9,175,13697
200799,450,39580,C,Raleigh-Cary  NC ,12764,12764,2593304,25,50,4480,42,142,12150,138,3658,332996,12737,12737,2589750,25,50,4480,41,139,12085,138,3658,332996
200799,456,39900,C,Reno-Sparks  NV ,2022,2022,405250,8,16,1276,7,23,2845,3,49,5041,1992,1992,397593,8,16,1276,7,23,2845,2,44,4727
200799,464,40380, ,Rochester  NY ,1611,1611,326975,12,24,3180,13,50,3220,17,221,15301,1542,1542,317035,12,24,3180,13,50,3220,16,174,14462
200799,466,40420, ,Rockford  IL ,1127,1127,148883,30,60,7404,7,28,2645,14,120,22083,1032,1032,135900,29,58,7199,7,28,2645,14,120,22083
200799,472,40900,C,Sacramento--Arden-Arcade--Roseville  CA ,6924,6924,1606327,55,110,14994,26,93,11268,86,923,104315,6922,6922,1605656,55,110,14994,26,93,11268,86,923,104315
200799,472,49700, ,Yuba City  CA ,928,928,162352,0,0,0,1,4,350,11,96,6942,923,923,161699,0,0,0,1,4,350,11,96,6942
200799,474,13020, ,Bay City  MI ,118,118,19168,0,0,0,0,0,0,1,81,3259,91,91,16161,0,0,0,0,0,0,1,81,3259
200799,474,40980, ,Saginaw-Saginaw Township North  MI ,173,173,28952,7,14,756,0,0,0,7,53,5050,158,158,25966,7,14,756,0,0,0,7,53,5050
200799,476,41180,C,St. Louis  MO-IL ,8119,8119,1642347,113,226,23716,96,342,31952,117,1624,123958,7652,7652,1560957,98,196,20940,88,317,28954,103,1512,113425
200799,480,41540, ,Salisbury  MD ,374,374,58203,0,0,0,0,0,0,22,303,32017,337,337,54524,0,0,0,0,0,0,19,253,25164
200799,482,36260, ,Ogden-Clearfield  UT ,2935,2935,609101,13,26,2717,48,178,20185,8,295,30092,2847,2847,589501,9,18,1810,48,178,20185,8,295,30092
200799,482,41620,C,Salt Lake City  UT ,4254,4254,913069,28,56,6895,31,112,13293,73,1823,242228,3920,3920,864402,14,28,4117,25,93,12148,58,1711,235573
200799,488,34900, ,Napa  CA ,272,272,117319,1,2,349,0,0,0,2,56,7632,251,251,110866,1,2,349,0,0,0,1,50,7062
200799,488,41860,C,San Francisco-Oakland-Fremont  CA ,5055,5055,1681340,59,118,17327,56,186,33827,166,5201,697516,4699,4699,1565437,56,112,16299,49,165,30129,130,4737,652204
200799,488,41940,C,San Jose-Sunnyvale-Santa Clara  CA ,1955,1955,627330,23,46,6418,11,40,6305,137,2153,369704,1922,1922,618976,22,44,6007,11,40,6305,136,2148,368976
200799,488,42100, ,Santa Cruz-Watsonville  CA ,321,321,79581,6,12,3362,4,13,1816,28,496,89836,198,198,57983,6,12,3362,1,3,812,17,397,81725
200799,488,42220, ,Santa Rosa-Petaluma  CA ,910,910,222048,22,44,5511,13,49,5138,26,428,59264,910,910,222048,22,44,5511,13,49,5138,26,428,59264
200799,488,46700, ,Vallejo-Fairfield  CA ,866,866,206651,17,34,3849,1,4,52,3,115,15504,866,866,206651,17,34,3849,1,4,52,3,115,15504
200799,492,42140,C,Santa Fe  NM ,277,277,36928,0,0,0,0,0,0,0,0,0,0,0,0,0,0,0,0,0,0,0,0,0
200799,494,39460,C,Punta Gorda  FL ,932,932,211629,36,72,9710,37,134,16827,30,232,41218,932,932,211629,36,72,9710,37,134,16827,30,232,41218
200799,494,42260,C,Sarasota-Bradenton-Venice  FL ,2215,2215,515971,29,58,12044,9,35,4786,30,373,63301,2215,2215,515971,25,50,10556,9,35,4786,27,358,60184
200799,496,25980, ,Hinesville-Fort Stewart  GA ,211,211,42023,0,0,0,0,0,0,11,264,27107,211,211,42023,0,0,0,0,0,0,11,264,27107
200799,496,42340, ,Savannah  GA ,2794,2794,433213,22,44,1753,16,64,1606,49,796,43261,2366,2366,372567,22,44,1753,16,64,1606,49,796,43261
200799,500,14740, ,Bremerton-Silverdale  WA ,1239,1239,264846,19,38,4275,1,3,270,8,90,6506,1239,1239,264846,19,38,4275,1,3,270,8,90,6506
200799,500,34580, ,Mount Vernon-Anacortes  WA ,793,793,144383,5,10,1004,1,4,523,0,0,0,654,654,121662,5,10,1004,1,4,523,0,0,0
200799,500,36500, ,Olympia  WA ,2027,2027,409832,11,22,2521,6,22,2323,37,532,42619,2026,2026,409734,11,22,2521,6,22,2323,37,532,42619
200799,500,42660,C,Seattle-Tacoma-Bellevue  WA ,12395,12395,2864906,631,1262,151463,372,1249,139208,367,10497,1258745,11730,11730,2776867,594,1188,145775,355,1197,133949,305,9975,1217833
200799,508,43340, ,Shreveport-Bossier City  LA ,1417,1417,237612,44,88,4610,0,0,0,1,12,984,1413,1413,237334,44,88,4610,0,0,0,1,12,984
200799,512,43580, ,Sioux City  IA-NE-SD ,220,220,40051,8,16,1898,10,35,3414,0,0,0,167,167,30728,6,12,1340,10,35,3414,0,0,0
200799,515,21140, ,Elkhart-Goshen  IN ,613,613,113294,4,8,530,2,8,500,3,52,7162,613,613,113294,4,8,530,2,8,500,3,52,7162
200799,515,43780, ,South Bend-Mishawaka  IN-MI ,718,718,137187,0,0,0,13,47,6992,16,485,28053,714,714,136529,0,0,0,13,47,6992,15,441,25119
200799,532,45060, ,Syracuse  NY ,1220,1220,203021,3,6,543,3,10,905,9,184,11022,1130,1130,191314,3,6,543,3,10,905,9,184,11022
200799,534,45780, ,Toledo  OH ,1226,1226,191605,18,36,3813,10,38,2183,33,670,29539,1219,1219,190477,18,36,3813,10,38,2183,32,665,29187
200799,538,46140,C,Tulsa  OK ,4399,4399,736154,38,76,5347,3,9,818,17,676,21201,4393,4393,735725,38,76,5347,3,9,818,17,676,21201
200799,540,46340, ,Tyler  TX ,370,370,59833,0,0,0,5,15,750,13,77,3558,88,88,13842,0,0,0,0,0,0,0,0,0
200799,548,12580,C,Baltimore-Towson  MD ,4775,4775,1255450,0,0,0,1,4,329,60,1428,183367,4762,4762,1253311,0,0,0,1,4,329,59,1407,181379
200799,548,47900,C,Washington-Arlington-Alexandria  DC-VA-MD-WV ,14551,14551,2926538,26,52,4145,18,67,5416,153,7789,820451,14377,14377,2900484,25,50,3956,17,64,5078,147,7571,788731
200799,548,49020, ,Winchester  VA-WV ,752,752,137504,0,0,0,0,0,0,4,50,3676,743,743,136724,0,0,0,0,0,0,4,50,3676
200799,554,48140, ,Wausau  WI ,401,401,71701,9,18,2099,3,12,750,17,244,15733,317,317,56725,9,18,2099,3,12,750,17,244,15733
200799,556,48620, ,Wichita  KS ,2367,2367,370921,32,64,4858,1,3,247,31,347,24539,2290,2290,359731,29,58,4378,1,3,247,30,335,24163
200799,558,48700, ,Williamsport  PA ,197,197,30826,2,4,400,0,0,0,1,5,775,189,189,29646,2,4,400,0,0,0,1,5,775
200799,564,49620, ,York-Hanover  PA ,1964,1964,329247,3,6,512,2,8,695,6,51,5171,1823,1823,306805,3,6,512,2,8,695,1,26,2300
200799,566,49660, ,Youngstown-Warren-Boardman  OH-PA ,623,623,111565,17,34,2940,18,66,5390,20,128,10260,559,559,101773,11,22,2340,14,54,5150,20,128,10260
200799,999,10180, ,Abilene  TX ,283,283,45874,5,10,993,0,0,0,0,0,0,283,283,45874,5,10,993,0,0,0,0,0,0
200799,999,10500, ,Albany  GA ,463,463,53300,15,30,2251,10,32,1630,3,65,5938,67,67,7430,0,0,0,0,0,0,2,60,5750
200799,999,10740,C,Albuquerque  NM ,3696,3696,707302,3,6,699,55,198,20521,23,599,45930,3257,3257,632582,3,6,699,55,198,20521,23,599,45930
200799,999,10780, ,Alexandria  LA ,564,564,65016,0,0,0,2,8,1100,0,0,0,400,400,46648,0,0,0,2,8,1100,0,0,0
200799,999,10900,C,Allentown-Bethlehem-Easton  PA-NJ ,2640,2640,450965,10,20,1550,4,14,2278,13,115,10593,1932,1932,353517,3,6,776,3,11,2109,4,68,6712
200799,999,11020, ,Altoona  PA ,140,140,25801,1,2,150,0,0,0,1,152,12000,123,123,23789,1,2,150,0,0,0,1,152,12000
200799,999,11100, ,Amarillo  TX ,675,675,151269,4,8,488,0,0,0,43,632,46028,647,647,145912,4,8,488,0,0,0,41,611,44730
200799,999,11260,C,Anchorage  AK ,379,379,115523,76,152,30594,32,127,18497,23,312,34571,350,350,112333,76,152,30594,32,127,18497,23,312,34571
200799,999,11500, ,Anniston-Oxford  AL ,264,264,33383,1,2,75,0,0,0,13,206,7500,264,264,33383,1,2,75,0,0,0,13,206,7500
200799,999,12020, ,Athens-Clarke County  GA ,1164,1164,204167,2,4,215,7,22,2007,31,501,27158,1130,1130,197351,2,4,215,7,22,2007,31,501,27158
200799,999,12100,C,Atlantic City  NJ ,1025,1025,155724,18,36,5062,3,12,2412,3,63,2816,933,933,143049,17,34,4758,3,12,2412,1,40,2069
200799,999,12260, ,Augusta-Richmond County  GA-SC ,3007,3007,485093,5,10,390,0,0,0,17,332,21156,2807,2807,462212,2,4,210,0,0,0,17,332,21156
200799,999,12420,C,Austin-Round Rock  TX ,12120,12120,2067311,164,328,31320,157,553,39391,253,6902,701238,11146,11146,1952739,156,312,30305,157,553,39391,232,6466,675095
200799,999,12540, ,Bakersfield  CA ,3318,3318,462847,193,386,26596,72,265,18438,17,233,17416,3198,3198,452354,192,384,26483,72,265,18438,17,233,17416
200799,999,12620, ,Bangor  ME ,433,433,67453,3,6,902,4,16,1813,4,43,1730,353,353,59352,3,6,902,4,16,1813,4,43,1730
200799,999,12700, ,Barnstable Town  MA ,679,679,216860,5,10,1020,7,22,1552,16,107,13359,531,531,184382,5,10,1020,3,9,886,1,13,1625
200799,999,12980, ,Battle Creek  MI ,136,136,24204,0,0,0,0,0,0,9,104,5828,106,106,19665,0,0,0,0,0,0,7,93,5327
200799,999,13140, ,Beaumont-Port Arthur  TX ,1081,1081,146263,5,10,1109,41,164,13575,34,1033,53068,1076,1076,145852,5,10,1109,41,164,13575,34,1033,53068
200799,999,13380, ,Bellingham  WA ,858,858,161441,18,36,5001,43,140,15679,16,198,20384,802,802,151439,13,26,3947,40,130,15200,14,188,19583
200799,999,13740, ,Billings  MT ,638,638,95005,6,12,1554,4,13,414,0,0,0,638,638,95005,6,12,1554,1,4,414,0,0,0
200799,999,13780, ,Binghamton  NY ,264,264,45491,0,0,0,0,0,0,3,42,3794,253,253,43932,0,0,0,0,0,0,3,42,3794
200799,999,13900, ,Bismarck  ND ,709,709,117812,3,6,488,14,56,8149,7,176,11374,708,708,117712,3,6,488,14,56,8149,7,176,11374
200799,999,13980, ,Blacksburg-Christiansburg-Radford  VA ,568,568,90518,1,2,400,10,40,3423,6,242,13458,568,568,90518,1,2,400,10,40,3423,6,242,13458
200799,999,14020, ,Bloomington  IN ,558,558,77983,12,24,2443,6,24,1696,10,269,18387,556,556,77736,12,24,2443,6,24,1696,10,269,18387
200799,999,14060, ,Bloomington-Normal  IL ,425,425,63091,1,2,150,1,3,207,27,223,9319,221,221,32119,0,0,0,0,0,0,15,125,5878
200799,999,14260,C,Boise City-Nampa  ID ,3762,3762,823037,73,146,14035,197,781,51531,11,175,39711,3671,3671,812351,73,146,14035,197,781,51531,11,175,39711
200799,999,14540, ,Bowling Green  KY ,647,647,92586,18,36,2213,4,16,1205,16,128,8424,647,647,92586,18,36,2213,4,16,1205,16,128,8424
200799,999,15260, ,Brunswick  GA ,829,829,200073,3,6,668,0,0,0,0,0,0,654,654,174378,3,6,668,0,0,0,0,0,0
200799,999,15540, ,Burlington-South Burlington  VT ,446,446,90482,30,60,6509,11,36,4132,14,175,14998,334,334,72906,28,56,6221,10,33,3952,12,165,14471
200799,999,15940, ,Canton-Massillon  OH ,618,618,117328,5,10,1016,0,0,0,20,100,5977,520,520,106466,5,10,1016,0,0,0,12,60,4070
200799,999,15980,C,Cape Coral-Fort Myers  FL ,4356,4356,964812,18,36,3687,10,40,6342,106,1473,376876,4356,4356,964812,18,36,3687,10,40,6342,106,1473,376876
200799,999,16180,C,Carson City  NV ,45,45,11070,1,2,176,1,4,300,0,0,0,45,45,11070,1,2,176,1,4,300,0,0,0
200799,999,16220, ,Casper  WY ,429,429,80682,0,0,0,0,0,0,0,0,0,418,418,78632,0,0,0,0,0,0,0,0,0
200799,999,16300, ,Cedar Rapids  IA ,840,840,105374,30,60,5388,36,131,9126,14,156,7498,834,834,104453,30,60,5388,36,131,9126,14,156,7498
200799,999,16580, ,Champaign-Urbana  IL ,657,657,127360,6,12,1507,6,22,2715,38,922,96282,577,577,116792,6,12,1507,6,22,2715,37,917,95963
200799,999,16620, ,Charleston  WV ,463,463,68135,7,14,2823,1,4,68,6,69,2786,444,444,66144,7,14,2823,1,4,68,6,69,2786
200799,999,16700,C,Charleston-North Charleston  SC ,5602,5602,1150064,6,12,1290,6,18,7452,60,1148,108906,5558,5558,1142288,6,12,1290,6,18,7452,50,1098,105839
200799,999,16820, ,Charlottesville  VA ,1151,1151,321688,2,4,325,0,0,0,6,162,26174,1151,1151,321688,2,4,325,0,0,0,6,162,26174
200799,999,16940, ,Cheyenne  WY ,316,316,53192,0,0,0,0,0,0,0,0,0,316,316,53192,0,0,0,0,0,0,0,0,0
200799,999,17020, ,Chico  CA ,804,804,114270,1,2,230,10,31,3158,14,148,12405,728,728,97922,1,2,230,10,31,3158,14,148,12405
200799,999,17300, ,Clarksville  TN-KY ,1623,1623,190466,44,88,5796,69,271,11009,27,240,14486,1559,1559,185547,44,88,5796,69,271,11009,27,240,14486
200799,999,17660, ,Coeur dAlene  ID ,995,995,231808,25,50,6022,8,28,3171,45,588,74911,886,886,213023,25,50,6022,6,22,2638,38,488,49240
200799,999,17780, ,College Station-Bryan  TX ,891,891,133873,30,60,4425,4,15,1043,69,961,59411,874,874,131894,30,60,4425,4,15,1043,69,961,59411
200799,999,17820,C,Colorado Springs  CO ,2824,2824,513681,22,44,7165,17,64,8366,18,297,31253,2823,2823,513592,22,44,7165,17,64,8366,18,297,31253
200799,999,17860, ,Columbia  MO ,865,865,145277,75,150,12730,1,4,350,12,147,9982,864,864,145188,75,150,12730,1,4,350,12,147,9982
200799,999,19060, ,Cumberland  MD-WV ,244,244,44094,1,2,200,0,0,0,0,0,0,244,244,44094,1,2,200,0,0,0,0,0,0
200799,999,19140, ,Dalton  GA ,522,522,67347,12,24,1267,11,33,1774,14,91,4330,330,330,45594,3,6,392,3,9,510,2,11,310
200799,999,19180, ,Danville  IL ,23,23,2464,0,0,0,0,0,0,3,24,1560,19,19,2063,0,0,0,0,0,0,3,24,1560
200799,999,19260, ,Danville  VA ,174,174,21792,2,4,110,0,0,0,11,110,3390,26,26,3412,2,4,110,0,0,0,9,100,2800
200799,999,19340, ,Davenport-Moline-Rock Island  IA-IL ,688,688,122098,5,10,1138,0,0,0,39,492,25327,648,648,116785,4,8,858,0,0,0,39,492,25327
200799,999,19500, ,Decatur  IL ,134,134,32062,2,4,525,2,8,750,0,0,0,132,132,31652,2,4,525,2,8,750,0,0,0
200799,999,20100,C,Dover  DE ,1317,1317,179395,0,0,0,7,28,1728,8,139,7845,1297,1297,177227,0,0,0,7,28,1728,8,139,7845
200799,999,20220, ,Dubuque  IA ,320,320,59058,11,22,2060,4,13,1292,1,12,500,319,319,58909,11,22,2060,4,13,1292,1,12,500
200799,999,20260, ,Duluth  MN-WI ,829,829,128025,10,20,2151,5,15,1497,23,137,11879,727,727,109862,8,16,1713,0,0,0,6,50,3391
200799,999,20940, ,El Centro  CA ,648,648,96909,4,8,542,17,65,5544,27,248,17184,648,648,96909,4,8,542,17,65,5544,27,248,17184
200799,999,21300, ,Elmira  NY ,74,74,14287,3,6,310,3,12,900,0,0,0,58,58,11970,3,6,310,3,12,900,0,0,0
200799,999,21340, ,El Paso  TX ,3190,3190,438286,2,4,107,52,206,14380,86,979,43962,2928,2928,402105,2,4,107,49,195,13546,85,974,43814
200799,999,21500, ,Erie  PA ,583,583,86638,7,14,837,6,21,1752,16,192,12176,563,563,84704,6,12,752,6,21,1752,16,192,12176
200799,999,21660, ,Eugene-Springfield  OR ,1045,1045,206525,37,74,8427,13,51,4352,13,320,29500,1045,1045,206525,37,74,8427,13,51,4352,13,320,29500
200799,999,21780, ,Evansville  IN-KY ,916,916,138519,12,24,3402,15,57,2160,40,353,42062,574,574,95472,12,24,3402,13,51,2004,14,171,33246
200799,999,21820,C,Fairbanks  AK ,88,88,14158,6,12,1558,4,13,1173,0,0,0,42,42,5566,1,2,350,3,10,930,0,0,0
200799,999,22140,C,Farmington  NM ,371,371,64552,0,0,0,0,0,0,0,0,0,371,371,64552,0,0,0,0,0,0,0,0,0
200799,999,22180, ,Fayetteville  NC ,2083,2083,308172,6,12,642,1,4,265,28,565,32728,2083,2083,308172,6,12,642,1,4,265,28,565,32728
200799,999,22220, ,Fayetteville-Springdale-Rogers  AR-MO ,2259,2259,359771,124,248,25559,31,122,12543,58,744,56320,1915,1915,297118,70,140,13064,30,119,12215,32,417,38816
200799,999,22380, ,Flagstaff  AZ ,471,471,102022,3,6,577,0,0,0,0,0,0,471,471,102022,3,6,577,0,0,0,0,0,0
200799,999,22500, ,Florence  SC ,777,777,105559,0,0,0,0,0,0,12,272,16320,672,672,91371,0,0,0,0,0,0,12,272,16320
200799,999,22520, ,Florence-Muscle Shoals  AL ,310,310,36920,12,24,958,0,0,0,10,114,5704,304,304,36054,12,24,958,0,0,0,10,114,5704
200799,999,22660,C,Fort Collins-Loveland  CO ,1116,1116,269711,5,10,1855,6,18,2575,18,197,22666,1116,1116,269711,5,10,1855,6,18,2575,18,197,22666
200799,999,22900, ,Fort Smith  AR-OK ,800,800,99660,53,106,6721,7,28,1790,12,171,8570,772,772,95188,53,106,6721,7,28,1790,12,171,8570
200799,999,23020, ,Fort Walton Beach-Crestview-Destin  FL ,628,628,119615,0,0,0,1,4,439,7,141,13593,628,628,119615,0,0,0,1,4,439,7,141,13593
200799,999,23460, ,Gadsden  AL ,238,238,31336,0,0,0,0,0,0,3,24,1350,230,230,30518,0,0,0,0,0,0,3,24,1350
200799,999,23540, ,Gainesville  FL ,740,740,102043,2,4,190,0,0,0,27,731,91623,577,577,82447,0,0,0,0,0,0,5,270,63566
200799,999,24140, ,Goldsboro  NC ,469,469,74682,0,0,0,0,0,0,0,0,0,469,469,74682,0,0,0,0,0,0,0,0,0
200799,999,24220, ,Grand Forks  ND-MN ,252,252,42248,0,0,0,0,0,0,5,152,9995,250,250,42048,0,0,0,0,0,0,5,152,9995
200799,999,24300,C,Grand Junction  CO ,1310,1310,262776,16,32,3111,0,0,0,3,24,614,1310,1310,262776,16,32,3111,0,0,0,3,24,614
200799,999,24500, ,Great Falls  MT ,240,240,38956,0,0,0,1,4,400,5,72,3000,240,240,38956,0,0,0,1,4,400,5,72,3000
200799,999,24540,C,Greeley  CO ,1556,1556,346140,0,0,0,3,9,874,13,282,13543,1505,1505,338907,0,0,0,0,0,0,12,271,11576
200799,999,24580, ,Green Bay  WI ,1559,1559,175522,21,42,4395,3,12,1200,22,280,17869,1431,1431,156869,21,42,4395,3,12,1200,10,145,12401
200799,999,24780, ,Greenville  NC ,1352,1352,176825,123,246,18961,0,0,0,91,950,45279,1352,1352,176825,123,246,18961,0,0,0,91,950,45279
200799,999,25180, ,Hagerstown-Martinsburg  MD-WV ,1604,1604,330593,5,10,1360,6,23,3900,12,168,13069,1604,1604,330593,5,10,1360,6,23,3900,12,168,13069
200799,999,25260, ,Hanford-Corcoran  CA ,472,472,75293,11,22,1629,1,3,176,0,0,0,437,437,70442,11,22,1629,1,3,176,0,0,0
200799,999,25500,C,Harrisonburg  VA ,902,902,137079,2,4,470,0,0,0,36,400,30071,902,902,137079,2,4,470,0,0,0,36,400,30071
200799,999,25620, ,Hattiesburg  MS ,297,297,32556,5,10,940,12,48,11082,31,776,40664,296,296,32462,5,10,940,12,48,11082,31,776,40664
200799,999,25860, ,Hickory-Lenoir-Morganton  NC ,1594,1594,331985,11,22,2308,1,4,140,1,48,3449,1586,1586,330596,10,20,2089,1,4,140,1,48,3449
200799,999,26180,C,Honolulu  HI ,1152,1152,325372,0,0,0,37,148,16722,44,1644,220075,566,566,163160,0,0,0,37,148,16722,37,1158,158754
200799,999,26300, ,Hot Springs  AR ,96,96,10257,0,0,0,0,0,0,0,0,0,3,3,90,0,0,0,0,0,0,0,0,0
200799,999,26380, ,Houma-Bayou Cane-Thibodaux  LA ,684,684,136565,7,14,1636,6,24,2068,0,0,0,646,646,129135,3,6,960,6,24,2068,0,0,0
200799,999,26580, ,Huntington-Ashland  WV-KY-OH ,258,258,33648,7,14,955,1,4,455,4,96,1920,207,207,27350,6,12,740,1,4,455,4,96,1920
200799,999,26980, ,Iowa City  IA ,647,647,130391,12,24,2961,0,0,0,8,148,17514,641,641,129182,12,24,2961,0,0,0,7,141,17077
200799,999,27100, ,Jackson  MI ,214,214,32543,5,10,1340,0,0,0,9,106,8564,157,157,25043,5,10,1340,0,0,0,9,106,8564
200799,999,27260,C,Jacksonville  FL ,7348,7348,1360165,67,134,9373,12,45,7942,157,3401,270648,7147,7147,1328611,63,126,8849,12,45,7942,147,3156,255018
200799,999,27340, ,Jacksonville  NC ,1539,1539,184868,9,18,939,0,0,0,8,79,5090,1539,1539,184868,9,18,939,0,0,0,8,79,5090
200799,999,27500, ,Janesville  WI ,410,410,70512,13,26,2545,2,7,400,4,34,1879,380,380,65664,13,26,2545,1,4,400,4,34,1879
200799,999,27620, ,Jefferson City  MO ,238,238,37875,2,4,225,3,9,595,0,0,0,141,141,24077,2,4,225,0,0,0,0,0,0
200799,999,27780, ,Johnstown  PA ,158,158,27601,8,16,1370,0,0,0,0,0,0,137,137,25533,8,16,1370,0,0,0,0,0,0
200799,999,27900, ,Joplin  MO ,326,326,38307,16,32,2167,3,12,652,3,27,1388,239,239,30835,16,32,2167,3,12,652,2,16,700
200799,999,28020, ,Kalamazoo-Portage  MI ,710,710,165294,21,42,3319,3,10,1598,19,238,28332,563,563,146348,21,42,3319,3,10,1598,19,238,28332
200799,999,28420, ,Kennewick-Richland-Pasco  WA ,1396,1396,312361,3,6,865,0,0,0,5,201,15850,1187,1187,268368,0,0,0,0,0,0,3,184,15180
200799,999,28660, ,Killeen-Temple-Fort Hood  TX ,2487,2487,341673,253,506,34098,16,62,2706,14,154,9013,2462,2462,338842,253,506,34098,15,58,2586,14,154,9013
200799,999,29100, ,La Crosse  WI-MN ,439,439,79324,7,14,888,3,10,870,11,164,7431,438,438,79136,7,14,888,3,10,870,11,164,7431
200799,999,29420, ,Lake Havasu City-Kingman  AZ ,1127,1127,192229,14,28,3064,7,22,1607,7,46,2579,1085,1085,184517,13,26,2829,7,22,1607,7,46,2579
200799,999,29460,C,Lakeland  FL ,3854,3854,562535,8,16,1209,0,0,0,30,352,19655,3788,3788,552480,8,16,1209,0,0,0,26,327,18002
200799,999,29540, ,Lancaster  PA ,1386,1386,237882,9,18,1722,7,26,2893,18,301,31715,1220,1220,211889,7,14,1362,7,26,2893,18,301,31715
200799,999,29700,C,Laredo  TX ,1257,1257,154641,6,12,802,16,62,3119,13,250,14833,1257,1257,154641,6,12,802,16,62,3119,13,250,14833
200799,999,29740,C,Las Cruces  NM ,1374,1374,236183,11,22,1859,7,28,1960,0,0,0,1374,1374,236183,11,22,1859,7,28,1960,0,0,0
200799,999,29940, ,Lawrence  KS ,254,254,48891,6,12,1285,16,62,2698,17,128,4864,157,157,29327,6,12,1285,14,56,1913,15,118,4465
200799,999,30020, ,Lawton  OK ,293,293,44315,4,8,630,2,7,367,34,568,33450,282,282,42761,4,8,630,2,7,367,34,568,33450
200799,999,30300, ,Lewiston  ID-WA ,150,150,26001,11,22,3056,0,0,0,0,0,0,150,150,26001,11,22,3056,0,0,0,0,0,0
200799,999,30700, ,Lincoln  NE ,1065,1065,181407,11,22,2814,6,24,1168,29,238,13356,1061,1061,180855,11,22,2814,6,24,1168,29,238,13356
200799,999,30860, ,Logan  UT-ID ,912,912,149166,0,0,0,13,43,3528,10,50,4170,878,878,144092,0,0,0,4,15,1193,0,0,0
200799,999,31020, ,Longview  WA ,485,485,108852,3,6,660,1,4,312,7,83,4284,480,480,108027,3,6,660,1,4,312,7,83,4284
200799,999,31340, ,Lynchburg  VA ,1436,1436,282106,2,4,195,0,0,0,13,276,17628,1436,1436,282106,2,4,195,0,0,0,13,276,17628
200799,999,32580,C,McAllen-Edinburg-Mission  TX ,5079,5079,619175,140,280,13001,95,367,23672,58,732,45824,4849,4849,605630,138,276,12833,94,364,23597,53,707,45122
200799,999,32780, ,Medford  OR ,1020,1020,197056,10,20,2459,11,43,4715,5,55,5553,967,967,189056,7,14,1967,11,43,4715,4,50,5149
200799,999,32820,C,Memphis  TN-MS-AR ,5676,5676,967327,37,74,5704,1,3,190,92,2325,193134,5362,5362,927346,37,74,5704,1,3,190,92,2325,193134
200799,999,32900, ,Merced  CA ,780,780,136908,7,14,1600,0,0,0,0,0,0,780,780,136908,7,14,1600,0,0,0,0,0,0
200799,999,33100,C,Miami-Fort Lauderdale-Miami Beach  FL ,7101,7101,1534409,227,454,48189,37,135,16268,267,7455,1110888,6189,6189,1348055,221,442,47001,31,117,14017,208,6820,1020471
200799,999,33540,C,Missoula  MT ,513,513,71234,7,14,931,8,31,1865,5,109,6993,513,513,71234,7,14,931,8,31,1865,5,109,6993
200799,999,33700, ,Modesto  CA ,1352,1352,257964,23,46,4514,2,6,680,22,461,43249,1352,1352,257964,23,46,4514,2,6,680,22,461,43249
200799,999,34060, ,Morgantown  WV ,30,30,4740,0,0,0,1,3,300,4,70,3774,24,24,3813,0,0,0,0,0,0,4,70,3774
200799,999,34620, ,Muncie  IN ,120,120,20096,7,14,1206,0,0,0,0,0,0,94,94,15874,7,14,1206,0,0,0,0,0,0
200799,999,34940,C,Naples-Marco Island  FL ,1069,1069,399424,4,8,1862,50,189,40053,75,829,208379,1068,1068,399192,4,8,1862,50,189,40053,75,829,208379
200799,999,35660, ,Niles-Benton Harbor  MI ,441,441,97118,0,0,0,0,0,0,2,26,3667,406,406,89123,0,0,0,0,0,0,1,21,3380
200799,999,35980, ,Norwich-New London  CT ,572,572,111542,18,36,4015,2,8,758,9,102,10767,520,520,103421,18,36,4015,2,8,758,9,102,10767
200799,999,36100,C,Ocala  FL ,2536,2536,415758,7,14,2437,25,83,4715,29,402,28008,2529,2529,414482,4,8,2182,25,83,4715,29,402,28008
200799,999,36140,C,Ocean City  NJ ,625,625,167897,74,148,23868,12,41,5539,10,267,29719,617,617,166489,74,148,23868,12,41,5539,10,267,29719
200799,999,36980, ,Owensboro  KY ,300,300,29641,16,32,1514,11,44,1478,7,56,3625,300,300,29641,16,32,1514,11,44,1478,7,56,3625
200799,999,37340,C,Palm Bay-Melbourne-Titusville  FL ,2039,2039,441105,4,8,688,3,11,2878,47,869,78213,2039,2039,441105,4,8,688,3,11,2878,47,869,78213
200799,999,37460, ,Panama City-Lynn Haven  FL ,636,636,75987,13,26,2106,4,14,921,15,360,19241,636,636,75987,13,26,2106,4,14,921,15,360,19241
200799,999,37620, ,Parkersburg-Marietta-Vienna  WV-OH ,200,200,21917,2,4,85,3,12,950,0,0,0,197,197,21376,2,4,85,3,12,950,0,0,0
200799,999,37860,C,Pensacola-Ferry Pass-Brent  FL ,1757,1757,288207,33,66,5941,15,59,5863,56,740,74824,1635,1635,267926,30,60,5261,14,56,5637,53,649,65187
200799,999,38060,C,Phoenix-Mesa-Scottsdale  AZ ,26404,26404,4983300,51,102,11287,307,1010,121332,575,9756,982689,26193,26193,4957359,48,96,10893,304,998,120607,568,9721,980096
200799,999,38340, ,Pittsfield  MA ,264,264,66526,1,2,100,0,0,0,4,32,3500,137,137,42338,1,2,100,0,0,0,4,32,3500
200799,999,38540, ,Pocatello  ID ,316,316,43595,7,14,856,0,0,0,0,0,0,316,316,43595,7,14,856,0,0,0,0,0,0
200799,999,38900,C,Portland-Vancouver-Beaverton  OR-WA ,8410,8410,1843875,142,284,32976,54,179,18570,187,4242,437588,7249,7249,1632930,142,284,32976,54,179,18570,181,4212,435297
200799,999,39140, ,Prescott  AZ ,1416,1416,295440,13,26,2729,6,19,1918,0,0,0,1413,1413,294990,13,26,2729,6,19,1918,0,0,0
200799,999,39300, ,Providence-New Bedford-Fall River  RI-MA ,2241,2241,457785,100,200,14861,44,146,14933,21,498,33437,2127,2127,439251,94,188,14181,41,137,13058,21,498,33437
200799,999,39340, ,Provo-Orem  UT ,3882,3882,906194,20,40,5892,42,151,18551,37,425,48428,3869,3869,902849,20,40,5892,42,151,18551,37,425,48428
200799,999,39380,C,Pueblo  CO ,663,663,112850,7,14,1481,0,0,0,0,0,0,663,663,112850,7,14,1481,0,0,0,0,0,0
200799,999,39660, ,Rapid City  SD ,627,627,92741,8,16,2275,3,12,985,17,302,17064,625,625,92586,8,16,2275,3,12,985,17,302,17064
200799,999,39740, ,Reading  PA ,1009,1009,180988,16,32,3808,1,4,308,25,243,15270,801,801,146822,1,2,150,1,4,308,25,243,15270
200799,999,39820, ,Redding  CA ,545,545,100037,8,16,1678,3,11,966,2,140,9208,515,515,94185,8,16,1678,3,11,966,2,140,9208
200799,999,40060,C,Richmond  VA ,5958,5958,1042726,13,26,2628,57,222,19201,46,912,111771,5958,5958,1042726,13,26,2628,57,222,19201,46,912,111771
200799,999,40220, ,Roanoke  VA ,981,981,208157,2,4,380,4,16,1816,1,5,500,947,947,203702,2,4,380,4,16,1816,1,5,500
200799,999,40340, ,Rochester  MN ,650,650,133247,0,0,0,1,4,301,6,132,16970,639,639,131748,0,0,0,1,4,301,6,132,16970
200799,999,40580, ,Rocky Mount  NC ,780,780,76198,31,62,4257,1,3,180,0,0,0,780,780,76198,31,62,4257,1,3,180,0,0,0
200799,999,40660, ,Rome  GA ,284,284,46342,10,20,1660,1,4,250,0,0,0,284,284,46342,10,20,1660,1,4,250,0,0,0
200799,999,41100, ,St. George  UT ,1792,1792,338157,3,6,530,5,15,2397,17,136,13765,1770,1770,334714,3,6,530,5,15,2397,17,136,13765
200799,999,41140, ,St. Joseph  MO-KS ,147,147,24814,11,22,2720,0,0,0,1,8,275,147,147,24814,11,22,2720,0,0,0,1,8,275
200799,999,41420, ,Salem  OR ,1342,1342,312276,21,42,4485,3,9,869,42,398,29974,1293,1293,303409,18,36,3587,3,9,869,41,393,29190
200799,999,41500, ,Salinas  CA ,563,563,200227,3,6,510,3,12,2022,52,526,67698,563,563,200227,3,6,510,3,12,2022,52,526,67698
200799,999,41660,C,San Angelo  TX ,356,356,52340,0,0,0,0,0,0,0,0,0,356,356,52340,0,0,0,0,0,0,0,0,0
200799,999,41700,C,San Antonio  TX ,9350,9350,1672335,46,92,7028,54,216,19464,179,3637,361340,8565,8565,1552595,46,92,7028,54,216,19464,150,3408,348370
200799,999,41740,C,San Diego-Carlsbad-San Marcos  CA ,3422,3422,955601,104,208,28820,82,262,33686,121,3543,412721,3384,3384,944642,104,208,28820,82,262,33686,119,3518,409981
200799,999,41780, ,Sandusky  OH ,103,103,20671,0,0,0,6,24,3000,0,0,0,88,88,17960,0,0,0,6,24,3000,0,0,0
200799,999,42020, ,San Luis Obispo-Paso Robles  CA ,919,919,175346,10,20,2812,3,10,1018,37,317,33785,839,839,161443,10,20,2812,2,7,700,35,235,24805
200799,999,42060, ,Santa Barbara-Santa Maria  CA ,470,470,148455,10,20,2313,10,32,4193,8,189,26737,438,438,134865,6,12,1109,8,26,3193,6,143,18961
200799,999,42540, ,Scranton--Wilkes-Barre  PA ,1265,1265,206203,8,16,2163,9,34,2882,9,101,9775,866,866,147602,8,16,2163,7,28,2170,0,0,0
200799,999,43100, ,Sheboygan  WI ,196,196,43491,35,70,11344,1,4,488,5,119,12450,186,186,41830,35,70,11344,1,4,488,5,119,12450
200799,999,43300, ,Sherman-Denison  TX ,266,266,35541,26,52,2921,0,0,0,1,200,12982,266,266,35541,26,52,2921,0,0,0,1,200,12982
200799,999,43620, ,Sioux Falls  SD ,1517,1517,210096,48,96,13283,37,148,11066,34,621,42604,1493,1493,207085,48,96,13283,37,148,11066,34,621,42604
200799,999,44060, ,Spokane  WA ,2139,2139,331586,9,18,2234,8,30,4899,57,590,48503,2045,2045,318039,9,18,2234,8,30,4899,56,575,47529
200799,999,44100, ,Springfield  IL ,459,459,84280,60,120,12177,6,22,1919,1,7,656,341,341,69131,56,112,11177,6,22,1919,0,0,0
200799,999,44140, ,Springfield  MA ,1015,1015,197367,45,90,8268,10,32,4115,8,74,7009,881,881,177519,45,90,8268,10,32,4115,3,19,2681
200799,999,44180, ,Springfield  MO ,1869,1869,296342,75,150,12879,4,14,1249,55,1417,60471,1727,1727,275595,74,148,12563,2,7,367,46,1260,53442
200799,999,44300, ,State College  PA ,475,475,83615,8,16,2102,3,11,1279,5,132,15954,466,466,82521,8,16,2102,3,11,1279,5,132,15954
200799,999,44700,C,Stockton  CA ,2201,2201,499206,1,2,259,5,18,2310,23,205,23939,2201,2201,499206,1,2,259,5,18,2310,23,205,23939
200799,999,44940,C,Sumter  SC ,568,568,67774,31,62,3548,0,0,0,14,286,11649,568,568,67774,31,62,3548,0,0,0,14,286,11649
200799,999,45220, ,Tallahassee  FL ,2120,2120,349307,24,48,3415,0,0,0,29,731,30986,2120,2120,349307,24,48,3415,0,0,0,29,731,30986
200799,999,45300,C,Tampa-St. Petersburg-Clearwater  FL ,8054,8054,1554325,94,188,23364,91,294,37453,147,3713,402865,7965,7965,1535907,94,188,23364,91,294,37453,146,3706,402402
200799,999,45460, ,Terre Haute  IN ,284,284,41248,26,52,5042,1,3,201,6,154,8462,282,282,41108,26,52,5042,1,3,201,6,154,8462
200799,999,45500, ,Texarkana  TX-Texarkana  AR ,232,232,20037,13,26,1894,1,3,138,7,177,9808,230,230,19813,13,26,1894,1,3,138,7,177,9808
200799,999,45820, ,Topeka  KS ,670,670,121332,12,24,2348,7,27,1908,22,321,19459,663,663,120741,1,2,173,7,27,1908,22,321,19459
200799,999,46060,C,Tucson  AZ ,4698,4698,876061,37,74,7357,19,68,5273,36,397,22737,4271,4271,792679,37,74,7357,18,64,4918,35,392,22418
200799,999,46220, ,Tuscaloosa  AL ,934,934,152207,0,0,0,1,4,636,61,1020,58403,596,596,93252,0,0,0,1,4,636,6,77,6360
200799,999,46540, ,Utica-Rome  NY ,432,432,63853,1,2,167,1,3,341,5,43,3225,280,280,46960,1,2,167,0,0,0,0,0,0
200799,999,46660, ,Valdosta  GA ,1080,1080,118086,26,52,3181,1,3,214,11,118,10387,1074,1074,117281,26,52,3181,1,3,214,11,118,10387
200799,999,47020, ,Victoria  TX ,185,185,27792,1,2,160,0,0,0,0,0,0,185,185,27792,1,2,160,0,0,0,0,0,0
200799,999,47260,C,Virginia Beach-Norfolk-Newport News  VA-NC ,4758,4758,953109,55,110,15618,39,134,16897,96,1315,110423,4758,4758,953109,55,110,15618,39,134,16897,96,1315,110423
200799,999,47300, ,Visalia-Porterville  CA ,2254,2254,406517,11,22,2110,17,64,5696,39,349,32909,2252,2252,406358,11,22,2110,17,64,5696,39,349,32909
200799,999,47380, ,Waco  TX ,816,816,129376,14,28,2349,5,20,1393,11,200,9900,812,812,128630,14,28,2349,5,20,1393,11,200,9900
200799,999,47940, ,Waterloo-Cedar Falls  IA ,436,436,81876,9,18,2461,1,4,60,1,8,376,403,403,77110,8,16,2161,1,4,60,1,8,376
200799,999,48260, ,Weirton-Steubenville  WV-OH ,60,60,8987,0,0,0,1,4,259,8,102,4375,45,45,6664,0,0,0,1,4,259,8,102,4375
200799,999,48300, ,Wenatchee  WA ,767,767,128416,23,46,4847,15,56,3862,8,238,26768,676,676,114591,22,44,4791,4,14,1184,7,232,26099
200799,999,48540, ,Wheeling  WV-OH ,43,43,4520,1,2,350,0,0,0,7,92,11424,38,38,4246,1,2,350,0,0,0,7,92,11424
200799,999,48660, ,Wichita Falls  TX ,224,224,39455,13,26,1964,5,20,1080,27,496,21883,197,197,37136,13,26,1964,5,20,1080,27,496,21883
200799,999,48900,C,Wilmington  NC ,4998,4998,918883,35,70,11204,4,14,2712,74,1147,110039,4624,4624,846598,34,68,10987,2,8,2073,65,1015,96183
200799,999,49420, ,Yakima  WA ,1093,1093,210376,11,22,2480,11,38,4664,7,71,4990,1093,1093,210376,11,22,2480,11,38,4664,7,71,4990
200799,999,49740, ,Yuma  AZ ,967,967,129964,4,8,737,0,0,0,4,69,3551,967,967,129964,4,8,737,0,0,0,4,69,3551
