Survey,CSA,CBSA,MONCOV,CBSA,,1-unit,,,2-units,,,3-4 units,,,5+ units,,,1-unit rep,,,2-units rep,,,3-4 units rep,,,5+ units rep
Date,Code,Code,,Name,Bldgs,Units,Value,Bldgs,Units,Value,Bldgs,Units,Value,Bldgs,Units,Value,Bldgs,Units,Value,Bldgs,Units,Value,      Bldgs,Units,Value,Bldgs,Units,Value
 
202099,104,10580,C,Albany-Schenectady-Troy  NY ,1299,1299,346666,21,42,7315,20,77,12688,63,628,67445,1128,1128,297474,20,40,7155,20,77,12688,52,567,64533
202099,104,24020, ,Glens Falls  NY ,234,234,60734,0,0,0,0,0,0,1,72,17000,147,147,39534,0,0,0,0,0,0,1,72,17000
202099,106,10740,C,Albuquerque  NM ,1925,1925,489907,0,0,0,7,21,2293,12,68,2833,1190,1190,328326,0,0,0,0,0,0,0,0,0
202099,106,42140,C,Santa Fe  NM ,279,279,75790,0,0,0,0,0,0,23,298,41801,279,279,75790,0,0,0,0,0,0,23,298,41801
202099,107,11020, ,Altoona  PA ,96,96,19639,0,0,0,0,0,0,0,0,0,95,95,19509,0,0,0,0,0,0,0,0,0
202099,108,11100, ,Amarillo  TX ,721,721,169171,8,16,1976,0,0,0,39,285,33815,721,721,169171,8,16,1976,0,0,0,39,285,33815
202099,118,11540, ,Appleton  WI ,594,594,174170,44,88,15255,0,0,0,47,629,71342,591,591,173304,44,88,15255,0,0,0,47,629,71342
202099,118,36780, ,Oshkosh-Neenah  WI ,252,252,76992,17,34,5517,1,3,450,19,265,23487,252,252,76992,17,34,5517,1,3,450,19,265,23487
202099,120,11700, ,Asheville  NC ,2335,2335,688297,9,18,3750,0,0,0,53,1079,106886,1938,1938,608864,9,18,3750,0,0,0,40,1002,85564
202099,122,12020, ,Athens-Clarke County  GA ,857,857,222398,116,232,33068,34,129,11273,0,0,0,782,782,219263,116,232,33068,34,129,11273,0,0,0
202099,122,12060, ,Atlanta-Sandy Springs-Alpharetta  GA ,28632,28632,6649888,48,96,11558,64,228,31836,149,3390,463571,27489,27489,6442473,48,96,11558,64,228,31836,144,3363,455471
202099,122,23580, ,Gainesville  GA ,1270,1270,288860,4,8,572,6,21,3885,22,407,54093,741,741,165610,4,8,572,6,21,3885,22,407,54093
202099,122,40660,C,Rome  GA ,282,282,46376,0,0,0,0,0,0,0,0,0,282,282,46376,0,0,0,0,0,0,0,0,0
202099,140,13460,C,Bend  OR ,1734,1734,453977,64,128,15944,5,17,2913,18,459,72921,1734,1734,453977,64,128,15944,5,17,2913,18,459,72921
202099,142,13820,C,Birmingham-Hoover  AL ,3512,3512,1002010,13,26,3388,0,0,0,21,307,31215,3256,3256,945759,2,4,740,0,0,0,8,200,20331
202099,144,14020,C,Bloomington  IN ,283,283,75861,10,20,2840,0,0,0,12,347,40746,112,112,30466,2,4,601,0,0,0,4,53,6622
202099,145,14010, ,Bloomington  IL ,162,162,37567,11,22,1992,0,0,0,5,81,10391,161,161,37344,11,22,1992,0,0,0,5,81,10391
202099,146,14100,C,Bloomsburg-Berwick  PA ,86,86,20261,2,4,480,0,0,0,0,0,0,72,72,17521,2,4,480,0,0,0,0,0,0
202099,147,14260,C,Boise City  ID ,8158,8158,1943295,72,144,22049,92,351,50063,65,1109,128311,7965,7965,1899798,72,144,22049,92,351,50063,65,1109,128311
202099,148,12700, ,Barnstable Town  MA ,536,536,265948,20,40,5831,2,6,900,1,10,1500,420,420,211091,19,38,5523,2,6,900,1,10,1500
202099,148,14460,C,Boston-Cambridge-Newton  MA-NH ,4457,4457,1393245,281,562,110628,92,309,56744,490,8920,2324689,3251,3251,1067037,232,464,88100,79,269,50235,160,6389,2067780
202099,148,31700, ,Manchester-Nashua  NH ,666,666,161917,29,58,7940,1,3,350,4,141,11591,464,464,104130,26,52,6603,1,3,350,4,141,11591
202099,148,39300,C,Providence-Warwick  RI-MA ,1621,1621,389730,116,232,25339,23,86,8048,18,129,16353,1378,1378,346378,116,232,25339,23,86,8048,18,129,16353
202099,148,49340, ,Worcester  MA-CT ,1284,1284,311827,20,40,5987,0,0,0,11,506,61727,643,643,152599,14,28,3977,0,0,0,2,22,2195
202099,150,14540, ,Bowling Green  KY ,806,806,170184,4,8,1277,5,20,1245,16,144,7286,802,802,169584,4,8,1277,4,16,945,16,144,7286
202099,154,15180, ,Brownsville-Harlingen  TX ,1576,1576,182105,34,68,4589,20,68,7524,10,192,14148,904,904,102277,22,44,2467,18,61,7190,7,106,8170
202099,160,15380,C,Buffalo-Cheektowaga  NY ,912,912,300792,16,32,5783,8,31,7187,37,469,64979,847,847,287795,16,32,5783,8,31,7187,22,249,16927
202099,162,15540, ,Burlington-South Burlington  VT ,410,410,122826,20,40,6903,7,24,2585,21,629,57948,351,351,106449,15,30,5301,6,20,2392,17,520,43480
202099,163,15980,C,Cape Coral-Fort Myers  FL ,6828,6828,1435875,224,448,50014,27,108,27953,115,3289,430915,6812,6812,1432642,223,446,49868,27,108,27953,113,3254,426952
202099,163,34940, ,Naples-Marco Island  FL ,3256,3256,1109344,1,2,240,37,137,28954,50,1078,332591,3256,3256,1109344,1,2,240,37,137,28954,50,1078,332591
202099,164,16020, ,Cape Girardeau  MO-IL ,79,79,22141,3,6,898,5,20,717,2,36,4156,67,67,19825,2,4,650,4,16,400,2,36,4156
202099,168,16300, ,Cedar Rapids  IA ,453,453,74160,44,88,10356,6,22,2700,3,81,9797,450,450,73557,43,86,10136,6,22,2700,3,81,9797
202099,168,26980, ,Iowa City  IA ,537,537,139933,8,16,3642,16,63,8678,10,403,44357,466,466,126763,7,14,3089,15,59,8004,10,403,44357
202099,170,16620, ,Charleston  WV ,296,296,28583,0,0,0,1,4,240,2,36,4360,253,253,22653,0,0,0,1,4,240,2,36,4360
202099,170,26580, ,Huntington-Ashland  WV-KY-OH ,233,233,43060,3,6,639,1,3,153,1,12,1454,150,150,21129,3,6,639,1,3,153,1,12,1454
202099,172,16740, ,Charlotte-Concord-Gastonia  NC-SC ,19690,19690,4955062,54,108,14151,8,26,4521,207,6724,660161,18371,18371,4492395,53,106,13966,6,20,3473,195,6554,640864
202099,174,16860, ,Chattanooga  TN-GA ,2251,2251,482659,48,96,7401,10,32,2701,35,682,67503,1676,1676,353464,7,14,1406,4,14,1657,11,249,24122
202099,174,17420, ,Cleveland  TN ,676,676,132590,1,2,120,10,35,3348,0,0,0,468,468,95125,1,2,120,10,35,3348,0,0,0
202099,174,19140, ,Dalton  GA ,410,410,62409,0,0,0,0,0,0,6,35,1000,410,410,62409,0,0,0,0,0,0,6,35,1000
202099,176,16980, ,Chicago-Naperville-Elgin  IL-IN-WI ,8122,8122,2318537,167,334,58881,152,519,93411,225,6020,733836,7410,7410,2133141,163,326,57698,149,510,91461,213,5943,721287
202099,176,28100, ,Kankakee  IL ,91,91,17140,1,2,470,0,0,0,0,0,0,91,91,17140,1,2,470,0,0,0,0,0,0
202099,176,33140, ,Michigan City-La Porte  IN ,118,118,34278,1,2,333,0,0,0,0,0,0,109,109,32536,0,0,0,0,0,0,0,0,0
202099,178,17140, ,Cincinnati  OH-KY-IN ,5392,5392,1436681,29,58,8251,26,97,12271,93,1750,200784,5104,5104,1359986,29,58,8251,25,94,11552,91,1727,198581
202099,184,10420, ,Akron  OH ,788,788,362361,3,6,464,8,31,2642,5,89,1601,769,769,358100,3,6,464,8,31,2642,4,24,730
202099,184,15940, ,Canton-Massillon  OH ,518,518,130278,14,28,3321,15,47,3962,15,97,8366,455,455,122367,14,28,3321,9,29,3039,4,39,3911
202099,184,17460, ,Cleveland-Elyria  OH ,2814,2814,864940,10,20,1816,31,116,6268,20,424,51579,2615,2615,830776,4,8,1610,27,104,5438,20,424,51579
202099,190,17860, ,Columbia  MO ,806,806,216284,3,6,525,0,0,0,5,122,20701,800,800,214879,3,6,525,0,0,0,5,122,20701
202099,192,17900,C,Columbia  SC ,4787,4787,1065525,2,4,301,0,0,0,13,81,10385,3979,3979,864763,2,4,301,0,0,0,1,8,635
202099,194,12220,C,Auburn-Opelika  AL ,1316,1316,355549,9,18,3391,5,18,3982,59,869,126025,1087,1087,301824,7,14,2533,5,18,3982,57,859,124951
202099,194,17980, ,Columbus  GA-AL ,1303,1303,174835,7,14,689,0,0,0,18,511,78505,1303,1303,174835,7,14,689,0,0,0,18,511,78505
202099,198,18140, ,Columbus  OH ,5481,5481,1619630,53,106,18788,43,159,17511,251,6612,570195,4939,4939,1496197,50,100,17288,41,153,16992,241,6557,563463
202099,204,18580, ,Corpus Christi  TX ,1646,1646,389900,1,2,247,2,8,560,8,267,22200,1636,1636,389242,1,2,247,2,8,560,8,267,22200
202099,206,19100, ,Dallas-Fort Worth-Arlington  TX ,44005,44005,11010496,414,828,98941,57,221,29063,406,15758,1914558,41580,41580,10415353,406,812,96928,53,205,26329,388,15246,1866099
202099,206,43300, ,Sherman-Denison  TX ,798,798,157597,35,70,7356,0,0,0,12,313,30536,789,789,156615,35,70,7356,0,0,0,12,313,30536
202099,209,19340, ,Davenport-Moline-Rock Island  IA-IL ,431,431,99902,1,2,261,7,26,3220,5,123,22712,406,406,97458,1,2,261,6,22,2887,4,102,20510
202099,212,19430, ,Dayton-Kettering  OH ,1146,1146,369552,20,40,6919,17,60,7105,17,453,53423,866,866,306852,18,36,6608,17,60,7105,17,453,53423
202099,212,44220, ,Springfield  OH ,129,129,35937,0,0,0,1,4,364,1,6,505,129,129,35937,0,0,0,1,4,364,1,6,505
202099,216,14500, ,Boulder  CO ,573,573,234602,23,46,9778,15,52,12774,38,963,148707,514,514,202187,22,44,9530,15,52,12774,27,812,118791
202099,216,19740,C,Denver-Aurora-Lakewood  CO ,11234,11234,3241916,126,252,48975,29,101,17642,148,8145,1123222,11107,11107,3205103,126,252,48975,29,101,17642,145,8108,1118228
202099,216,24540, ,Greeley  CO ,3334,3334,877526,15,30,5387,20,73,16160,43,748,66341,3000,3000,788785,15,30,5387,20,73,16160,36,698,61243
202099,218,11180, ,Ames  IA ,251,251,68671,4,8,1568,1,3,440,1,8,875,225,225,63278,4,8,1568,1,3,440,1,8,875
202099,218,19780, ,Des Moines-West Des Moines  IA ,4740,4740,1312560,27,54,11411,4,16,1857,56,1698,204003,4673,4673,1291570,27,54,11411,4,16,1857,42,1575,191637
202099,220,11460, ,Ann Arbor  MI ,711,711,204006,68,136,13210,6,21,3772,4,197,18110,548,548,162585,68,136,13210,3,12,1948,2,187,17010
202099,220,19820, ,Detroit-Warren-Dearborn  MI ,5193,5193,1472574,49,98,15704,39,142,20076,94,1732,284853,4650,4650,1347955,49,98,15704,29,108,17373,70,1603,259648
202099,220,22420, ,Flint  MI ,393,393,93587,0,0,0,25,92,18984,0,0,0,300,300,69163,0,0,0,0,0,0,0,0,0
202099,220,33780, ,Monroe  MI ,283,283,61956,0,0,0,0,0,0,3,84,3000,218,218,47233,0,0,0,0,0,0,3,84,3000
202099,222,20020, ,Dothan  AL ,488,488,117399,0,0,0,0,0,0,0,0,0,348,348,87002,0,0,0,0,0,0,0,0,0
202099,232,20740, ,Eau Claire  WI ,453,453,128714,82,164,24641,4,16,2431,34,359,45387,452,452,128444,82,164,24641,4,16,2431,34,359,45387
202099,236,21300, ,Elmira  NY ,28,28,5498,0,0,0,0,0,0,1,156,24237,25,25,4610,0,0,0,0,0,0,0,0,0
202099,238,21340,C,El Paso  TX ,2330,2330,542981,43,86,10598,6,18,2354,19,128,15342,2323,2323,541945,43,86,10598,6,18,2354,19,128,15342
202099,238,29740,C,Las Cruces  NM ,1033,1033,264365,2,4,789,2,8,632,7,64,4500,960,960,248080,2,4,789,2,8,632,7,64,4500
202099,240,21500, ,Erie  PA ,166,166,38257,0,0,0,2,8,400,4,27,2577,158,158,36297,0,0,0,2,8,400,4,27,2577
202099,244,22020, ,Fargo  ND-MN ,1200,1200,330673,0,0,0,2,8,1472,14,768,81694,1192,1192,328302,0,0,0,2,8,1472,14,768,81694
202099,246,22180, ,Fayetteville  NC ,1879,1879,333758,1,2,343,1,4,600,4,75,12765,1261,1261,258100,0,0,0,1,4,600,4,75,12765
202099,258,23060,C,Fort Wayne  IN ,1520,1520,422299,70,140,8407,4,15,1420,12,111,8247,1520,1520,422299,70,140,8407,4,15,1420,12,111,8247
202099,260,23420,C,Fresno  CA ,2663,2663,800644,34,68,9392,13,46,4187,37,353,48331,1580,1580,450339,12,24,1760,7,28,3039,5,134,20233
202099,260,25260, ,Hanford-Corcoran  CA ,302,302,75807,2,4,855,0,0,0,0,0,0,193,193,53160,2,4,855,0,0,0,0,0,0
202099,260,31460, ,Madera  CA ,732,732,193530,0,0,0,0,0,0,7,120,20606,692,692,183691,0,0,0,0,0,0,7,120,20606
202099,264,23540, ,Gainesville  FL ,1174,1174,263424,0,0,0,0,0,0,12,906,30849,539,539,165545,0,0,0,0,0,0,0,0,0
202099,266,24340, ,Grand Rapids-Kentwood  MI ,2510,2510,690619,23,46,8932,17,58,7830,40,822,118118,2101,2101,583922,19,38,7087,13,45,6206,25,633,97329
202099,266,34740, ,Muskegon  MI ,266,266,54995,1,2,184,0,0,0,0,0,0,205,205,41345,1,2,184,0,0,0,0,0,0
202099,267,24580, ,Green Bay  WI ,832,832,237031,21,42,7499,0,0,0,39,559,62142,744,744,213989,21,42,7499,0,0,0,27,496,57745
202099,268,15500, ,Burlington  NC ,1182,1182,209268,4,8,450,0,0,0,20,594,57882,1182,1182,209268,4,8,450,0,0,0,20,594,57882
202099,268,24660,C,Greensboro-High Point  NC ,2237,2237,536936,4,8,717,0,0,0,27,902,107656,2237,2237,536936,4,8,717,0,0,0,27,902,107656
202099,268,49180, ,Winston-Salem  NC ,4126,4126,879435,2,4,811,2,6,553,7,80,11658,3116,3116,610199,1,2,560,2,6,553,1,28,9608
202099,272,24780, ,Greenville  NC ,687,687,159446,16,32,3401,0,0,0,0,0,0,384,384,88010,16,32,3401,0,0,0,0,0,0
202099,273,24860, ,Greenville-Anderson  SC ,6511,6511,1632599,78,156,14807,3,11,1518,99,2056,182093,6314,6314,1591589,75,150,14360,3,11,1518,98,2051,181620
202099,273,43900, ,Spartanburg  SC ,2876,2876,468600,0,0,0,0,0,0,0,0,0,966,966,153374,0,0,0,0,0,0,0,0,0
202099,276,23900,C,Gettysburg  PA ,226,226,48233,0,0,0,0,0,0,0,0,0,226,226,48233,0,0,0,0,0,0,0,0,0
202099,276,25420,C,Harrisburg-Carlisle  PA ,1160,1160,255753,14,28,4183,17,60,9297,19,212,22173,1037,1037,226882,14,28,4183,17,60,9297,18,207,21500
202099,276,30140, ,Lebanon  PA ,262,262,51560,0,0,0,0,0,0,9,172,19322,261,261,51294,0,0,0,0,0,0,9,172,19322
202099,276,49620, ,York-Hanover  PA ,789,789,164393,12,24,3519,19,65,8173,15,326,32824,513,513,113012,12,24,3519,19,65,8173,13,165,18435
202099,277,25500,C,Harrisonburg  VA ,575,575,166284,0,0,0,0,0,0,2,21,2857,575,575,166284,0,0,0,0,0,0,2,21,2857
202099,277,44420, ,Staunton  VA ,421,421,77564,0,0,0,0,0,0,2,80,10000,421,421,77564,0,0,0,0,0,0,2,80,10000
202099,278,25540,C,Hartford-East Hartford-Middletown  CT ,801,801,185476,15,30,2861,9,35,5341,45,533,45115,660,660,154398,8,16,1421,9,35,5341,17,370,30897
202099,278,35980, ,Norwich-New London  CT ,307,307,74825,23,46,6591,6,23,2954,5,80,5579,248,248,64577,21,42,6124,6,23,2954,5,80,5579
202099,279,25620, ,Hattiesburg  MS ,131,131,25567,4,8,880,0,0,0,1,5,400,130,130,25317,4,8,880,0,0,0,1,5,400
202099,284,26300, ,Hot Springs  AR ,79,79,17772,1,2,400,0,0,0,1,7,700,79,79,17772,1,2,400,0,0,0,1,7,700
202099,288,26420, ,Houston-The Woodlands-Sugar Land  TX ,49915,49915,10561956,153,306,23777,9,35,5805,601,20284,2111407,48377,48377,10153319,153,306,23777,9,35,5805,578,20155,2103112
202099,290,19460, ,Decatur  AL ,216,216,46330,0,0,0,0,0,0,1,8,800,210,210,45590,0,0,0,0,0,0,1,8,800
202099,290,26620,C,Huntsville  AL ,4210,4210,777255,13,26,2185,4,15,4353,7,90,8804,3612,3612,655118,13,26,2185,4,15,4353,7,90,8804
202099,292,26820, ,Idaho Falls  ID ,1137,1137,193150,2,4,314,8,32,4619,0,0,0,1136,1136,192900,2,4,314,8,32,4619,0,0,0
202099,294,18020, ,Columbus  IN ,169,169,43019,0,0,0,0,0,0,0,0,0,155,155,39946,0,0,0,0,0,0,0,0,0
202099,294,26900, ,Indianapolis-Carmel-Anderson  IN ,8405,8405,2521426,103,206,37876,39,148,21298,98,2239,247192,8148,8148,2464960,101,202,37478,39,148,21298,98,2239,247192
202099,294,34620, ,Muncie  IN ,116,116,28967,0,0,0,0,0,0,1,55,6901,115,115,28708,0,0,0,0,0,0,1,55,6901
202099,296,27060, ,Ithaca  NY ,76,76,20736,4,8,970,0,0,0,4,245,25897,68,68,18520,4,8,970,0,0,0,3,100,11662
202099,297,27180, ,Jackson  TN ,475,475,104332,0,0,0,0,0,0,0,0,0,457,457,101176,0,0,0,0,0,0,0,0,0
202099,298,27140, ,Jackson  MS ,1169,1169,292204,1,2,247,2,7,220,0,0,0,1026,1026,265074,1,2,247,1,3,45,0,0,0
202099,300,27260,C,Jacksonville  FL ,13210,13210,2876015,34,68,6545,10,40,4134,112,3928,375881,12771,12771,2765348,34,68,6545,10,40,4134,111,3923,374719
202099,304,27740, ,Johnson City  TN ,699,699,133464,3,6,490,1,3,203,25,343,9416,542,542,111874,3,6,490,1,3,203,25,343,9416
202099,304,28700, ,Kingsport-Bristol  TN-VA ,565,565,116160,3,6,504,3,10,1058,10,153,8672,409,409,97907,3,6,504,3,10,1058,10,153,8672
202099,306,27780, ,Johnstown  PA ,56,56,13826,0,0,0,1,3,600,0,0,0,56,56,13826,0,0,0,1,3,600,0,0,0
202099,308,27860, ,Jonesboro  AR ,695,695,102178,41,82,5647,52,193,10145,15,88,5894,156,156,18492,6,12,835,12,47,2650,2,12,1600
202099,309,27900, ,Joplin  MO ,603,603,87423,44,88,7105,3,11,509,12,271,22485,520,520,78191,44,88,7105,3,11,509,10,160,9974
202099,310,12980, ,Battle Creek  MI ,90,90,21785,0,0,0,0,0,0,0,0,0,75,75,18105,0,0,0,0,0,0,0,0,0
202099,310,28020, ,Kalamazoo-Portage  MI ,444,444,115804,11,22,4398,9,30,6012,0,0,0,444,444,115804,11,22,4398,9,30,6012,0,0,0
202099,312,28140, ,Kansas City  MO-KS ,6173,6173,1745150,152,304,41182,83,326,49908,135,3925,402744,5909,5909,1677012,143,286,39443,83,326,49908,135,3925,402744
202099,312,29940, ,Lawrence  KS ,287,287,97542,14,28,2750,0,0,0,8,99,9225,287,287,97542,14,28,2750,0,0,0,8,99,9225
202099,312,41140, ,St. Joseph  MO-KS ,103,103,22508,3,6,620,0,0,0,1,147,11421,54,54,12260,3,6,620,0,0,0,1,147,11421
202099,313,28420,C,Kennewick-Richland  WA ,1745,1745,511160,13,26,3897,1,4,682,9,190,26969,1745,1745,511160,13,26,3897,1,4,682,9,190,26969
202099,313,47460, ,Walla Walla  WA ,132,132,39137,5,10,1646,3,12,1512,0,0,0,120,120,37952,5,10,1646,3,12,1512,0,0,0
202099,315,28940, ,Knoxville  TN ,3887,3887,824246,21,42,8376,27,94,12698,52,1373,215921,3311,3311,741410,21,42,8376,27,94,12698,44,1280,209805
202099,315,34100, ,Morristown  TN ,472,472,113060,4,8,1400,0,0,0,5,68,3740,239,239,52850,4,8,1400,0,0,0,5,68,3740
202099,316,29020, ,Kokomo  IN ,132,132,31940,7,14,800,0,0,0,1,16,1000,113,113,26135,7,14,800,0,0,0,1,16,1000
202099,318,29180, ,Lafayette  LA ,2526,2526,471763,0,0,0,3,11,914,2,13,1375,2522,2522,471144,0,0,0,3,11,914,2,13,1375
202099,320,29200, ,Lafayette-West Lafayette  IN ,481,481,125486,0,0,0,0,0,0,32,916,105837,463,463,123063,0,0,0,0,0,0,25,827,99529
202099,324,29340, ,Lake Charles  LA ,1090,1090,181654,34,68,4632,0,0,0,3,72,4000,539,539,80060,30,60,4245,0,0,0,3,72,4000
202099,332,29820,C,Las Vegas-Henderson-Paradise  NV ,10038,10038,2474443,269,538,29898,177,584,67290,168,2940,252596,10038,10038,2474443,269,538,29898,177,584,67290,168,2940,252596
202099,336,30460,C,Lexington-Fayette  KY ,1451,1451,336131,16,32,3729,20,75,11971,23,772,73609,600,600,157517,13,26,2891,13,51,8410,3,21,1748
202099,338,30620, ,Lima  OH ,125,125,29574,1,2,80,5,15,1035,1,33,3696,100,100,25165,1,2,80,5,15,1035,1,33,3696
202099,339,30700, ,Lincoln  NE ,1230,1230,292242,17,34,4556,1,3,480,19,771,86802,162,162,46876,2,4,335,0,0,0,1,26,2250
202099,340,30780, ,Little Rock-North Little Rock-Conway  AR ,2188,2188,467844,31,62,6060,35,105,9321,42,726,58099,1921,1921,435596,31,62,6060,35,105,9321,42,726,58099
202099,340,38220, ,Pine Bluff  AR ,49,49,6119,0,0,0,0,0,0,2,24,1250,46,46,5622,0,0,0,0,0,0,2,24,1250
202099,348,31080,C,Los Angeles-Long Beach-Anaheim  CA ,9737,9737,2831310,633,1266,262710,119,406,96221,409,15521,3035620,9158,9158,2529074,599,1198,242890,97,335,80946,367,15149,2971242
202099,348,37100, ,Oxnard-Thousand Oaks-Ventura  CA ,669,669,202935,20,40,6979,10,30,8299,28,762,122799,191,191,48401,20,40,6979,10,30,8299,28,762,122799
202099,348,40140, ,Riverside-San Bernardino-Ontario  CA ,12897,12897,3358368,120,240,24653,82,295,45535,176,1800,245279,12250,12250,3207556,120,240,24653,82,295,45535,159,1709,239675
202099,350,21060, ,Elizabethtown-Fort Knox  KY ,496,496,98095,24,48,5732,18,66,4537,10,152,9017,496,496,98095,24,48,5732,18,66,4537,10,152,9017
202099,350,31140, ,Louisville-Jefferson County  KY-IN ,3667,3667,894687,26,52,7044,9,32,4406,33,800,79773,3544,3544,865127,26,52,7044,9,32,4406,33,800,79773
202099,352,31180, ,Lubbock  TX ,2023,2023,421855,127,254,28413,1,4,400,138,1576,153258,2013,2013,420125,127,254,28413,1,4,400,135,1561,152180
202099,356,31420, ,Macon-Bibb County  GA ,508,508,94955,0,0,0,0,0,0,2,14,1050,274,274,57396,0,0,0,0,0,0,2,14,1050
202099,356,47580, ,Warner Robins  GA ,1191,1191,241400,1,2,118,6,24,2442,4,90,7500,1103,1103,226142,1,2,118,6,24,2442,4,90,7500
202099,357,27500, ,Janesville-Beloit  WI ,351,351,77859,24,48,7827,0,0,0,4,272,36307,343,343,75693,24,48,7827,0,0,0,4,272,36307
202099,357,31540, ,Madison  WI ,1723,1723,584966,77,154,31976,8,31,4163,66,3360,445051,1638,1638,563196,74,148,30715,7,28,3552,62,3332,437812
202099,359,31860, ,Mankato  MN ,259,259,61494,3,6,795,6,23,3922,3,162,26294,258,258,61294,3,6,795,6,23,3922,3,162,26294
202099,360,31900, ,Mansfield  OH ,109,109,29052,11,22,2544,9,35,2560,7,39,4125,109,109,29052,11,22,2544,9,35,2560,7,39,4125
202099,365,32580,C,McAllen-Edinburg-Mission  TX ,3491,3491,658151,78,156,8824,194,775,65797,32,472,42160,3156,3156,621127,73,146,8074,182,728,61306,31,460,41416
202099,366,24420, ,Grants Pass  OR ,266,266,68079,25,50,7161,0,0,0,0,0,0,266,266,68079,25,50,7161,0,0,0,0,0,0
202099,366,32780, ,Medford  OR ,677,677,179438,3,6,1085,7,28,3717,16,175,22226,589,589,158448,2,4,848,7,28,3717,16,175,22226
202099,368,32820, ,Memphis  TN-MS-AR ,3887,3887,823642,12,24,3453,4,14,2111,29,872,103099,3503,3503,753300,12,24,3453,4,14,2111,28,849,99731
202099,370,33100, ,Miami-Fort Lauderdale-Pompano Beach  FL ,7808,7808,2618156,167,334,64259,98,369,46936,344,13247,2032786,6922,6922,2240397,167,334,64259,94,357,42348,309,12840,1994903
202099,370,38940, ,Port St. Lucie  FL ,4807,4807,1149743,88,176,17602,8,32,3449,34,223,18499,4788,4788,1120136,88,176,17602,8,32,3449,34,223,18499
202099,370,42680, ,Sebastian-Vero Beach  FL ,1157,1157,461596,1,2,251,1,3,184,0,0,0,1115,1115,425882,1,2,251,1,3,184,0,0,0
202099,372,33260, ,Midland  TX ,1292,1292,178786,0,0,0,0,0,0,0,0,0,1292,1292,178786,0,0,0,0,0,0,0,0,0
202099,372,36220,C,Odessa  TX ,898,898,210401,1,2,224,0,0,0,8,288,34519,898,898,210401,1,2,224,0,0,0,8,288,34519
202099,376,33340,C,Milwaukee-Waukesha  WI ,1571,1571,601886,157,314,65498,6,24,3481,46,789,104951,1493,1493,573188,157,314,65498,6,24,3481,44,779,103812
202099,376,39540, ,Racine  WI ,144,144,49656,22,44,7027,0,0,0,3,36,5812,143,143,49356,22,44,7027,0,0,0,3,36,5812
202099,378,33460, ,Minneapolis-St. Paul-Bloomington  MN-WI ,10277,10277,3172152,75,150,29026,36,136,28741,174,11778,1732174,10120,10120,3122714,73,146,28040,36,136,28741,164,11642,1720844
202099,378,41060, ,St. Cloud  MN ,529,529,143885,18,36,4784,2,8,1200,2,42,3965,477,477,128007,18,36,4784,2,8,1200,2,42,3965
202099,380,19300, ,Daphne-Fairhope-Foley  AL ,3395,3395,817322,7,14,2220,0,0,0,14,205,35095,3274,3274,797453,7,14,2220,0,0,0,14,205,35095
202099,380,33660, ,Mobile  AL ,937,937,196094,0,0,0,0,0,0,0,0,0,771,771,161304,0,0,0,0,0,0,0,0,0
202099,384,33740, ,Monroe  LA ,358,358,83510,8,16,771,11,35,5181,11,57,6604,236,236,55023,1,2,247,1,3,150,1,6,700
202099,388,33860, ,Montgomery  AL ,966,966,222335,2,4,180,1,4,370,1,5,420,966,966,222335,2,4,180,1,4,370,1,5,420
202099,390,34060, ,Morgantown  WV ,25,25,7161,0,0,0,0,0,0,0,0,0,16,16,5930,0,0,0,0,0,0,0,0,0
202099,396,34820, ,Myrtle Beach-Conway-North Myrtle Beach  SC-NC ,8185,8185,1638982,56,112,11281,1,4,627,37,838,73386,6453,6453,1227882,56,112,11281,0,0,0,29,615,57894
202099,400,34980, ,Nashville-Davidson--Murfreesboro--Franklin  TN ,15549,15549,4127366,59,118,16816,62,235,37619,225,11256,1001514,14888,14888,3860687,59,118,16816,61,231,37219,224,11251,1000889
202099,404,35100, ,New Bern  NC ,522,522,108393,0,0,0,0,0,0,12,213,23267,308,308,51039,0,0,0,0,0,0,11,132,18600
202099,406,25220, ,Hammond  LA ,1116,1116,187187,9,18,903,0,0,0,18,443,43869,1040,1040,172264,9,18,903,0,0,0,18,443,43869
202099,406,35380, ,New Orleans-Metairie  LA ,3563,3563,811519,143,286,32042,5,19,3268,11,480,85740,3151,3151,710432,84,168,19553,1,4,301,5,247,39660
202099,408,14860,C,Bridgeport-Stamford-Norwalk  CT ,638,638,332280,26,52,9129,1,4,1200,42,1168,149900,566,566,282211,19,38,8068,1,4,1200,29,1042,116727
202099,408,20700, ,East Stroudsburg  PA ,192,192,53473,0,0,0,0,0,0,1,20,2256,180,180,50311,0,0,0,0,0,0,1,20,2256
202099,408,28740, ,Kingston  NY ,217,217,64330,4,8,780,1,3,398,1,37,4223,205,205,60510,4,8,780,1,3,398,0,0,0
202099,408,35300, ,New Haven-Milford  CT ,419,419,80201,18,36,4508,13,41,10068,25,877,45151,280,280,51504,17,34,4296,13,41,10068,10,700,34815
202099,408,35620,C,New York-Newark-Jersey City  NY-NJ-PA ,10993,10993,2689890,837,1674,201191,253,828,83389,1264,41340,4770165,9570,9570,2316949,753,1506,179736,216,712,70399,940,37327,4363043
202099,408,39100, ,Poughkeepsie-Newburgh-Middletown  NY ,863,863,242026,5,10,2925,8,31,5678,42,792,105990,566,566,159421,5,10,2925,8,31,5678,41,782,104615
202099,408,45940,C,Trenton-Princeton  NJ ,220,220,64611,0,0,0,7,25,2115,32,587,48530,199,199,59703,0,0,0,6,22,2098,19,518,44181
202099,412,35840,C,North Port-Sarasota-Bradenton  FL ,8433,8433,2213937,72,144,15926,35,132,24780,47,780,86916,8433,8433,2213937,72,144,15926,35,132,24780,47,780,86916
202099,412,39460, ,Punta Gorda  FL ,2381,2381,669325,67,134,20340,11,44,11847,19,374,61524,2381,2381,669325,67,134,20340,11,44,11847,19,374,61524
202099,416,36420,C,Oklahoma City  OK ,6842,6842,1613418,160,320,31790,6,23,3308,24,246,16782,6664,6664,1580539,158,316,31378,6,23,3308,24,246,16782
202099,420,36540, ,Omaha-Council Bluffs  NE-IA ,3454,3454,732560,26,52,7523,3,11,1981,69,1956,163827,3391,3391,720927,25,50,7305,3,11,1981,69,1956,163827
202099,422,19660, ,Deltona-Daytona Beach-Ormond Beach  FL ,4906,4906,1477231,127,254,38828,1,4,904,36,1279,138954,4391,4391,1314322,126,252,38312,1,4,904,27,1109,117937
202099,422,29460, ,Lakeland-Winter Haven  FL ,7395,7395,1544377,14,28,2085,26,103,14658,66,1966,188262,5857,5857,1139952,14,28,2085,26,103,14658,66,1966,188262
202099,422,36740, ,Orlando-Kissimmee-Sanford  FL ,15343,15343,4293556,176,352,64545,28,111,13888,205,8693,1106199,13873,13873,3868317,176,352,64545,28,111,13888,184,8364,1075135
202099,422,45540,C,The Villages  FL ,2942,2942,800074,0,0,0,2,8,1792,24,748,73779,2938,2938,799305,0,0,0,2,8,1792,24,748,73779
202099,425,37620, ,Parkersburg-Vienna  WV ,83,83,18786,0,0,0,0,0,0,0,0,0,72,72,17114,0,0,0,0,0,0,0,0,0
202099,426,37860,C,Pensacola-Ferry Pass-Brent  FL ,4103,4103,860513,8,16,698,4,12,987,12,260,22356,4103,4103,860513,8,16,698,4,12,987,12,260,22356
202099,428,12100,C,Atlantic City-Hammonton  NJ ,499,499,136377,3,6,961,0,0,0,15,162,18406,481,481,128236,3,6,961,0,0,0,3,15,2
202099,428,20100,C,Dover  DE ,1666,1666,235087,39,78,7215,2,7,926,25,385,46482,1643,1643,230142,39,78,7215,2,7,926,25,385,46482
202099,428,36140,C,Ocean City  NJ ,474,474,201638,86,172,38443,5,19,2479,2,10,636,463,463,198063,86,172,38443,5,19,2479,2,10,636
202099,428,37980,C,Philadelphia-Camden-Wilmington  PA-NJ-DE-MD ,7999,7999,1536276,253,506,79638,212,745,95892,341,6951,754266,5660,5660,1161002,183,366,58824,137,493,65407,211,5052,522537
202099,428,39740, ,Reading  PA ,466,466,95412,0,0,0,1,4,284,2,45,5616,359,359,67345,0,0,0,1,4,284,1,5,355
202099,428,47220,C,Vineland-Bridgeton  NJ ,179,179,46103,0,0,0,0,0,0,0,0,0,175,175,45660,0,0,0,0,0,0,0,0,0
202099,429,38060,C,Phoenix-Mesa-Chandler  AZ ,31658,31658,8561282,340,680,84853,62,208,38331,464,15673,2131370,31398,31398,8501123,332,664,82775,62,208,38331,451,14468,1920603
202099,430,38300, ,Pittsburgh  PA ,3441,3441,950106,71,142,24134,55,194,26531,29,1047,139335,2566,2566,759237,64,128,22729,46,165,21199,16,477,67513
202099,430,48260, ,Weirton-Steubenville  WV-OH ,30,30,6773,0,0,0,0,0,0,0,0,0,30,30,6773,0,0,0,0,0,0,0,0,0
202099,438,30340, ,Lewiston-Auburn  ME ,179,179,37947,6,12,840,0,0,0,7,84,7301,149,149,32049,5,10,640,0,0,0,7,84,7301
202099,438,38860, ,Portland-South Portland  ME ,2062,2062,574288,52,104,18011,11,38,3965,34,651,95225,1153,1153,337453,36,72,12799,7,26,2965,21,540,85044
202099,440,10540, ,Albany-Lebanon  OR ,440,440,107985,15,30,5621,4,15,1976,26,311,37606,356,356,87530,15,30,5621,4,15,1976,21,253,32089
202099,440,18700, ,Corvallis  OR ,281,281,76986,0,0,0,1,3,559,2,18,2610,281,281,76986,0,0,0,1,3,559,2,18,2610
202099,440,31020, ,Longview  WA ,331,331,82006,2,4,533,3,11,1440,0,0,0,286,286,70069,2,4,533,2,7,606,0,0,0
202099,440,38900, ,Portland-Vancouver-Hillsboro  OR-WA ,7513,7513,2174257,76,152,27114,27,100,16870,188,5681,702060,7398,7398,2145023,64,128,22245,25,94,15420,178,4987,609538
202099,440,41420, ,Salem  OR ,1134,1134,306706,15,30,6206,8,30,4674,58,814,98374,1133,1133,306343,15,30,6206,8,30,4674,58,814,98374
202099,444,39380,C,Pueblo  CO ,579,579,93369,0,0,0,0,0,0,0,0,0,579,579,93369,0,0,0,0,0,0,0,0,0
202099,450,20500,C,Durham-Chapel Hill  NC ,3528,3528,830913,7,14,1052,3,11,4337,27,1952,224050,3470,3470,817554,7,14,1052,3,11,4337,27,1952,224050
202099,450,39580,C,Raleigh-Cary  NC ,12697,12697,2857466,12,24,3351,2,8,1301,78,4229,598532,12564,12564,2836750,12,24,3351,2,8,1301,77,4204,596643
202099,452,39660, ,Rapid City  SD ,609,609,138977,2,4,485,7,28,3520,19,679,66051,609,609,138977,2,4,485,7,28,3520,19,679,66051
202099,454,39820, ,Redding  CA ,389,389,109300,0,0,0,1,4,518,0,0,0,346,346,98230,0,0,0,1,4,518,0,0,0
202099,456,16180,C,Carson City  NV ,190,190,50053,0,0,0,3,9,1146,9,64,6390,56,56,14631,0,0,0,0,0,0,0,0,0
202099,456,39900,C,Reno  NV ,2629,2629,713032,24,48,5037,14,48,6073,97,1779,224468,667,667,158741,0,0,0,1,4,300,0,0,0
202099,462,40340, ,Rochester  MN ,642,642,168947,5,10,1318,3,9,1314,8,245,32079,588,588,159552,5,10,1318,3,9,1314,8,245,32079
202099,464,40380, ,Rochester  NY ,1149,1149,291586,32,64,8960,18,65,8285,55,964,108691,1093,1093,279985,32,64,8960,18,65,8285,55,964,108691
202099,466,40420, ,Rockford  IL ,151,151,28257,15,30,4156,3,11,1380,0,0,0,149,149,27853,15,30,4156,3,11,1380,0,0,0
202099,468,40580, ,Rocky Mount  NC ,339,339,51309,0,0,0,0,0,0,0,0,0,99,99,12851,0,0,0,0,0,0,0,0,0
202099,472,40900,C,Sacramento-Roseville-Folsom  CA ,7279,7279,2078845,56,112,17209,23,89,17971,132,3684,614883,7262,7262,2073868,56,112,17209,23,89,17971,130,3671,611547
202099,472,49700, ,Yuba City  CA ,576,576,148201,5,10,634,0,0,0,0,0,0,522,522,129446,5,10,634,0,0,0,0,0,0
202099,474,13020, ,Bay City  MI ,79,79,19736,0,0,0,0,0,0,2,56,4113,66,66,16842,0,0,0,0,0,0,2,56,4113
202099,474,33220, ,Midland  MI ,123,123,26149,0,0,0,0,0,0,0,0,0,118,118,25222,0,0,0,0,0,0,0,0,0
202099,474,40980, ,Saginaw  MI ,148,148,37529,3,6,920,0,0,0,1,91,6330,120,120,30801,2,4,682,0,0,0,0,0,0
202099,476,41180, ,St. Louis  MO-IL ,5719,5719,1659460,55,110,16387,15,57,10547,88,1977,223641,5513,5513,1613524,55,110,16387,12,48,8572,75,1785,208675
202099,480,41540, ,Salisbury  MD-DE ,4482,4482,668466,118,236,27706,17,62,6397,35,328,37865,4437,4437,662009,118,236,27706,17,62,6397,35,328,37865
202099,482,36260, ,Ogden-Clearfield  UT ,4224,4224,1068800,13,26,4927,62,232,34168,51,980,103988,4058,4058,1027544,13,26,4927,58,216,31356,44,943,100702
202099,482,39340, ,Provo-Orem  UT ,6800,6800,1931855,24,48,9117,106,395,54718,76,724,101213,6665,6665,1879078,24,48,9117,106,395,54718,76,724,101213
202099,482,41620, ,Salt Lake City  UT ,5203,5203,1348766,140,280,34751,73,260,53095,112,5290,791282,4471,4471,1174316,138,276,34084,59,216,45472,101,4861,726474
202099,484,41700,C,San Antonio-New Braunfels  TX ,10541,10541,2420547,116,232,25755,22,88,11184,234,5836,665839,9887,9887,2285175,114,228,25182,21,84,10761,218,5454,620843
202099,488,32900, ,Merced  CA ,998,998,255989,0,0,0,0,0,0,4,21,58055,878,878,200907,0,0,0,0,0,0,4,21,58055
202099,488,33700, ,Modesto  CA ,512,512,127056,0,0,0,1,4,684,2,36,2600,223,223,55505,0,0,0,0,0,0,2,36,2600
202099,488,34900, ,Napa  CA ,137,137,50261,1,2,233,1,4,627,1,627,108427,28,28,16036,0,0,0,0,0,0,0,0,0
202099,488,41860,C,San Francisco-Oakland-Berkeley  CA ,3386,3386,1203604,35,70,26207,33,114,30190,185,6586,1903102,2714,2714,948432,23,46,12537,25,88,22765,132,6092,1797352
202099,488,41940,C,San Jose-Sunnyvale-Santa Clara  CA ,1814,1814,664637,5,10,2412,6,19,4962,62,4008,476088,1727,1727,634131,5,10,2412,1,3,721,43,3575,403683
202099,488,42100, ,Santa Cruz-Watsonville  CA ,173,173,30878,0,0,0,0,0,0,2,71,8224,113,113,24547,0,0,0,0,0,0,1,14,3826
202099,488,42220, ,Santa Rosa-Petaluma  CA ,1171,1171,365565,2,4,885,0,0,0,6,220,37107,1086,1086,348394,2,4,885,0,0,0,6,220,37107
202099,488,44700, ,Stockton  CA ,3086,3086,905670,2,4,740,6,21,1428,18,803,94093,1982,1982,580806,1,2,400,0,0,0,16,296,42696
202099,488,46700, ,Vallejo  CA ,1006,1006,280472,0,0,0,0,0,0,12,727,100663,882,882,250320,0,0,0,0,0,0,11,716,98969
202099,496,25980, ,Hinesville  GA ,721,721,154361,0,0,0,0,0,0,0,0,0,721,721,154361,0,0,0,0,0,0,0,0,0
202099,496,42340, ,Savannah  GA ,2061,2061,497718,0,0,0,4,16,2000,78,949,63201,1801,1801,441252,0,0,0,4,16,2000,78,949,63201
202099,500,14740,C,Bremerton-Silverdale-Port Orchard  WA ,909,909,278875,12,24,3880,1,4,705,13,348,34642,909,909,278875,12,24,3880,1,4,705,13,348,34642
202099,500,34580, ,Mount Vernon-Anacortes  WA ,300,300,87400,5,10,1560,5,18,2580,6,233,25126,262,262,78118,4,8,1118,5,18,2580,6,233,25126
202099,500,36500, ,Olympia-Lacey-Tumwater  WA ,708,708,186486,17,34,6655,2,8,1569,32,411,41818,649,649,173931,17,34,6655,2,8,1569,24,365,39861
202099,500,42660,C,Seattle-Tacoma-Bellevue  WA ,8860,8860,3039186,271,542,133133,201,703,121239,418,12934,1569880,8360,8360,2811174,271,542,133133,198,694,119738,395,12598,1539299
202099,508,43340,C,Shreveport-Bossier City  LA ,1000,1000,204295,0,0,0,0,0,0,0,0,0,1000,1000,204295,0,0,0,0,0,0,0,0,0
202099,515,21140, ,Elkhart-Goshen  IN ,373,373,96131,0,0,0,3,9,575,5,106,16600,373,373,96131,0,0,0,3,9,575,5,106,16600
202099,515,35660, ,Niles  MI ,248,248,84511,6,12,3005,0,0,0,0,0,0,215,215,74912,6,12,3005,0,0,0,0,0,0
202099,515,43780, ,South Bend-Mishawaka  IN-MI ,555,555,133060,0,0,0,0,0,0,0,0,0,528,528,130059,0,0,0,0,0,0,0,0,0
202099,518,17660, ,Coeur dAlene  ID ,1669,1669,434985,22,44,7116,5,18,2547,63,1198,117293,1467,1467,389128,19,38,5851,4,15,2338,56,1056,101381
202099,518,44060, ,Spokane-Spokane Valley  WA ,1848,1848,453029,81,162,27544,11,37,5180,62,1315,176926,1516,1516,365446,73,146,25636,7,24,3500,47,1137,156340
202099,522,44100, ,Springfield  IL ,197,197,56502,31,62,11017,0,0,0,6,76,6298,184,184,53150,31,62,11017,0,0,0,6,76,6298
202099,524,44300, ,State College  PA ,374,374,106047,1,2,260,1,4,480,0,0,0,336,336,97177,0,0,0,1,4,480,0,0,0
202099,532,45060, ,Syracuse  NY ,523,523,112982,26,52,18160,1,4,200,5,198,30427,457,457,97607,26,52,18160,1,4,200,5,198,30427
202099,534,45780, ,Toledo  OH ,832,832,233006,37,74,4792,8,32,2700,34,619,51760,828,828,232148,37,74,4792,8,32,2700,34,619,51760
202099,536,46060,C,Tucson  AZ ,4242,4242,1287775,23,46,6119,0,0,0,44,670,100521,3336,3336,1056740,4,8,1430,0,0,0,5,25,2967
202099,538,46140,C,Tulsa  OK ,4039,4039,881321,21,42,4127,10,40,3875,55,803,75619,3963,3963,864796,21,42,4127,10,40,3875,43,707,68234
202099,540,46340, ,Tyler  TX ,635,635,149086,57,114,14057,17,62,8148,3,17,2038,596,596,139391,57,114,14057,17,62,8148,3,17,2038
202099,544,47020, ,Victoria  TX ,132,132,30773,0,0,0,0,0,0,0,0,0,132,132,30773,0,0,0,0,0,0,0,0,0
202099,545,47260, ,Virginia Beach-Norfolk-Newport News  VA-NC ,5242,5242,1109313,9,18,4296,12,44,6291,33,1647,202722,4999,4999,1091085,9,18,4296,12,44,6291,33,1647,202722
202099,548,12580,C,Baltimore-Columbia-Towson  MD ,5010,5010,1070472,1,2,700,1,4,762,56,3078,537219,5010,5010,1070472,1,2,700,1,4,762,56,3078,537219
202099,548,15680,C,California-Lexington Park  MD ,399,399,69368,78,156,20870,0,0,0,0,0,0,399,399,69368,78,156,20870,0,0,0,0,0,0
202099,548,16540,C,Chambersburg-Waynesboro  PA ,281,281,67144,15,30,2682,1,4,531,3,15,1947,259,259,61310,15,30,2682,1,4,531,0,0,0
202099,548,25180, ,Hagerstown-Martinsburg  MD-WV ,1558,1558,329191,8,16,2455,0,0,0,8,168,15000,1554,1554,328723,8,16,2455,0,0,0,8,168,15000
202099,548,47900, ,Washington-Arlington-Alexandria  DC-VA-MD-WV ,13991,13991,3337361,56,112,13228,2,7,1382,157,11056,1364402,12748,12748,3050423,54,108,12746,1,4,523,128,10292,1271672
202099,548,49020, ,Winchester  VA-WV ,786,786,185677,1,2,370,0,0,0,2,10,1370,786,786,185677,1,2,370,0,0,0,2,10,1370
202099,554,48140, ,Wausau-Weston  WI ,448,448,108960,6,12,1860,1,3,250,8,69,7130,394,394,95243,6,12,1860,1,3,250,8,69,7130
202099,556,48620, ,Wichita  KS ,1553,1553,410090,182,364,35991,30,107,12506,0,0,0,1527,1527,407578,182,364,35991,30,107,12506,0,0,0
202099,558,48700, ,Williamsport  PA ,52,52,12181,0,0,0,0,0,0,0,0,0,39,39,8915,0,0,0,0,0,0,0,0,0
202099,566,49660, ,Youngstown-Warren-Boardman  OH-PA ,311,311,69463,5,10,1254,1,3,381,0,0,0,286,286,64071,5,10,1254,1,3,381,0,0,0
202099,999,10180, ,Abilene  TX ,397,397,82567,25,50,4692,5,20,1652,19,196,18108,397,397,82567,25,50,4692,5,20,1652,19,196,18108
202099,999,10500, ,Albany  GA ,173,173,22551,0,0,0,0,0,0,13,194,22868,155,155,19330,0,0,0,0,0,0,7,100,8836
202099,999,10780, ,Alexandria  LA ,287,287,65913,13,26,1691,0,0,0,0,0,0,142,142,31349,13,26,1691,0,0,0,0,0,0
202099,999,10900, ,Allentown-Bethlehem-Easton  PA-NJ ,1110,1110,252253,13,26,3712,1,4,338,52,548,50971,954,954,218562,10,20,2109,1,4,338,48,523,48373
202099,999,11260,C,Anchorage  AK ,771,771,244242,9,18,3330,14,52,8761,15,189,28393,71,71,24958,9,18,3330,4,16,2508,3,75,10370
202099,999,11500, ,Anniston-Oxford  AL ,102,102,14985,0,0,0,0,0,0,0,0,0,94,94,14295,0,0,0,0,0,0,0,0,0
202099,999,12260, ,Augusta-Richmond County  GA-SC ,3445,3445,702586,3,6,623,19,67,5457,5,38,1996,2465,2465,509248,0,0,0,19,67,5457,5,38,1996
202099,999,12420, ,Austin-Round Rock-Georgetown  TX ,22570,22570,4995811,173,346,37531,21,71,6610,406,19277,2107766,19677,19677,4374184,172,344,37319,19,65,5942,406,19277,2107766
202099,999,12540, ,Bakersfield  CA ,2209,2209,532336,17,34,4450,2,7,344,25,252,34777,1337,1337,290910,13,26,3512,1,4,131,21,232,29669
202099,999,12620, ,Bangor  ME ,227,227,48986,22,44,6380,7,28,2439,1,38,5108,194,194,43783,22,44,6380,7,28,2439,1,38,5108
202099,999,12940, ,Baton Rouge  LA ,3766,3766,815108,7,14,19014,0,0,0,0,0,0,3016,3016,692699,7,14,19014,0,0,0,0,0,0
202099,999,13140, ,Beaumont-Port Arthur  TX ,1555,1555,273751,21,42,4453,2,8,543,11,148,9761,1489,1489,260419,21,42,4453,2,8,543,11,148,9761
202099,999,13220,C,Beckley  WV ,75,75,11281,0,0,0,0,0,0,0,0,0,72,72,11110,0,0,0,0,0,0,0,0,0
202099,999,13380, ,Bellingham  WA ,718,718,191684,36,72,13207,17,59,9688,21,533,74139,626,626,168272,36,72,13207,12,44,6946,19,523,73153
202099,999,13740, ,Billings  MT ,1032,1032,128114,52,104,18656,16,62,7540,12,237,29802,400,400,104152,52,104,18656,16,62,7540,11,61,5820
202099,999,13780, ,Binghamton  NY ,133,133,24628,17,34,7678,1,4,333,3,275,25924,112,112,19803,17,34,7678,0,0,0,1,62,9046
202099,999,13900, ,Bismarck  ND ,401,401,109345,85,170,19906,7,21,2017,5,123,16033,398,398,108774,85,170,19906,7,21,2017,4,108,13800
202099,999,13980, ,Blacksburg-Christiansburg  VA ,394,394,76226,1,2,194,1,4,840,26,1348,232654,231,231,36777,1,2,194,1,4,840,25,1191,221742
202099,999,15260, ,Brunswick  GA ,457,457,135578,18,36,5415,1,3,201,3,46,24800,432,432,132453,18,36,5415,1,3,201,3,46,24800
202099,999,16060, ,Carbondale-Marion  IL ,178,178,24417,1,2,70,1,3,250,0,0,0,63,63,9916,1,2,70,1,3,250,0,0,0
202099,999,16220,C,Casper  WY ,148,148,34944,2,4,253,2,7,470,1,49,4881,141,141,34016,2,4,253,1,4,470,1,49,4881
202099,999,16580, ,Champaign-Urbana  IL ,292,292,82886,2,4,815,0,0,0,21,1251,179941,290,290,82499,2,4,815,0,0,0,21,1251,179941
202099,999,16700,C,Charleston-North Charleston  SC ,5791,5791,1598122,0,0,0,11,34,2284,93,2779,241859,3318,3318,1102624,0,0,0,3,9,300,34,1277,155483
202099,999,16820, ,Charlottesville  VA ,1068,1068,294790,9,18,3275,0,0,0,25,587,49107,380,380,91843,3,6,995,0,0,0,19,471,37896
202099,999,16940, ,Cheyenne  WY ,438,438,95156,1,2,165,6,24,2473,6,86,13155,438,438,95156,1,2,165,6,24,2473,6,86,13155
202099,999,17020, ,Chico  CA ,1430,1430,295356,41,82,10709,24,95,13210,24,230,26228,1189,1189,247482,41,82,10709,24,95,13210,24,230,26228
202099,999,17300,C,Clarksville  TN-KY ,3043,3043,403151,58,116,11176,43,169,12189,27,477,37535,3012,3012,400752,58,116,11176,43,169,12189,27,477,37535
202099,999,17780, ,College Station-Bryan  TX ,1392,1392,260403,15,30,4238,2,8,1044,23,673,60455,1392,1392,260403,15,30,4238,2,8,1044,23,673,60455
202099,999,17820,C,Colorado Springs  CO ,5039,5039,1870485,151,302,30888,1,4,1007,34,1587,231934,5036,5036,1870185,151,302,30888,1,4,1007,34,1587,231934
202099,999,18880,C,Crestview-Fort Walton Beach-Destin  FL ,2400,2400,951056,5,10,3354,4,16,2422,29,329,59886,2318,2318,928748,5,10,3354,4,16,2422,29,329,59886
202099,999,19060, ,Cumberland  MD-WV ,62,62,14844,0,0,0,0,0,0,1,32,1885,62,62,14844,0,0,0,0,0,0,1,32,1885
202099,999,19180, ,Danville  IL ,7,7,1277,0,0,0,0,0,0,0,0,0,6,6,1177,0,0,0,0,0,0,0,0,0
202099,999,19500, ,Decatur  IL ,29,29,8186,1,2,280,0,0,0,0,0,0,29,29,8186,1,2,280,0,0,0,0,0,0
202099,999,20220, ,Dubuque  IA ,169,169,49368,8,16,2124,0,0,0,4,92,9485,126,126,36049,8,16,2124,0,0,0,4,92,9485
202099,999,20260, ,Duluth  MN-WI ,389,389,84503,8,16,2122,0,0,0,5,160,19892,350,350,75718,8,16,2122,0,0,0,5,160,19892
202099,999,20940, ,El Centro  CA ,315,315,60493,0,0,0,1,4,300,10,161,16301,303,303,58351,0,0,0,1,4,300,10,161,16301
202099,999,21420, ,Enid  OK ,23,23,7898,0,0,0,0,0,0,0,0,0,23,23,7898,0,0,0,0,0,0,0,0,0
202099,999,21660, ,Eugene-Springfield  OR ,761,761,189468,40,80,15012,3,11,1488,57,539,66265,525,525,129150,40,80,15012,3,11,1488,57,539,66265
202099,999,21780, ,Evansville  IN-KY ,882,882,219615,26,52,8062,3,12,1060,8,175,13234,882,882,219615,25,50,7972,3,12,1060,8,175,13234
202099,999,21820,C,Fairbanks  AK ,8,8,2702,0,0,0,3,11,2280,0,0,0,7,7,2354,0,0,0,3,11,2280,0,0,0
202099,999,22140,C,Farmington  NM ,90,90,22644,0,0,0,0,0,0,1,8,500,90,90,22644,0,0,0,0,0,0,1,8,500
202099,999,22220, ,Fayetteville-Springdale-Rogers  AR-MO ,4579,4579,1184376,200,400,56648,19,69,10289,93,1317,169991,4073,4073,1080411,200,400,56648,19,69,10289,67,1037,147837
202099,999,22380, ,Flagstaff  AZ ,633,633,145201,0,0,0,2,6,200,6,302,70301,633,633,145201,0,0,0,2,6,200,6,302,70301
202099,999,22500, ,Florence  SC ,521,521,83044,8,16,1469,10,30,2430,9,197,20859,516,516,82564,8,16,1469,10,30,2430,9,197,20859
202099,999,22520, ,Florence-Muscle Shoals  AL ,296,296,36608,0,0,0,0,0,0,0,0,0,84,84,12111,0,0,0,0,0,0,0,0,0
202099,999,22540, ,Fond du Lac  WI ,142,142,46059,3,6,1154,0,0,0,0,0,0,142,142,46059,3,6,1154,0,0,0,0,0,0
202099,999,22660,C,Fort Collins  CO ,2190,2190,610973,5,10,1748,1,4,692,29,361,51184,2190,2190,610973,5,10,1748,1,4,692,29,361,51184
202099,999,22900, ,Fort Smith  AR-OK ,380,380,67933,57,114,13780,14,43,4217,15,118,14019,293,293,58502,52,104,12961,12,37,3707,15,118,14019
202099,999,23460, ,Gadsden  AL ,113,113,13933,0,0,0,0,0,0,0,0,0,107,107,12850,0,0,0,0,0,0,0,0,0
202099,999,24140, ,Goldsboro  NC ,414,414,75705,0,0,0,0,0,0,0,0,0,414,414,75705,0,0,0,0,0,0,0,0,0
202099,999,24220, ,Grand Forks  ND-MN ,207,207,50142,0,0,0,1,4,457,6,277,25840,207,207,50142,0,0,0,1,4,457,6,277,25840
202099,999,24260, ,Grand Island  NE ,141,141,29660,32,64,10010,3,11,921,6,55,5372,99,99,21077,32,64,10010,3,11,921,6,55,5372
202099,999,24300,C,Grand Junction  CO ,778,778,125524,9,18,2184,0,0,0,8,208,16516,778,778,125524,9,18,2184,0,0,0,8,208,16516
202099,999,24500,C,Great Falls  MT ,135,135,35091,2,4,921,0,0,0,1,12,925,135,135,35091,2,4,921,0,0,0,1,12,925
202099,999,25060, ,Gulfport-Biloxi  MS ,2604,2604,497319,11,22,1906,13,44,4414,23,351,29014,1608,1608,338082,8,16,1350,1,4,400,11,264,21648
202099,999,25860, ,Hickory-Lenoir-Morganton  NC ,965,965,229649,12,24,2168,0,0,0,31,578,48769,837,837,207911,11,22,1808,0,0,0,16,501,44480
202099,999,25940, ,Hilton Head Island-Bluffton  SC ,2975,2975,1006424,1,2,438,0,0,0,0,0,0,1472,1472,490486,1,2,438,0,0,0,0,0,0
202099,999,26140, ,Homosassa Springs  FL ,878,878,181517,7,14,382,0,0,0,7,35,3026,27,27,6916,0,0,0,0,0,0,0,0,0
202099,999,26380, ,Houma-Thibodaux  LA ,515,515,119156,13,26,2089,2,6,524,0,0,0,361,361,77712,4,8,689,0,0,0,0,0,0
202099,999,27100, ,Jackson  MI ,157,157,33038,1,2,309,0,0,0,0,0,0,105,105,24605,0,0,0,0,0,0,0,0,0
202099,999,27340,C,Jacksonville  NC ,1351,1351,209580,0,0,0,1,4,320,5,80,5140,1351,1351,209580,0,0,0,1,4,320,5,80,5140
202099,999,27620, ,Jefferson City  MO ,243,243,54044,1,2,280,2,8,674,0,0,0,173,173,37051,1,2,280,0,0,0,0,0,0
202099,999,27980,C,Kahului-Wailuku-Lahaina  HI ,306,306,135322,8,16,3191,8,32,8000,2,172,58466,306,306,135322,8,16,3191,8,32,8000,2,172,58466
202099,999,28660,C,Killeen-Temple  TX ,2923,2923,510143,243,486,42776,17,68,5618,8,152,14043,2922,2922,509812,243,486,42776,17,68,5618,8,152,14043
202099,999,29100, ,La Crosse-Onalaska  WI-MN ,241,241,68443,19,38,7419,3,12,1650,4,88,8516,241,241,68443,19,38,7419,3,12,1650,4,88,8516
202099,999,29420, ,Lake Havasu City-Kingman  AZ ,1288,1288,270937,40,80,8071,11,35,2423,0,0,0,1288,1288,270937,40,80,8071,11,35,2423,0,0,0
202099,999,29540, ,Lancaster  PA ,795,795,169507,15,30,4149,17,57,7169,24,456,58970,659,659,146963,14,28,3901,17,57,7169,22,373,53677
202099,999,29620, ,Lansing-East Lansing  MI ,549,549,133949,24,48,8610,9,31,7757,15,472,50113,466,466,114553,24,48,8610,9,31,7757,7,149,14174
202099,999,29700, ,Laredo  TX ,1274,1274,189170,4,8,453,6,24,3265,15,141,8625,1274,1274,189170,4,8,453,6,24,3265,15,141,8625
202099,999,30020, ,Lawton  OK ,99,99,17253,2,4,220,0,0,0,0,0,0,82,82,14930,2,4,220,0,0,0,0,0,0
202099,999,30300, ,Lewiston  ID-WA ,186,186,31913,1,2,276,0,0,0,2,72,5721,155,155,24729,1,2,276,0,0,0,2,72,5721
202099,999,30860, ,Logan  UT-ID ,1078,1078,276616,3,6,1383,10,31,5254,30,586,55271,992,992,261220,3,6,1383,10,31,5254,30,586,55271
202099,999,30980, ,Longview  TX ,363,363,99412,12,24,2451,0,0,0,0,0,0,333,333,96237,12,24,2451,0,0,0,0,0,0
202099,999,31340, ,Lynchburg  VA ,587,587,107778,4,8,741,2,8,1800,18,317,14390,583,583,106850,4,8,741,2,8,1800,18,317,14390
202099,999,31740, ,Manhattan  KS ,236,236,68214,20,40,5396,2,7,1022,3,122,21534,220,220,64346,20,40,5396,1,3,689,3,122,21534
202099,999,33540,C,Missoula  MT ,421,421,93437,7,14,1588,1,3,175,14,351,36507,421,421,93437,7,14,1588,1,3,175,14,351,36507
202099,999,36100, ,Ocala  FL ,3784,3784,567585,3,6,920,3,10,1186,3,27,3461,3784,3784,567585,3,6,920,3,10,1186,3,27,3461
202099,999,36980, ,Owensboro  KY ,310,310,30581,6,12,1173,7,26,1692,0,0,0,302,302,28972,5,10,1000,7,26,1692,0,0,0
202099,999,37340, ,Palm Bay-Melbourne-Titusville  FL ,3333,3333,1066508,13,26,5005,10,36,4433,50,1344,208491,3174,3174,1036256,13,26,5005,10,36,4433,50,1344,208491
202099,999,37460, ,Panama City  FL ,1311,1311,338194,16,32,6813,1,4,731,64,1499,127854,1159,1159,300289,16,32,6813,1,4,731,64,1499,127854
202099,999,37900, ,Peoria  IL ,224,224,59879,2,4,538,0,0,0,3,44,2520,187,187,48997,1,2,400,0,0,0,3,44,2520
202099,999,38340, ,Pittsfield  MA ,85,85,41032,0,0,0,0,0,0,1,126,20860,39,39,19834,0,0,0,0,0,0,0,0,0
202099,999,38540, ,Pocatello  ID ,295,295,54192,14,28,1717,14,55,3688,17,394,18927,214,214,46091,14,28,1717,13,52,3514,17,394,18927
202099,999,39150, ,Prescott Valley-Prescott  AZ ,1729,1729,502305,64,128,16629,3,12,1393,3,22,2045,1646,1646,468444,64,128,16629,3,12,1393,3,22,2045
202099,999,40060, ,Richmond  VA ,5330,5330,1058295,177,354,15657,65,247,28721,69,2259,199341,5277,5277,1051726,177,354,15657,65,247,28721,61,2219,195893
202099,999,40220, ,Roanoke  VA ,478,478,129133,3,6,875,0,0,0,2,285,33379,149,149,36221,3,6,875,0,0,0,1,18,751
202099,999,41100, ,St. George  UT ,2939,2939,588176,7,14,2690,13,51,9452,18,310,41391,2484,2484,506091,5,10,1937,12,47,8650,16,293,39329
202099,999,41500, ,Salinas  CA ,415,415,99242,4,8,1366,2,8,1189,22,322,35912,398,398,94298,4,8,1366,2,8,1189,21,312,31412
202099,999,41660,C,San Angelo  TX ,686,686,143205,0,0,0,0,0,0,0,0,0,686,686,143205,0,0,0,0,0,0,0,0,0
202099,999,41740,C,San Diego-Chula Vista-Carlsbad  CA ,2900,2900,816295,44,88,18367,113,378,76952,200,6106,1086168,2900,2900,816295,44,88,18367,113,378,76952,200,6106,1086168
202099,999,42020, ,San Luis Obispo-Paso Robles  CA ,744,744,200365,11,22,3180,10,30,3694,4,115,20753,744,744,200365,11,22,3180,10,30,3694,4,115,20753
202099,999,42200, ,Santa Maria-Santa Barbara  CA ,479,479,130805,6,12,3090,4,15,3919,4,521,67711,345,345,120862,4,8,2313,2,7,2737,2,88,13403
202099,999,42540, ,Scranton--Wilkes-Barre  PA ,444,444,112193,11,22,1343,1,4,50,9,114,13899,235,235,58904,10,20,933,0,0,0,7,75,12692
202099,999,42700, ,Sebring-Avon Park  FL ,374,374,83985,5,10,1697,0,0,0,0,0,0,374,374,83985,5,10,1697,0,0,0,0,0,0
202099,999,43100, ,Sheboygan  WI ,145,145,46014,30,60,13433,0,0,0,2,160,12920,144,144,45635,30,60,13433,0,0,0,2,160,12920
202099,999,43420, ,Sierra Vista-Douglas  AZ ,333,333,55650,2,4,615,0,0,0,0,0,0,333,333,55650,2,4,615,0,0,0,0,0,0
202099,999,43580, ,Sioux City  IA-NE-SD ,340,340,101139,7,14,2090,8,25,1450,9,400,25675,204,204,63064,7,14,2090,2,7,1450,9,400,25675
202099,999,43620, ,Sioux Falls  SD ,1597,1597,337546,15,30,4498,23,89,11553,78,1834,189701,1575,1575,332674,15,30,4498,22,85,11553,78,1834,189701
202099,999,44140, ,Springfield  MA ,557,557,149239,14,28,3803,0,0,0,3,175,27420,393,393,114592,14,28,3803,0,0,0,0,0,0
202099,999,44180, ,Springfield  MO ,1684,1684,389216,56,112,12372,4,16,2422,17,401,59307,1490,1490,354943,54,108,11767,3,12,2062,17,401,59307
202099,999,44940, ,Sumter  SC ,378,378,51779,9,18,1194,3,12,993,0,0,0,306,306,40282,8,16,991,3,12,993,0,0,0
202099,999,45220, ,Tallahassee  FL ,1337,1337,242544,10,20,2216,0,0,0,41,1088,139043,489,489,85097,0,0,0,0,0,0,0,0,0
202099,999,45300,C,Tampa-St. Petersburg-Clearwater  FL ,16088,16088,4567485,36,72,9049,13,46,8535,74,4142,714459,15998,15998,4546148,30,60,7158,13,46,8535,64,4092,702751
202099,999,45460, ,Terre Haute  IN ,108,108,18853,16,32,3964,0,0,0,0,0,0,90,90,15402,9,18,2507,0,0,0,0,0,0
202099,999,45500, ,Texarkana  TX-AR ,92,92,21144,0,0,0,1,4,330,0,0,0,45,45,10428,0,0,0,1,4,330,0,0,0
202099,999,45820, ,Topeka  KS ,380,380,90303,6,12,1185,0,0,0,3,152,11594,342,342,85508,5,10,935,0,0,0,3,152,11594
202099,999,46220, ,Tuscaloosa  AL ,656,656,157584,3,6,1425,40,148,9786,11,459,83018,356,356,89627,0,0,0,1,3,500,1,10,546
202099,999,46300, ,Twin Falls  ID ,891,891,154100,23,46,6399,8,32,3021,13,84,6750,886,886,153442,23,46,6399,7,28,3021,13,84,6750
202099,999,46520,C,Urban Honolulu  HI ,862,862,345979,0,0,0,2,6,3898,22,753,136553,573,573,230592,0,0,0,0,0,0,11,356,61181
202099,999,46540, ,Utica-Rome  NY ,177,177,52517,3,6,720,0,0,0,8,231,32621,103,103,20975,3,6,720,0,0,0,8,231,32621
202099,999,46660, ,Valdosta  GA ,1251,1251,227560,6,12,795,0,0,0,1,103,10116,504,504,104468,0,0,0,0,0,0,0,0,0
202099,999,47300, ,Visalia  CA ,1406,1406,325412,16,32,3471,22,77,13873,4,60,5985,1396,1396,323644,16,32,3471,22,77,13873,4,60,5985
202099,999,47380, ,Waco  TX ,971,971,208734,61,122,11635,1,3,450,4,118,12006,913,913,200201,61,122,11635,1,3,450,4,118,12006
202099,999,47940, ,Waterloo-Cedar Falls  IA ,303,303,77077,20,40,4400,0,0,0,1,8,483,290,290,73529,20,40,4400,0,0,0,1,8,483
202099,999,48060, ,Watertown-Fort Drum  NY ,129,129,16547,0,0,0,0,0,0,0,0,0,40,40,4916,0,0,0,0,0,0,0,0,0
202099,999,48300, ,Wenatchee  WA ,706,706,164741,10,20,3837,1,3,446,19,262,31183,490,490,125899,10,20,3837,1,3,446,19,262,31183
202099,999,48540, ,Wheeling  WV-OH ,12,12,3567,0,0,0,1,4,526,1,39,5057,12,12,3567,0,0,0,1,4,526,1,39,5057
202099,999,48660, ,Wichita Falls  TX ,210,210,48932,12,24,2114,1,4,330,0,0,0,186,186,43292,12,24,2114,1,4,330,0,0,0
202099,999,48900, ,Wilmington  NC ,2248,2248,627719,52,104,16403,0,0,0,37,1505,188502,1668,1668,528595,52,104,16403,0,0,0,37,1505,188502
202099,999,49420, ,Yakima  WA ,494,494,113009,15,30,4532,12,38,4313,1,13,2109,494,494,113009,15,30,4532,12,38,4313,1,13,2109
202099,999,49740, ,Yuma  AZ ,1181,1181,195851,38,76,11864,7,28,1032,1,5,184,1129,1129,187528,38,76,11864,7,28,1032,1,5,184
