Survey,CSA,CBSA,MONCOV,CBSA,,1-unit,,,2-units,,,3-4 units,,,5+ units,,,1-unit rep,,,2-units rep,,,3-4 units rep,,,5+ units rep
Date,Code,Code,,Name,Bldgs,Units,Value,Bldgs,Units,Value,Bldgs,Units,Value,Bldgs,Units,Value,Bldgs,Units,Value,Bldgs,Units,Value,      Bldgs,Units,Value,Bldgs,Units,Value
 
201199,102,18700, ,Corvallis  OR ,66,66,16759,11,22,3375,12,48,3162,23,228,25232,66,66,16759,11,22,3375,12,48,3162,23,228,25232
201199,104,10580, ,Albany-Schenectady-Troy  NY ,890,890,205061,27,54,6659,16,52,7610,71,768,84677,840,840,195228,21,42,4279,14,46,6410,69,756,83995
201199,104,24020, ,Glens Falls  NY ,222,222,43835,2,4,550,1,4,250,1,12,600,206,206,42350,2,4,550,1,4,250,1,12,600
201199,112,11180, ,Ames  IA ,99,99,22550,1,2,155,0,0,0,19,356,21798,97,97,22234,1,2,155,0,0,0,19,356,21798
201199,118,11540, ,Appleton  WI ,298,298,65588,17,34,4381,1,4,535,15,312,16564,269,269,59282,17,34,4381,1,4,535,15,312,16564
201199,118,36780, ,Oshkosh-Neenah  WI ,200,200,40028,2,4,430,0,0,0,17,181,9496,195,195,38972,2,4,430,0,0,0,17,181,9496
201199,120,11700, ,Asheville  NC ,932,932,199539,2,4,1331,3,9,1500,1,56,2866,796,796,171424,2,4,1331,0,0,0,1,56,2866
201199,122,12060,C,Atlanta-Sandy Springs-Marietta  GA ,6214,6214,1186627,13,26,5974,10,37,5549,83,2357,202036,5931,5931,1126245,13,26,5974,10,37,5549,82,2352,201162
201199,122,23580, ,Gainesville  GA ,228,228,36666,0,0,0,0,0,0,0,0,0,228,228,36666,0,0,0,0,0,0,0,0,0
201199,126,12420,C,Austin-Round Rock-San Marcos  TX ,6231,6231,1117064,9,18,1165,16,63,6350,227,3927,243118,5544,5544,1015866,9,18,1165,16,63,6350,100,2845,170571
201199,132,12940, ,Baton Rouge  LA ,2629,2629,469753,35,70,3694,4,12,997,34,424,52449,1616,1616,318095,29,58,2746,0,0,0,21,341,45842
201199,140,13460,C,Bend  OR ,457,457,105269,1,2,243,0,0,0,0,0,0,457,457,105269,1,2,243,0,0,0,0,0,0
201199,142,13820,C,Birmingham-Hoover  AL ,1795,1795,346975,0,0,0,0,0,0,22,567,41806,1755,1755,341456,0,0,0,0,0,0,22,567,41806
201199,148,14460,C,Boston-Cambridge-Quincy  MA-NH ,3394,3394,957846,142,284,24003,41,140,19432,131,2321,325751,2953,2953,856710,128,256,21222,32,112,16226,44,1595,262046
201199,148,31700, ,Manchester-Nashua  NH ,334,334,66324,12,24,3212,0,0,0,10,344,32507,331,331,65840,12,24,3212,0,0,0,10,344,32507
201199,148,39300, ,Providence-New Bedford-Fall River  RI-MA ,963,963,195266,47,94,8944,19,64,6136,4,57,4713,848,848,175840,47,94,8944,14,48,3979,4,57,4713
201199,148,49340, ,Worcester  MA ,726,726,141463,7,14,2404,1,3,511,2,48,6740,554,554,114213,6,12,2144,1,3,511,2,48,6740
201199,154,15180, ,Brownsville-Harlingen  TX ,1053,1053,105843,9,18,911,8,31,1275,5,34,1421,873,873,84006,9,18,911,8,31,1275,5,34,1421
201199,160,15380, ,Buffalo-Niagara Falls  NY ,790,790,181525,33,66,7519,45,180,19351,31,279,18573,779,779,179960,33,66,7519,45,180,19351,31,279,18573
201199,164,16020, ,Cape Girardeau-Jackson  MO-IL ,94,94,16137,10,20,2345,2,8,775,0,0,0,94,94,16137,10,20,2345,2,8,775,0,0,0
201199,172,16740,C,Charlotte-Gastonia-Rock Hill  NC-SC ,4912,4912,951198,6,12,610,43,160,14370,68,1362,119887,3811,3811,757915,5,10,434,5,16,1399,50,901,82260
201199,174,16860, ,Chattanooga  TN-GA ,959,959,148555,13,26,1371,3,9,435,19,337,21306,726,726,114129,8,16,913,1,3,165,7,264,14520
201199,174,17420, ,Cleveland  TN ,303,303,45252,2,4,287,16,63,3679,1,6,285,203,203,27239,2,4,287,16,63,3679,1,6,285
201199,176,16980,C,Chicago-Joliet-Naperville  IL-IN-WI ,4145,4145,1085297,48,96,15475,54,193,26670,100,3159,387486,3710,3710,997302,41,82,13599,53,190,26256,62,2891,366257
201199,176,28100, ,Kankakee-Bradley  IL ,54,54,11242,0,0,0,0,0,0,1,8,400,51,51,10312,0,0,0,0,0,0,1,8,400
201199,176,33140, ,Michigan City-La Porte  IN ,119,119,22832,0,0,0,0,0,0,2,24,300,104,104,17970,0,0,0,0,0,0,2,24,300
201199,178,17140,C,Cincinnati-Middletown  OH-KY-IN ,2521,2521,491732,29,58,5130,18,70,11851,41,720,74448,2443,2443,478800,29,58,5130,18,70,11851,41,720,74448
201199,184,10420, ,Akron  OH ,637,637,116740,0,0,0,2,6,137,21,479,26190,547,547,104486,0,0,0,0,0,0,12,434,24600
201199,184,17460,C,Cleveland-Elyria-Mentor  OH ,1585,1585,346159,0,0,0,9,33,3706,22,149,10606,1427,1427,322632,0,0,0,8,30,3570,14,109,6364
201199,192,17900,C,Columbia  SC ,2390,2390,381312,3,6,366,0,0,0,30,501,34678,717,717,117815,3,6,366,0,0,0,3,48,2640
201199,194,12220,C,Auburn-Opelika  AL ,739,739,162508,1,2,145,0,0,0,12,216,29004,739,739,162508,1,2,145,0,0,0,12,216,29004
201199,194,17980, ,Columbus  GA-AL ,906,906,157381,3,6,446,7,23,1045,12,125,9481,418,418,85134,1,2,114,0,0,0,0,0,0
201199,198,18140,C,Columbus  OH ,2420,2420,528597,36,72,9941,64,226,26135,164,2012,103384,2324,2324,507466,36,72,9941,58,208,24464,159,1987,101548
201199,204,18580, ,Corpus Christi  TX ,884,884,143362,0,0,0,3,12,1227,28,246,14957,810,810,128702,0,0,0,3,12,1227,25,224,13265
201199,206,19100,C,Dallas-Fort Worth-Arlington  TX ,14039,14039,3517575,18,36,5259,14,51,6355,354,10701,819509,13599,13599,3442428,18,36,5259,14,51,6355,342,10503,810028
201199,206,43300, ,Sherman-Denison  TX ,62,62,9147,5,10,678,1,4,230,0,0,0,59,59,8822,5,10,678,1,4,230,0,0,0
201199,212,19380, ,Dayton  OH ,737,737,173869,3,6,600,3,9,699,0,0,0,737,737,173869,3,6,600,3,9,699,0,0,0
201199,212,44220, ,Springfield  OH ,52,52,8954,6,12,580,0,0,0,13,78,5215,52,52,8954,6,12,580,0,0,0,13,78,5215
201199,216,14500, ,Boulder  CO ,390,390,106387,12,24,2933,7,24,4415,6,223,18270,390,390,106387,12,24,2933,7,24,4415,6,223,18270
201199,216,19740,C,Denver-Aurora-Broomfield  CO ,3630,3630,922288,99,198,34482,19,63,7647,61,2782,230422,3610,3610,917386,99,198,34482,19,63,7647,61,2782,230422
201199,216,24540,C,Greeley  CO ,792,792,175495,1,2,115,1,3,193,13,92,4161,687,687,148943,1,2,115,0,0,0,0,0,0
201199,218,19780,C,Des Moines-West Des Moines  IA ,2249,2249,473484,3,6,773,9,33,2546,19,352,30021,2215,2215,466436,3,6,773,9,33,2546,18,347,29439
201199,220,11460, ,Ann Arbor  MI ,200,200,48111,2,4,400,0,0,0,2,273,17000,199,199,47961,2,4,400,0,0,0,2,273,17000
201199,220,19820,C,Detroit-Warren-Livonia  MI ,2862,2862,661939,14,28,3474,25,91,9777,30,385,32825,2772,2772,650479,14,28,3474,21,77,8620,30,385,32825
201199,220,22420, ,Flint  MI ,66,66,12723,0,0,0,0,0,0,0,0,0,51,51,9925,0,0,0,0,0,0,0,0,0
201199,220,33780, ,Monroe  MI ,110,110,19319,0,0,0,0,0,0,0,0,0,82,82,14339,0,0,0,0,0,0,0,0,0
201199,222,20020, ,Dothan  AL ,288,288,54515,0,0,0,0,0,0,0,0,0,231,231,46818,0,0,0,0,0,0,0,0,0
201199,232,20740, ,Eau Claire  WI ,245,245,40986,13,26,1900,8,29,2375,8,64,3935,245,245,40986,13,26,1900,8,29,2375,8,64,3935
201199,244,22020, ,Fargo  ND-MN ,609,609,119681,1,2,400,11,42,4707,26,883,50691,602,602,117636,1,2,400,11,42,4707,26,883,50691
201199,252,22540, ,Fond du Lac  WI ,86,86,18359,4,8,661,1,4,343,10,139,9798,83,83,17777,4,8,661,1,4,343,10,139,9798
201199,258,23060,C,Fort Wayne  IN ,721,721,131868,2,4,498,0,0,0,3,18,750,721,721,131868,2,4,498,0,0,0,3,18,750
201199,260,23420, ,Fresno  CA ,1289,1289,242294,3,6,421,10,31,5793,24,296,29752,479,479,98274,0,0,0,0,0,0,14,133,8027
201199,260,31460, ,Madera-Chowchilla  CA ,112,112,17721,0,0,0,14,54,5714,12,125,7845,112,112,17721,0,0,0,14,54,5714,12,125,7845
201199,266,24340,C,Grand Rapids-Wyoming  MI ,860,860,158295,0,0,0,1,4,588,1,36,2750,809,809,150370,0,0,0,1,4,588,1,36,2750
201199,266,26100, ,Holland-Grand Haven  MI ,471,471,85624,3,6,842,0,0,0,10,134,9939,404,404,75902,2,4,592,0,0,0,1,89,6009
201199,266,34740, ,Muskegon-Norton Shores  MI ,93,93,16594,1,2,223,0,0,0,0,0,0,74,74,13281,1,2,223,0,0,0,0,0,0
201199,268,15500, ,Burlington  NC ,399,399,55444,7,14,3758,17,68,9126,1,75,8400,399,399,55444,7,14,3758,17,68,9126,1,75,8400
201199,268,24660,C,Greensboro-High Point  NC ,1054,1054,185170,16,32,2600,7,21,1560,60,940,38350,1054,1054,185170,16,32,2600,7,21,1560,60,940,38350
201199,268,49180, ,Winston-Salem  NC ,920,920,134934,0,0,0,4,14,1024,34,478,17325,920,920,134934,0,0,0,4,14,1024,34,478,17325
201199,273,11340, ,Anderson  SC ,268,268,49033,6,12,763,0,0,0,0,0,0,268,268,49033,6,12,763,0,0,0,0,0,0
201199,273,24860,C,Greenville-Mauldin-Easley  SC ,1639,1639,423484,7,14,333,0,0,0,6,96,8124,1619,1619,420798,7,14,333,0,0,0,6,96,8124
201199,273,43900, ,Spartanburg  SC ,532,532,61288,0,0,0,0,0,0,0,0,0,520,520,58451,0,0,0,0,0,0,0,0,0
201199,274,25060, ,Gulfport-Biloxi  MS ,1249,1249,165946,37,74,5825,20,74,6387,22,272,21429,715,715,90433,0,0,0,2,8,1192,0,0,0
201199,274,37700, ,Pascagoula  MS ,303,303,47162,0,0,0,0,0,0,0,0,0,303,303,47162,0,0,0,0,0,0,0,0,0
201199,276,25420, ,Harrisburg-Carlisle  PA ,952,952,189454,2,4,507,3,12,1196,9,145,10117,944,944,187416,2,4,507,3,12,1196,9,145,10117
201199,276,30140, ,Lebanon  PA ,159,159,27622,0,0,0,1,4,360,1,12,880,159,159,27622,0,0,0,1,4,360,1,12,880
201199,278,25540, ,Hartford-West Hartford-East Hartford  CT ,759,759,143400,9,18,2105,13,44,4840,28,302,26213,636,636,131031,9,18,2105,13,44,4840,22,269,19932
201199,288,26420,C,Houston-Sugar Land-Baytown  TX ,22889,22889,4335042,36,72,9494,8,29,1320,283,8281,485296,21810,21810,4130717,36,72,9494,8,29,1320,271,8163,477389
201199,290,19460, ,Decatur  AL ,103,103,16734,0,0,0,0,0,0,0,0,0,95,95,15333,0,0,0,0,0,0,0,0,0
201199,290,26620, ,Huntsville  AL ,2015,2015,280604,0,0,0,1,4,480,0,0,0,2014,2014,280478,0,0,0,1,4,480,0,0,0
201199,292,26820, ,Idaho Falls  ID ,265,265,38075,0,0,0,2,7,549,0,0,0,265,265,38075,0,0,0,2,7,549,0,0,0
201199,294,11300, ,Anderson  IN ,73,73,14705,1,2,31,0,0,0,0,0,0,54,54,9790,0,0,0,0,0,0,0,0,0
201199,294,18020, ,Columbus  IN ,178,178,36630,0,0,0,0,0,0,0,0,0,178,178,36630,0,0,0,0,0,0,0,0,0
201199,294,26900,C,Indianapolis-Carmel  IN ,3614,3614,696903,44,88,8540,20,75,4681,90,1482,94252,3578,3578,691533,37,74,7912,15,60,4681,90,1482,94252
201199,296,27060, ,Ithaca  NY ,102,102,17995,8,16,1240,0,0,0,7,35,3902,65,65,12155,7,14,1145,0,0,0,0,0,0
201199,297,27180, ,Jackson  TN ,174,174,31904,0,0,0,0,0,0,0,0,0,174,174,31904,0,0,0,0,0,0,0,0,0
201199,298,27140, ,Jackson  MS ,1207,1207,234049,0,0,0,0,0,0,3,153,19250,1165,1165,226553,0,0,0,0,0,0,2,144,18195
201199,304,27740, ,Johnson City  TN ,357,357,56334,2,4,258,2,7,404,3,31,1803,357,357,56334,2,4,258,2,7,404,3,31,1803
201199,304,28700, ,Kingsport-Bristol-Bristol  TN-VA ,340,340,52803,4,8,896,4,12,870,5,25,1655,338,338,52644,4,8,896,4,12,870,5,25,1655
201199,308,27860, ,Jonesboro  AR ,348,348,46147,6,12,630,20,77,3938,30,328,12013,333,333,44642,6,12,630,18,70,3813,30,328,12013
201199,312,28140,C,Kansas City  MO-KS ,2363,2363,562679,41,82,8413,24,84,8178,45,758,55436,2089,2089,491163,41,82,8413,22,78,7202,39,728,52266
201199,314,28940, ,Knoxville  TN ,1122,1122,220497,3,6,610,1,4,699,6,48,4171,1114,1114,219708,3,6,610,1,4,699,6,48,4171
201199,314,34100, ,Morristown  TN ,126,126,23005,0,0,0,0,0,0,1,8,400,87,87,19214,0,0,0,0,0,0,1,8,400
201199,316,29020, ,Kokomo  IN ,36,36,5453,0,0,0,1,3,170,0,0,0,36,36,5453,0,0,0,1,3,170,0,0,0
201199,318,29180, ,Lafayette  LA ,767,767,117376,2,4,341,0,0,0,14,88,4300,430,430,72944,0,0,0,0,0,0,0,0,0
201199,320,29140, ,Lafayette  IN ,737,737,130196,63,126,12960,0,0,0,18,381,32762,731,731,129289,63,126,12960,0,0,0,18,381,32762
201199,324,29340, ,Lake Charles  LA ,649,649,107462,53,106,7075,1,3,240,10,437,34370,647,647,107357,53,106,7075,1,3,240,10,437,34370
201199,330,29620, ,Lansing-East Lansing  MI ,374,374,71920,0,0,0,0,0,0,5,42,5234,308,308,60030,0,0,0,0,0,0,4,37,4802
201199,332,29820,C,Las Vegas-Paradise  NV ,3817,3817,510559,12,24,490,13,39,3392,52,1267,68407,3817,3817,510559,12,24,490,13,39,3392,52,1267,68407
201199,336,30460, ,Lexington-Fayette  KY ,1009,1009,157499,11,22,2300,2,8,850,36,462,20734,841,841,119718,11,22,2300,2,8,850,36,462,20734
201199,338,30620, ,Lima  OH ,35,35,6736,4,8,535,2,8,580,0,0,0,23,23,4596,4,8,535,2,8,580,0,0,0
201199,340,30780, ,Little Rock-North Little Rock-Conway  AR ,1514,1514,248236,18,36,3481,18,71,6271,77,1609,97540,1390,1390,235384,18,36,3481,18,71,6271,76,1564,96518
201199,340,38220, ,Pine Bluff  AR ,37,37,4947,8,16,841,0,0,0,2,16,978,25,25,3051,5,10,571,0,0,0,0,0,0
201199,346,30980, ,Longview  TX ,239,239,38610,37,74,5151,0,0,0,14,164,8861,226,226,36897,37,74,5151,0,0,0,1,8,650
201199,348,31100,C,Los Angeles-Long Beach-Santa Ana  CA ,4097,4097,1423097,181,362,80673,48,160,33467,306,9628,1460038,3891,3891,1359281,178,356,78556,45,151,32583,291,9527,1449110
201199,348,37100, ,Oxnard-Thousand Oaks-Ventura  CA ,281,281,81942,0,0,0,9,30,6143,19,257,28347,225,225,68257,0,0,0,6,21,4527,6,108,12163
201199,348,40140,C,Riverside-San Bernardino-Ontario  CA ,3378,3378,765993,10,20,2871,15,51,8527,63,1287,137361,3310,3310,754341,10,20,2871,15,51,8527,62,1282,136999
201199,350,21060, ,Elizabethtown  KY ,270,270,42691,7,14,1340,9,36,1803,31,394,18228,270,270,42691,7,14,1340,9,36,1803,31,394,18228
201199,350,31140,C,Louisville-Jefferson County  KY-IN ,1737,1737,329159,11,22,2392,13,47,4815,37,591,20496,1679,1679,321115,9,18,2260,11,41,4580,34,576,20084
201199,352,31180, ,Lubbock  TX ,692,692,133265,7,14,1702,0,0,0,61,801,41159,636,636,122352,7,14,1702,0,0,0,60,779,39683
201199,356,31420, ,Macon  GA ,174,174,25584,1,2,117,0,0,0,12,220,10620,174,174,25584,1,2,117,0,0,0,12,220,10620
201199,356,47580, ,Warner Robins  GA ,533,533,96869,0,0,0,3,12,1898,13,108,9195,533,533,96869,0,0,0,3,12,1898,13,108,9195
201199,358,31540,C,Madison  WI ,718,718,183199,15,30,3488,6,22,2101,24,673,63460,510,510,141407,10,20,2251,4,16,1553,6,218,17189
201199,360,31900, ,Mansfield  OH ,42,42,7097,0,0,0,0,0,0,0,0,0,42,42,7097,0,0,0,0,0,0,0,0,0
201199,372,33260,C,Midland  TX ,539,539,96880,0,0,0,0,0,0,0,0,0,539,539,96880,0,0,0,0,0,0,0,0,0
201199,372,36220,C,Odessa  TX ,336,336,60174,1,2,195,0,0,0,17,402,30000,336,336,60174,1,2,195,0,0,0,17,402,30000
201199,376,33340,C,Milwaukee-Waukesha-West Allis  WI ,900,900,249706,32,64,8248,5,20,1968,17,594,50971,884,884,245324,29,58,7273,5,20,1968,17,594,50971
201199,376,39540, ,Racine  WI ,99,99,27694,1,2,198,0,0,0,1,6,450,96,96,26985,1,2,198,0,0,0,1,6,450
201199,378,33460,C,Minneapolis-St. Paul-Bloomington  MN-WI ,3756,3756,1007796,4,8,1003,4,16,2697,42,1368,153796,3732,3732,1001638,4,8,1003,4,16,2697,41,1363,153369
201199,378,41060, ,St. Cloud  MN ,246,246,46413,1,2,326,5,20,2405,1,100,8500,197,197,37330,1,2,326,5,20,2405,1,100,8500
201199,380,33660, ,Mobile  AL ,706,706,105228,0,0,0,10,39,1833,17,796,36367,685,685,102579,0,0,0,10,39,1833,17,796,36367
201199,384,33740, ,Monroe  LA ,312,312,54283,6,12,1338,4,14,2312,12,67,6451,95,95,16027,1,2,100,4,14,2312,2,12,1982
201199,388,33860, ,Montgomery  AL ,668,668,117697,1,2,80,0,0,0,27,302,21780,623,623,113915,1,2,80,0,0,0,16,240,20263
201199,396,34820, ,Myrtle Beach-North Myrtle Beach-Conway  SC ,1481,1481,238918,0,0,0,0,0,0,10,295,26483,1480,1480,238751,0,0,0,0,0,0,10,295,26483
201199,400,34980,C,Nashville-Davidson--Murfreesboro--Franklin  TN ,4100,4100,889051,26,52,4408,6,24,1399,31,1218,116614,4068,4068,883528,26,52,4408,6,24,1399,31,1218,116614
201199,406,35380,C,New Orleans-Metairie-Kenner  LA ,1945,1945,348141,133,266,22107,4,13,999,5,104,11628,1566,1566,291184,102,204,16964,4,13,999,1,43,4821
201199,408,14860, ,Bridgeport-Stamford-Norwalk  CT ,583,583,290121,8,16,1988,5,18,2487,20,320,27629,505,505,204279,7,14,1817,5,18,2487,8,215,23620
201199,408,28740, ,Kingston  NY ,128,128,34448,2,4,525,8,32,5434,8,66,6169,125,125,34166,2,4,525,8,32,5434,8,66,6169
201199,408,35300, ,New Haven-Milford  CT ,422,422,69205,18,36,2230,27,96,2114,15,135,11549,393,393,64962,18,36,2230,27,96,2114,3,55,6626
201199,408,35620,C,New York-Northern New Jersey-Long Island  NY-NJ-PA ,6003,6003,1752129,649,1298,143518,179,592,63082,543,13646,1294009,4835,4835,1500247,602,1204,133857,174,577,61785,363,12219,1192096
201199,408,39100, ,Poughkeepsie-Newburgh-Middletown  NY ,647,647,149490,4,8,1720,6,22,2662,53,513,50787,581,581,135907,4,8,1720,6,22,2662,40,443,47214
201199,408,45940,C,Trenton-Ewing  NJ ,135,135,34483,3,6,210,3,12,743,24,247,27546,120,120,27771,3,6,210,3,12,743,18,207,15986
201199,416,36420,C,Oklahoma City  OK ,3079,3079,562867,16,32,2741,0,0,0,18,150,12768,1730,1730,357689,7,14,1255,0,0,0,5,57,7440
201199,420,36540,C,Omaha-Council Bluffs  NE-IA ,2156,2156,367427,4,8,992,2,6,433,38,963,65343,2127,2127,362611,4,8,992,2,6,433,29,710,50370
201199,422,19660,C,Deltona-Daytona Beach-Ormond Beach  FL ,513,513,127604,0,0,0,0,0,0,26,511,59051,433,433,109485,0,0,0,0,0,0,11,414,49547
201199,422,36740,C,Orlando-Kissimmee-Sanford  FL ,4533,4533,1146868,7,14,1864,17,58,7554,74,1900,184118,4529,4529,1145756,7,14,1864,17,58,7554,74,1900,184118
201199,422,37380, ,Palm Coast  FL ,152,152,47584,0,0,0,0,0,0,0,0,0,152,152,47584,0,0,0,0,0,0,0,0,0
201199,426,37900, ,Peoria  IL ,446,446,107579,4,8,954,0,0,0,1,16,801,417,417,101694,2,4,530,0,0,0,0,0,0
201199,428,37980,C,Philadelphia-Camden-Wilmington  PA-NJ-DE-MD ,4456,4456,753342,132,264,26301,60,192,14771,128,2067,171980,3958,3958,676144,130,260,25893,60,192,14771,82,1819,161020
201199,428,39740, ,Reading  PA ,267,267,39108,0,0,0,1,4,408,1,35,5000,258,258,37160,0,0,0,1,4,408,1,35,5000
201199,428,47220,C,Vineland-Millville-Bridgeton  NJ ,182,182,19117,0,0,0,0,0,0,0,0,0,131,131,13072,0,0,0,0,0,0,0,0,0
201199,430,38300,C,Pittsburgh  PA ,2654,2654,594839,13,26,3104,19,69,8786,15,165,21829,2527,2527,574552,9,18,2480,15,56,7431,14,160,21245
201199,438,30340, ,Lewiston-Auburn  ME ,146,146,16400,1,2,150,0,0,0,0,0,0,137,137,14755,1,2,150,0,0,0,0,0,0
201199,438,38860, ,Portland-South Portland-Biddeford  ME ,956,956,195733,7,14,1760,2,7,671,5,135,13553,767,767,154530,5,10,1440,2,7,671,5,135,13553
201199,442,38940,C,Port St. Lucie  FL ,471,471,153870,3,6,517,3,11,1894,8,51,4891,471,471,153870,3,6,517,3,11,1894,8,51,4891
201199,442,42680,C,Sebastian-Vero Beach  FL ,320,320,124294,0,0,0,0,0,0,10,52,1937,317,317,123720,0,0,0,0,0,0,10,52,1937
201199,450,20500,C,Durham-Chapel Hill  NC ,1526,1526,313533,20,40,2589,1,4,726,12,354,5741,1448,1448,299749,20,40,2589,1,4,726,11,329,4407
201199,450,39580,C,Raleigh-Cary  NC ,4753,4753,897332,9,18,3392,1,4,378,45,1591,135765,4753,4753,897332,9,18,3392,1,4,378,45,1591,135765
201199,456,39900,C,Reno-Sparks  NV ,534,534,134153,0,0,0,0,0,0,1,22,2000,528,528,133165,0,0,0,0,0,0,1,22,2000
201199,464,40380, ,Rochester  NY ,1049,1049,205291,51,102,13134,31,119,13222,24,253,22818,1027,1027,201935,49,98,12869,30,115,13022,21,238,21985
201199,466,40420, ,Rockford  IL ,109,109,14550,3,6,880,3,12,456,1,41,8016,94,94,12438,2,4,675,3,12,456,1,41,8016
201199,472,40900,C,Sacramento--Arden-Arcade--Roseville  CA ,1873,1873,529337,1,2,295,2,6,953,21,610,69225,1849,1849,523307,0,0,0,2,6,953,21,610,69225
201199,472,49700, ,Yuba City  CA ,78,78,14579,1,2,262,13,52,5519,2,14,1510,77,77,14449,1,2,262,13,52,5519,2,14,1510
201199,474,13020, ,Bay City  MI ,67,67,13274,0,0,0,0,0,0,4,24,1575,65,65,12860,0,0,0,0,0,0,4,24,1575
201199,474,40980, ,Saginaw-Saginaw Township North  MI ,91,91,17792,0,0,0,0,0,0,16,86,4971,86,86,16640,0,0,0,0,0,0,16,86,4971
201199,476,41180,C,St. Louis  MO-IL ,3291,3291,714663,47,94,8767,85,294,39755,68,728,64165,2789,2789,574519,47,94,8767,81,282,38605,45,605,50973
201199,480,41540, ,Salisbury  MD ,167,167,25962,1,2,70,0,0,0,0,0,0,167,167,25962,1,2,70,0,0,0,0,0,0
201199,482,36260, ,Ogden-Clearfield  UT ,1195,1195,270314,4,8,1315,9,36,4589,20,610,54968,1191,1191,269445,4,8,1315,9,36,4589,20,610,54968
201199,482,41620,C,Salt Lake City  UT ,2141,2141,498837,14,28,3442,17,57,7232,68,1231,67612,1968,1968,471375,9,18,2450,13,45,6062,40,978,48337
201199,488,34900, ,Napa  CA ,128,128,54267,1,2,233,0,0,0,3,24,1349,128,128,54267,1,2,233,0,0,0,3,24,1349
201199,488,41860,C,San Francisco-Oakland-Fremont  CA ,1923,1923,691151,32,64,20851,18,61,22297,114,3735,800683,1779,1779,645913,32,64,20851,18,61,22297,91,3581,786071
201199,488,41940,C,San Jose-Sunnyvale-Santa Clara  CA ,1002,1002,382946,1,2,286,13,50,10471,45,2043,316268,1001,1001,382209,1,2,286,13,50,10471,45,2043,316268
201199,488,42100, ,Santa Cruz-Watsonville  CA ,99,99,24005,1,2,499,7,22,2914,12,85,7679,76,76,21024,1,2,499,7,22,2914,11,66,6213
201199,488,42220, ,Santa Rosa-Petaluma  CA ,449,449,115244,1,2,576,10,30,3898,9,151,11650,446,446,114597,1,2,576,10,30,3898,9,151,11650
201199,488,46700, ,Vallejo-Fairfield  CA ,387,387,81456,0,0,0,0,0,0,0,0,0,387,387,81456,0,0,0,0,0,0,0,0,0
201199,492,42140,C,Santa Fe  NM ,94,94,12536,0,0,0,0,0,0,0,0,0,0,0,0,0,0,0,0,0,0,0,0,0
201199,494,35840,C,North Port-Bradenton-Sarasota  FL ,1838,1838,431399,11,22,4244,12,44,6486,27,481,33749,1834,1834,430108,11,22,4244,12,44,6486,26,476,33345
201199,494,39460,C,Punta Gorda  FL ,302,302,51683,5,10,1069,0,0,0,0,0,0,302,302,51683,5,10,1069,0,0,0,0,0,0
201199,496,25980, ,Hinesville-Fort Stewart  GA ,201,201,41449,0,0,0,0,0,0,0,0,0,201,201,41449,0,0,0,0,0,0,0,0,0
201199,496,42340, ,Savannah  GA ,1049,1049,154528,3,6,438,5,20,2294,54,550,35759,912,912,141211,3,6,438,5,20,2294,54,550,35759
201199,500,14740, ,Bremerton-Silverdale  WA ,451,451,97756,8,16,1657,9,30,3247,7,43,3133,451,451,97756,8,16,1657,9,30,3247,7,43,3133
201199,500,34580, ,Mount Vernon-Anacortes  WA ,179,179,35595,0,0,0,0,0,0,0,0,0,146,146,29965,0,0,0,0,0,0,0,0,0
201199,500,36500, ,Olympia  WA ,858,858,197040,1,2,248,2,7,399,17,161,17924,858,858,197040,1,2,248,2,7,399,17,161,17924
201199,500,42660,C,Seattle-Tacoma-Bellevue  WA ,6078,6078,1584006,116,232,36415,41,142,20585,148,4778,573491,5907,5907,1528302,116,232,36415,40,139,20101,132,4676,563337
201199,508,43340, ,Shreveport-Bossier City  LA ,1137,1137,215362,0,0,0,0,0,0,16,264,16074,755,755,168746,0,0,0,0,0,0,0,0,0
201199,512,43580, ,Sioux City  IA-NE-SD ,162,162,38831,7,14,1477,0,0,0,0,0,0,92,92,19871,7,14,1477,0,0,0,0,0,0
201199,515,21140, ,Elkhart-Goshen  IN ,146,146,26429,0,0,0,0,0,0,0,0,0,146,146,26429,0,0,0,0,0,0,0,0,0
201199,515,43780, ,South Bend-Mishawaka  IN-MI ,238,238,43657,0,0,0,1,3,900,14,226,24023,237,237,43441,0,0,0,1,3,900,14,226,24023
201199,532,45060, ,Syracuse  NY ,697,697,120339,1,2,105,4,14,1140,25,507,29228,606,606,107187,1,2,105,4,14,1140,25,507,29228
201199,534,45780, ,Toledo  OH ,442,442,96995,3,6,851,6,21,1544,12,134,6068,436,436,96250,2,4,672,5,18,1276,12,134,6068
201199,538,46140,C,Tulsa  OK ,2033,2033,376366,17,34,2991,6,24,1710,69,1474,92073,2031,2031,376193,17,34,2991,6,24,1710,69,1474,92073
201199,540,46340, ,Tyler  TX ,185,185,29986,0,0,0,3,9,450,12,68,3142,60,60,7974,0,0,0,0,0,0,0,0,0
201199,548,12580,C,Baltimore-Towson  MD ,3277,3277,651630,0,0,0,4,15,1298,76,2861,259447,3277,3277,651630,0,0,0,4,15,1298,76,2861,259447
201199,548,47900,C,Washington-Arlington-Alexandria  DC-VA-MD-WV ,9644,9644,1909832,116,232,25457,10,36,5887,136,9745,995984,9352,9352,1847543,116,232,25457,10,36,5887,136,9745,995984
201199,548,49020, ,Winchester  VA-WV ,293,293,58532,0,0,0,0,0,0,2,159,48350,292,292,58417,0,0,0,0,0,0,2,159,48350
201199,554,48140, ,Wausau  WI ,200,200,39755,0,0,0,0,0,0,4,76,6594,196,196,39045,0,0,0,0,0,0,4,76,6594
201199,556,48620, ,Wichita  KS ,891,891,149409,55,110,9397,1,3,342,1,58,4500,836,836,140323,43,86,7627,0,0,0,1,58,4500
201199,558,48700, ,Williamsport  PA ,76,76,13910,0,0,0,0,0,0,6,80,3350,76,76,13910,0,0,0,0,0,0,6,80,3350
201199,564,49620, ,York-Hanover  PA ,582,582,98395,1,2,61,2,8,757,8,46,4163,566,566,95752,1,2,61,2,8,757,8,46,4163
201199,566,49660, ,Youngstown-Warren-Boardman  OH-PA ,256,256,54754,0,0,0,0,0,0,0,0,0,248,248,53558,0,0,0,0,0,0,0,0,0
201199,999,10180, ,Abilene  TX ,153,153,27402,0,0,0,2,6,626,0,0,0,153,153,27402,0,0,0,2,6,626,0,0,0
201199,999,10500, ,Albany  GA ,182,182,20414,8,16,1201,1,3,153,1,5,188,32,32,3850,0,0,0,0,0,0,0,0,0
201199,999,10740,C,Albuquerque  NM ,1354,1354,246306,2,4,567,8,25,3180,16,251,19539,140,140,33688,2,4,567,0,0,0,0,0,0
201199,999,10780, ,Alexandria  LA ,280,280,46019,11,22,2042,0,0,0,9,74,4853,120,120,19934,2,4,170,0,0,0,0,0,0
201199,999,10900,C,Allentown-Bethlehem-Easton  PA-NJ ,1059,1059,171362,8,16,1314,1,4,518,9,54,6464,987,987,159801,8,16,1314,1,4,518,1,11,1777
201199,999,11020, ,Altoona  PA ,69,69,12138,1,2,232,1,4,650,0,0,0,69,69,12138,1,2,232,1,4,650,0,0,0
201199,999,11100, ,Amarillo  TX ,656,656,150307,14,28,4787,0,0,0,2,19,1492,656,656,150307,14,28,4787,0,0,0,2,19,1492
201199,999,11260,C,Anchorage  AK ,401,401,111158,12,24,4093,2,8,799,11,91,15575,396,396,110365,12,24,4093,2,8,799,11,91,15575
201199,999,11500, ,Anniston-Oxford  AL ,73,73,10291,0,0,0,1,4,332,1,6,240,68,68,9151,0,0,0,1,4,332,1,6,240
201199,999,12020, ,Athens-Clarke County  GA ,240,240,44062,1,2,271,0,0,0,5,85,7399,238,238,43400,1,2,271,0,0,0,5,85,7399
201199,999,12100,C,Atlantic City-Hammonton  NJ ,337,337,54831,5,10,462,0,0,0,6,43,9446,259,259,45615,3,6,295,0,0,0,0,0,0
201199,999,12260, ,Augusta-Richmond County  GA-SC ,2217,2217,361719,0,0,0,2,8,640,10,160,10425,1608,1608,270188,0,0,0,2,8,640,10,160,10425
201199,999,12540, ,Bakersfield-Delano  CA ,712,712,132718,17,34,2469,16,61,4401,13,162,11108,712,712,132718,17,34,2469,16,61,4401,13,162,11108
201199,999,12620, ,Bangor  ME ,213,213,34674,9,18,1228,2,6,360,11,132,591,182,182,30263,9,18,1228,2,6,360,11,132,591
201199,999,12700, ,Barnstable Town  MA ,342,342,132240,4,8,1250,2,7,1100,7,47,6271,264,264,112221,4,8,1250,2,7,1100,2,10,2000
201199,999,12980, ,Battle Creek  MI ,33,33,5804,0,0,0,0,0,0,1,16,1900,30,30,5342,0,0,0,0,0,0,1,16,1900
201199,999,13140, ,Beaumont-Port Arthur  TX ,855,855,116048,7,14,938,0,0,0,15,310,14900,855,855,116048,7,14,938,0,0,0,15,310,14900
201199,999,13380, ,Bellingham  WA ,419,419,88626,7,14,1630,8,28,3790,5,144,13967,416,416,87859,7,14,1630,8,28,3790,5,144,13967
201199,999,13740, ,Billings  MT ,256,256,46995,5,10,1231,2,6,0,0,0,0,256,256,46995,5,10,1231,0,0,0,0,0,0
201199,999,13780, ,Binghamton  NY ,113,113,14784,2,4,300,0,0,0,0,0,0,111,111,14485,2,4,300,0,0,0,0,0,0
201199,999,13900, ,Bismarck  ND ,636,636,111323,3,6,734,9,33,4247,10,169,11879,507,507,89144,2,4,400,6,24,3077,6,143,10019
201199,999,13980, ,Blacksburg-Christiansburg-Radford  VA ,287,287,41626,0,0,0,0,0,0,4,43,3288,287,287,41626,0,0,0,0,0,0,4,43,3288
201199,999,14020, ,Bloomington  IN ,169,169,27923,8,16,1536,1,4,291,8,47,3299,169,169,27923,8,16,1536,1,4,291,8,47,3299
201199,999,14060, ,Bloomington-Normal  IL ,241,241,38844,2,4,300,0,0,0,20,375,23354,233,233,37379,0,0,0,0,0,0,20,375,23354
201199,999,14260,C,Boise City-Nampa  ID ,1578,1578,372103,0,0,0,37,147,8441,6,115,10168,1578,1578,372103,0,0,0,37,147,8441,6,115,10168
201199,999,14540, ,Bowling Green  KY ,291,291,48395,7,14,1075,21,83,4623,29,455,19065,291,291,48395,7,14,1075,21,83,4623,29,455,19065
201199,999,15260, ,Brunswick  GA ,396,396,89567,0,0,0,0,0,0,0,0,0,9,9,1163,0,0,0,0,0,0,0,0,0
201199,999,15540, ,Burlington-South Burlington  VT ,301,301,66267,16,32,3387,10,32,3206,15,316,28611,283,283,63347,16,32,3387,10,32,3206,15,316,28611
201199,999,15940, ,Canton-Massillon  OH ,211,211,42459,1,2,202,1,4,700,4,39,2402,206,206,41892,1,2,202,1,4,700,2,26,1352
201199,999,15980,C,Cape Coral-Fort Myers  FL ,1262,1262,280498,7,14,1340,12,48,6978,10,263,24323,1262,1262,280498,7,14,1340,12,48,6978,10,263,24323
201199,999,16180,C,Carson City  NV ,9,9,2114,0,0,0,1,4,310,0,0,0,9,9,2114,0,0,0,1,4,310,0,0,0
201199,999,16220, ,Casper  WY ,256,256,43569,0,0,0,2,6,440,6,140,9580,256,256,43569,0,0,0,2,6,440,6,140,9580
201199,999,16300, ,Cedar Rapids  IA ,577,577,67356,27,54,4112,20,76,5364,2,24,801,569,569,66346,27,54,4112,20,76,5364,2,24,801
201199,999,16580, ,Champaign-Urbana  IL ,215,215,48080,0,0,0,1,3,463,11,300,20776,214,214,47930,0,0,0,1,3,463,11,300,20776
201199,999,16620, ,Charleston  WV ,265,265,45655,7,14,675,3,10,452,1,6,412,159,159,25028,3,6,451,1,4,279,1,6,412
201199,999,16700,C,Charleston-North Charleston-Summerville  SC ,2597,2597,595139,0,0,0,0,0,0,47,1225,68717,2174,2174,528123,0,0,0,0,0,0,34,1002,57544
201199,999,16820, ,Charlottesville  VA ,619,619,137919,5,10,810,0,0,0,14,379,25021,619,619,137919,5,10,810,0,0,0,14,379,25021
201199,999,16940, ,Cheyenne  WY ,275,275,50518,0,0,0,1,4,230,0,0,0,275,275,50518,0,0,0,1,4,230,0,0,0
201199,999,17020, ,Chico  CA ,202,202,39780,0,0,0,0,0,0,3,38,2912,202,202,39780,0,0,0,0,0,0,3,38,2912
201199,999,17300, ,Clarksville  TN-KY ,1427,1427,173240,24,48,2491,51,192,12211,33,334,19342,1427,1427,173240,24,48,2491,51,192,12211,33,334,19342
201199,999,17660, ,Coeur dAlene  ID ,421,421,86625,0,0,0,1,4,281,9,198,15705,418,418,85947,0,0,0,1,4,281,9,198,15705
201199,999,17780, ,College Station-Bryan  TX ,619,619,87870,23,46,4213,39,156,16952,42,623,40772,615,615,87365,23,46,4213,39,156,16952,42,623,40772
201199,999,17820,C,Colorado Springs  CO ,1616,1616,540584,1,2,221,0,0,0,30,657,74622,1616,1616,540584,1,2,221,0,0,0,30,657,74622
201199,999,17860, ,Columbia  MO ,478,478,91424,5,10,480,1,4,300,25,560,38997,478,478,91424,5,10,480,1,4,300,25,560,38997
201199,999,18880, ,Crestview-Fort Walton Beach-Destin  FL ,747,747,193755,1,2,280,0,0,0,0,0,0,747,747,193755,1,2,280,0,0,0,0,0,0
201199,999,19060, ,Cumberland  MD-WV ,112,112,19869,3,6,400,0,0,0,0,0,0,111,111,19759,3,6,400,0,0,0,0,0,0
201199,999,19140,C,Dalton  GA ,63,63,6865,0,0,0,0,0,0,0,0,0,51,51,5116,0,0,0,0,0,0,0,0,0
201199,999,19180, ,Danville  IL ,10,10,1836,1,2,200,0,0,0,0,0,0,8,8,1721,1,2,200,0,0,0,0,0,0
201199,999,19260, ,Danville  VA ,87,87,10540,0,0,0,0,0,0,11,55,3246,24,24,2716,0,0,0,0,0,0,0,0,0
201199,999,19340, ,Davenport-Moline-Rock Island  IA-IL ,577,577,96771,6,12,1525,0,0,0,5,46,3355,535,535,89608,6,12,1525,0,0,0,5,46,3355
201199,999,19500, ,Decatur  IL ,70,70,11081,1,2,100,1,4,200,1,8,550,67,67,10887,1,2,100,1,4,200,1,8,550
201199,999,20100,C,Dover  DE ,540,540,74681,6,12,1140,1,4,325,12,124,9429,538,538,74483,6,12,1140,1,4,325,10,114,9118
201199,999,20220, ,Dubuque  IA ,281,281,53075,10,20,2156,1,3,218,3,106,6869,276,276,52178,10,20,2156,1,3,218,3,106,6869
201199,999,20260, ,Duluth  MN-WI ,333,333,58508,13,26,3140,2,7,699,13,78,7894,274,274,47135,6,12,1608,1,4,400,2,23,1583
201199,999,20940, ,El Centro  CA ,129,129,24385,0,0,0,0,0,0,13,128,13262,128,128,24166,0,0,0,0,0,0,13,128,13262
201199,999,21300, ,Elmira  NY ,34,34,5757,4,8,398,0,0,0,8,96,6200,34,34,5757,4,8,398,0,0,0,8,96,6200
201199,999,21340, ,El Paso  TX ,3280,3280,478683,27,54,6815,51,201,22889,54,618,68117,3277,3277,478608,27,54,6815,51,201,22889,54,618,68117
201199,999,21500, ,Erie  PA ,140,140,25061,3,6,470,5,17,3018,12,148,9470,140,140,25061,3,6,470,5,17,3018,12,148,9470
201199,999,21660, ,Eugene-Springfield  OR ,351,351,74387,11,22,2460,7,28,2307,13,269,19809,351,351,74387,11,22,2460,7,28,2307,13,269,19809
201199,999,21780, ,Evansville  IN-KY ,511,511,86392,16,32,2282,2,8,653,1,8,907,497,497,84735,9,18,1538,1,4,400,0,0,0
201199,999,21820,C,Fairbanks  AK ,35,35,6702,0,0,0,1,4,782,0,0,0,3,3,821,0,0,0,1,4,782,0,0,0
201199,999,22140,C,Farmington  NM ,153,153,31036,0,0,0,0,0,0,3,60,4009,153,153,31036,0,0,0,0,0,0,3,60,4009
201199,999,22180, ,Fayetteville  NC ,1465,1465,254819,1,2,250,1,4,364,77,1336,89452,1465,1465,254819,1,2,250,1,4,364,77,1336,89452
201199,999,22220, ,Fayetteville-Springdale-Rogers  AR-MO ,1158,1158,250608,19,38,5204,0,0,0,2,10,550,1108,1108,239402,18,36,4957,0,0,0,2,10,550
201199,999,22380, ,Flagstaff  AZ ,98,98,18759,1,2,62,0,0,0,0,0,0,98,98,18759,1,2,62,0,0,0,0,0,0
201199,999,22500, ,Florence  SC ,332,332,44880,21,42,2141,0,0,0,3,15,900,79,79,13339,0,0,0,0,0,0,0,0,0
201199,999,22520, ,Florence-Muscle Shoals  AL ,137,137,16572,0,0,0,0,0,0,13,103,4149,61,61,7396,0,0,0,0,0,0,12,98,3977
201199,999,22660,C,Fort Collins-Loveland  CO ,702,702,173687,5,10,1556,3,10,1336,30,470,35114,702,702,173687,5,10,1556,3,10,1336,30,470,35114
201199,999,22900, ,Fort Smith  AR-OK ,460,460,67632,52,104,8145,3,10,710,2,16,900,379,379,59250,50,100,7805,1,4,200,2,16,900
201199,999,23460, ,Gadsden  AL ,82,82,10795,0,0,0,1,4,312,2,13,867,56,56,7722,0,0,0,1,4,312,2,13,867
201199,999,23540, ,Gainesville  FL ,296,296,52887,1,2,257,0,0,0,16,166,11011,255,255,48453,1,2,257,0,0,0,3,18,1944
201199,999,24140, ,Goldsboro  NC ,205,205,27492,0,0,0,0,0,0,0,0,0,205,205,27492,0,0,0,0,0,0,0,0,0
201199,999,24220, ,Grand Forks  ND-MN ,142,142,30067,4,8,965,0,0,0,7,241,20882,138,138,29210,4,8,965,0,0,0,7,241,20882
201199,999,24300,C,Grand Junction  CO ,289,289,61699,3,6,1446,0,0,0,6,64,4178,289,289,61699,3,6,1446,0,0,0,6,64,4178
201199,999,24500, ,Great Falls  MT ,106,106,22385,3,6,920,0,0,0,3,32,2621,106,106,22385,3,6,920,0,0,0,3,32,2621
201199,999,24580, ,Green Bay  WI ,484,484,92148,3,6,690,6,23,2028,40,367,15620,458,458,87561,3,6,690,6,23,2028,33,332,14308
201199,999,24780, ,Greenville  NC ,305,305,46048,20,40,2821,0,0,0,0,0,0,296,296,44435,20,40,2821,0,0,0,0,0,0
201199,999,25180, ,Hagerstown-Martinsburg  MD-WV ,521,521,95591,4,8,895,0,0,0,0,0,0,521,521,95591,4,8,895,0,0,0,0,0,0
201199,999,25260, ,Hanford-Corcoran  CA ,142,142,22402,0,0,0,0,0,0,16,80,6126,104,104,17023,0,0,0,0,0,0,16,80,6126
201199,999,25500,C,Harrisonburg  VA ,248,248,40316,0,0,0,0,0,0,0,0,0,248,248,40316,0,0,0,0,0,0,0,0,0
201199,999,25620, ,Hattiesburg  MS ,48,48,7303,8,16,326,0,0,0,0,0,0,48,48,7303,8,16,326,0,0,0,0,0,0
201199,999,25860, ,Hickory-Lenoir-Morganton  NC ,336,336,78279,2,4,343,10,40,765,0,0,0,315,315,76000,2,4,343,10,40,765,0,0,0
201199,999,26180,C,Honolulu  HI ,734,734,265016,0,0,0,3,9,1100,17,981,103858,734,734,265016,0,0,0,3,9,1100,17,981,103858
201199,999,26300, ,Hot Springs  AR ,37,37,7174,0,0,0,0,0,0,0,0,0,37,37,7174,0,0,0,0,0,0,0,0,0
201199,999,26380, ,Houma-Bayou Cane-Thibodaux  LA ,382,382,93276,4,8,676,0,0,0,0,0,0,363,363,89426,0,0,0,0,0,0,0,0,0
201199,999,26580, ,Huntington-Ashland  WV-KY-OH ,126,126,18823,12,24,1804,7,28,1887,11,91,5334,112,112,16103,10,20,1434,6,24,1547,8,66,3771
201199,999,26980, ,Iowa City  IA ,444,444,93513,6,12,1544,1,4,320,17,302,29544,426,426,90834,2,4,556,1,4,320,16,289,28623
201199,999,27100, ,Jackson  MI ,55,55,8249,1,2,183,0,0,0,0,0,0,33,33,5423,1,2,183,0,0,0,0,0,0
201199,999,27260,C,Jacksonville  FL ,3245,3245,698477,13,26,3527,5,15,2484,32,625,54216,3238,3238,697869,13,26,3527,5,15,2484,32,625,54216
201199,999,27340, ,Jacksonville  NC ,1871,1871,214528,17,34,1555,8,27,3727,8,99,6272,1871,1871,214528,17,34,1555,8,27,3727,8,99,6272
201199,999,27500, ,Janesville  WI ,95,95,17923,2,4,378,0,0,0,0,0,0,79,79,15105,2,4,378,0,0,0,0,0,0
201199,999,27620, ,Jefferson City  MO ,183,183,32678,6,12,1193,5,16,1305,0,0,0,74,74,11625,0,0,0,3,10,750,0,0,0
201199,999,27780, ,Johnstown  PA ,62,62,12027,0,0,0,0,0,0,0,0,0,62,62,12027,0,0,0,0,0,0,0,0,0
201199,999,27900, ,Joplin  MO ,189,189,22355,9,18,1150,15,60,3000,8,43,2894,124,124,14393,3,6,365,15,60,3000,0,0,0
201199,999,28020, ,Kalamazoo-Portage  MI ,337,337,67949,7,14,3419,0,0,0,0,0,0,253,253,56012,7,14,3419,0,0,0,0,0,0
201199,999,28420, ,Kennewick-Pasco-Richland  WA ,1339,1339,333613,2,4,591,0,0,0,14,354,32228,1142,1142,286821,0,0,0,0,0,0,14,354,32228
201199,999,28660, ,Killeen-Temple-Fort Hood  TX ,1815,1815,277886,73,146,8828,0,0,0,10,247,15951,1717,1717,259926,72,144,8718,0,0,0,10,247,15951
201199,999,29100, ,La Crosse  WI-MN ,252,252,38564,8,16,1850,0,0,0,1,32,1350,171,171,24312,8,16,1850,0,0,0,1,32,1350
201199,999,29420, ,Lake Havasu City-Kingman  AZ ,194,194,39022,1,2,155,0,0,0,0,0,0,194,194,39022,1,2,155,0,0,0,0,0,0
201199,999,29460,C,Lakeland-Winter Haven  FL ,1074,1074,200776,0,0,0,3,12,1778,9,70,8479,1056,1056,198822,0,0,0,3,12,1778,9,70,8479
201199,999,29540, ,Lancaster  PA ,731,731,122510,25,50,5852,12,47,4322,29,376,27142,643,643,114334,23,46,5391,12,47,4322,29,376,27142
201199,999,29700,C,Laredo  TX ,640,640,93889,2,4,378,5,19,976,13,293,20599,640,640,93889,2,4,378,5,19,976,13,293,20599
201199,999,29740,C,Las Cruces  NM ,616,616,124387,1,2,190,5,18,1180,1,8,623,616,616,124387,1,2,190,5,18,1180,1,8,623
201199,999,29940, ,Lawrence  KS ,127,127,29957,0,0,0,2,8,520,17,355,29888,113,113,26311,0,0,0,2,8,520,17,355,29888
201199,999,30020, ,Lawton  OK ,256,256,43808,5,10,706,2,8,170,1,6,200,193,193,32387,5,10,706,2,8,170,1,6,200
201199,999,30300, ,Lewiston  ID-WA ,61,61,11389,2,4,396,0,0,0,0,0,0,61,61,11389,2,4,396,0,0,0,0,0,0
201199,999,30700, ,Lincoln  NE ,680,680,130157,3,6,480,0,0,0,12,373,9170,678,678,129425,3,6,480,0,0,0,12,373,9170
201199,999,30860, ,Logan  UT-ID ,295,295,48191,0,0,0,4,12,1001,20,235,18588,284,284,46546,0,0,0,0,0,0,10,177,13750
201199,999,31020, ,Longview  WA ,113,113,22148,0,0,0,0,0,0,0,0,0,113,113,22148,0,0,0,0,0,0,0,0,0
201199,999,31340, ,Lynchburg  VA ,419,419,85831,1,2,135,1,4,275,5,104,2620,419,419,85831,1,2,135,1,4,275,5,104,2620
201199,999,31740, ,Manhattan  KS ,406,406,75224,9,18,1883,10,39,3399,15,304,23937,405,405,75124,9,18,1883,10,39,3399,15,304,23937
201199,999,31860, ,Mankato-North Mankato  MN ,185,185,32688,10,20,720,2,8,680,2,68,8315,184,184,32576,10,20,720,2,8,680,2,68,8315
201199,999,32580,C,McAllen-Edinburg-Mission  TX ,2922,2922,397603,26,52,2831,28,106,6544,4,25,1237,2759,2759,382993,26,52,2831,28,106,6544,3,20,1073
201199,999,32780, ,Medford  OR ,254,254,50419,0,0,0,3,12,1307,6,96,10410,238,238,47933,0,0,0,3,12,1307,6,96,10410
201199,999,32820,C,Memphis  TN-MS-AR ,1645,1645,294099,7,14,1604,0,0,0,10,551,57417,1465,1465,268839,7,14,1604,0,0,0,10,551,57417
201199,999,32900, ,Merced  CA ,87,87,23389,0,0,0,0,0,0,10,70,6415,84,84,22985,0,0,0,0,0,0,10,70,6415
201199,999,33100,C,Miami-Fort Lauderdale-Pompano Beach  FL ,4303,4303,1037183,46,92,9255,11,36,6337,141,3101,255160,4193,4193,1015365,38,76,7580,9,30,5269,127,3031,244223
201199,999,33540,C,Missoula  MT ,132,132,19015,6,12,670,7,23,682,19,396,19972,132,132,19015,6,12,670,7,23,682,19,396,19972
201199,999,33700, ,Modesto  CA ,113,113,23420,0,0,0,0,0,0,1,51,4870,100,100,20297,0,0,0,0,0,0,1,51,4870
201199,999,34060, ,Morgantown  WV ,37,37,9432,0,0,0,1,3,127,16,359,21614,33,33,8802,0,0,0,1,3,127,16,359,21614
201199,999,34620, ,Muncie  IN ,72,72,9671,2,4,255,2,6,432,0,0,0,70,70,9527,2,4,255,2,6,432,0,0,0
201199,999,34940,C,Naples-Marco Island  FL ,920,920,334707,0,0,0,20,80,16881,29,320,73893,872,872,321546,0,0,0,18,72,15080,25,259,64160
201199,999,35660, ,Niles-Benton Harbor  MI ,130,130,30496,1,2,85,1,4,275,0,0,0,122,122,28375,1,2,85,1,4,275,0,0,0
201199,999,35980, ,Norwich-New London  CT ,195,195,39990,5,10,864,1,4,697,0,0,0,151,151,32246,5,10,864,1,4,697,0,0,0
201199,999,36100,C,Ocala  FL ,356,356,73792,1,2,164,1,3,110,0,0,0,356,356,73792,1,2,164,1,3,110,0,0,0
201199,999,36140,C,Ocean City  NJ ,317,317,97858,52,104,20039,4,15,2208,3,16,169,297,297,93436,52,104,20039,4,15,2208,3,16,169
201199,999,36980, ,Owensboro  KY ,220,220,20578,1,2,125,0,0,0,7,56,753,219,219,20408,1,2,125,0,0,0,7,56,753
201199,999,37340,C,Palm Bay-Melbourne-Titusville  FL ,855,855,233175,0,0,0,0,0,0,5,27,2655,843,843,230215,0,0,0,0,0,0,5,27,2655
201199,999,37460, ,Panama City-Lynn Haven-Panama City Beach  FL ,268,268,35865,12,24,1554,3,12,1297,5,39,3253,247,247,33628,12,24,1554,3,12,1297,3,18,1702
201199,999,37620, ,Parkersburg-Marietta-Vienna  WV-OH ,90,90,13854,3,6,360,0,0,0,1,6,440,90,90,13854,1,2,60,0,0,0,1,6,440
201199,999,37860,C,Pensacola-Ferry Pass-Brent  FL ,1203,1203,173445,1,2,127,0,0,0,0,0,0,1203,1203,173445,1,2,127,0,0,0,0,0,0
201199,999,38060,C,Phoenix-Mesa-Glendale  AZ ,7297,7297,1644004,9,18,2573,22,80,15027,66,1686,159211,7297,7297,1644004,9,18,2573,22,80,15027,66,1686,159211
201199,999,38340, ,Pittsfield  MA ,97,97,23853,2,4,492,0,0,0,1,21,1920,66,66,16891,2,4,492,0,0,0,1,21,1920
201199,999,38540, ,Pocatello  ID ,81,81,10469,1,2,200,0,0,0,0,0,0,78,78,9930,1,2,200,0,0,0,0,0,0
201199,999,38900,C,Portland-Vancouver-Hillsboro  OR-WA ,3132,3132,806212,18,36,4569,14,51,4035,84,1994,201420,3107,3107,801090,18,36,4569,14,51,4035,84,1994,201420
201199,999,39140, ,Prescott  AZ ,290,290,66507,0,0,0,1,4,237,1,8,788,284,284,65682,0,0,0,1,4,237,1,8,788
201199,999,39340, ,Provo-Orem  UT ,1452,1452,343309,13,26,4321,5,20,2443,27,434,33260,1448,1448,341572,13,26,4321,5,20,2443,27,434,33260
201199,999,39380,C,Pueblo  CO ,114,114,20666,0,0,0,1,4,227,0,0,0,114,114,20666,0,0,0,1,4,227,0,0,0
201199,999,39660, ,Rapid City  SD ,310,310,46988,21,42,6239,0,0,0,5,60,6574,294,294,45175,21,42,6239,0,0,0,5,60,6574
201199,999,39820, ,Redding  CA ,97,97,18925,1,2,187,4,13,1935,2,26,2122,97,97,18925,1,2,187,4,13,1935,2,26,2122
201199,999,40060,C,Richmond  VA ,2352,2352,422482,4,8,617,8,29,3944,12,320,30821,2352,2352,422482,4,8,617,8,29,3944,12,320,30821
201199,999,40220, ,Roanoke  VA ,472,472,85437,1,2,150,1,4,650,1,32,6770,472,472,85437,1,2,150,1,4,650,1,32,6770
201199,999,40340, ,Rochester  MN ,308,308,72060,0,0,0,0,0,0,1,24,2127,292,292,68102,0,0,0,0,0,0,1,24,2127
201199,999,40580, ,Rocky Mount  NC ,166,166,24209,13,26,2750,0,0,0,0,0,0,147,147,22939,13,26,2750,0,0,0,0,0,0
201199,999,40660, ,Rome  GA ,32,32,4551,0,0,0,0,0,0,1,77,4995,24,24,3602,0,0,0,0,0,0,1,77,4995
201199,999,41100, ,St. George  UT ,854,854,163031,0,0,0,7,23,1758,2,16,1981,854,854,163031,0,0,0,7,23,1758,2,16,1981
201199,999,41140, ,St. Joseph  MO-KS ,86,86,15573,14,28,3332,1,4,230,0,0,0,86,86,15573,14,28,3332,1,4,230,0,0,0
201199,999,41420, ,Salem  OR ,319,319,72284,2,4,564,0,0,0,9,108,9884,284,284,65004,2,4,564,0,0,0,9,108,9884
201199,999,41500, ,Salinas  CA ,130,130,32104,0,0,0,3,11,2125,2,15,3912,130,130,32104,0,0,0,3,11,2125,2,15,3912
201199,999,41660,C,San Angelo  TX ,145,145,24414,0,0,0,0,0,0,0,0,0,145,145,24414,0,0,0,0,0,0,0,0,0
201199,999,41700,C,San Antonio-New Braunfels  TX ,4410,4410,818012,3,6,569,7,27,1677,128,2684,185328,4029,4029,756510,3,6,569,6,24,1677,120,2644,176804
201199,999,41740,C,San Diego-Carlsbad-San Marcos  CA ,2245,2245,708309,32,64,11580,28,103,14158,116,2958,355240,2242,2242,707672,32,64,11580,28,103,14158,116,2958,355240
201199,999,41780, ,Sandusky  OH ,48,48,8940,0,0,0,0,0,0,0,0,0,47,47,8740,0,0,0,0,0,0,0,0,0
201199,999,42020, ,San Luis Obispo-Paso Robles  CA ,266,266,87258,1,2,218,9,33,4600,1,5,198,254,254,83514,1,2,218,9,33,4600,1,5,198
201199,999,42060, ,Santa Barbara-Santa Maria-Goleta  CA ,134,134,69012,5,10,1255,6,18,2652,8,69,7144,117,117,62350,3,6,652,4,12,1652,7,49,3763
201199,999,42540, ,Scranton--Wilkes-Barre  PA ,411,411,77239,1,2,250,5,18,2274,1,8,2000,406,406,76459,1,2,250,5,18,2274,1,8,2000
201199,999,43100, ,Sheboygan  WI ,51,51,13199,3,6,460,0,0,0,2,16,1800,43,43,11106,3,6,460,0,0,0,2,16,1800
201199,999,43620, ,Sioux Falls  SD ,716,716,115511,8,16,1965,5,19,2493,22,378,28218,694,694,111863,7,14,1706,4,16,2165,18,345,25202
201199,999,44060, ,Spokane  WA ,740,740,158881,32,64,8186,0,0,0,32,981,90632,735,735,158040,32,64,8186,0,0,0,32,981,90632
201199,999,44100, ,Springfield  IL ,269,269,58072,27,54,7327,4,16,1559,3,52,4763,188,188,44202,25,50,6827,4,16,1559,2,46,4200
201199,999,44140, ,Springfield  MA ,426,426,100116,20,40,3118,2,6,826,6,40,4278,372,372,89364,13,26,1993,2,6,826,3,25,3202
201199,999,44180, ,Springfield  MO ,700,700,118662,60,120,9880,0,0,0,24,484,19748,594,594,100104,57,114,9456,0,0,0,1,16,160
201199,999,44300, ,State College  PA ,207,207,41269,4,8,990,1,4,440,4,40,4000,201,201,40289,4,8,990,1,4,440,4,40,4000
201199,999,44600, ,Steubenville-Weirton  OH-WV ,19,19,2529,0,0,0,0,0,0,0,0,0,14,14,1748,0,0,0,0,0,0,0,0,0
201199,999,44700,C,Stockton  CA ,781,781,167201,0,0,0,0,0,0,9,152,14853,767,767,163774,0,0,0,0,0,0,9,152,14853
201199,999,44940,C,Sumter  SC ,345,345,36527,0,0,0,0,0,0,0,0,0,345,345,36527,0,0,0,0,0,0,0,0,0
201199,999,45220, ,Tallahassee  FL ,575,575,92448,49,98,7019,6,18,2390,13,348,25803,521,521,85744,49,98,7019,6,18,2390,13,348,25803
201199,999,45300,C,Tampa-St. Petersburg-Clearwater  FL ,4511,4511,1231694,41,82,10748,17,59,10744,77,1690,171537,4510,4510,1231441,41,82,10748,17,59,10744,77,1690,171537
201199,999,45460, ,Terre Haute  IN ,114,114,16340,10,20,1113,0,0,0,28,289,15137,84,84,13340,6,12,700,0,0,0,25,274,14553
201199,999,45500, ,Texarkana  TX-Texarkana  AR ,81,81,14187,10,20,1324,1,4,375,10,256,11070,81,81,14187,10,20,1324,1,4,375,10,256,11070
201199,999,45820, ,Topeka  KS ,252,252,44216,6,12,1154,0,0,0,0,0,0,229,229,39854,6,12,1154,0,0,0,0,0,0
201199,999,46060,C,Tucson  AZ ,1388,1388,359610,11,22,976,1,4,398,44,828,97252,1384,1384,359289,11,22,976,1,4,398,44,828,97252
201199,999,46220, ,Tuscaloosa  AL ,326,326,64174,10,20,2662,0,0,0,24,397,32501,101,101,21684,0,0,0,0,0,0,8,56,5312
201199,999,46540, ,Utica-Rome  NY ,236,236,39484,0,0,0,6,18,3528,0,0,0,197,197,34456,0,0,0,6,18,3528,0,0,0
201199,999,46660, ,Valdosta  GA ,381,381,39303,4,8,542,0,0,0,13,271,12117,381,381,39303,4,8,542,0,0,0,13,271,12117
201199,999,47020, ,Victoria  TX ,148,148,23921,0,0,0,0,0,0,0,0,0,138,138,22370,0,0,0,0,0,0,0,0,0
201199,999,47260,C,Virginia Beach-Norfolk-Newport News  VA-NC ,2954,2954,584588,5,10,783,9,35,3298,100,2560,130679,2850,2850,558816,5,10,783,9,35,3298,100,2560,130679
201199,999,47300, ,Visalia-Porterville  CA ,718,718,125000,2,4,116,2,8,708,11,192,9841,718,718,125000,2,4,116,2,8,708,11,192,9841
201199,999,47380, ,Waco  TX ,441,441,94184,13,26,2500,1,4,500,3,52,2489,437,437,93492,13,26,2500,0,0,0,3,52,2489
201199,999,47940, ,Waterloo-Cedar Falls  IA ,346,346,63776,2,4,400,0,0,0,5,60,3364,337,337,62164,2,4,400,0,0,0,5,60,3364
201199,999,48300, ,Wenatchee-East Wenatchee  WA ,246,246,46183,0,0,0,0,0,0,0,0,0,246,246,46183,0,0,0,0,0,0,0,0,0
201199,999,48540, ,Wheeling  WV-OH ,19,19,3110,2,4,354,1,4,623,0,0,0,3,3,530,1,2,43,0,0,0,0,0,0
201199,999,48660, ,Wichita Falls  TX ,121,121,21668,1,2,246,0,0,0,4,47,9851,121,121,21668,1,2,246,0,0,0,4,47,9851
201199,999,48900,C,Wilmington  NC ,1545,1545,317517,0,0,0,1,4,545,13,282,32107,1425,1425,296638,0,0,0,1,4,545,11,259,30575
201199,999,49420, ,Yakima  WA ,298,298,62774,18,36,4269,1,4,320,9,100,8958,276,276,59825,17,34,4189,1,4,320,9,100,8958
201199,999,49740, ,Yuma  AZ ,358,358,49099,1,2,80,0,0,0,0,0,0,358,358,49099,1,2,80,0,0,0,0,0,0
