Survey,CSA,CBSA,MONCOV,CBSA,,1-unit,,,2-units,,,3-4 units,,,5+ units,,,1-unit rep,,,2-units rep,,,3-4 units rep,,,5+ units rep
Date,Code,Code,,Name,Bldgs,Units,Value,Bldgs,Units,Value,Bldgs,Units,Value,Bldgs,Units,Value,Bldgs,Units,Value,Bldgs,Units,Value,      Bldgs,Units,Value,Bldgs,Units,Value
 
200499,102,18700, ,Corvallis  OR ,291,291,62810,3,6,730,0,0,0,9,69,5860,287,287,62317,3,6,730,0,0,0,9,69,5860
200499,104,10580, ,Albany-Schenectady-Troy  NY ,2608,2608,493350,21,42,4472,1,4,695,61,614,54101,2294,2294,456340,19,38,4206,1,4,695,33,403,41806
200499,104,24020, ,Glens Falls  NY ,717,717,103544,3,6,498,2,8,516,10,78,2063,685,685,100806,3,6,498,2,8,516,10,78,2063
200499,112,11180, ,Ames  IA ,317,317,62003,9,18,2133,1,3,250,17,398,22986,308,308,60776,9,18,2133,1,3,250,17,398,22986
200499,118,11540, ,Appleton  WI ,1325,1325,231162,63,126,11518,4,14,1479,7,63,2712,1214,1214,215099,62,124,11398,4,14,1479,7,63,2712
200499,118,36780, ,Oshkosh-Neenah  WI ,896,896,162177,21,42,4020,2,7,391,21,169,8659,844,844,156361,18,36,3554,1,4,171,18,139,7216
200499,120,11700, ,Asheville  NC ,3138,3138,563086,51,102,9229,30,106,8396,27,408,24281,3110,3110,560126,51,102,9229,30,106,8396,27,408,24281
200499,122,12060,C,Atlanta-Sandy Springs-Marietta  GA ,57316,57316,7458494,140,280,45718,72,267,23187,382,16144,1079519,56064,56064,7339340,132,264,18118,70,261,22834,381,16137,1079189
200499,122,23580, ,Gainesville  GA ,1736,1736,267664,1,2,228,4,15,1860,1,5,475,1730,1730,267022,1,2,228,4,15,1860,1,5,475
200499,132,12940, ,Baton Rouge  LA ,4669,4669,461392,4,8,270,19,72,5282,50,430,23649,4550,4550,448577,4,8,270,19,72,5282,50,430,23649
200499,140,13460,C,Bend  OR ,3196,3196,632734,101,202,19003,44,152,13460,25,342,15712,3196,3196,632734,101,202,19003,44,152,13460,25,342,15712
200499,142,13820,C,Birmingham-Hoover  AL ,6358,6358,1029479,33,66,3712,0,0,0,94,1376,88771,6218,6218,1011927,33,66,3712,0,0,0,93,1370,88321
200499,148,14460,C,Boston-Cambridge-Quincy  MA-NH ,8204,8204,1678368,400,800,83027,114,382,40359,295,6037,601887,6964,6964,1456844,329,658,68446,94,320,33520,218,5205,530972
200499,148,31700, ,Manchester-Nashua  NH ,1570,1570,290073,39,78,7319,14,51,5481,19,461,44969,1385,1385,268067,38,76,7049,14,51,5481,13,423,42481
200499,148,49340, ,Worcester  MA ,3356,3356,568124,19,38,4273,38,133,13221,7,165,14779,2927,2927,510580,19,38,4273,33,116,12050,7,165,14779
200499,154,15180, ,Brownsville-Harlingen  TX ,3070,3070,247107,44,88,3857,54,205,9307,23,229,10428,2147,2147,185010,28,56,2565,52,198,8991,21,213,9650
200499,160,15380, ,Buffalo-Niagara Falls  NY ,1856,1856,338444,18,36,3655,5,18,2350,33,600,41397,1745,1745,322813,18,36,3655,5,18,2350,33,600,41397
200499,172,16740,C,Charlotte-Gastonia-Concord  NC-SC ,17722,17722,2617231,60,120,8924,57,210,17565,227,3499,221246,17722,17722,2617231,60,120,8924,57,210,17565,227,3499,221246
200499,174,16860, ,Chattanooga  TN-GA ,3141,3141,426506,50,100,5679,8,28,1524,29,289,12886,2403,2403,325160,17,34,2731,3,12,530,17,203,9116
200499,174,17420, ,Cleveland  TN ,681,681,83549,11,22,1057,14,52,1971,3,104,12593,568,568,68877,11,22,1057,14,52,1971,3,104,12593
200499,176,16980,C,Chicago-Naperville-Joliet  IL-IN-WI ,35810,35810,7018208,374,748,73147,670,2259,192406,532,8724,795109,34138,34138,6685909,342,684,66083,652,2202,188218,478,8126,754435
200499,176,28100, ,Kankakee-Bradley  IL ,543,543,91480,14,28,2915,14,56,2800,4,24,1260,534,534,90357,4,8,1083,14,56,2800,4,24,1260
200499,176,33140, ,Michigan City-La Porte  IN ,419,419,59320,0,0,0,4,13,558,7,80,3960,336,336,51488,0,0,0,0,0,0,7,80,3960
200499,178,17140,C,Cincinnati-Middletown  OH-KY-IN ,10942,10942,1721370,71,142,11641,67,239,18870,174,1726,82264,10341,10341,1655259,71,142,11641,63,227,18579,130,1468,70947
200499,184,10420, ,Akron  OH ,2480,2480,453404,35,70,6073,29,102,7439,23,282,10076,2049,2049,402503,35,70,6073,22,78,6891,11,84,3065
200499,184,17460,C,Cleveland-Elyria-Mentor  OH ,6711,6711,1332771,57,114,11546,61,211,23044,37,373,21586,5924,5924,1230050,51,102,10796,44,153,19585,27,323,17916
200499,192,17900,C,Columbia  SC ,6056,6056,714835,26,52,3116,35,137,10760,58,1004,77045,3626,3626,441610,25,50,3044,35,137,10760,21,341,40191
200499,194,12220,C,Auburn-Opelika  AL ,1203,1203,159315,39,78,5198,1,4,428,18,215,13489,1203,1203,159315,39,78,5198,1,4,428,18,215,13489
200499,194,17980, ,Columbus  GA-AL ,1590,1590,212147,20,40,2121,10,35,1534,35,413,35960,1590,1590,212147,20,40,2121,10,35,1534,35,413,35960
200499,198,18140,C,Columbus  OH ,10814,10814,1997153,58,116,11975,193,751,86863,174,1609,100083,10461,10461,1941904,57,114,11825,191,745,86863,173,1604,99844
200499,204,18580, ,Corpus Christi  TX ,1969,1969,222246,18,36,2512,78,309,11671,58,741,24281,1750,1750,199270,17,34,2399,77,305,11430,56,722,23626
200499,206,19100,C,Dallas-Fort Worth-Arlington  TX ,45908,45908,7543649,154,308,18616,75,288,10415,395,7675,441062,44442,44442,7344658,147,294,17668,28,103,8685,381,7470,428709
200499,212,19380, ,Dayton  OH ,2600,2600,486375,48,96,10034,37,138,13172,30,326,26280,2469,2469,468205,41,82,8654,37,138,13172,30,326,26280
200499,212,44220, ,Springfield  OH ,258,258,40268,0,0,0,0,0,0,0,0,0,258,258,40268,0,0,0,0,0,0,0,0,0
200499,214,19660,C,Deltona-Daytona Beach-Ormond Beach  FL ,4820,4820,826622,16,32,2046,8,32,4670,76,1552,188167,4671,4671,804163,16,32,2046,8,32,4670,53,1221,155431
200499,216,14500, ,Boulder  CO ,1125,1125,235700,11,22,2468,2,6,539,17,219,17881,1125,1125,235700,11,22,2468,2,6,539,17,219,17881
200499,216,19740,C,Denver-Aurora  CO ,18599,18599,3493060,58,116,12492,69,232,26346,225,2889,250648,18520,18520,3482925,57,114,12210,69,232,26346,225,2889,250648
200499,218,19780,C,Des Moines  IA ,4662,4662,761173,27,54,7554,8,29,2591,44,716,63219,4615,4615,756131,27,54,7554,6,23,2591,44,716,63219
200499,220,11460, ,Ann Arbor  MI ,1994,1994,367878,7,14,1524,9,36,4614,48,664,44854,1711,1711,333300,3,6,906,9,36,4614,40,614,41833
200499,220,19820,C,Detroit-Warren-Livonia  MI ,17399,17399,2917699,106,212,21789,105,381,36869,338,3816,299629,17088,17088,2879934,106,212,21789,105,381,36869,336,3806,298991
200499,220,22420, ,Flint  MI ,2158,2158,333686,9,18,1847,2,6,566,21,216,12081,2102,2102,327623,9,18,1847,2,6,566,21,216,12081
200499,220,33780, ,Monroe  MI ,1077,1077,156564,3,6,493,0,0,0,15,99,4162,1014,1014,149471,3,6,493,0,0,0,6,50,2400
200499,222,20020, ,Dothan  AL ,502,502,42991,5,10,237,1,3,162,6,216,3872,455,455,37148,5,10,237,1,3,162,6,216,3872
200499,232,20740, ,Eau Claire  WI ,867,867,133613,62,124,11099,5,20,1455,8,91,5390,850,850,131679,62,124,11099,5,20,1455,7,86,5160
200499,244,22020, ,Fargo  ND-MN ,1636,1636,212818,10,20,1923,6,24,2292,52,1141,58954,1631,1631,212208,10,20,1923,6,24,2292,52,1141,58954
200499,252,22540, ,Fond du Lac  WI ,378,378,65069,13,26,2837,4,16,1456,7,84,3741,352,352,62314,12,24,2563,4,16,1456,7,84,3741
200499,258,23060, ,Fort Wayne  IN ,2119,2119,379402,52,104,7347,5,20,1766,22,394,17747,2119,2119,379402,52,104,7347,5,20,1766,22,394,17747
200499,260,23420, ,Fresno  CA ,5402,5402,965961,54,108,9609,69,253,23606,192,1394,97015,5397,5397,965382,54,108,9609,69,253,23606,192,1394,97015
200499,260,31460, ,Madera  CA ,1463,1463,223460,25,50,4269,18,68,5229,2,95,6418,1463,1463,223460,25,50,4269,18,68,5229,2,95,6418
200499,266,24340,C,Grand Rapids-Wyoming  MI ,3982,3982,577044,11,22,1810,11,37,3270,23,490,29702,3621,3621,536530,6,12,1256,3,12,1365,17,460,27972
200499,266,26100, ,Holland-Grand Haven  MI ,1706,1706,281024,54,108,7534,47,164,20125,33,377,18398,1129,1129,196562,22,44,3512,13,46,4670,16,250,11503
200499,266,34740, ,Muskegon-Norton Shores  MI ,703,703,99264,24,48,5265,0,0,0,3,15,1022,659,659,93831,24,48,5265,0,0,0,0,0,0
200499,268,15500, ,Burlington  NC ,1222,1222,144716,1,2,92,3,10,675,12,132,9093,1222,1222,144716,1,2,92,3,10,675,12,132,9093
200499,268,24660,C,Greensboro-High Point  NC ,4872,4872,758561,25,50,2306,19,66,3155,89,1151,59704,4868,4868,758135,25,50,2306,19,66,3155,89,1151,59704
200499,268,49180, ,Winston-Salem  NC ,3282,3282,425157,0,0,0,4,15,947,25,652,40619,3282,3282,425157,0,0,0,4,15,947,25,652,40619
200499,273,11340, ,Anderson  SC ,1212,1212,159399,10,20,1093,4,16,650,0,0,0,1212,1212,159399,10,20,1093,4,16,650,0,0,0
200499,273,24860,C,Greenville  SC ,4378,4378,489426,6,12,637,3,12,708,46,601,35606,4345,4345,486635,6,12,637,3,12,708,46,601,35606
200499,273,43900, ,Spartanburg  SC ,1947,1947,190169,2,4,220,1,4,99,11,264,8375,1947,1947,190169,2,4,220,1,4,99,11,264,8375
200499,274,25060, ,Gulfport-Biloxi  MS ,1875,1875,236728,45,90,8049,26,97,6219,23,306,28632,1800,1800,231453,45,90,8049,25,94,6200,23,306,28632
200499,274,37700, ,Pascagoula  MS ,1063,1063,90242,2,4,135,0,0,0,26,228,8205,894,894,67756,2,4,135,0,0,0,26,228,8205
200499,276,25420, ,Harrisburg-Carlisle  PA ,2306,2306,355747,24,48,5128,10,33,2731,2,11,600,2172,2172,340650,24,48,5128,7,24,1456,2,11,600
200499,276,30140, ,Lebanon  PA ,715,715,86510,1,2,250,0,0,0,3,90,7347,669,669,81644,1,2,250,0,0,0,3,90,7347
200499,278,25540, ,Hartford-West Hartford-East Hartford  CT ,3319,3319,518274,44,88,5196,3,10,922,38,641,31384,3089,3089,492585,42,84,4900,3,10,922,9,376,23242
200499,288,26420,C,Houston-Baytown-Sugar Land  TX ,45103,45103,5906169,118,236,13378,24,95,6446,569,10602,573432,44954,44954,5879606,118,236,13378,24,95,6446,553,10441,569816
200499,290,19460, ,Decatur  AL ,374,374,49538,0,0,0,0,0,0,0,0,0,374,374,49538,0,0,0,0,0,0,0,0,0
200499,290,26620, ,Huntsville  AL ,3425,3425,334984,3,6,212,3,12,471,11,246,7998,3375,3375,329795,3,6,212,3,12,471,11,246,7998
200499,292,26820, ,Idaho Falls  ID ,1354,1354,129285,7,14,854,92,366,15840,1,6,298,1354,1354,129285,7,14,854,92,366,15840,1,6,298
200499,294,11300, ,Anderson  IN ,555,555,84802,0,0,0,0,0,0,0,0,0,545,545,83612,0,0,0,0,0,0,0,0,0
200499,294,18020, ,Columbus  IN ,278,278,45897,0,0,0,0,0,0,0,0,0,278,278,45897,0,0,0,0,0,0,0,0,0
200499,294,26900,C,Indianapolis  IN ,12267,12267,2125769,233,466,45152,79,292,27223,190,2330,124094,11408,11408,2004656,222,444,43929,71,268,26790,166,2097,109962
200499,296,27060, ,Ithaca  NY ,220,220,33392,9,18,1230,1,3,0,0,0,0,167,167,27452,6,12,780,0,0,0,0,0,0
200499,297,27180, ,Jackson  TN ,708,708,82887,4,8,172,3,12,505,0,0,0,708,708,82887,4,8,172,3,12,505,0,0,0
200499,298,27140, ,Jackson  MS ,3406,3406,481177,0,0,0,2,8,330,99,1092,43500,3400,3400,480132,0,0,0,2,8,330,99,1092,43500
200499,304,27740, ,Johnson City  TN ,871,871,116415,7,14,567,16,55,1561,10,145,6507,686,686,93047,7,14,567,16,55,1561,7,130,5612
200499,304,28700, ,Kingsport-Bristol-Bristol  TN-VA ,1366,1366,122903,14,28,1907,0,0,0,6,51,1495,1349,1349,121386,14,28,1907,0,0,0,6,51,1495
200499,312,28140,C,Kansas City  MO-KS ,12541,12541,2045948,231,462,39300,183,685,54794,111,1370,81148,12124,12124,1995309,227,454,38862,181,679,54505,111,1370,81148
200499,314,28940, ,Knoxville  TN ,4970,4970,624816,22,44,3477,14,51,3675,46,900,40504,4909,4909,617501,22,44,3477,13,48,3499,46,900,40504
200499,316,29020, ,Kokomo  IN ,285,285,51767,8,16,2367,0,0,0,1,5,225,284,284,51722,8,16,2367,0,0,0,1,5,225
200499,318,29180, ,Lafayette  LA ,2219,2219,196771,0,0,0,0,0,0,2,28,3257,2214,2214,196425,0,0,0,0,0,0,2,28,3257
200499,320,29140, ,Lafayette  IN ,1334,1334,198778,15,30,2759,5,20,1853,5,127,8529,1210,1210,188664,15,30,2759,5,20,1853,5,127,8529
200499,324,29340, ,Lake Charles  LA ,1211,1211,109327,27,54,2197,1,4,360,11,78,3000,1167,1167,102909,26,52,2128,1,4,360,11,78,3000
200499,330,29620, ,Lansing-East Lansing  MI ,1817,1817,299286,25,50,4958,3,9,761,32,330,21107,1771,1771,294553,25,50,4958,3,9,761,32,330,21107
200499,332,29820,C,Las Vegas-Paradise  NV ,31741,31741,3890546,34,68,6318,524,1617,128168,233,2969,197076,31510,31510,3864820,34,68,6318,519,1602,127093,229,2940,195592
200499,336,30460, ,Lexington-Fayette  KY ,4175,4175,573420,7,14,920,32,120,10576,46,812,31725,4175,4175,573420,7,14,920,32,120,10576,46,812,31725
200499,338,30620, ,Lima  OH ,331,331,54109,11,22,2215,1,3,300,1,13,900,292,292,48840,11,22,2215,1,3,300,1,13,900
200499,340,30780, ,Little Rock-North Little Rock  AR ,3590,3590,591031,16,32,1587,17,65,5999,124,1838,85702,3514,3514,582591,16,32,1587,17,65,5999,124,1838,85702
200499,340,38220, ,Pine Bluff  AR ,88,88,7128,7,14,542,3,9,179,5,29,409,60,60,6137,6,12,450,0,0,0,0,0,0
200499,346,30980, ,Longview  TX ,320,320,48578,6,12,460,19,76,4744,7,80,3500,319,319,48493,6,12,460,19,76,4744,7,80,3500
200499,348,31100,C,Los Angeles-Long Beach-Santa Ana  CA ,17591,17591,3930904,319,638,78138,186,627,88017,687,16929,1526867,17030,17030,3780675,293,586,74327,142,477,81243,611,16447,1496859
200499,348,37100, ,Oxnard-Thousand Oaks-Ventura  CA ,1719,1719,567117,5,10,1361,32,108,11969,75,780,74822,1717,1717,566581,5,10,1361,32,108,11969,74,757,73018
200499,348,40140,C,Riverside-San Bernardino-Ontario  CA ,43142,43142,7996292,78,156,15500,259,929,83622,515,7236,591220,43029,43029,7967408,78,156,15500,259,929,83622,509,7206,589179
200499,350,21060, ,Elizabethtown  KY ,987,987,124582,19,38,2402,5,19,1260,13,116,5758,987,987,124582,19,38,2402,5,19,1260,13,116,5758
200499,350,31140,C,Louisville  KY-IN ,7592,7592,1149717,45,90,5074,34,128,7584,65,879,55363,7589,7589,1149522,45,90,5074,34,128,7584,65,879,55363
200499,352,31180, ,Lubbock  TX ,1394,1394,200447,200,400,32243,11,44,2097,97,1938,70639,1394,1394,200447,200,400,32243,11,44,2097,97,1938,70639
200499,356,31420, ,Macon  GA ,1318,1318,167309,30,60,3722,27,93,4873,9,84,3776,1280,1280,163464,30,60,3722,27,93,4873,9,84,3776
200499,356,47580, ,Warner Robins  GA ,1650,1650,202790,3,6,504,5,20,752,33,292,11607,1650,1650,202790,3,6,504,5,20,752,33,292,11607
200499,358,31540,C,Madison  WI ,3216,3216,620784,140,280,33957,99,368,35905,83,1442,150868,2779,2779,555718,111,222,27284,59,225,23800,54,1253,138758
200499,360,31900, ,Mansfield  OH ,334,334,52752,16,32,3623,19,74,6247,1,6,626,334,334,52752,16,32,3623,19,74,6247,1,6,626
200499,372,33260,C,Midland  TX ,289,289,36745,0,0,0,0,0,0,0,0,0,289,289,36745,0,0,0,0,0,0,0,0,0
200499,372,36220,C,Odessa  TX ,194,194,30283,0,0,0,0,0,0,0,0,0,194,194,30283,0,0,0,0,0,0,0,0,0
200499,376,33340,C,Milwaukee-Waukesha-West Allis  WI ,3840,3840,914589,153,306,33249,42,161,18066,83,1595,122914,3729,3729,890423,139,278,30263,41,158,17766,79,1570,121226
200499,376,39540, ,Racine  WI ,939,939,177035,12,24,2717,18,71,4665,17,244,10006,921,921,174092,12,24,2717,18,71,4665,9,191,7862
200499,378,33460,C,Minneapolis-St. Paul-Bloomington  MN-WI ,20212,20212,3861373,164,328,44370,161,593,74750,280,6581,699383,19955,19955,3819398,150,300,40209,136,505,65070,257,6410,682154
200499,378,41060, ,St. Cloud  MN ,1526,1526,223271,7,14,1011,9,30,1263,14,136,8727,1189,1189,182725,7,14,1011,2,8,1263,3,81,5259
200499,380,33660, ,Mobile  AL ,1749,1749,185626,1,2,299,8,32,1693,25,587,32409,1685,1685,175287,1,2,299,8,32,1693,25,587,32409
200499,384,33740, ,Monroe  LA ,567,567,81752,24,48,1727,4,12,215,4,73,4227,405,405,58853,24,48,1727,0,0,0,3,68,4077
200499,388,33860, ,Montgomery  AL ,1749,1749,207455,51,102,9058,0,0,0,35,209,17562,1736,1736,205547,51,102,9058,0,0,0,35,209,17562
200499,392,34100, ,Morristown  TN ,631,631,83211,13,26,1594,0,0,0,3,54,7677,628,628,82845,13,26,1594,0,0,0,3,54,7677
200499,396,34820, ,Myrtle Beach-Conway-North Myrtle Beach  SC ,4253,4253,582131,21,42,3282,21,81,7682,178,2692,263663,4253,4253,582131,21,42,3282,21,81,7682,178,2692,263663
200499,400,34980,C,Nashville-Davidson--Murfreesboro  TN ,13025,13025,2092273,215,430,43703,9,35,1572,177,2791,186972,12934,12934,2081933,211,422,43503,9,35,1572,177,2791,186972
200499,406,35380,C,New Orleans-Metairie-Kenner  LA ,5698,5698,852782,131,262,18840,14,46,2835,29,394,33515,5565,5565,827928,131,262,18840,14,46,2835,26,379,32315
200499,408,14860, ,Bridgeport-Stamford-Norwalk  CT ,1840,1840,665798,21,42,4459,21,81,15081,25,532,53780,1772,1772,620766,20,40,4094,21,81,15081,25,532,53780
200499,408,28740, ,Kingston  NY ,807,807,163350,8,16,1069,2,7,355,4,34,3700,774,774,157956,7,14,894,2,7,355,4,34,3700
200499,408,35300, ,New Haven-Milford  CT ,1752,1752,266191,16,32,3334,10,40,2586,27,710,45418,1730,1730,264869,16,32,3334,10,40,2586,27,710,45418
200499,408,35620,C,New York-Northern New Jersey-Long Island  NY-NJ-PA ,19871,19871,3857651,4184,8368,795967,1974,6178,496190,901,22456,1658868,17281,17281,3410046,3957,7914,658553,1906,5951,443114,797,21482,1569699
200499,408,39100, ,Poughkeepsie-Newburgh-Middletown  NY ,2406,2406,476033,4,8,2485,7,27,2303,31,322,24115,2082,2082,416647,4,8,2485,7,27,2303,26,297,22839
200499,408,45940,C,Trenton-Ewing  NJ ,938,938,108192,2,4,550,4,14,885,17,685,38986,894,894,104682,2,4,550,4,14,885,17,685,38986
200499,416,36420,C,Oklahoma City  OK ,7767,7767,1159215,50,100,7121,38,148,7470,94,1316,74808,7645,7645,1142722,48,96,6821,38,148,7470,94,1316,74808
200499,420,36540,C,Omaha-Council Bluffs  NE-IA ,5559,5559,737342,31,62,5191,9,31,2904,39,748,44754,5477,5477,727396,31,62,5191,9,31,2904,39,748,44754
200499,422,36740,C,Orlando  FL ,27493,27493,4310602,83,166,15274,54,207,20587,323,6126,405072,25397,25397,4044087,76,152,14603,54,207,20587,318,6051,400769
200499,426,37900, ,Peoria  IL ,1431,1431,246083,86,172,19872,11,43,2994,11,174,7000,1367,1367,238362,84,168,19521,10,40,2822,11,174,7000
200499,428,37980,C,Philadelphia-Camden-Wilmington  PA-NJ-DE-MD ,15504,15504,2131500,66,132,11439,102,360,34566,192,5014,314218,14251,14251,1962467,64,128,11223,98,348,33303,159,4825,307345
200499,428,47220,C,Vineland-Millville-Bridgeton  NJ ,564,564,54633,1,2,8,0,0,0,0,0,0,538,538,52202,1,2,8,0,0,0,0,0,0
200499,430,38300,C,Pittsburgh  PA ,5548,5548,905290,47,94,8294,96,342,25379,95,872,83046,4829,4829,807652,46,92,8154,73,265,22069,36,530,61705
200499,438,30340, ,Lewiston-Auburn  ME ,525,525,74103,2,4,468,0,0,0,2,16,1600,458,458,66076,2,4,468,0,0,0,2,16,1600
200499,438,38860, ,Portland-South Portland-Biddeford  ME ,3290,3290,552313,46,92,9061,17,57,6437,21,238,18729,2774,2774,474566,32,64,6055,7,25,3655,16,212,15889
200499,450,20500,C,Durham  NC ,4075,4075,727730,15,30,2182,11,40,618,51,832,36748,3431,3431,635271,15,30,2182,11,40,618,51,832,36748
200499,450,39580,C,Raleigh-Cary  NC ,12083,12083,1900717,54,108,9476,4,15,1088,78,2198,151466,12083,12083,1900717,54,108,9476,4,15,1088,78,2198,151466
200499,464,40380, ,Rochester  NY ,2401,2401,409444,16,32,2859,27,95,6625,10,517,34835,2306,2306,398562,16,32,2859,27,95,6625,10,517,34835
200499,466,40420, ,Rockford  IL ,2226,2226,234867,39,78,6211,62,247,18110,4,22,2200,2046,2046,211775,39,78,6211,62,247,18110,4,22,2200
200499,472,40900,C,Sacramento--Arden-Arcade--Roseville  CA ,18523,18523,4053905,110,220,23094,26,86,9046,227,3170,270022,18521,18521,4053453,109,218,22841,26,86,9046,227,3170,270022
200499,474,13020, ,Bay City  MI ,327,327,48526,9,18,2521,0,0,0,1,60,3687,278,278,43166,8,16,2375,0,0,0,1,60,3687
200499,474,40980, ,Saginaw-Saginaw Township North  MI ,604,604,79761,5,10,1524,1,4,532,0,0,0,563,563,75333,5,10,1524,1,4,532,0,0,0
200499,476,41180,C,St. Louis  MO-IL ,13472,13472,2110784,197,394,36119,67,241,18871,92,1613,168944,13232,13232,2080958,196,392,35907,67,241,18871,87,1588,167996
200499,480,41540, ,Salisbury  MD ,859,859,94052,1,2,50,3,11,1262,19,313,18257,842,842,93085,1,2,50,3,11,1262,17,303,16476
200499,482,36260, ,Ogden-Clearfield  UT ,4171,4171,714150,27,54,6517,86,322,33670,12,128,7778,3815,3815,680818,27,54,6517,85,319,33277,11,123,7354
200499,482,41620,C,Salt Lake City  UT ,6196,6196,1058028,57,114,13914,71,244,22439,87,1105,83305,5515,5515,957745,42,84,10819,66,228,21720,71,944,74562
200499,488,34900, ,Napa  CA ,640,640,195560,8,16,467,7,28,2243,10,233,18377,640,640,195560,8,16,467,7,28,2243,10,233,18377
200499,488,41860,C,San Francisco-Oakland-Fremont  CA ,7986,7986,2391615,77,154,20305,90,304,41456,265,6795,741852,7477,7477,2223884,76,152,19975,87,295,39956,250,6595,721553
200499,488,41940,C,San Jose-Sunnyvale-Santa Clara  CA ,2787,2787,725419,41,82,13108,33,126,16820,82,2497,255448,2646,2646,688532,41,82,13108,33,126,16820,79,2242,227419
200499,488,42100, ,Santa Cruz-Watsonville  CA ,736,736,172120,0,0,0,3,12,1044,2,53,2478,736,736,172120,0,0,0,3,12,1044,2,53,2478
200499,488,42220, ,Santa Rosa-Petaluma  CA ,1342,1342,302287,48,96,12009,3,10,989,31,481,43955,1342,1342,302287,48,96,12009,3,10,989,31,481,43955
200499,488,46700, ,Vallejo-Fairfield  CA ,2386,2386,446580,50,100,9120,1,3,240,23,472,30682,2205,2205,401238,50,100,9120,1,3,240,22,465,30179
200499,492,42140,C,Santa Fe  NM ,561,561,75805,0,0,0,0,0,0,0,0,100,255,255,37231,0,0,0,0,0,0,0,0,100
200499,496,25980, ,Hinesville-Fort Stewart  GA ,311,311,31891,5,10,456,0,0,0,0,0,0,311,311,31891,5,10,456,0,0,0,0,0,0
200499,496,42340, ,Savannah  GA ,2671,2671,417409,14,28,4414,9,32,3274,30,351,18006,2379,2379,377779,13,26,4234,7,25,2621,14,263,14821
200499,500,14740, ,Bremerton-Silverdale  WA ,1308,1308,224254,20,40,3769,1,3,314,3,15,1053,1260,1260,219278,20,40,3769,1,3,314,0,0,0
200499,500,36500, ,Olympia  WA ,2099,2099,356809,19,38,4478,1,3,340,12,113,9037,2094,2094,356325,18,36,4231,1,3,340,12,113,9037
200499,500,42660,C,Seattle-Tacoma-Bellevue  WA ,16334,16334,3165300,350,700,73507,246,858,91266,308,6243,547286,14643,14643,2949917,288,576,63164,225,791,84271,253,5940,522108
200499,508,43340, ,Shreveport-Bossier City  LA ,1645,1645,263603,27,54,1775,2,7,266,31,252,6917,1586,1586,254693,27,54,1775,1,4,172,31,252,6917
200499,512,43580, ,Sioux City  IA-NE-SD ,336,336,56089,9,18,1600,18,67,4643,3,24,1383,251,251,40858,7,14,1042,18,67,4643,3,24,1383
200499,532,45060, ,Syracuse  NY ,1469,1469,209798,54,108,5340,5,16,1293,3,40,1734,1257,1257,177705,51,102,5200,5,16,1293,3,40,1734
200499,534,45780, ,Toledo  OH ,2634,2634,365681,52,104,10789,50,198,11758,63,1193,57385,2391,2391,345384,52,104,10789,50,198,11758,63,1193,57385
200499,538,46140,C,Tulsa  OK ,4401,4401,629359,70,140,8268,3,12,625,7,102,6190,3908,3908,577043,68,136,8068,3,12,625,7,102,6190
200499,540,46340, ,Tyler  TX ,608,608,106108,2,4,400,5,16,980,15,96,4436,197,197,33587,2,4,400,2,7,530,0,0,0
200499,548,12580,C,Baltimore-Towson  MD ,7501,7501,1222760,38,76,10549,12,44,2214,174,2661,212306,7492,7492,1221813,38,76,10549,12,44,2214,174,2661,212306
200499,548,47900,C,Washington-Arlington-Alexandria  DC-VA-MD-WV ,26940,26940,4068880,4,8,560,51,194,13325,318,10882,707106,26015,26015,3929834,4,8,560,51,194,13325,302,10683,700019
200499,548,49020, ,Winchester  VA-WV ,1309,1309,212588,0,0,0,0,0,0,8,85,5490,1309,1309,212588,0,0,0,0,0,0,8,85,5490
200499,554,48140, ,Wausau  WI ,909,909,149556,24,48,4650,2,6,470,14,229,11590,876,876,145126,23,46,4465,2,6,470,14,229,11590
200499,556,48620, ,Wichita  KS ,2942,2942,368250,73,146,9250,0,0,0,3,18,800,2853,2853,357516,70,140,8630,0,0,0,3,18,800
200499,558,48700, ,Williamsport  PA ,269,269,35830,1,2,125,2,8,1163,4,70,5484,201,201,29515,1,2,125,2,8,1163,4,70,5484
200499,564,49620, ,York-Hanover  PA ,2899,2899,400026,13,26,1984,4,14,968,18,148,9001,2719,2719,375566,13,26,1984,3,11,968,18,148,9001
200499,566,49660, ,Youngstown-Warren-Boardman  OH-PA ,1430,1430,206711,53,106,8108,20,72,4770,8,48,3730,1313,1313,188269,45,90,7208,17,62,4570,8,48,3730
200499,999,10180, ,Abilene  TX ,283,283,41533,4,8,611,0,0,0,0,0,0,280,280,41262,4,8,611,0,0,0,0,0,0
200499,999,10500, ,Albany  GA ,671,671,79035,26,52,3309,8,32,1898,15,118,4075,255,255,32500,26,52,3309,8,32,1898,15,118,4075
200499,999,10740,C,Albuquerque  NM ,7065,7065,877174,0,0,0,19,66,3362,16,324,15510,5866,5866,763566,0,0,0,15,54,3013,16,324,15510
200499,999,10780, ,Alexandria  LA ,683,683,81645,1,2,100,0,0,0,0,0,0,572,572,70271,1,2,100,0,0,0,0,0,0
200499,999,10900,C,Allentown-Bethlehem-Easton  PA-NJ ,4461,4461,688881,9,18,1300,11,40,3550,10,93,3283,3821,3821,610020,9,18,1300,10,36,3435,7,78,3139
200499,999,11020, ,Altoona  PA ,293,293,45096,9,18,330,0,0,0,9,185,7946,282,282,43925,9,18,330,0,0,0,9,185,7946
200499,999,11100, ,Amarillo  TX ,737,737,115923,3,6,485,0,0,0,13,267,11412,737,737,115923,3,6,485,0,0,0,13,267,11412
200499,999,11260,C,Anchorage  AK ,922,922,213992,244,488,74744,25,92,9860,56,540,62527,868,868,208052,244,488,74744,25,92,9860,56,540,62527
200499,999,11500, ,Anniston-Oxford  AL ,204,204,25220,1,2,80,0,0,0,1,16,400,188,188,22980,1,2,80,0,0,0,1,16,400
200499,999,12020, ,Athens-Clarke County  GA ,1958,1958,262288,7,14,440,6,23,1620,8,118,4772,1879,1879,250686,3,6,160,6,23,1620,8,118,4772
200499,999,12100,C,Atlantic City  NJ ,1970,1970,244035,24,48,5191,7,23,2508,5,34,2722,1859,1859,231045,24,48,5191,7,23,2508,5,34,2722
200499,999,12260, ,Augusta-Richmond County  GA-SC ,3694,3694,493418,7,14,700,0,0,0,0,0,0,3389,3389,459338,6,12,640,0,0,0,0,0,0
200499,999,12420,C,Austin-Round Rock  TX ,14309,14309,1825761,151,302,18859,83,298,19989,186,3106,176128,13670,13670,1754465,147,294,18523,68,242,18049,180,3012,171838
200499,999,12540, ,Bakersfield  CA ,6174,6174,872912,51,102,6445,57,213,16562,35,305,18972,5934,5934,851481,50,100,6332,57,213,16562,35,305,18972
200499,999,12620, ,Bangor  ME ,658,658,80235,10,20,1425,8,31,1817,2,32,3640,559,559,71486,10,20,1425,5,20,1450,2,32,3640
200499,999,12700, ,Barnstable Town  MA ,1265,1265,331411,3,6,640,4,13,804,7,191,26773,1201,1201,312404,3,6,640,4,13,804,7,191,26773
200499,999,12980, ,Battle Creek  MI ,354,354,48764,2,4,730,0,0,0,1,12,800,322,322,45139,2,4,730,0,0,0,1,12,800
200499,999,13140, ,Beaumont-Port Arthur  TX ,1077,1077,204877,2,4,175,2,6,300,4,38,1332,1077,1077,204877,2,4,175,2,6,300,4,38,1332
200499,999,13380, ,Bellingham  WA ,1647,1647,292489,19,38,4838,35,136,11902,37,667,47067,1337,1337,238059,17,34,4157,34,133,11684,36,662,46661
200499,999,13740, ,Billings  MT ,646,646,105807,1,2,196,15,57,3763,11,234,15806,646,646,105807,1,2,196,12,48,3763,11,234,15806
200499,999,13780, ,Binghamton  NY ,274,274,42836,1,2,60,0,0,0,1,13,1310,269,269,42285,1,2,60,0,0,0,1,13,1310
200499,999,13900, ,Bismarck  ND ,660,660,112800,8,16,1577,18,71,9509,6,105,4714,659,659,112700,8,16,1577,18,71,9509,6,105,4714
200499,999,13980, ,Blacksburg-Christiansburg-Radford  VA ,852,852,111560,9,18,1375,0,0,0,4,34,2365,730,730,89017,6,12,868,0,0,0,4,34,2365
200499,999,14020, ,Bloomington  IN ,659,659,94022,104,208,18651,11,35,2763,21,236,13463,64,64,5279,9,18,1470,0,0,0,0,0,0
200499,999,14060, ,Bloomington-Normal  IL ,893,893,117824,5,10,665,5,20,1549,13,242,11253,891,891,117699,5,10,665,5,20,1549,13,242,11253
200499,999,14260,C,Boise City-Nampa  ID ,7843,7843,1364051,96,192,20950,197,780,40147,8,80,2977,7709,7709,1342128,93,186,20688,186,742,38413,8,80,2977
200499,999,14540, ,Bowling Green  KY ,809,809,114121,12,24,1276,6,21,1571,21,470,31736,808,808,113971,12,24,1276,6,21,1571,21,470,31736
200499,999,15260, ,Brunswick  GA ,975,975,182455,7,14,1230,1,4,241,4,111,26260,975,975,182455,7,14,1230,1,4,241,4,111,26260
200499,999,15540, ,Burlington-South Burlington  VT ,710,710,119712,49,98,9407,12,43,4126,17,376,28918,551,551,97956,46,92,9045,12,43,4126,10,336,26093
200499,999,15940, ,Canton-Massillon  OH ,1400,1400,241776,16,32,2318,3,11,930,11,83,4447,1224,1224,222630,14,28,1959,3,11,930,2,38,2300
200499,999,15980,C,Cape Coral-Fort Myers  FL ,14958,14958,2265633,419,838,82716,153,585,89438,296,4014,598103,14834,14834,2251449,416,832,82111,152,581,88898,284,3781,576592
200499,999,16180,C,Carson City  NV ,132,132,29686,6,12,783,0,0,0,6,88,4251,132,132,29686,6,12,783,0,0,0,6,88,4251
200499,999,16220,C,Casper  WY ,284,284,49655,0,0,0,0,0,0,0,0,0,246,246,42322,0,0,0,0,0,0,0,0,0
200499,999,16300, ,Cedar Rapids  IA ,1186,1186,161112,40,80,7489,42,153,10491,58,637,22081,1150,1150,157292,40,80,7489,40,147,10148,56,606,21151
200499,999,16580, ,Champaign-Urbana  IL ,1038,1038,169361,7,14,1289,4,14,775,9,125,6187,856,856,146779,4,8,974,0,0,0,8,120,5868
200499,999,16620, ,Charleston  WV ,734,734,103294,5,10,1137,7,27,6936,5,74,3719,714,714,101515,5,10,1137,7,27,6936,2,37,2446
200499,999,16700,C,Charleston-North Charleston  SC ,7371,7371,1136449,10,20,876,12,42,2662,56,873,77202,7347,7347,1130614,10,20,876,11,39,2348,51,848,75678
200499,999,16820,C,Charlottesville  VA ,1480,1480,285343,22,44,4838,9,30,2291,37,703,49703,795,795,137041,10,20,1750,1,3,200,9,145,17600
200499,999,16940, ,Cheyenne  WY ,744,744,105893,2,4,200,10,40,2611,14,88,5165,744,744,105893,2,4,200,10,40,2611,14,88,5165
200499,999,17020, ,Chico  CA ,1498,1498,178313,24,48,3648,27,90,6045,26,353,29018,1498,1498,178313,24,48,3648,27,90,6045,26,353,29018
200499,999,17300, ,Clarksville  TN-KY ,2219,2219,257037,30,60,2565,48,185,6715,25,265,10889,2196,2196,252382,30,60,2565,48,185,6715,25,265,10889
200499,999,17660, ,Coeur dAlene  ID ,2090,2090,334794,42,84,5976,16,62,4263,17,129,6947,2090,2090,334794,42,84,5976,16,62,4263,17,129,6947
200499,999,17780, ,College Station-Bryan  TX ,892,892,123358,15,30,2433,7,23,1711,28,247,13610,884,884,122532,15,30,2433,7,23,1711,28,247,13610
200499,999,17820,C,Colorado Springs  CO ,6452,6452,936106,2,4,270,6,24,2715,16,286,22433,6452,6452,936106,2,4,270,6,24,2715,16,286,22433
200499,999,17860, ,Columbia  MO ,1667,1667,229167,135,270,23067,5,20,1025,21,382,15159,1667,1667,229167,135,270,23067,5,20,1025,21,382,15159
200499,999,19060, ,Cumberland  MD-WV ,211,211,26556,1,2,60,0,0,0,2,18,700,210,210,26493,1,2,60,0,0,0,2,18,700
200499,999,19140,C,Dalton  GA ,651,651,79030,13,26,1143,16,57,2932,9,79,4159,625,625,76287,12,24,944,11,40,2000,2,11,800
200499,999,19180, ,Danville  IL ,46,46,6023,0,0,0,0,0,0,1,76,5000,40,40,5381,0,0,0,0,0,0,1,76,5000
200499,999,19260,C,Danville  VA ,283,283,35910,0,0,0,3,9,315,17,86,3501,48,48,6701,0,0,0,0,0,0,15,76,2910
200499,999,19340, ,Davenport-Moline-Rock Island  IA-IL ,929,929,142677,13,26,2783,3,12,1499,22,303,19334,864,864,134674,13,26,2783,3,12,1499,22,303,19334
200499,999,19500, ,Decatur  IL ,324,324,49101,3,6,340,0,0,0,4,27,1673,243,243,40514,3,6,340,0,0,0,0,0,0
200499,999,20100,C,Dover  DE ,2028,2028,247113,1,2,90,4,16,1400,9,132,7789,1999,1999,243969,1,2,90,4,16,1400,9,132,7789
200499,999,20220, ,Dubuque  IA ,417,417,67666,24,48,4650,2,6,550,7,401,38374,414,414,67216,24,48,4650,2,6,550,7,401,38374
200499,999,20260, ,Duluth  MN-WI ,1270,1270,170401,34,68,7621,13,48,4135,17,329,31429,1264,1264,169615,34,68,7621,13,48,4135,10,294,29416
200499,999,20940,C,El Centro  CA ,1417,1417,209301,1,2,99,4,15,748,32,344,19534,977,977,155228,1,2,99,4,15,748,21,247,16234
200499,999,21140, ,Elkhart-Goshen  IN ,1083,1083,160300,8,16,1199,4,16,920,1,48,2500,1083,1083,160300,8,16,1199,4,16,920,1,48,2500
200499,999,21300, ,Elmira  NY ,91,91,13879,2,4,249,0,0,0,0,0,0,74,74,11640,2,4,249,0,0,0,0,0,0
200499,999,21340, ,El Paso  TX ,3407,3407,279833,23,46,2387,94,374,19797,15,115,6367,3404,3404,279679,23,46,2387,94,374,19797,15,115,6367
200499,999,21500, ,Erie  PA ,758,758,94674,7,14,1578,18,70,3839,8,56,1568,695,695,89914,6,12,1493,17,67,3661,6,44,1151
200499,999,21660,C,Eugene-Springfield  OR ,1350,1350,246617,37,74,7457,25,86,7245,21,240,22107,1298,1298,238144,34,68,6885,19,68,5569,18,225,20821
200499,999,21780, ,Evansville  IN-KY ,1603,1603,210901,24,48,2878,6,22,977,44,504,19733,1531,1531,201761,23,46,2723,6,22,977,44,504,19733
200499,999,21820,C,Fairbanks  AK ,208,208,32876,22,44,4116,9,35,2862,7,50,5900,177,177,28576,22,44,4116,8,32,2570,7,50,5900
200499,999,22140,C,Farmington  NM ,340,340,52135,2,4,320,2,7,738,0,0,0,340,340,52135,2,4,320,2,7,738,0,0,0
200499,999,22180, ,Fayetteville  NC ,2321,2321,306057,1,2,113,1,3,152,82,1202,82113,2312,2312,305262,1,2,113,1,3,152,82,1202,82113
200499,999,22220, ,Fayetteville-Springdale-Rogers  AR-MO ,3806,3806,557030,166,332,29553,37,140,9031,198,2136,91209,3580,3580,532093,162,324,29055,32,120,8056,187,2029,87154
200499,999,22380, ,Flagstaff  AZ ,893,893,163822,2,4,265,4,13,1086,0,0,0,893,893,163822,2,4,265,4,13,1086,0,0,0
200499,999,22500, ,Florence  SC ,405,405,45323,1,2,168,0,0,0,0,0,0,11,11,1848,0,0,0,0,0,0,0,0,0
200499,999,22520, ,Florence-Muscle Shoals  AL ,279,279,29841,6,12,562,0,0,0,2,14,512,262,262,27707,6,12,562,0,0,0,2,14,512
200499,999,22660,C,Fort Collins-Loveland  CO ,2718,2718,505018,20,40,5120,33,117,12603,36,377,36386,2718,2718,505018,20,40,5120,33,117,12603,36,377,36386
200499,999,22900, ,Fort Smith  AR-OK ,655,655,80625,44,88,6092,8,30,1230,6,114,5150,507,507,63861,43,86,5993,7,27,1110,6,114,5150
200499,999,23020,C,Fort Walton Beach-Crestview-Destin  FL ,1737,1737,303060,1,2,128,1,4,870,30,968,216615,1667,1667,288484,1,2,128,1,4,870,29,963,216257
200499,999,23460, ,Gadsden  AL ,279,279,28784,0,0,0,1,4,150,1,26,847,259,259,27290,0,0,0,1,4,150,0,0,0
200499,999,23540, ,Gainesville  FL ,1435,1435,187599,5,10,548,11,40,2348,48,631,31162,1294,1294,173651,5,10,548,7,28,1682,23,230,9569
200499,999,24140,C,Goldsboro  NC ,533,533,67073,1,2,126,0,0,0,1,5,132,533,533,67073,1,2,126,0,0,0,1,5,132
200499,999,24220, ,Grand Forks  ND-MN ,363,363,48171,0,0,0,1,4,188,8,223,12228,359,359,47539,0,0,0,1,4,188,8,223,12228
200499,999,24300,C,Grand Junction  CO ,1366,1366,197118,18,36,3435,5,19,1350,16,130,7487,1366,1366,197118,18,36,3435,5,19,1350,16,130,7487
200499,999,24500, ,Great Falls  MT ,180,180,26197,1,2,125,0,0,0,4,42,1820,180,180,26197,1,2,125,0,0,0,4,42,1820
200499,999,24540,C,Greeley  CO ,3806,3806,689787,24,48,3749,55,197,20398,30,363,33969,3801,3801,689119,24,48,3749,55,197,20398,30,363,33969
200499,999,24580, ,Green Bay  WI ,2251,2251,303815,86,172,14262,8,26,2905,44,620,22306,1932,1932,257266,73,146,12267,8,26,2905,31,449,15392
200499,999,24780, ,Greenville  NC ,1509,1509,215929,63,126,7990,1,3,270,51,563,28132,1509,1509,215929,63,126,7990,1,3,270,51,563,28132
200499,999,25180, ,Hagerstown-Martinsburg  MD-WV ,3065,3065,411324,56,112,6886,9,34,1589,27,206,7760,1526,1526,212286,48,96,6375,0,0,0,10,120,4800
200499,999,25260, ,Hanford-Corcoran  CA ,743,743,83174,0,0,0,31,124,6230,0,0,0,712,712,80154,0,0,0,31,124,6230,0,0,0
200499,999,25500,C,Harrisonburg  VA ,1034,1034,133121,18,36,3491,0,0,0,2,12,560,1034,1034,133121,18,36,3491,0,0,0,2,12,560
200499,999,25620, ,Hattiesburg  MS ,201,201,24471,0,0,0,16,64,2170,32,351,13836,201,201,24471,0,0,0,16,64,2170,32,351,13836
200499,999,25860, ,Hickory-Lenoir-Morganton  NC ,1575,1575,270077,17,34,1889,3,12,678,13,264,13332,1575,1575,270077,17,34,1889,3,12,678,13,264,13332
200499,999,26180,C,Honolulu  HI ,1898,1898,368208,4,8,1000,28,108,17778,98,2070,356720,1898,1898,368208,4,8,1000,28,108,17778,98,2070,356720
200499,999,26300, ,Hot Springs  AR ,140,140,15305,0,0,0,0,0,0,0,0,0,0,0,0,0,0,0,0,0,0,0,0,0
200499,999,26380, ,Houma-Bayou Cane-Thibodaux  LA ,890,890,95406,0,0,0,0,0,0,1,5,408,848,848,88980,0,0,0,0,0,0,0,0,0
200499,999,26580, ,Huntington-Ashland  WV-KY-OH ,197,197,23899,4,8,725,2,6,175,5,141,7703,159,159,20667,3,6,545,2,6,175,5,141,7703
200499,999,26980, ,Iowa City  IA ,948,948,164037,7,14,1451,2,8,796,35,392,31419,938,938,162842,7,14,1451,2,8,796,34,383,30826
200499,999,27100, ,Jackson  MI ,688,688,91735,0,0,0,0,0,0,2,16,1190,587,587,78382,0,0,0,0,0,0,2,16,1190
200499,999,27260,C,Jacksonville  FL ,14683,14683,2446607,55,110,7104,14,52,6872,256,4481,458938,14682,14682,2446505,55,110,7104,14,52,6872,256,4481,458938
200499,999,27340, ,Jacksonville  NC ,1294,1294,144051,23,46,4741,0,0,0,25,520,20872,561,561,77177,23,46,4741,0,0,0,25,520,20872
200499,999,27500, ,Janesville  WI ,716,716,106322,40,80,6674,21,80,4385,16,220,10966,672,672,101146,39,78,6421,14,55,2810,9,181,9561
200499,999,27620, ,Jefferson City  MO ,500,500,63544,3,6,461,8,26,1595,1,14,900,498,498,63367,2,4,341,7,22,1435,1,14,900
200499,999,27780, ,Johnstown  PA ,312,312,40038,4,8,320,0,0,0,0,0,0,249,249,32424,4,8,320,0,0,0,0,0,0
200499,999,27860, ,Jonesboro  AR ,528,528,56971,1,2,81,1,4,150,4,26,2188,525,525,56646,1,2,81,1,4,150,4,26,2188
200499,999,27900, ,Joplin  MO ,656,656,69683,15,30,2073,2,7,727,3,22,999,603,603,62816,15,30,2073,2,7,727,3,22,999
200499,999,28020, ,Kalamazoo-Portage  MI ,1558,1558,252943,27,54,6484,40,142,12147,9,113,7051,1132,1132,207822,27,54,6484,40,142,12147,9,113,7051
200499,999,28420, ,Kennewick-Richland-Pasco  WA ,2217,2217,378093,8,16,1394,59,225,25300,36,806,60947,1855,1855,319601,1,2,47,59,225,25300,34,777,59830
200499,999,28660, ,Killeen-Temple-Fort Hood  TX ,2534,2534,316814,183,366,22919,120,476,20455,8,272,12795,2380,2380,300906,183,366,22919,120,476,20455,8,272,12795
200499,999,29100, ,La Crosse  WI-MN ,590,590,100412,14,28,2845,0,0,0,17,230,13087,590,590,100412,14,28,2845,0,0,0,17,230,13087
200499,999,29460,C,Lakeland  FL ,8715,8715,796918,41,82,4210,33,132,8662,97,1313,69132,8707,8707,796395,41,82,4210,33,132,8662,97,1313,69132
200499,999,29540, ,Lancaster  PA ,2268,2268,336616,26,52,4065,35,114,11187,35,241,13396,1897,1897,299276,23,46,3679,29,93,9043,23,174,10493
200499,999,29700,C,Laredo  TX ,1617,1617,149775,7,14,590,14,51,1740,22,511,23207,1213,1213,115767,7,14,590,12,44,1454,19,491,22457
200499,999,29740,C,Las Cruces  NM ,1355,1355,252430,3,6,541,2,7,385,36,307,15746,1230,1230,236912,2,4,424,2,7,385,32,251,13548
200499,999,29940, ,Lawrence  KS ,553,553,84855,112,224,20043,0,0,0,3,102,2495,516,516,80482,108,216,19366,0,0,0,3,102,2495
200499,999,30020, ,Lawton  OK ,166,166,19943,0,0,0,0,0,0,0,0,0,28,28,2642,0,0,0,0,0,0,0,0,0
200499,999,30300, ,Lewiston  ID-WA ,200,200,26745,7,14,1843,3,12,1160,0,0,0,189,189,25488,6,12,1574,3,12,1160,0,0,0
200499,999,30700, ,Lincoln  NE ,2083,2083,331836,35,70,6035,2,7,410,41,546,26132,2064,2064,331565,35,70,6035,2,7,410,41,546,26132
200499,999,30860, ,Logan  UT-ID ,949,949,133242,19,38,2550,21,71,5785,22,346,20466,877,877,122490,19,38,2550,11,38,3033,16,316,17964
200499,999,31020, ,Longview  WA ,383,383,65065,4,8,635,2,8,504,2,10,363,370,370,63089,3,6,547,2,8,504,0,0,0
200499,999,31340, ,Lynchburg  VA ,1415,1415,220557,8,16,1074,3,12,646,2,12,2000,1415,1415,220557,8,16,1074,3,12,646,2,12,2000
200499,999,32580,C,McAllen-Edinburg-Pharr  TX ,6744,6744,492885,302,604,20214,233,872,29157,105,1094,37143,4630,4630,367054,275,550,17939,201,760,26106,59,590,22316
200499,999,32780,C,Medford  OR ,1791,1791,292035,29,58,5615,50,194,14018,9,56,3950,1636,1636,268452,28,56,5299,48,188,13442,4,31,1925
200499,999,32820, ,Memphis  TN-MS-AR ,8890,8890,1459448,1,2,157,25,100,5714,113,1138,69505,8426,8426,1413043,1,2,157,25,100,5714,113,1138,69505
200499,999,32900, ,Merced  CA ,2544,2544,424260,3,6,486,2,6,739,6,42,2997,2521,2521,421031,3,6,486,2,6,739,6,42,2997
200499,999,33100, ,Miami-Fort Lauderdale-Miami Beach  FL ,24653,24653,4191812,243,486,43927,110,418,55454,675,20527,2237555,24531,24531,4131952,239,478,42305,106,406,54644,658,20414,2225338
200499,999,33540,C,Missoula  MT ,400,400,32455,15,30,1756,5,17,756,10,141,5850,400,400,32455,15,30,1756,5,17,756,10,141,5850
200499,999,33700, ,Modesto  CA ,4027,4027,697393,19,38,3006,10,39,2450,29,417,30626,3796,3796,662441,19,38,3006,10,39,2450,29,417,30626
200499,999,34060, ,Morgantown  WV ,29,29,3138,1,2,96,2,6,520,6,85,4328,25,25,2538,1,2,96,1,3,220,6,85,4328
200499,999,34580, ,Mount Vernon-Anacortes  WA ,770,770,125137,24,48,5157,1,3,420,2,30,3532,656,656,102715,15,30,2849,1,3,420,2,30,3532
200499,999,34620, ,Muncie  IN ,289,289,48816,5,10,974,9,36,2628,1,24,1300,49,49,4204,5,10,974,9,36,2628,1,24,1300
200499,999,34940,C,Naples-Marco Island  FL ,4202,4202,1039146,79,158,30692,145,560,104316,125,2001,313389,4202,4202,1039146,79,158,30692,145,560,104316,125,2001,313389
200499,999,35660, ,Niles-Benton Harbor  MI ,685,685,143100,1,2,100,3,10,764,2,34,8600,615,615,131448,1,2,100,3,10,764,2,34,8600
200499,999,35980,C,Norwich-New London  CT ,987,987,175097,11,22,1117,9,32,3006,24,307,13101,906,906,158942,11,22,1117,9,32,3006,24,307,13101
200499,999,36100,C,Ocala  FL ,5268,5268,609098,45,90,6965,17,57,2738,2,11,540,5268,5268,609098,45,90,6965,17,57,2738,2,11,540
200499,999,36140,C,Ocean City  NJ ,1101,1101,184174,263,526,74790,36,131,12148,51,391,39583,1079,1079,182022,257,514,73707,32,118,11229,47,371,38038
200499,999,36980, ,Owensboro  KY ,393,393,37506,3,6,241,4,16,448,0,0,0,392,392,37376,3,6,241,4,16,448,0,0,0
200499,999,37340,C,Palm Bay-Melbourne-Titusville  FL ,6487,6487,1162618,17,34,4785,18,60,8710,145,2344,310280,6305,6305,1131634,17,34,4785,18,60,8710,145,2344,310280
200499,999,37460,C,Panama City-Lynn Haven  FL ,1462,1462,206839,28,56,3977,16,56,10234,42,2270,326971,1462,1462,206839,28,56,3977,16,56,10234,42,2270,326971
200499,999,37620, ,Parkersburg-Marietta  WV-OH ,218,218,22775,2,4,75,5,15,374,0,0,0,205,205,20987,2,4,75,5,15,374,0,0,0
200499,999,37860, ,Pensacola-Ferry Pass-Brent  FL ,3735,3735,470334,43,86,4559,6,18,450,44,796,28821,3575,3575,449615,41,82,4267,6,18,450,44,796,28821
200499,999,38060, ,Phoenix-Mesa-Scottsdale  AZ ,57360,57360,9461841,175,350,32724,351,1256,109776,481,6293,413272,56492,56492,9366189,170,340,31971,351,1256,109776,478,6252,411094
200499,999,38340, ,Pittsfield  MA ,434,434,94142,5,10,1121,3,12,1354,2,24,1960,333,333,78843,5,10,1121,3,12,1354,2,24,1960
200499,999,38540, ,Pocatello  ID ,454,454,48738,3,6,363,2,7,282,14,114,6858,450,450,48198,3,6,363,1,3,175,14,114,6858
200499,999,38900,C,Portland-Vancouver-Beaverton  OR-WA ,11285,11285,2137090,124,248,24314,108,408,38258,205,3918,290482,10959,10959,2076194,122,244,23903,106,402,37822,205,3918,290482
200499,999,38940,C,Port St. Lucie-Fort Pierce  FL ,8856,8856,1193556,15,30,4244,56,216,23806,99,1454,99811,8845,8845,1191973,15,30,4244,51,198,21593,95,1350,94309
200499,999,39140, ,Prescott  AZ ,3666,3666,542225,46,92,6729,12,39,2188,16,206,14264,3665,3665,542045,46,92,6729,12,39,2188,16,206,14264
200499,999,39300, ,Providence-New Bedford-Fall River  RI-MA ,3403,3403,601510,61,122,10055,24,80,6015,45,805,44045,3019,3019,542964,43,86,8846,23,77,5917,43,795,43481
200499,999,39340, ,Provo-Orem  UT ,3602,3602,668135,27,54,6627,54,187,17277,61,718,63606,3595,3595,667494,27,54,6627,54,187,17277,61,718,63606
200499,999,39380,C,Pueblo  CO ,1100,1100,113748,16,32,1377,2,8,274,10,80,6222,1100,1100,113748,16,32,1377,2,8,274,10,80,6222
200499,999,39460,C,Punta Gorda  FL ,2331,2331,385430,41,82,7902,37,128,15020,80,1111,109490,2331,2331,385430,41,82,7902,37,128,15020,80,1111,109490
200499,999,39660, ,Rapid City  SD ,1011,1011,128284,10,20,1816,28,110,6826,13,234,12074,990,990,126319,10,20,1816,28,110,6826,13,234,12074
200499,999,39740, ,Reading  PA ,1493,1493,222444,1,2,116,7,25,2650,15,120,7903,1278,1278,194459,1,2,116,6,22,2361,12,101,6379
200499,999,39820,C,Redding  CA ,887,887,152924,1,2,164,4,13,1227,2,136,7116,887,887,152924,1,2,164,4,13,1227,2,136,7116
200499,999,39900,C,Reno-Sparks  NV ,5009,5009,842916,12,24,1928,16,60,6950,44,650,44671,5009,5009,842916,12,24,1928,16,60,6950,44,650,44671
200499,999,40060,C,Richmond  VA ,7924,7924,1178929,9,18,1559,77,270,20325,72,1086,69222,7696,7696,1155635,9,18,1559,77,270,20325,72,1086,69222
200499,999,40220, ,Roanoke  VA ,1577,1577,201172,22,44,2474,1,4,250,4,133,21840,1556,1556,198677,22,44,2474,1,4,250,4,133,21840
200499,999,40340, ,Rochester  MN ,1599,1599,290299,8,16,1832,1,4,353,4,43,3510,1592,1592,289455,7,14,1603,1,4,353,4,43,3510
200499,999,40580, ,Rocky Mount  NC ,671,671,64120,30,60,4120,0,0,0,4,24,646,671,671,64120,30,60,4120,0,0,0,4,24,646
200499,999,40660,C,Rome  GA ,390,390,54629,50,100,5048,1,4,87,3,79,4595,390,390,54629,50,100,5048,1,4,87,3,79,4595
200499,999,41100, ,St. George  UT ,3312,3312,429562,33,66,4802,19,76,5392,31,338,22427,3312,3312,429562,33,66,4802,19,76,5392,31,338,22427
200499,999,41140, ,St. Joseph  MO-KS ,206,206,33841,13,26,3553,0,0,0,3,107,5380,200,200,33301,13,26,3553,0,0,0,3,107,5380
200499,999,41420,C,Salem  OR ,1963,1963,346327,38,76,7377,26,95,7345,45,426,26519,1848,1848,329132,26,52,4792,24,89,6912,38,390,23949
200499,999,41500, ,Salinas  CA ,1064,1064,333334,3,6,724,9,34,3857,6,94,12597,1062,1062,333004,3,6,724,9,34,3857,6,94,12597
200499,999,41660, ,San Angelo  TX ,231,231,32466,2,4,406,0,0,0,0,0,0,231,231,32466,2,4,406,0,0,0,0,0,0
200499,999,41700, ,San Antonio  TX ,12634,12634,1806941,130,260,15268,27,107,5747,239,4538,281043,12206,12206,1717131,130,260,15268,26,104,5747,239,4538,281043
200499,999,41740,C,San Diego-Carlsbad-San Marcos  CA ,9122,9122,2293753,121,242,28540,309,1005,111407,399,5218,533844,9110,9110,2289754,121,242,28540,309,1005,111407,396,5169,529421
200499,999,41780, ,Sandusky  OH ,246,246,42805,0,0,0,6,19,1220,10,91,3564,233,233,40530,0,0,0,6,19,1220,10,91,3564
200499,999,42020,C,San Luis Obispo-Paso Robles  CA ,2043,2043,377763,18,36,3487,8,24,2185,44,347,16370,2043,2043,377763,18,36,3487,8,24,2185,44,347,16370
200499,999,42060, ,Santa Barbara-Santa Maria-Goleta  CA ,950,950,219476,16,32,2918,66,238,21632,31,279,27566,932,932,216350,16,32,2918,66,238,21632,31,279,27566
200499,999,42260,C,Sarasota-Bradenton-Venice  FL ,10989,10989,1898320,41,82,11787,146,571,65275,236,2854,394888,10980,10980,1896012,40,80,11431,146,571,65275,236,2854,394888
200499,999,42540, ,Scranton--Wilkes-Barre  PA ,1470,1470,223457,9,18,1920,19,67,4852,5,43,2726,1178,1178,183965,7,14,1566,19,67,4852,3,26,2073
200499,999,43100, ,Sheboygan  WI ,439,439,84995,21,42,5127,18,72,12205,8,104,4438,415,415,79655,16,32,3476,18,72,12205,8,104,4438
200499,999,43300, ,Sherman-Denison  TX ,411,411,47719,3,6,456,1,4,212,7,100,5000,411,411,47719,3,6,456,1,4,212,7,100,5000
200499,999,43620, ,Sioux Falls  SD ,1909,1909,228103,10,20,2259,13,52,5860,21,467,32612,1843,1843,220091,10,20,2259,12,48,5668,21,467,32612
200499,999,43780, ,South Bend-Mishawaka  IN-MI ,1117,1117,185859,1,2,200,0,0,0,24,242,10052,1072,1072,179292,1,2,200,0,0,0,24,242,10052
200499,999,44060, ,Spokane  WA ,2108,2108,312403,80,160,16695,18,59,4638,81,1593,107877,2020,2020,299861,79,158,16519,18,59,4638,80,1584,107253
200499,999,44100, ,Springfield  IL ,705,705,106090,88,176,14885,2,8,996,6,100,3100,549,549,83841,71,142,11475,2,8,996,6,100,3100
200499,999,44140, ,Springfield  MA ,1543,1543,280886,64,128,10696,3,11,1141,3,27,2281,1413,1413,263857,64,128,10696,3,11,1141,3,27,2281
200499,999,44180, ,Springfield  MO ,3399,3399,477735,107,214,14347,10,34,2301,42,642,26818,3368,3368,474884,107,214,14347,10,34,2301,42,642,26818
200499,999,44300, ,State College  PA ,654,654,111645,12,24,2143,3,10,621,1,6,425,558,558,100495,12,24,2143,1,4,359,1,6,425
200499,999,44700,C,Stockton  CA ,6229,6229,1257636,5,10,1565,9,28,2280,35,457,32939,6229,6229,1257636,5,10,1565,9,28,2280,35,457,32939
200499,999,44940,C,Sumter  SC ,572,572,55456,17,34,2230,17,68,5764,0,0,0,572,572,55456,17,34,2230,17,68,5764,0,0,0
200499,999,45220, ,Tallahassee  FL ,2216,2216,335299,39,78,5948,25,96,6095,98,1337,96901,2204,2204,333460,39,78,5948,25,96,6095,98,1337,96901
200499,999,45300,C,Tampa-St. Petersburg-Clearwater  FL ,23081,23081,3498990,235,470,47992,172,581,42344,361,5425,461489,22898,22898,3474578,233,466,47709,171,578,42136,356,5309,453177
200499,999,45460, ,Terre Haute  IN ,316,316,37739,10,20,1405,5,18,1125,18,235,9316,278,278,33889,9,18,1377,5,18,1125,15,220,8792
200499,999,45500, ,Texarkana  TX-Texarkana  AR ,251,251,24429,36,72,3143,0,0,0,1,8,290,248,248,24169,36,72,3143,0,0,0,1,8,290
200499,999,45820, ,Topeka  KS ,1135,1135,174028,7,14,1060,4,13,1150,1,5,240,1122,1122,172891,7,14,1060,3,10,1000,1,5,240
200499,999,46060, ,Tucson  AZ ,9604,9604,1608633,80,160,12432,11,37,1856,44,720,59419,9602,9602,1608504,80,160,12432,11,37,1856,44,720,59419
200499,999,46220, ,Tuscaloosa  AL ,1169,1169,151426,7,14,1729,0,0,0,5,85,4386,1124,1124,145657,7,14,1729,0,0,0,5,85,4386
200499,999,46540, ,Utica-Rome  NY ,509,509,70371,0,0,0,1,3,341,0,0,0,335,335,51900,0,0,0,0,0,0,0,0,0
200499,999,46660, ,Valdosta  GA ,937,937,115840,8,16,885,2,6,500,41,478,23215,923,923,113998,8,16,885,2,6,500,41,478,23215
200499,999,46940,C,Vero Beach  FL ,3646,3646,686816,17,34,3128,38,138,8774,39,367,27394,3549,3549,666591,17,34,3128,37,134,8230,37,328,23570
200499,999,47020, ,Victoria  TX ,273,273,30122,0,0,0,29,116,6900,10,164,7541,273,273,30122,0,0,0,29,116,6900,10,164,7541
200499,999,47260, ,Virginia Beach-Norfolk-Newport News  VA-NC ,7294,7294,1226070,175,350,29824,56,203,16103,125,2339,181284,6934,6934,1178150,175,350,29824,54,197,15908,125,2339,181284
200499,999,47300, ,Visalia-Porterville  CA ,2186,2186,321167,36,72,4327,46,181,12410,8,53,4004,2178,2178,320358,36,72,4327,46,181,12410,8,53,4004
200499,999,47380, ,Waco  TX ,788,788,112614,85,170,11509,28,110,4680,43,473,22455,788,788,112614,85,170,11509,28,110,4680,43,473,22455
200499,999,47940, ,Waterloo-Cedar Falls  IA ,598,598,103042,9,18,1924,2,8,843,7,61,4860,562,562,96960,9,18,1924,2,8,843,6,55,4183
200499,999,48260, ,Weirton-Steubenville  WV-OH ,84,84,12619,1,2,177,1,4,320,5,66,3579,65,65,10666,1,2,177,0,0,0,5,66,3579
200499,999,48300, ,Wenatchee  WA ,626,626,96187,4,8,968,13,48,2303,2,11,834,401,401,61542,4,8,968,13,48,2303,1,6,453
200499,999,48540, ,Wheeling  WV-OH ,100,100,10857,1,2,300,4,15,265,2,24,765,79,79,7861,1,2,300,4,15,265,2,24,765
200499,999,48660, ,Wichita Falls  TX ,319,319,46348,2,4,165,1,4,130,0,0,0,287,287,43599,2,4,165,1,4,130,0,0,0
200499,999,48900,C,Wilmington  NC ,6861,6861,1041965,92,184,25628,24,95,7723,91,1192,110719,6526,6526,1000655,92,184,25628,24,95,7723,86,1116,103869
200499,999,49420, ,Yakima  WA ,759,759,130453,50,100,7434,1,3,211,4,77,4562,759,759,130453,50,100,7434,1,3,211,4,77,4562
200499,999,49700, ,Yuba City  CA ,3021,3021,462905,4,8,821,0,0,0,3,17,747,2948,2948,453326,4,8,821,0,0,0,3,17,747
200499,999,49740, ,Yuma  AZ ,2533,2533,314533,0,0,0,0,0,0,15,167,12951,2531,2531,314339,0,0,0,0,0,0,15,167,12951
