Survey,CSA,CBSA,MONCOV,CBSA,,1-unit,,,2-units,,,3-4 units,,,5+ units,,,1-unit rep,,,2-units rep,,,3-4 units rep,,,5+ units rep
Date,Code,Code,,Name,Bldgs,Units,Value,Bldgs,Units,Value,Bldgs,Units,Value,Bldgs,Units,Value,Bldgs,Units,Value,Bldgs,Units,Value,      Bldgs,Units,Value,Bldgs,Units,Value
 
202299,104,10580,C,Albany-Schenectady-Troy  NY ,1266,1266,410196,34,68,15600,11,44,7042,76,1237,205754,1132,1132,367513,31,62,14300,10,40,6722,65,1182,203099
202299,104,24020, ,Glens Falls  NY ,232,232,68650,8,16,2913,6,22,2873,4,22,2855,149,149,48385,8,16,2913,6,22,2873,4,22,2855
202299,106,10740,C,Albuquerque  NM ,2002,2002,494737,0,0,0,2,7,784,25,1048,98857,1780,1780,441835,0,0,0,1,4,400,7,898,91260
202299,106,42140,C,Santa Fe  NM ,177,177,86749,7,14,2062,0,0,0,14,399,45323,177,177,86749,7,14,2062,0,0,0,14,399,45323
202299,107,11020, ,Altoona  PA ,71,71,20741,0,0,0,0,0,0,6,52,7654,67,67,20341,0,0,0,0,0,0,6,52,7654
202299,108,11100, ,Amarillo  TX ,818,818,205749,25,50,6475,1,4,601,7,110,14034,814,814,204817,25,50,6475,1,4,601,7,110,14034
202299,118,11540, ,Appleton  WI ,480,480,188029,52,104,19220,0,0,0,9,183,24967,480,480,188029,52,104,19220,0,0,0,9,183,24967
202299,118,36780, ,Oshkosh-Neenah  WI ,325,325,125015,16,32,6214,0,0,0,7,102,14332,324,324,124945,16,32,6214,0,0,0,7,102,14332
202299,120,11700, ,Asheville  NC ,2813,2813,1092464,1,2,30,0,0,0,35,716,134273,2317,2317,983521,1,2,30,0,0,0,15,595,100768
202299,122,12020, ,Athens-Clarke County  GA ,771,771,237164,10,20,3418,3,12,1396,58,1542,177311,588,588,183106,10,20,3418,3,12,1396,58,1542,177311
202299,122,12060, ,Atlanta-Sandy Springs-Alpharetta  GA ,26623,26623,6991130,92,184,35063,110,398,54174,556,20902,2659726,25395,25395,6767096,92,184,35063,110,398,54174,534,20617,2615581
202299,122,23580, ,Gainesville  GA ,1196,1196,287194,1,2,198,12,44,4390,28,825,143468,277,277,70643,1,2,198,12,44,4390,28,825,143468
202299,122,40660,C,Rome  GA ,310,310,67278,0,0,0,0,0,0,0,0,0,310,310,67278,0,0,0,0,0,0,0,0,0
202299,140,13460,C,Bend  OR ,1178,1178,440653,56,112,22283,15,47,7513,36,776,98705,1178,1178,440653,56,112,22283,15,47,7513,36,776,98705
202299,142,13820,C,Birmingham-Hoover  AL ,3045,3045,983895,32,64,11110,12,46,6912,29,992,185049,2974,2974,969142,32,64,11110,12,46,6912,29,992,185049
202299,144,14020,C,Bloomington  IN ,340,340,107985,3,6,852,0,0,0,10,206,26132,282,282,92419,0,0,0,0,0,0,7,107,14507
202299,145,14010, ,Bloomington  IL ,305,305,84606,3,6,975,2,8,1000,3,118,11400,305,305,84606,3,6,975,2,8,1000,3,118,11400
202299,146,14100,C,Bloomsburg-Berwick  PA ,135,135,38264,0,0,0,0,0,0,0,0,0,134,134,37999,0,0,0,0,0,0,0,0,0
202299,147,14260,C,Boise City  ID ,5925,5925,1632979,39,78,14676,100,398,43908,198,4074,682511,5704,5704,1578324,38,76,14310,100,398,43908,197,4066,681047
202299,148,12700, ,Barnstable Town  MA ,564,564,325694,18,36,5639,5,15,3500,3,272,45112,504,504,295841,17,34,5449,5,15,3500,3,272,45112
202299,148,14460,C,Boston-Cambridge-Newton  MA-NH ,3985,3985,1603377,233,466,110497,112,377,88296,459,9626,2175243,3157,3157,1352375,208,416,98175,104,353,83102,155,7163,1875459
202299,148,31700, ,Manchester-Nashua  NH ,623,623,202748,15,30,5673,5,20,2948,4,174,17835,492,492,170565,13,26,5118,5,20,2948,4,174,17835
202299,148,39300,C,Providence-Warwick  RI-MA ,1559,1559,455556,112,224,32979,24,82,12210,17,257,34011,964,964,324367,94,188,26004,24,82,12210,7,205,28991
202299,148,49340, ,Worcester  MA-CT ,1172,1172,332643,47,94,19312,3,10,1845,24,976,188211,875,875,251122,39,78,17062,3,10,1845,17,941,184718
202299,150,14540, ,Bowling Green  KY ,835,835,206525,4,8,834,9,35,3675,86,758,71477,831,831,205925,4,8,834,8,32,3450,86,758,71477
202299,154,15180, ,Brownsville-Harlingen  TX ,1940,1940,373988,44,88,8539,11,39,5511,22,442,54183,1801,1801,352532,43,86,8426,10,36,5409,16,353,45939
202299,160,15380,C,Buffalo-Cheektowaga  NY ,1219,1219,419225,16,32,6031,13,49,10406,25,297,60907,1147,1147,406524,16,32,6031,13,49,10406,11,86,13594
202299,162,15540, ,Burlington-South Burlington  VT ,422,422,139290,37,74,10070,8,25,1339,27,501,68885,327,327,113649,30,60,7766,8,25,1339,20,466,67023
202299,163,15980,C,Cape Coral-Fort Myers  FL ,9145,9145,2151236,128,256,33155,29,113,15182,166,4107,504761,8923,8923,2097220,114,228,29479,28,110,14553,164,4037,499568
202299,163,34940, ,Naples-Marco Island  FL ,3519,3519,1612622,14,28,6504,44,171,39658,63,1799,386377,3519,3519,1612622,14,28,6504,44,171,39658,63,1799,386377
202299,164,16020, ,Cape Girardeau  MO-IL ,117,117,33626,5,10,2233,2,6,150,3,15,1732,13,13,2470,0,0,0,0,0,0,0,0,0
202299,168,16300, ,Cedar Rapids  IA ,453,453,124808,35,70,13101,5,19,1296,15,405,40128,451,451,124466,33,66,12501,5,19,1296,15,405,40128
202299,168,26980, ,Iowa City  IA ,492,492,161411,46,92,22026,16,62,12280,15,783,136980,422,422,145554,43,86,21124,15,59,11918,12,754,132823
202299,170,16620, ,Charleston  WV ,154,154,21383,1,2,334,1,4,150,0,0,0,139,139,19267,1,2,334,1,4,150,0,0,0
202299,170,26580, ,Huntington-Ashland  WV-KY-OH ,241,241,52031,4,8,500,2,6,280,0,0,0,66,66,17845,4,8,500,2,6,280,0,0,0
202299,172,16740, ,Charlotte-Concord-Gastonia  NC-SC ,19029,19029,5206344,71,142,32015,12,47,6026,202,7994,1048088,16863,16863,4554024,71,142,32015,12,47,6026,178,7654,1007429
202299,174,16860, ,Chattanooga  TN-GA ,2121,2121,504680,84,168,12700,23,78,9699,40,714,76003,1575,1575,388942,36,72,5797,14,51,8133,3,64,11056
202299,174,17420, ,Cleveland  TN ,775,775,191596,8,16,1976,33,119,17875,2,14,923,562,562,153015,8,16,1976,33,119,17875,2,14,923
202299,174,19140, ,Dalton  GA ,376,376,70457,20,40,2780,9,34,4399,6,30,1610,369,369,68806,20,40,2780,9,34,4399,6,30,1610
202299,176,16980, ,Chicago-Naperville-Elgin  IL-IN-WI ,8563,8563,2790742,148,296,59897,201,649,138439,250,8128,1234535,8151,8151,2699033,147,294,59517,201,649,138439,215,7872,1196716
202299,176,28100, ,Kankakee  IL ,103,103,26275,1,2,450,3,11,2158,0,0,0,99,99,24595,1,2,450,3,11,2158,0,0,0
202299,176,33140, ,Michigan City-La Porte  IN ,124,124,35672,0,0,0,1,3,250,4,195,24700,92,92,26453,0,0,0,1,3,250,4,195,24700
202299,178,17140, ,Cincinnati  OH-KY-IN ,4126,4126,1337831,145,290,44637,49,174,21307,87,1620,198332,3846,3846,1278740,144,288,44462,49,174,21307,87,1620,198332
202299,184,10420, ,Akron  OH ,796,796,263252,34,68,8000,112,437,35008,137,1746,263330,706,706,231476,34,68,8000,105,416,25558,118,1622,257016
202299,184,15940, ,Canton-Massillon  OH ,469,469,135619,16,32,5930,27,96,9493,32,213,15784,421,421,130017,16,32,5930,18,68,8058,17,117,8410
202299,184,17460, ,Cleveland-Elyria  OH ,2915,2915,959813,8,16,3252,26,99,13118,52,705,83959,2794,2794,931452,8,16,3252,26,99,13118,51,700,80001
202299,190,17860, ,Columbia  MO ,628,628,217866,6,12,2471,1,4,750,8,135,16502,621,621,217088,6,12,2471,1,4,750,8,135,16502
202299,192,17900,C,Columbia  SC ,4101,4101,1004044,9,18,4445,47,175,25467,58,1510,222549,2747,2747,741707,7,14,3957,47,175,25467,57,1437,210278
202299,194,12220,C,Auburn-Opelika  AL ,1127,1127,301059,14,28,4276,2,7,900,21,1030,167557,752,752,210478,10,20,2857,2,7,900,11,851,143183
202299,194,17980, ,Columbus  GA-AL ,636,636,167067,17,34,5188,0,0,0,34,978,181810,617,617,163194,17,34,5188,0,0,0,34,978,181810
202299,198,18140, ,Columbus  OH ,5623,5623,2196523,49,98,17627,23,82,12160,313,6292,620043,5037,5037,2029338,47,94,16627,21,76,10210,312,6283,618955
202299,204,18580, ,Corpus Christi  TX ,1895,1895,444867,0,0,0,0,0,0,1,5,70,1760,1760,413871,0,0,0,0,0,0,1,5,70
202299,206,19100, ,Dallas-Fort Worth-Arlington  TX ,43645,43645,11922464,343,686,88784,349,1306,183407,686,32257,4116841,42279,42279,11603625,315,630,82843,319,1199,174017,642,30855,3959101
202299,206,43300, ,Sherman-Denison  TX ,1498,1498,335210,67,134,17447,0,0,0,17,588,74954,1471,1471,328995,67,134,17447,0,0,0,17,588,74954
202299,209,19340, ,Davenport-Moline-Rock Island  IA-IL ,416,416,112181,13,26,4996,28,99,18356,8,56,5197,341,341,99671,10,20,4021,26,93,17857,1,21,1388
202299,212,19430, ,Dayton-Kettering  OH ,1262,1262,465856,11,22,4540,14,47,8080,40,934,104623,847,847,321981,9,18,4034,12,41,7483,28,585,62287
202299,212,44220, ,Springfield  OH ,112,112,41169,0,0,0,13,51,5303,3,20,1652,112,112,41169,0,0,0,13,51,5303,3,20,1652
202299,216,14500, ,Boulder  CO ,661,661,376592,13,26,10249,23,76,31987,52,879,187503,624,624,336683,11,22,8794,21,70,30431,37,618,119437
202299,216,19740,C,Denver-Aurora-Lakewood  CO ,10108,10108,3124718,184,368,74634,54,196,42652,247,12804,1945036,9883,9883,3068296,183,366,74191,54,196,42652,228,12042,1833102
202299,216,24540, ,Greeley  CO ,3203,3203,950650,104,208,38170,31,108,21232,120,2624,378723,2984,2984,899626,82,164,30485,24,86,17512,114,2489,359101
202299,218,11180, ,Ames  IA ,239,239,69271,4,8,2121,15,52,11739,3,32,4396,216,216,62515,4,8,2121,15,52,11739,3,32,4396
202299,218,19780, ,Des Moines-West Des Moines  IA ,3646,3646,1183598,53,106,21199,18,61,14407,52,2309,380800,3541,3541,1145893,53,106,21199,9,33,8531,40,2234,371564
202299,220,11460, ,Ann Arbor  MI ,580,580,191476,3,6,1611,3,10,2108,5,33,1090,432,432,153953,3,6,1611,2,7,1500,4,28,540
202299,220,19820, ,Detroit-Warren-Dearborn  MI ,4698,4698,1720511,33,66,13436,82,305,54638,120,2876,641199,4282,4282,1614915,31,62,13161,63,240,48539,115,2734,585716
202299,220,22420, ,Flint  MI ,324,324,93916,4,8,1492,16,52,1990,2,26,5763,294,294,87154,4,8,1492,15,48,1099,2,26,5763
202299,220,33780, ,Monroe  MI ,203,203,54271,0,0,0,1,4,500,10,59,4070,131,131,37987,0,0,0,1,4,500,0,0,0
202299,222,20020, ,Dothan  AL ,484,484,125979,5,10,866,1,4,479,0,0,0,363,363,99277,5,10,866,1,4,479,0,0,0
202299,232,20740, ,Eau Claire  WI ,391,391,147415,94,188,37021,12,48,7581,51,403,71061,386,386,146042,89,178,35119,12,48,7581,48,329,61562
202299,236,21300, ,Elmira  NY ,30,30,6802,0,0,0,0,0,0,7,51,5716,21,21,5041,0,0,0,0,0,0,0,0,0
202299,238,21340,C,El Paso  TX ,2147,2147,505077,31,62,8006,10,30,3953,26,227,26783,496,496,117316,0,0,0,0,0,0,0,0,0
202299,238,29740,C,Las Cruces  NM ,1079,1079,293415,3,6,1065,5,20,3366,0,0,0,964,964,267854,3,6,1065,5,20,3366,0,0,0
202299,240,21500, ,Erie  PA ,166,166,56676,9,18,3086,0,0,0,9,54,6368,161,161,55323,9,18,3086,0,0,0,9,54,6368
202299,244,22020, ,Fargo  ND-MN ,1123,1123,374947,2,4,370,0,0,0,23,1187,150504,1113,1113,371969,2,4,370,0,0,0,23,1187,150504
202299,246,22180, ,Fayetteville  NC ,2145,2145,429287,0,0,0,0,0,0,16,338,33780,1430,1430,331085,0,0,0,0,0,0,16,338,33780
202299,258,23060,C,Fort Wayne  IN ,1453,1453,449521,20,40,5095,0,0,0,31,842,90093,1359,1359,423488,13,26,4255,0,0,0,30,832,89350
202299,260,23420,C,Fresno  CA ,2944,2944,885762,8,16,3650,15,52,9928,64,650,84322,2805,2805,825946,8,16,3650,15,52,9928,64,650,84322
202299,260,25260, ,Hanford-Corcoran  CA ,414,414,122350,2,4,857,6,18,4602,0,0,0,413,413,122116,2,4,857,6,18,4602,0,0,0
202299,260,31460, ,Madera  CA ,880,880,222170,3,6,300,4,16,800,4,64,7033,880,880,222170,3,6,300,4,16,800,4,64,7033
202299,264,23540, ,Gainesville  FL ,1345,1345,345026,6,12,1574,0,0,0,41,1780,231792,1160,1160,299867,6,12,1574,0,0,0,41,1780,231792
202299,266,24340, ,Grand Rapids-Kentwood  MI ,2488,2488,818148,88,176,33095,26,93,14754,83,1441,207164,2298,2298,761376,68,136,26892,25,90,13888,61,1226,183838
202299,266,34740, ,Muskegon  MI ,321,321,87958,5,10,1439,0,0,0,9,217,15624,271,271,77510,0,0,0,0,0,0,9,217,15624
202299,267,24580, ,Green Bay  WI ,627,627,246580,102,204,37075,0,0,0,25,418,60255,614,614,242259,101,202,36495,0,0,0,22,389,57112
202299,268,15500, ,Burlington  NC ,1793,1793,284036,1,2,180,2,8,1371,11,146,54058,1793,1793,284036,1,2,180,2,8,1371,11,146,54058
202299,268,24660,C,Greensboro-High Point  NC ,2161,2161,523698,9,18,4227,0,0,0,37,814,117270,2143,2143,521843,9,18,4227,0,0,0,37,814,117270
202299,268,49180, ,Winston-Salem  NC ,3983,3983,1038419,2,4,1116,1,3,276,11,60,2366,3646,3646,957525,2,4,1116,0,0,0,0,0,0
202299,272,24780, ,Greenville  NC ,688,688,162414,24,48,7515,0,0,0,8,192,23405,340,340,82211,24,48,7515,0,0,0,8,192,23405
202299,273,24860, ,Greenville-Anderson  SC ,6477,6477,1772325,63,126,14947,61,226,23447,108,1415,160131,6353,6353,1744030,57,114,13960,61,226,23447,105,1400,159529
202299,273,43900, ,Spartanburg  SC ,2596,2596,451420,0,0,0,0,0,0,0,0,0,2559,2559,442671,0,0,0,0,0,0,0,0,0
202299,276,23900,C,Gettysburg  PA ,394,394,125536,0,0,0,0,0,0,0,0,0,394,394,125536,0,0,0,0,0,0,0,0,0
202299,276,25420,C,Harrisburg-Carlisle  PA ,1820,1820,428912,1,2,281,5,17,1660,27,872,112003,1810,1810,426488,1,2,281,5,17,1660,27,872,112003
202299,276,30140, ,Lebanon  PA ,225,225,49561,0,0,0,0,0,0,3,139,12635,50,50,15465,0,0,0,0,0,0,1,129,11600
202299,276,49620, ,York-Hanover  PA ,1062,1062,293949,4,8,970,0,0,0,9,292,15693,1019,1019,284916,4,8,970,0,0,0,9,292,15693
202299,277,25500,C,Harrisonburg  VA ,649,649,151685,7,14,2578,2,8,2750,7,39,4730,645,645,150813,7,14,2578,2,8,2750,6,34,4050
202299,277,44420, ,Staunton  VA ,379,379,97707,3,6,710,0,0,0,2,57,5000,379,379,97707,3,6,710,0,0,0,2,57,5000
202299,278,25540,C,Hartford-East Hartford-Middletown  CT ,634,634,182991,58,116,9615,3,12,1051,46,1155,132715,536,536,159588,57,114,9395,3,12,1051,32,1028,125978
202299,278,35980, ,Norwich-New London  CT ,379,379,102281,5,10,1205,1,4,450,4,52,8108,267,267,74269,3,6,817,1,4,450,4,52,8108
202299,279,25620, ,Hattiesburg  MS ,135,135,23090,0,0,0,5,19,900,0,0,0,89,89,11081,0,0,0,5,19,900,0,0,0
202299,284,26300, ,Hot Springs  AR ,67,67,22542,16,32,3840,0,0,0,0,0,0,67,67,22542,16,32,3840,0,0,0,0,0,0
202299,288,26420, ,Houston-The Woodlands-Sugar Land  TX ,47701,47701,11986146,440,880,118057,6,23,2552,887,27124,2917949,46142,46142,11597080,440,880,118057,6,23,2552,868,27010,2915421
202299,290,19460, ,Decatur  AL ,275,275,75088,0,0,0,1,4,180,0,0,0,264,264,73742,0,0,0,1,4,180,0,0,0
202299,290,26620,C,Huntsville  AL ,3617,3617,742704,1,2,220,1,4,510,25,412,61012,1980,1980,343517,1,2,220,1,4,510,25,412,61012
202299,292,26820, ,Idaho Falls  ID ,1184,1184,220870,2,4,264,30,120,15179,5,72,8133,1176,1176,216110,2,4,264,30,120,15179,5,72,8133
202299,294,18020, ,Columbus  IN ,209,209,70055,0,0,0,0,0,0,0,0,0,150,150,54638,0,0,0,0,0,0,0,0,0
202299,294,26900, ,Indianapolis-Carmel-Anderson  IN ,8578,8578,2969302,83,166,27459,22,78,8965,127,4671,561200,8335,8335,2911622,81,162,26989,22,78,8965,127,4671,561200
202299,294,34620, ,Muncie  IN ,201,201,33495,0,0,0,0,0,0,0,0,0,172,172,25129,0,0,0,0,0,0,0,0,0
202299,296,27060, ,Ithaca  NY ,173,173,53341,4,8,1164,1,4,300,2,54,9170,132,132,44119,2,4,550,1,4,300,0,0,0
202299,297,27180, ,Jackson  TN ,454,454,108278,1,2,160,0,0,0,0,0,0,188,188,48616,1,2,160,0,0,0,0,0,0
202299,298,27140, ,Jackson  MS ,1221,1221,340532,3,6,754,2,7,631,0,0,0,1065,1065,310072,1,2,260,1,4,500,0,0,0
202299,300,27260,C,Jacksonville  FL ,14410,14410,3518415,43,86,10875,17,59,10311,192,8614,1152327,14386,14386,3508164,43,86,10875,17,59,10311,192,8614,1152327
202299,304,27740, ,Johnson City  TN ,802,802,212739,5,10,2222,5,15,3245,27,197,21534,646,646,191287,5,10,2222,5,15,3245,27,197,21534
202299,304,28700, ,Kingsport-Bristol  TN-VA ,815,815,193072,12,24,4420,11,40,5518,6,60,6736,649,649,172451,12,24,4420,9,34,4826,2,15,4104
202299,306,27780, ,Johnstown  PA ,94,94,23360,0,0,0,0,0,0,0,0,0,89,89,22047,0,0,0,0,0,0,0,0,0
202299,308,27860, ,Jonesboro  AR ,681,681,106619,63,126,10085,62,213,11421,22,129,6987,168,168,29098,19,38,4032,10,35,2256,2,12,350
202299,309,27900, ,Joplin  MO ,589,589,102522,52,104,16602,3,10,974,29,494,68329,515,515,92998,52,104,16602,3,10,974,21,454,66529
202299,310,12980, ,Battle Creek  MI ,93,93,16819,1,2,440,0,0,0,0,0,0,55,55,11876,1,2,440,0,0,0,0,0,0
202299,310,28020, ,Kalamazoo-Portage  MI ,341,341,120892,11,22,4932,14,54,6831,7,40,5279,259,259,103067,6,12,2955,13,51,6369,7,40,5279
202299,312,28140, ,Kansas City  MO-KS ,5204,5204,1739984,129,258,43565,99,367,78050,128,5390,777683,4919,4919,1662282,129,258,43565,99,367,78050,128,5390,777683
202299,312,29940, ,Lawrence  KS ,189,189,74175,3,6,589,0,0,0,12,206,27237,182,182,72292,0,0,0,0,0,0,12,206,27237
202299,312,41140, ,St. Joseph  MO-KS ,87,87,19477,4,8,955,0,0,0,0,0,0,46,46,10838,4,8,955,0,0,0,0,0,0
202299,313,28420,C,Kennewick-Richland  WA ,1232,1232,423499,18,36,8190,36,133,23104,18,485,60775,1009,1009,366072,11,22,4630,36,133,23104,17,480,60176
202299,313,47460, ,Walla Walla  WA ,120,120,36309,29,58,9606,0,0,0,0,0,0,104,104,33542,28,56,9195,0,0,0,0,0,0
202299,315,28940, ,Knoxville  TN ,3809,3809,1080397,16,32,5551,3,10,1211,50,987,113004,3465,3465,1006018,16,32,5551,1,4,506,26,666,88243
202299,315,34100, ,Morristown  TN ,868,868,216242,15,30,2022,22,71,10851,0,0,0,799,799,203653,15,30,2022,22,71,10851,0,0,0
202299,316,29020, ,Kokomo  IN ,116,116,34607,0,0,0,0,0,0,2,48,5461,100,100,29718,0,0,0,0,0,0,2,48,5461
202299,318,29180, ,Lafayette  LA ,2051,2051,498431,0,0,0,0,0,0,2,20,4025,1923,1923,477547,0,0,0,0,0,0,2,20,4025
202299,320,29200, ,Lafayette-West Lafayette  IN ,510,510,159599,1,2,210,1,3,230,24,1023,140091,502,502,158439,0,0,0,0,0,0,6,475,78518
202299,324,29340, ,Lake Charles  LA ,862,862,148085,14,28,3155,0,0,0,12,232,27917,862,862,148085,14,28,3155,0,0,0,12,232,27917
202299,332,29820,C,Las Vegas-Henderson-Paradise  NV ,9199,9199,2569892,52,104,17751,47,182,20946,175,3581,354186,9199,9199,2569892,52,104,17751,47,182,20946,175,3581,354186
202299,336,30460,C,Lexington-Fayette  KY ,1460,1460,380532,17,34,2933,19,60,8081,41,1155,114100,698,698,212089,15,30,2495,9,29,3539,3,18,4485
202299,338,30620, ,Lima  OH ,106,106,27138,0,0,0,1,3,200,0,0,0,77,77,20776,0,0,0,1,3,200,0,0,0
202299,339,30700, ,Lincoln  NE ,1132,1132,374733,15,30,5142,3,11,1117,64,2176,206441,1109,1109,369924,15,30,5142,3,11,1117,64,2176,206441
202299,340,30780, ,Little Rock-North Little Rock-Conway  AR ,1863,1863,494138,28,56,6325,1,3,226,35,1416,104362,1820,1820,484944,28,56,6325,1,3,226,35,1416,104362
202299,340,38220, ,Pine Bluff  AR ,39,39,5015,0,0,0,0,0,0,2,24,550,27,27,3236,0,0,0,0,0,0,2,24,550
202299,348,31080,C,Los Angeles-Long Beach-Anaheim  CA ,11184,11184,3019576,813,1626,369939,125,414,108643,525,19286,3608211,10653,10653,2789548,775,1550,347516,111,372,99285,462,18707,3518610
202299,348,37100, ,Oxnard-Thousand Oaks-Ventura  CA ,474,474,154942,10,20,4380,7,27,5729,39,847,144956,423,423,135688,10,20,4380,7,27,5729,39,847,144956
202299,348,40140, ,Riverside-San Bernardino-Ontario  CA ,12467,12467,3509709,114,228,26715,109,395,65315,253,3657,465182,11887,11887,3376802,114,228,26715,107,389,64298,234,3514,449733
202299,350,21060, ,Elizabethtown-Fort Knox  KY ,506,506,126662,33,66,9510,4,15,1362,27,584,79371,506,506,126662,33,66,9510,4,15,1362,27,584,79371
202299,350,31140, ,Louisville-Jefferson County  KY-IN ,3345,3345,1045873,30,60,13375,5,20,2884,63,2031,647922,3290,3290,1034567,30,60,13375,5,20,2884,63,2031,647922
202299,352,31180, ,Lubbock  TX ,2325,2325,564460,123,246,32537,7,28,4051,55,680,56759,2244,2244,541082,123,246,32537,7,28,4051,55,680,56759
202299,356,31420, ,Macon-Bibb County  GA ,622,622,159996,0,0,0,0,0,0,0,0,0,447,447,129947,0,0,0,0,0,0,0,0,0
202299,356,47580, ,Warner Robins  GA ,1445,1445,299235,0,0,0,0,0,0,36,1050,93217,1370,1370,283962,0,0,0,0,0,0,36,1050,93217
202299,357,27500, ,Janesville-Beloit  WI ,286,286,83539,17,34,6647,0,0,0,1,76,36000,286,286,83539,17,34,6647,0,0,0,1,76,36000
202299,357,31540, ,Madison  WI ,1530,1530,642801,79,158,42862,14,55,11629,63,3836,609853,1524,1524,640716,78,156,42420,14,55,11629,62,3822,607649
202299,359,31860, ,Mankato  MN ,177,177,60069,25,50,7965,4,15,4880,11,367,55141,165,165,56172,25,50,7965,4,15,4880,10,358,54191
202299,360,31900, ,Mansfield  OH ,115,115,35559,6,12,1661,16,57,7199,5,63,7983,113,113,34916,6,12,1661,16,57,7199,5,63,7983
202299,365,32580,C,McAllen-Edinburg-Mission  TX ,3862,3862,897680,192,384,35382,295,1170,115877,39,510,44784,3668,3668,871378,184,368,34228,293,1164,115071,39,510,44784
202299,366,24420, ,Grants Pass  OR ,246,246,54802,18,36,5089,0,0,0,5,56,5406,233,233,52039,18,36,5089,0,0,0,5,56,5406
202299,366,32780, ,Medford  OR ,761,761,195154,12,24,4593,9,34,3721,14,261,35644,755,755,193548,12,24,4593,9,34,3721,14,261,35644
202299,368,32820, ,Memphis  TN-MS-AR ,3486,3486,857021,1,2,650,0,0,0,13,814,94128,3057,3057,765725,1,2,650,0,0,0,13,814,94128
202299,370,33100, ,Miami-Fort Lauderdale-Pompano Beach  FL ,6970,6970,3556526,145,290,55036,37,133,22749,295,12628,2358894,6388,6388,3376328,143,286,54942,33,121,19684,218,11572,2230390
202299,370,38940, ,Port St. Lucie  FL ,5043,5043,1449953,167,334,55728,36,115,12805,125,2312,334566,5038,5038,1441816,167,334,55728,36,115,12805,125,2312,334566
202299,370,42680, ,Sebastian-Vero Beach  FL ,1141,1141,541860,15,30,4865,4,12,808,0,0,0,405,405,244435,11,22,3742,0,0,0,0,0,0
202299,372,33260, ,Midland  TX ,594,594,142688,0,0,0,0,0,0,0,0,0,594,594,142688,0,0,0,0,0,0,0,0,0
202299,372,36220,C,Odessa  TX ,888,888,227523,0,0,0,0,0,0,0,0,0,888,888,227523,0,0,0,0,0,0,0,0,0
202299,376,33340,C,Milwaukee-Waukesha  WI ,1557,1557,682365,176,352,84019,2,8,2689,48,1249,233420,1551,1551,680642,176,352,84019,2,8,2689,48,1249,233420
202299,376,39540, ,Racine  WI ,145,145,57970,9,18,3647,0,0,0,0,0,0,145,145,57970,9,18,3647,0,0,0,0,0,0
202299,378,33460, ,Minneapolis-St. Paul-Bloomington  MN-WI ,9114,9114,3218868,96,192,37625,53,194,46955,227,14225,2614012,8884,8884,3143398,96,192,37625,49,182,44387,212,14014,2595827
202299,378,41060, ,St. Cloud  MN ,431,431,129558,0,0,0,0,0,0,4,265,39260,376,376,114560,0,0,0,0,0,0,4,265,39260
202299,380,19300, ,Daphne-Fairhope-Foley  AL ,3141,3141,915169,16,32,5114,1,4,785,10,240,18851,3052,3052,899657,16,32,5114,1,4,785,10,240,18851
202299,380,33660, ,Mobile  AL ,738,738,181987,0,0,0,3,12,1365,0,0,0,623,623,156762,0,0,0,3,12,1365,0,0,0
202299,384,33740, ,Monroe  LA ,340,340,86677,47,94,6744,6,24,3538,3,31,2822,323,323,82845,47,94,6744,6,24,3538,2,24,1950
202299,388,33860, ,Montgomery  AL ,793,793,200639,0,0,0,1,4,100,0,0,0,790,790,200106,0,0,0,1,4,100,0,0,0
202299,390,34060, ,Morgantown  WV ,11,11,1948,0,0,0,0,0,0,0,0,0,1,1,75,0,0,0,0,0,0,0,0,0
202299,396,34820, ,Myrtle Beach-Conway-North Myrtle Beach  SC-NC ,11526,11526,2713240,25,50,6092,6,20,2926,26,387,42370,11446,11446,2692727,24,48,5867,6,20,2926,11,306,38320
202299,400,34980, ,Nashville-Davidson--Murfreesboro--Franklin  TN ,15388,15388,4708519,82,164,10148,46,173,29486,1134,12467,1771277,14675,14675,4428087,82,164,10148,46,173,29486,1126,12416,1764924
202299,404,35100, ,New Bern  NC ,552,552,150653,1,2,200,0,0,0,11,136,20607,552,552,150653,1,2,200,0,0,0,11,136,20607
202299,406,25220, ,Hammond  LA ,869,869,170676,4,8,601,0,0,0,20,581,54145,797,797,158608,1,2,300,0,0,0,11,60,2552
202299,406,35380, ,New Orleans-Metairie  LA ,3101,3101,924120,179,358,40872,7,21,4281,17,686,123461,2442,2442,771931,29,58,6988,0,0,0,0,0,0
202299,408,14860,C,Bridgeport-Stamford-Norwalk  CT ,603,603,457571,26,52,8522,2,6,563,27,1007,287556,551,551,403104,26,52,8522,2,6,563,23,986,279089
202299,408,20700, ,East Stroudsburg  PA ,251,251,81350,0,0,0,0,0,0,0,0,0,233,233,77817,0,0,0,0,0,0,0,0,0
202299,408,28740, ,Kingston  NY ,280,280,103317,3,6,1241,0,0,0,16,160,19404,199,199,82155,3,6,1241,0,0,0,16,160,19404
202299,408,35300, ,New Haven-Milford  CT ,493,493,151875,36,72,7211,2,7,710,34,691,111301,406,406,136342,33,66,5843,2,7,710,18,550,102282
202299,408,35620,C,New York-Newark-Jersey City  NY-NJ-PA ,12089,12089,3793714,671,1342,184871,222,733,79559,1371,44248,5976789,10305,10305,3409891,580,1160,167669,165,554,65192,952,39326,5466410
202299,408,39100, ,Poughkeepsie-Newburgh-Middletown  NY ,889,889,347897,6,12,2744,11,39,9178,54,852,132057,618,618,270240,4,8,2150,10,36,8511,43,787,122921
202299,408,45940,C,Trenton-Princeton  NJ ,165,165,21964,0,0,0,2,7,14,46,471,27761,111,111,14336,0,0,0,2,7,14,28,364,21058
202299,412,35840,C,North Port-Sarasota-Bradenton  FL ,10987,10987,3451134,186,372,65077,16,59,42486,115,4362,614004,10987,10987,3451134,186,372,65077,16,59,42486,115,4362,614004
202299,412,39460, ,Punta Gorda  FL ,4637,4637,1375169,163,326,53925,30,117,29296,27,596,105542,4637,4637,1375169,163,326,53925,30,117,29296,27,596,105542
202299,416,36420,C,Oklahoma City  OK ,5971,5971,1797049,279,558,64172,2,7,1701,11,375,115670,5789,5789,1764052,273,546,63322,2,7,1701,11,375,115670
202299,420,36540, ,Omaha-Council Bluffs  NE-IA ,2651,2651,615369,67,134,10451,54,213,17863,114,3122,244658,2424,2424,555336,67,134,10451,54,213,17863,103,3067,238510
202299,422,19660, ,Deltona-Daytona Beach-Ormond Beach  FL ,6233,6233,2046181,94,188,34343,0,0,0,65,2115,240561,5512,5512,1815228,93,186,33828,0,0,0,50,1791,205514
202299,422,29460, ,Lakeland-Winter Haven  FL ,9158,9158,2471606,36,72,7753,1,3,347,103,2978,344972,8282,8282,2261728,36,72,7753,1,3,347,103,2978,344972
202299,422,36740, ,Orlando-Kissimmee-Sanford  FL ,16213,16213,4458262,99,198,35742,41,158,25437,324,12114,1691677,14446,14446,3959341,99,198,35742,41,158,25437,294,11615,1644664
202299,422,45540,C,The Villages  FL ,3723,3723,991709,0,0,0,0,0,0,32,828,172044,2570,2570,684738,0,0,0,0,0,0,14,520,103106
202299,425,37620, ,Parkersburg-Vienna  WV ,66,66,14781,0,0,0,0,0,0,0,0,0,55,55,13109,0,0,0,0,0,0,0,0,0
202299,426,37860,C,Pensacola-Ferry Pass-Brent  FL ,3343,3343,839313,7,14,1798,0,0,0,4,162,20180,3343,3343,839313,7,14,1798,0,0,0,4,162,20180
202299,428,12100,C,Atlantic City-Hammonton  NJ ,401,401,126519,11,22,4324,0,0,0,28,339,29170,351,351,114191,11,22,4324,0,0,0,8,180,14108
202299,428,20100,C,Dover  DE ,1008,1008,164508,12,24,3756,0,0,0,1,24,3062,1008,1008,164508,12,24,3756,0,0,0,1,24,3062
202299,428,36140,C,Ocean City  NJ ,593,593,277297,81,162,41600,11,36,17007,9,47,762,568,568,271680,81,162,41600,11,36,17007,9,47,762
202299,428,37980,C,Philadelphia-Camden-Wilmington  PA-NJ-DE-MD ,8532,8532,2005873,163,326,47808,185,620,80894,278,4935,646719,7464,7464,1852377,156,312,46656,185,620,80894,225,4503,620371
202299,428,39740, ,Reading  PA ,372,372,103500,3,6,959,0,0,0,1,8,100,371,371,103234,3,6,959,0,0,0,1,8,100
202299,428,47220,C,Vineland-Bridgeton  NJ ,115,115,16077,0,0,0,0,0,0,1,5,501,107,107,15611,0,0,0,0,0,0,0,0,0
202299,429,38060,C,Phoenix-Mesa-Chandler  AZ ,26857,26857,7424535,766,1532,190723,67,239,96263,552,18639,3166919,25728,25728,7134595,758,1516,188646,67,239,96263,532,16974,2880605
202299,430,38300, ,Pittsburgh  PA ,3184,3184,1048733,43,86,25683,32,116,19906,46,2279,265144,2889,2889,976302,43,86,25683,27,101,18816,39,2244,261395
202299,430,48260, ,Weirton-Steubenville  WV-OH ,33,33,7524,0,0,0,0,0,0,0,0,0,23,23,5201,0,0,0,0,0,0,0,0,0
202299,438,30340, ,Lewiston-Auburn  ME ,238,238,53968,2,4,541,0,0,0,10,242,26000,164,164,36069,1,2,341,0,0,0,10,242,26000
202299,438,38860, ,Portland-South Portland  ME ,2122,2122,684261,56,112,22405,15,48,6622,54,1482,203516,1297,1297,485425,42,84,18424,10,33,5230,30,1358,190616
202299,440,10540, ,Albany-Lebanon  OR ,220,220,62862,13,26,5895,1,3,636,4,78,10338,160,160,47667,13,26,5895,1,3,636,4,78,10338
202299,440,18700, ,Corvallis  OR ,174,174,52924,1,2,456,0,0,0,6,110,14984,174,174,52924,1,2,456,0,0,0,6,110,14984
202299,440,31020, ,Longview  WA ,311,311,88010,4,8,1211,17,68,9283,15,198,23542,311,311,88010,4,8,1211,17,68,9283,15,198,23542
202299,440,38900, ,Portland-Vancouver-Hillsboro  OR-WA ,6029,6029,2391239,53,106,20381,25,89,12416,207,6754,954181,5996,5996,2382916,53,106,20381,24,86,12068,206,6730,950986
202299,440,41420, ,Salem  OR ,874,874,284356,17,34,7165,10,36,7790,116,1873,214515,847,847,277176,17,34,7165,10,36,7790,115,1868,213543
202299,444,39380,C,Pueblo  CO ,497,497,81794,0,0,0,0,0,0,0,0,0,497,497,81794,0,0,0,0,0,0,0,0,0
202299,450,20500,C,Durham-Chapel Hill  NC ,3170,3170,1191282,35,70,9869,3,9,1691,56,3143,551618,3164,3164,1188989,34,68,9596,1,3,277,53,3030,537533
202299,450,39580,C,Raleigh-Cary  NC ,12488,12488,3240158,24,48,8958,2,8,1832,178,9024,1171838,12429,12429,3230200,24,48,8958,2,8,1832,177,8996,1170158
202299,452,39660, ,Rapid City  SD ,620,620,182486,4,8,1557,5,20,2371,30,997,125248,620,620,182486,4,8,1557,5,20,2371,30,997,125248
202299,454,39820, ,Redding  CA ,375,375,116290,0,0,0,0,0,0,0,0,0,255,255,82312,0,0,0,0,0,0,0,0,0
202299,456,16180,C,Carson City  NV ,167,167,44077,0,0,0,4,12,1527,15,93,9286,0,0,0,0,0,0,0,0,0,0,0,0
202299,456,39900,C,Reno  NV ,2184,2184,600030,60,120,16215,18,65,8957,195,3443,429982,468,468,114717,34,68,10771,4,13,2101,70,1012,121242
202299,462,40340, ,Rochester  MN ,641,641,203859,3,6,920,14,55,11841,16,1019,128202,543,543,179718,3,6,920,14,55,11841,16,1019,128202
202299,464,40380, ,Rochester  NY ,1179,1179,358977,43,86,18430,39,142,18079,60,1179,154382,1013,1013,325285,43,86,18430,34,127,16654,50,989,133104
202299,466,40420, ,Rockford  IL ,289,289,60204,10,20,2681,3,9,248,0,0,0,267,267,56960,10,20,2681,3,9,248,0,0,0
202299,468,40580, ,Rocky Mount  NC ,427,427,71258,0,0,0,0,0,0,0,0,0,191,191,33441,0,0,0,0,0,0,0,0,0
202299,472,40900,C,Sacramento-Roseville-Folsom  CA ,8170,8170,2515604,94,188,25144,32,115,24687,74,2327,383536,8133,8133,2504640,94,188,25144,32,115,24687,74,2327,383536
202299,472,49700, ,Yuba City  CA ,592,592,165968,14,28,2608,0,0,0,12,118,12460,585,585,164214,14,28,2608,0,0,0,10,108,11170
202299,474,13020, ,Bay City  MI ,67,67,20520,0,0,0,0,0,0,0,0,0,35,35,11735,0,0,0,0,0,0,0,0,0
202299,474,33220, ,Midland  MI ,108,108,25794,11,22,2247,0,0,0,0,0,0,95,95,22415,11,22,2247,0,0,0,0,0,0
202299,474,40980, ,Saginaw  MI ,143,143,37434,6,12,1420,0,0,0,1,20,4077,129,129,34482,6,12,1420,0,0,0,1,20,4077
202299,476,41180, ,St. Louis  MO-IL ,4743,4743,1646101,47,94,13647,24,92,12189,137,4202,593122,4514,4514,1576798,45,90,12913,23,89,11586,107,3775,539975
202299,480,41540, ,Salisbury  MD-DE ,4235,4235,702044,107,214,32357,3,10,1919,24,460,44134,4231,4231,701457,107,214,32357,3,10,1919,24,460,44134
202299,482,36260, ,Ogden-Clearfield  UT ,2972,2972,930680,4,8,1370,42,156,25820,101,1891,286827,2578,2578,810673,4,8,1370,28,106,16398,87,1819,278992
202299,482,39340, ,Provo-Orem  UT ,5153,5153,1715752,76,152,30089,43,158,28442,145,2824,469855,5126,5126,1704324,76,152,30089,43,158,28442,145,2824,469855
202299,482,41620, ,Salt Lake City  UT ,3992,3992,1134860,42,84,12811,26,94,21941,127,5932,870306,3777,3777,1079880,21,42,8960,18,69,17367,74,2187,363393
202299,484,41700,C,San Antonio-New Braunfels  TX ,10226,10226,2545468,96,192,25012,47,183,28171,433,13738,1640341,9529,9529,2402095,96,192,25012,47,183,28171,433,13738,1640341
202299,488,32900, ,Merced  CA ,373,373,108173,1,2,360,1,3,257,14,352,55841,320,320,93315,1,2,360,1,3,257,14,352,55841
202299,488,33700, ,Modesto  CA ,636,636,132967,3,6,1120,1,3,527,4,29,3325,580,580,126023,3,6,1120,1,3,527,4,29,3325
202299,488,34900, ,Napa  CA ,220,220,69835,1,2,233,2,6,1734,13,872,149611,104,104,33390,0,0,0,2,6,1734,0,0,0
202299,488,41860,C,San Francisco-Oakland-Berkeley  CA ,3370,3370,1163988,42,84,23258,45,154,38264,169,7596,1790218,3030,3030,1020399,34,68,18848,39,136,33023,122,7310,1731091
202299,488,41940,C,San Jose-Sunnyvale-Santa Clara  CA ,3899,3899,1155700,11,22,5607,2,8,2420,113,4278,747505,3877,3877,1148266,10,20,5244,2,8,2420,110,4250,740796
202299,488,42100, ,Santa Cruz-Watsonville  CA ,403,403,81115,1,2,950,1,3,1352,17,200,18888,350,350,75522,1,2,950,1,3,1352,5,122,12870
202299,488,42220, ,Santa Rosa-Petaluma  CA ,954,954,284137,2,4,705,2,7,1065,57,1299,309259,759,759,244966,2,4,705,2,7,1065,36,1193,287759
202299,488,44700, ,Stockton  CA ,3163,3163,1118287,14,28,7049,0,0,0,32,560,74820,2712,2712,986947,12,24,6345,0,0,0,14,256,37622
202299,488,46700, ,Vallejo  CA ,948,948,267916,0,0,0,0,0,0,7,206,28817,939,939,265405,0,0,0,0,0,0,7,206,28817
202299,496,25980, ,Hinesville  GA ,768,768,171903,2,4,370,0,0,0,1,72,12225,467,467,100435,2,4,370,0,0,0,1,72,12225
202299,496,42340, ,Savannah  GA ,2228,2228,615498,68,136,13042,24,93,11807,56,737,88294,2220,2220,614026,68,136,13042,24,93,11807,56,737,88294
202299,500,14740,C,Bremerton-Silverdale-Port Orchard  WA ,1041,1041,358408,4,8,1021,16,50,8207,20,602,88077,1041,1041,358408,4,8,1021,16,50,8207,20,602,88077
202299,500,34580, ,Mount Vernon-Anacortes  WA ,261,261,80634,8,16,3052,9,35,3988,13,267,25489,261,261,80634,7,14,2812,8,32,3551,1,10,1502
202299,500,36500, ,Olympia-Lacey-Tumwater  WA ,584,584,153816,11,22,2523,5,19,11302,55,913,120924,467,467,127445,10,20,2266,5,19,11302,39,769,110543
202299,500,42660,C,Seattle-Tacoma-Bellevue  WA ,7029,7029,2643867,467,934,225836,216,718,153171,339,17980,2668408,6397,6397,2416468,464,928,224344,215,715,152670,296,17450,2611257
202299,508,43340,C,Shreveport-Bossier City  LA ,915,915,252594,0,0,0,0,0,0,0,0,0,887,887,245895,0,0,0,0,0,0,0,0,0
202299,515,21140, ,Elkhart-Goshen  IN ,327,327,107622,0,0,0,0,0,0,5,60,8000,321,321,105902,0,0,0,0,0,0,5,60,8000
202299,515,35660, ,Niles  MI ,260,260,119700,11,22,2850,0,0,0,1,5,600,213,213,104493,11,22,2850,0,0,0,1,5,600
202299,515,43780, ,South Bend-Mishawaka  IN-MI ,429,429,181050,2,4,1240,0,0,0,5,309,36882,415,415,180384,2,4,1240,0,0,0,5,309,36882
202299,518,17660, ,Coeur dAlene  ID ,1206,1206,483991,25,50,11528,6,18,7541,41,765,96237,940,940,414694,16,32,8072,0,0,0,26,522,69884
202299,518,44060, ,Spokane-Spokane Valley  WA ,2022,2022,551467,74,148,31996,16,56,10389,87,1796,208934,1864,1864,509583,70,140,30847,15,53,10001,79,1703,198189
202299,522,44100, ,Springfield  IL ,146,146,50384,11,22,4061,0,0,0,5,42,5084,140,140,48514,11,22,4061,0,0,0,5,42,5084
202299,524,44300, ,State College  PA ,291,291,98849,6,12,1864,4,16,3266,4,338,121950,286,286,98083,6,12,1864,4,16,3266,4,338,121950
202299,532,45060, ,Syracuse  NY ,466,466,134881,11,22,3896,0,0,0,3,92,8475,379,379,116268,11,22,3896,0,0,0,3,92,8475
202299,534,45780, ,Toledo  OH ,653,653,240567,7,14,4355,4,16,1190,17,436,36371,635,635,236349,7,14,4355,4,16,1190,17,436,36371
202299,536,46060,C,Tucson  AZ ,3735,3735,1239358,31,62,7862,3,12,2771,106,1905,240879,2813,2813,1004727,6,12,1919,3,12,2771,47,993,104019
202299,538,46140,C,Tulsa  OK ,3843,3843,989588,21,42,5697,7,24,2898,40,1214,124123,3612,3612,946046,21,42,5697,7,24,2898,22,1077,113584
202299,540,46340, ,Tyler  TX ,701,701,175999,31,62,8070,10,32,4747,5,35,4420,671,671,169290,31,62,8070,10,32,4747,2,20,2552
202299,544,47020, ,Victoria  TX ,204,204,51119,0,0,0,0,0,0,0,0,0,204,204,51119,0,0,0,0,0,0,0,0,0
202299,545,47260, ,Virginia Beach-Norfolk-Newport News  VA-NC ,3680,3680,1007670,17,34,6330,4,15,2992,103,2584,256833,3558,3558,992181,17,34,6330,4,15,2992,103,2584,256833
202299,548,12580,C,Baltimore-Columbia-Towson  MD ,2832,2832,745803,5,10,750,2,6,669,58,3740,509312,2640,2640,699857,5,10,750,2,6,669,54,3699,500804
202299,548,15680,C,California-Lexington Park  MD ,238,238,91180,0,0,0,0,0,0,0,0,0,238,238,91180,0,0,0,0,0,0,0,0,0
202299,548,16540,C,Chambersburg-Waynesboro  PA ,312,312,86927,15,30,4845,3,12,1920,10,56,5980,283,283,79446,15,30,4845,3,12,1920,8,46,4684
202299,548,25180, ,Hagerstown-Martinsburg  MD-WV ,1854,1854,464164,13,26,4349,0,0,0,12,268,30551,1778,1778,449674,13,26,4349,0,0,0,12,268,30551
202299,548,47900, ,Washington-Arlington-Alexandria  DC-VA-MD-WV ,11657,11657,3214886,40,80,10349,5,20,3645,288,20636,2761779,10617,10617,2954741,37,74,9839,5,20,3645,229,19229,2577277
202299,548,49020, ,Winchester  VA-WV ,741,741,202458,0,0,0,0,0,0,17,300,47630,739,739,201994,0,0,0,0,0,0,17,300,47630
202299,554,48140, ,Wausau-Weston  WI ,351,351,109018,6,12,1658,0,0,0,5,124,14938,351,351,109018,6,12,1658,0,0,0,5,124,14938
202299,556,48620, ,Wichita  KS ,1586,1586,578494,403,806,97234,17,62,9636,15,396,47604,1363,1363,472773,361,722,89470,16,59,9386,15,396,47604
202299,558,48700, ,Williamsport  PA ,70,70,22029,0,0,0,0,0,0,1,43,5275,61,61,19928,0,0,0,0,0,0,1,43,5275
202299,566,49660, ,Youngstown-Warren-Boardman  OH-PA ,347,347,86485,1,2,377,1,3,381,1,12,1500,343,343,85421,1,2,377,1,3,381,1,12,1500
202299,999,10180, ,Abilene  TX ,473,473,114059,26,52,5698,0,0,0,36,274,24000,473,473,114059,26,52,5698,0,0,0,36,274,24000
202299,999,10500, ,Albany  GA ,169,169,25104,0,0,0,0,0,0,2,33,3657,125,125,14412,0,0,0,0,0,0,1,15,1125
202299,999,10780, ,Alexandria  LA ,313,313,77208,20,40,2900,0,0,0,0,0,0,313,313,77208,20,40,2900,0,0,0,0,0,0
202299,999,10900, ,Allentown-Bethlehem-Easton  PA-NJ ,1586,1586,391787,14,28,2955,5,20,2295,18,675,83962,1474,1474,373033,10,20,1813,5,20,2295,18,675,83962
202299,999,11260,C,Anchorage  AK ,166,166,78557,5,10,1543,2,8,1164,3,29,2352,163,163,77641,5,10,1543,2,8,1164,3,29,2352
202299,999,11500, ,Anniston-Oxford  AL ,76,76,12430,1,2,125,0,0,0,0,0,0,67,67,11576,1,2,125,0,0,0,0,0,0
202299,999,12260, ,Augusta-Richmond County  GA-SC ,3429,3429,837584,3,6,731,23,89,9222,31,666,80960,2397,2397,634228,3,6,731,23,89,9222,31,666,80960
202299,999,12420, ,Austin-Round Rock-Georgetown  TX ,19717,19717,5481281,163,326,32502,38,142,19819,464,22179,2838419,17173,17173,4939087,159,318,31733,34,130,18625,461,22144,2834837
202299,999,12540, ,Bakersfield  CA ,2471,2471,640043,13,26,1787,2,7,4554,17,184,21586,2402,2402,624245,13,26,1787,2,7,4554,17,184,21586
202299,999,12620, ,Bangor  ME ,349,349,80028,25,50,8587,8,31,4866,0,0,0,211,211,57082,22,44,7858,7,28,4669,0,0,0
202299,999,12940, ,Baton Rouge  LA ,3481,3481,808248,11,22,10996,1,3,385,12,267,30039,1351,1351,309589,10,20,2076,1,3,385,12,267,30039
202299,999,13140, ,Beaumont-Port Arthur  TX ,1338,1338,326586,12,24,2894,0,0,0,1,6,600,1199,1199,299718,9,18,2339,0,0,0,1,6,600
202299,999,13220,C,Beckley  WV ,104,104,22924,0,0,0,0,0,0,0,0,0,102,102,22695,0,0,0,0,0,0,0,0,0
202299,999,13380, ,Bellingham  WA ,810,810,249070,5,10,1766,21,78,15773,25,716,89909,787,787,242449,5,10,1766,21,78,15773,25,716,89909
202299,999,13740, ,Billings  MT ,881,881,153889,36,72,10463,0,0,0,12,249,29298,696,696,146208,36,72,10463,0,0,0,12,249,29298
202299,999,13780, ,Binghamton  NY ,152,152,34414,0,0,0,0,0,0,35,300,29147,72,72,17904,0,0,0,0,0,0,0,0,0
202299,999,13900, ,Bismarck  ND ,378,378,117113,45,90,18605,18,70,5564,2,72,10204,354,354,108772,45,90,18605,18,70,5564,2,72,10204
202299,999,13980, ,Blacksburg-Christiansburg  VA ,377,377,105461,8,16,3081,0,0,0,4,107,18392,377,377,105461,8,16,3081,0,0,0,4,107,18392
202299,999,15260, ,Brunswick  GA ,880,880,294710,44,88,10605,16,63,15062,19,537,64392,831,831,284137,44,88,10605,16,63,15062,19,537,64392
202299,999,16060, ,Carbondale-Marion  IL ,67,67,10658,2,4,285,18,69,5435,2,10,1100,54,54,8738,2,4,285,18,69,5435,2,10,1100
202299,999,16220,C,Casper  WY ,133,133,40894,5,10,1575,1,4,470,2,60,6671,100,100,32664,5,10,1575,1,4,470,2,60,6671
202299,999,16580, ,Champaign-Urbana  IL ,313,313,100574,0,0,0,8,32,4000,10,575,97464,313,313,100574,0,0,0,8,32,4000,10,575,97464
202299,999,16700,C,Charleston-North Charleston  SC ,6329,6329,2246917,1,2,526,8,32,8607,122,2960,311492,4038,4038,1691877,1,2,526,8,32,8607,63,1423,183802
202299,999,16820, ,Charlottesville  VA ,1017,1017,347621,2,4,240,6,20,1584,34,459,38954,864,864,294393,2,4,240,6,20,1584,23,366,24016
202299,999,16940, ,Cheyenne  WY ,375,375,76734,0,0,0,36,144,18536,13,644,46521,375,375,76734,0,0,0,36,144,18536,13,644,46521
202299,999,17020, ,Chico  CA ,989,989,269863,25,50,4928,12,48,3509,40,766,85855,989,989,269863,25,50,4928,12,48,3509,40,766,85855
202299,999,17300,C,Clarksville  TN-KY ,1501,1501,301489,22,44,6377,105,409,43031,228,2139,184152,1501,1501,301489,22,44,6377,105,409,43031,228,2139,184152
202299,999,17780, ,College Station-Bryan  TX ,1545,1545,348188,12,24,3103,10,40,4827,15,166,12852,1545,1545,348188,12,24,3103,10,40,4827,15,166,12852
202299,999,17820,C,Colorado Springs  CO ,3646,3646,1402274,118,236,24460,5,20,2527,128,4942,762756,3628,3628,1397143,118,236,24460,5,20,2527,128,4942,762756
202299,999,18880,C,Crestview-Fort Walton Beach-Destin  FL ,2784,2784,1473397,40,80,14654,12,36,6530,59,1222,231309,2777,2777,1471785,40,80,14654,12,36,6530,59,1222,231309
202299,999,19060, ,Cumberland  MD-WV ,63,63,17192,0,0,0,1,3,420,0,0,0,63,63,17192,0,0,0,1,3,420,0,0,0
202299,999,19180, ,Danville  IL ,2,2,400,0,0,0,0,0,0,0,0,0,1,1,300,0,0,0,0,0,0,0,0,0
202299,999,19500, ,Decatur  IL ,21,21,7523,0,0,0,0,0,0,0,0,0,21,21,7523,0,0,0,0,0,0,0,0,0
202299,999,20220, ,Dubuque  IA ,155,155,56048,1,2,540,2,6,1600,0,0,0,154,154,55648,1,2,540,2,6,1600,0,0,0
202299,999,20260, ,Duluth  MN-WI ,560,560,147757,7,14,3430,0,0,0,3,187,32400,533,533,140679,7,14,3430,0,0,0,3,187,32400
202299,999,20940, ,El Centro  CA ,379,379,60778,2,4,302,0,0,0,12,168,22001,240,240,34449,2,4,302,0,0,0,12,168,22001
202299,999,21420, ,Enid  OK ,46,46,12693,0,0,0,0,0,0,0,0,0,46,46,12693,0,0,0,0,0,0,0,0,0
202299,999,21660, ,Eugene-Springfield  OR ,865,865,228738,12,24,4111,2,8,865,29,862,77253,627,627,167301,12,24,4111,2,8,865,29,862,77253
202299,999,21780, ,Evansville  IN-KY ,807,807,274063,66,132,19502,0,0,0,15,247,17848,597,597,216951,52,104,15830,0,0,0,13,237,17148
202299,999,21820,C,Fairbanks  AK ,27,27,4778,0,0,0,0,0,0,0,0,0,27,27,4778,0,0,0,0,0,0,0,0,0
202299,999,22140,C,Farmington  NM ,138,138,30413,0,0,0,0,0,0,1,5,500,133,133,28876,0,0,0,0,0,0,1,5,500
202299,999,22220, ,Fayetteville-Springdale-Rogers  AR-MO ,5435,5435,1664420,87,174,34308,45,174,26200,88,1463,158757,4712,4712,1509022,81,162,31518,45,174,26200,53,1032,125022
202299,999,22380, ,Flagstaff  AZ ,407,407,153184,2,4,588,0,0,0,16,327,74433,407,407,153184,2,4,588,0,0,0,16,327,74433
202299,999,22500, ,Florence  SC ,697,697,123541,22,44,3300,1,3,285,2,15,1299,689,689,122316,22,44,3300,1,3,285,1,7,560
202299,999,22520, ,Florence-Muscle Shoals  AL ,204,204,25608,22,44,1760,0,0,0,4,26,1898,145,145,19055,22,44,1760,0,0,0,4,26,1898
202299,999,22540, ,Fond du Lac  WI ,142,142,50624,0,0,0,0,0,0,0,0,0,134,134,48286,0,0,0,0,0,0,0,0,0
202299,999,22660,C,Fort Collins  CO ,1385,1385,501362,20,40,10586,12,41,12014,55,1106,196172,1385,1385,501362,20,40,10586,12,41,12014,55,1106,196172
202299,999,22900, ,Fort Smith  AR-OK ,408,408,86068,72,144,18279,19,58,11550,5,122,17603,355,355,80662,71,142,18091,14,43,10275,5,122,17603
202299,999,23460, ,Gadsden  AL ,157,157,29476,0,0,0,0,0,0,0,0,0,125,125,24600,0,0,0,0,0,0,0,0,0
202299,999,24140, ,Goldsboro  NC ,344,344,96850,1,2,251,0,0,0,3,72,5262,344,344,96850,1,2,251,0,0,0,3,72,5262
202299,999,24220, ,Grand Forks  ND-MN ,165,165,46425,0,0,0,0,0,0,0,0,0,163,163,45975,0,0,0,0,0,0,0,0,0
202299,999,24260, ,Grand Island  NE ,179,179,42847,16,32,6814,7,23,3391,0,0,0,146,146,36271,16,32,6814,7,23,3391,0,0,0
202299,999,24300,C,Grand Junction  CO ,668,668,159123,4,8,853,0,0,0,11,293,25079,668,668,159123,4,8,853,0,0,0,11,293,25079
202299,999,24500,C,Great Falls  MT ,198,198,55286,4,8,1700,0,0,0,7,337,53231,198,198,55286,4,8,1700,0,0,0,7,337,53231
202299,999,25060, ,Gulfport-Biloxi  MS ,2695,2695,413663,6,12,959,2,8,900,17,188,8481,2045,2045,305684,4,8,469,2,8,900,17,188,8481
202299,999,25860, ,Hickory-Lenoir-Morganton  NC ,1799,1799,424325,14,28,3500,0,0,0,68,810,88204,1575,1575,381666,10,20,2060,0,0,0,43,644,79064
202299,999,25940, ,Hilton Head Island-Bluffton  SC ,2639,2639,1194183,4,8,3148,14,50,16138,13,254,32260,2225,2225,1060761,4,8,3148,14,50,16138,2,20,1800
202299,999,26140, ,Homosassa Springs  FL ,1620,1620,432490,4,8,1736,0,0,0,0,0,0,1614,1614,430032,4,8,1736,0,0,0,0,0,0
202299,999,26380, ,Houma-Thibodaux  LA ,762,762,195282,26,52,4042,2,6,500,10,52,5479,762,762,195282,26,52,4042,2,6,500,10,52,5479
202299,999,27100, ,Jackson  MI ,141,141,41099,0,0,0,0,0,0,0,0,0,92,92,27452,0,0,0,0,0,0,0,0,0
202299,999,27340,C,Jacksonville  NC ,1212,1212,268893,16,32,3203,2,6,2438,3,72,6280,1212,1212,268893,16,32,3203,2,6,2438,3,72,6280
202299,999,27620, ,Jefferson City  MO ,163,163,47164,4,8,1495,2,8,767,0,0,0,139,139,42950,4,8,1495,1,4,522,0,0,0
202299,999,27980,C,Kahului-Wailuku-Lahaina  HI ,284,284,189546,31,62,10807,0,0,0,11,338,109141,284,284,189546,31,62,10807,0,0,0,11,338,109141
202299,999,28660,C,Killeen-Temple  TX ,2677,2677,579551,251,502,56004,0,0,0,57,837,126446,2672,2672,577911,251,502,56004,0,0,0,57,837,126446
202299,999,29100, ,La Crosse-Onalaska  WI-MN ,212,212,79155,24,48,10051,3,12,3000,3,129,15933,208,208,78349,24,48,10051,3,12,3000,3,129,15933
202299,999,29420, ,Lake Havasu City-Kingman  AZ ,1962,1962,542752,41,82,6141,10,35,3372,0,0,0,1933,1933,538587,40,80,5871,10,35,3372,0,0,0
202299,999,29540, ,Lancaster  PA ,945,945,250901,21,42,10134,9,34,6681,34,408,47911,938,938,249534,21,42,10134,9,34,6681,34,408,47911
202299,999,29620, ,Lansing-East Lansing  MI ,474,474,144538,5,10,1650,6,24,1825,19,464,55456,399,399,122851,5,10,1650,6,24,1825,12,239,30487
202299,999,29700, ,Laredo  TX ,1170,1170,299777,8,16,2084,23,86,12923,0,0,0,1170,1170,299777,8,16,2084,23,86,12923,0,0,0
202299,999,30020, ,Lawton  OK ,79,79,12601,0,0,0,0,0,0,0,0,0,40,40,9894,0,0,0,0,0,0,0,0,0
202299,999,30300, ,Lewiston  ID-WA ,124,124,34999,5,10,2149,0,0,0,0,0,0,124,124,34999,5,10,2149,0,0,0,0,0,0
202299,999,30860, ,Logan  UT-ID ,787,787,262148,2,4,891,1,4,1013,26,313,46961,772,772,258126,2,4,891,1,4,1013,26,313,46961
202299,999,30980, ,Longview  TX ,351,351,85109,25,50,6186,13,52,7544,19,292,22211,347,347,84445,25,50,6186,13,52,7544,19,292,22211
202299,999,31340, ,Lynchburg  VA ,499,499,118751,2,4,509,5,16,2746,21,286,24161,473,473,113570,1,2,225,1,4,332,9,158,20843
202299,999,31740, ,Manhattan  KS ,242,242,77370,3,6,855,1,4,333,2,49,10387,120,120,38690,2,4,577,0,0,0,2,49,10387
202299,999,33540,C,Missoula  MT ,347,347,97069,10,20,2597,4,15,1785,49,696,77545,347,347,97069,10,20,2597,4,15,1785,49,696,77545
202299,999,36100, ,Ocala  FL ,5318,5318,1285575,2,4,200,0,0,0,43,1167,132268,5318,5318,1285575,2,4,200,0,0,0,43,1167,132268
202299,999,36980, ,Owensboro  KY ,219,219,22504,8,16,1889,2,7,1545,1,5,680,212,212,21092,7,14,1716,2,7,1545,1,5,680
202299,999,37340, ,Palm Bay-Melbourne-Titusville  FL ,4255,4255,1564752,1,2,1070,10,36,13214,25,965,167366,4125,4125,1543360,1,2,1070,10,36,13214,25,965,167366
202299,999,37460, ,Panama City  FL ,2104,2104,762194,8,16,3098,3,9,2039,13,159,36397,1828,1828,676218,6,12,2136,3,9,2039,7,95,21741
202299,999,37900, ,Peoria  IL ,169,169,58177,1,2,700,0,0,0,10,120,5800,138,138,48784,1,2,700,0,0,0,10,120,5800
202299,999,38340, ,Pittsfield  MA ,112,112,65444,5,10,1510,1,4,840,0,0,0,49,49,40569,5,10,1510,1,4,840,0,0,0
202299,999,38540, ,Pocatello  ID ,284,284,64908,12,24,2954,30,113,12847,5,121,12412,205,205,56795,11,22,2698,22,88,10255,5,121,12412
202299,999,39150, ,Prescott Valley-Prescott  AZ ,1745,1745,596754,70,140,21510,0,0,0,8,481,106226,1745,1745,596754,70,140,21510,0,0,0,8,481,106226
202299,999,40060, ,Richmond  VA ,4503,4503,1187802,66,132,17148,4,13,1551,186,5766,602469,4378,4378,1166869,66,132,17148,4,13,1551,174,5668,592457
202299,999,40220, ,Roanoke  VA ,452,452,134064,2,4,628,0,0,0,9,315,38493,285,285,79619,2,4,628,0,0,0,0,0,0
202299,999,41100, ,St. George  UT ,2486,2486,520894,0,0,0,11,40,7431,51,670,80300,2459,2459,514032,0,0,0,11,40,7431,51,670,80300
202299,999,41500, ,Salinas  CA ,611,611,156898,9,18,3598,16,63,8461,19,394,37888,594,594,151216,9,18,3598,15,60,8015,18,373,35314
202299,999,41660,C,San Angelo  TX ,322,322,78714,0,0,0,0,0,0,0,0,0,322,322,78714,0,0,0,0,0,0,0,0,0
202299,999,41740,C,San Diego-Chula Vista-Carlsbad  CA ,3517,3517,1038415,57,114,18153,108,374,78339,247,5341,1085896,3510,3510,1031070,57,114,18153,108,374,78339,247,5341,1085896
202299,999,42020, ,San Luis Obispo-Paso Robles  CA ,634,634,191343,11,22,2949,10,36,6123,27,419,60102,634,634,191343,11,22,2949,10,36,6123,27,419,60102
202299,999,42200, ,Santa Maria-Santa Barbara  CA ,376,376,143708,4,8,6107,7,23,4313,25,689,79157,376,376,143708,4,8,6107,7,23,4313,25,689,79157
202299,999,42540, ,Scranton--Wilkes-Barre  PA ,525,525,151053,13,26,4356,3,12,1873,8,46,5893,464,464,135830,13,26,4356,3,12,1873,2,16,2970
202299,999,42700, ,Sebring-Avon Park  FL ,641,641,148786,11,22,3706,0,0,0,0,0,0,641,641,148786,11,22,3706,0,0,0,0,0,0
202299,999,43100, ,Sheboygan  WI ,118,118,43390,14,28,6536,0,0,0,0,0,0,116,116,42901,14,28,6536,0,0,0,0,0,0
202299,999,43420, ,Sierra Vista-Douglas  AZ ,508,508,78264,1,2,370,3,11,995,1,8,550,508,508,78264,1,2,370,3,11,995,1,8,550
202299,999,43580, ,Sioux City  IA-NE-SD ,282,282,85136,2,4,800,11,34,202,9,129,11950,166,166,52569,2,4,800,1,3,202,9,129,11950
202299,999,43620, ,Sioux Falls  SD ,1626,1626,400360,12,24,4352,62,234,30010,159,3670,492867,1562,1562,383180,12,24,4352,61,231,29502,158,3665,492204
202299,999,44140, ,Springfield  MA ,431,431,154539,15,30,5416,1,4,577,25,275,32846,247,247,113434,11,22,4098,1,4,577,5,135,16944
202299,999,44180, ,Springfield  MO ,1415,1415,438743,22,44,5219,6,18,1700,13,229,31557,1241,1241,403322,18,36,4106,2,6,950,13,229,31557
202299,999,44940, ,Sumter  SC ,402,402,74329,32,64,6101,0,0,0,1,36,965,398,398,73690,32,64,6101,0,0,0,1,36,965
202299,999,45220, ,Tallahassee  FL ,1393,1393,276772,9,18,1994,0,0,0,61,1645,214104,600,600,119932,0,0,0,0,0,0,4,80,13900
202299,999,45300,C,Tampa-St. Petersburg-Clearwater  FL ,15678,15678,4701182,100,200,25984,227,798,42062,752,13293,1444284,13192,13192,4165191,93,186,23693,227,798,42062,727,13156,1410282
202299,999,45460, ,Terre Haute  IN ,118,118,25106,10,20,2805,6,24,1075,9,54,5850,72,72,17529,10,20,2805,6,24,1075,9,54,5850
202299,999,45500, ,Texarkana  TX-AR ,130,130,30341,9,18,1965,2,8,828,1,5,385,80,80,19004,9,18,1965,2,8,828,1,5,385
202299,999,45820, ,Topeka  KS ,413,413,94677,8,16,1600,0,0,0,0,0,0,405,405,93435,8,16,1600,0,0,0,0,0,0
202299,999,46220, ,Tuscaloosa  AL ,714,714,186071,2,4,835,16,54,8231,7,271,41677,578,578,151672,1,2,360,4,13,5141,1,30,1750
202299,999,46300, ,Twin Falls  ID ,483,483,132760,11,22,4450,0,0,0,7,100,20280,479,479,131862,11,22,4450,0,0,0,7,100,20280
202299,999,46520,C,Urban Honolulu  HI ,652,652,239925,72,144,22946,0,0,0,45,1757,623534,615,615,226200,70,140,22042,0,0,0,44,1714,613103
202299,999,46540, ,Utica-Rome  NY ,244,244,71879,0,0,0,1,4,210,12,76,11875,148,148,54456,0,0,0,0,0,0,0,0,0
202299,999,46660, ,Valdosta  GA ,1280,1280,244084,11,22,1458,0,0,0,0,0,0,622,622,132669,0,0,0,0,0,0,0,0,0
202299,999,47300, ,Visalia  CA ,1420,1420,367886,23,46,6627,0,0,0,87,919,124918,1420,1420,367886,23,46,6627,0,0,0,87,919,124918
202299,999,47380, ,Waco  TX ,920,920,152656,25,50,5997,0,0,0,25,379,36689,847,847,139314,25,50,5997,0,0,0,14,324,31032
202299,999,47940, ,Waterloo-Cedar Falls  IA ,187,187,64255,15,30,3603,1,4,800,5,43,6133,179,179,62044,15,30,3603,1,4,800,5,43,6133
202299,999,48060, ,Watertown-Fort Drum  NY ,176,176,27535,0,0,0,1,3,158,0,0,0,169,169,27172,0,0,0,1,3,158,0,0,0
202299,999,48300, ,Wenatchee  WA ,570,570,168831,5,10,2218,9,36,7783,7,245,27016,291,291,115987,5,10,2218,9,36,7783,7,245,27016
202299,999,48540, ,Wheeling  WV-OH ,14,14,2818,2,4,325,0,0,0,0,0,0,14,14,2818,2,4,325,0,0,0,0,0,0
202299,999,48660, ,Wichita Falls  TX ,162,162,42320,0,0,0,0,0,0,9,216,23611,136,136,36195,0,0,0,0,0,0,9,216,23611
202299,999,48900, ,Wilmington  NC ,2489,2489,788503,71,142,21172,4,14,3599,55,1776,230554,1225,1225,361038,38,76,7838,2,8,756,0,0,0
202299,999,49420, ,Yakima  WA ,426,426,110012,20,40,4941,23,81,10465,8,159,13238,425,425,109705,20,40,4941,23,81,10465,8,159,13238
202299,999,49740, ,Yuma  AZ ,728,728,122232,11,22,2908,1,4,317,7,98,11754,728,728,122232,11,22,2908,1,4,317,7,98,11754
