Survey,CSA,CBSA,MONCOV,CBSA,,1-unit,,,2-units,,,3-4 units,,,5+ units,,,1-unit rep,,,2-units rep,,,3-4 units rep,,,5+ units rep
Date,Code,Code,,Name,Bldgs,Units,Value,Bldgs,Units,Value,Bldgs,Units,Value,Bldgs,Units,Value,Bldgs,Units,Value,Bldgs,Units,Value,      Bldgs,Units,Value,Bldgs,Units,Value
 
201999,104,10580,C,Albany-Schenectady-Troy  NY ,1120,1120,309397,20,40,7644,12,45,6074,48,665,60456,984,984,268946,18,36,6544,12,45,6074,34,580,56469
201999,104,24020, ,Glens Falls  NY ,229,229,57598,0,0,0,2,6,746,1,6,781,148,148,37724,0,0,0,2,6,746,1,6,781
201999,106,10740,C,Albuquerque  NM ,1872,1872,446893,1,2,283,4,12,1296,14,262,23162,1195,1195,296615,0,0,0,0,0,0,2,188,20079
201999,106,42140,C,Santa Fe  NM ,344,344,78685,0,0,0,0,0,0,8,245,30037,344,344,78685,0,0,0,0,0,0,8,245,30037
201999,107,11020, ,Altoona  PA ,111,111,24333,0,0,0,0,0,0,0,0,0,105,105,22834,0,0,0,0,0,0,0,0,0
201999,108,11100, ,Amarillo  TX ,554,554,133751,15,30,3862,0,0,0,0,0,0,546,546,131860,15,30,3862,0,0,0,0,0,0
201999,118,11540, ,Appleton  WI ,490,490,144349,27,54,8420,0,0,0,1,33,4500,490,490,144349,27,54,8420,0,0,0,1,33,4500
201999,118,36780, ,Oshkosh-Neenah  WI ,246,246,73147,8,16,2345,0,0,0,9,72,5760,246,246,73147,8,16,2345,0,0,0,9,72,5760
201999,120,11700, ,Asheville  NC ,2252,2252,639697,16,32,3730,0,0,0,56,970,89470,1804,1804,548571,16,32,3730,0,0,0,41,885,65933
201999,122,12020, ,Athens-Clarke County  GA ,821,821,172420,41,82,10221,16,55,5331,69,633,72609,753,753,167977,41,82,10221,16,55,5331,69,633,72609
201999,122,12060, ,Atlanta-Sandy Springs-Alpharetta  GA ,26261,26261,5932594,21,42,7032,33,115,21676,169,6418,822200,26056,26056,5905149,21,42,7032,33,115,21676,169,6418,822200
201999,122,23580, ,Gainesville  GA ,1072,1072,234428,9,18,1835,8,32,4554,23,357,39627,839,839,181338,9,18,1835,8,32,4554,23,357,39627
201999,122,40660,C,Rome  GA ,263,263,40868,0,0,0,0,0,0,0,0,0,263,263,40868,0,0,0,0,0,0,0,0,0
201999,140,13460,C,Bend  OR ,1488,1488,387044,37,74,10432,2,8,862,24,458,52080,1488,1488,387044,37,74,10432,2,8,862,24,458,52080
201999,142,13820,C,Birmingham-Hoover  AL ,3063,3063,851189,11,22,2576,2,7,455,11,110,11282,3063,3063,851189,11,22,2576,2,7,455,11,110,11282
201999,144,14020,C,Bloomington  IN ,256,256,68196,7,14,1984,0,0,0,9,492,57120,256,256,68196,7,14,1984,0,0,0,9,492,57120
201999,145,14010, ,Bloomington  IL ,115,115,20528,6,12,920,0,0,0,8,65,4552,113,113,20428,6,12,920,0,0,0,8,65,4552
201999,146,14100,C,Bloomsburg-Berwick  PA ,91,91,22710,10,20,2670,0,0,0,0,0,0,78,78,19414,10,20,2670,0,0,0,0,0,0
201999,147,14260,C,Boise City  ID ,7570,7570,1723552,38,76,8285,58,226,22097,156,2760,307191,7570,7570,1723552,38,76,8285,58,226,22097,156,2760,307191
201999,148,12700, ,Barnstable Town  MA ,427,427,212832,7,14,6779,1,3,499,4,69,15050,354,354,187378,6,12,6471,1,3,499,4,69,15050
201999,148,14460,C,Boston-Cambridge-Newton  MA-NH ,4299,4299,1335445,233,466,90156,118,394,78457,671,9929,1376356,3978,3978,1256744,211,422,83329,118,394,78457,576,8638,1177616
201999,148,31700, ,Manchester-Nashua  NH ,691,691,171117,30,60,10813,5,15,2659,18,486,63792,591,591,142272,29,58,10517,5,15,2659,18,486,63792
201999,148,39300,C,Providence-Warwick  RI-MA ,1592,1592,376472,94,188,18434,25,93,8304,13,175,13275,1449,1449,356422,94,188,18434,23,87,7904,13,175,13275
201999,148,49340, ,Worcester  MA-CT ,1188,1188,288265,48,96,21263,3,11,962,18,622,74381,923,923,220920,46,92,20752,3,11,962,16,267,32388
201999,150,14540, ,Bowling Green  KY ,591,591,136249,16,32,2946,9,36,3935,16,103,8925,588,588,135799,15,30,2796,8,32,3635,16,103,8925
201999,154,15180, ,Brownsville-Harlingen  TX ,1390,1390,156356,72,144,12081,11,43,3494,24,240,23136,1331,1331,151524,72,144,12081,10,39,3450,24,240,23136
201999,160,15380,C,Buffalo-Cheektowaga  NY ,912,912,281104,5,10,2050,9,34,6856,71,737,114328,859,859,271679,5,10,2050,9,34,6856,56,475,55588
201999,162,15540, ,Burlington-South Burlington  VT ,382,382,106348,36,72,15775,3,10,710,14,403,46180,355,355,99839,33,66,15093,3,10,710,14,403,46180
201999,163,15980,C,Cape Coral-Fort Myers  FL ,5633,5633,1219063,191,382,51721,36,144,35032,89,2946,420147,5633,5633,1219063,191,382,51721,36,144,35032,89,2946,420147
201999,163,34940, ,Naples-Marco Island  FL ,3300,3300,1003340,3,6,775,27,108,23990,44,577,94010,3183,3183,813583,3,6,775,27,108,23990,43,568,87260
201999,164,16020, ,Cape Girardeau  MO-IL ,108,108,16316,4,8,992,1,3,238,1,676,4984,12,12,2163,4,8,992,1,3,238,0,0,0
201999,168,16300, ,Cedar Rapids  IA ,509,509,82492,57,114,13891,2,7,970,6,184,19193,488,488,77433,56,112,13541,2,7,970,6,184,19193
201999,168,26980, ,Iowa City  IA ,455,455,121860,6,12,2366,33,115,16446,18,570,97021,410,410,114431,6,12,2366,33,115,16446,18,570,97021
201999,170,16620, ,Charleston  WV ,314,314,29610,0,0,0,1,4,114,0,0,0,284,284,25567,0,0,0,1,4,114,0,0,0
201999,170,26580, ,Huntington-Ashland  WV-KY-OH ,190,190,38408,6,12,1006,1,4,1000,1,47,5945,147,147,30836,6,12,1006,1,4,1000,1,47,5945
201999,172,16740, ,Charlotte-Concord-Gastonia  NC-SC ,16253,16253,4240328,29,58,6558,25,88,12348,228,8238,831557,15391,15391,3927601,29,58,6558,25,88,12348,216,8043,809422
201999,174,16860, ,Chattanooga  TN-GA ,1861,1861,399583,56,112,9535,14,52,4025,41,672,69537,1834,1834,397801,56,112,9535,14,52,4025,41,672,69537
201999,174,17420, ,Cleveland  TN ,607,607,111136,19,38,3229,9,32,2233,1,78,6546,409,409,75471,19,38,3229,9,32,2233,1,78,6546
201999,174,19140, ,Dalton  GA ,298,298,44322,1,2,138,2,8,388,1,18,554,4,4,950,0,0,0,0,0,0,0,0,0
201999,176,16980, ,Chicago-Naperville-Elgin  IL-IN-WI ,7598,7598,2160286,190,380,67575,229,761,145853,259,9346,1004761,7452,7452,2123517,190,380,67575,229,761,145853,242,9222,998402
201999,176,28100, ,Kankakee  IL ,85,85,21114,0,0,0,0,0,0,0,0,0,82,82,20225,0,0,0,0,0,0,0,0,0
201999,176,33140, ,Michigan City-La Porte  IN ,113,113,27435,1,2,200,0,0,0,0,0,0,111,111,27180,0,0,0,0,0,0,0,0,0
201999,178,17140, ,Cincinnati  OH-KY-IN ,4488,4488,1159264,14,28,3805,14,54,10292,37,1453,182794,4357,4357,1132720,14,28,3805,14,54,10292,36,1438,181809
201999,184,10420, ,Akron  OH ,856,856,343432,1,2,300,8,32,3040,1,55,737,775,775,326164,1,2,300,8,32,3040,0,0,0
201999,184,15940, ,Canton-Massillon  OH ,478,478,119519,7,14,2229,7,22,1128,18,110,8194,422,422,112476,7,14,2229,0,0,0,6,48,3432
201999,184,17460, ,Cleveland-Elyria  OH ,2584,2584,772991,19,38,3557,31,112,12167,16,298,30553,2417,2417,740526,19,38,3557,31,112,12167,16,298,30553
201999,190,17860, ,Columbia  MO ,633,633,172679,2,4,372,0,0,0,4,162,22927,633,633,172679,2,4,372,0,0,0,4,162,22927
201999,192,17900,C,Columbia  SC ,4209,4209,925268,5,10,1347,0,0,0,12,205,34760,3992,3992,876370,5,10,1347,0,0,0,12,205,34760
201999,194,12220,C,Auburn-Opelika  AL ,1129,1129,299407,33,66,8717,16,55,7745,16,841,165568,1129,1129,299407,33,66,8717,16,55,7745,16,841,165568
201999,194,17980, ,Columbus  GA-AL ,707,707,139242,1,2,144,2,8,254,12,380,53938,690,690,137718,1,2,144,2,8,254,12,380,53938
201999,198,18140, ,Columbus  OH ,4389,4389,1289127,37,74,12062,51,184,27953,174,3443,445658,4167,4167,1238480,37,74,12062,49,178,27434,168,3385,438549
201999,204,18580, ,Corpus Christi  TX ,1601,1601,419278,7,14,1566,2,8,1074,8,192,21797,1591,1591,418516,7,14,1566,2,8,1074,8,192,21797
201999,206,19100, ,Dallas-Fort Worth-Arlington  TX ,34939,34939,9171291,191,382,49398,79,293,44856,594,27094,3430594,34225,34225,9022934,188,376,48669,79,293,44856,582,26987,3412379
201999,206,43300, ,Sherman-Denison  TX ,634,634,129160,23,46,4846,3,9,858,3,309,34684,607,607,123669,23,46,4846,3,9,858,3,309,34684
201999,209,19340, ,Davenport-Moline-Rock Island  IA-IL ,533,533,111433,0,0,0,1,4,333,11,264,28412,509,509,109035,0,0,0,0,0,0,10,246,26524
201999,212,19430, ,Dayton-Kettering  OH ,1071,1071,350554,17,34,5176,1,4,571,10,122,24298,1063,1063,349136,17,34,5176,1,4,571,10,122,24298
201999,212,44220, ,Springfield  OH ,70,70,17381,0,0,0,0,0,0,1,6,465,70,70,17381,0,0,0,0,0,0,1,6,465
201999,216,14500, ,Boulder  CO ,742,742,282250,1,2,248,0,0,0,43,906,137637,742,742,282250,1,2,248,0,0,0,43,906,137637
201999,216,19740,C,Denver-Aurora-Lakewood  CO ,11081,11081,3198346,43,86,14044,31,104,17812,128,8037,1082829,11068,11068,3196183,42,84,13797,27,92,16416,128,8037,1082829
201999,216,24540, ,Greeley  CO ,3335,3335,897995,0,0,0,12,44,9610,53,1008,121884,3329,3329,896097,0,0,0,12,44,9610,53,1008,121884
201999,218,11180, ,Ames  IA ,258,258,60364,6,12,2411,2,7,1360,8,272,19904,144,144,42081,6,12,2411,2,7,1360,8,272,19904
201999,218,19780, ,Des Moines-West Des Moines  IA ,3915,3915,1067353,17,34,6686,2,8,1316,35,1312,163955,3911,3911,1066645,17,34,6686,2,8,1316,29,1282,161192
201999,220,11460, ,Ann Arbor  MI ,608,608,165588,0,0,0,22,84,13204,15,123,15270,461,461,128313,0,0,0,20,78,11989,11,103,13070
201999,220,19820, ,Detroit-Warren-Dearborn  MI ,5193,5193,1500739,28,56,8394,51,186,27993,157,2378,327655,4961,4961,1446429,28,56,8394,41,153,25370,157,2378,327655
201999,220,22420, ,Flint  MI ,441,441,107341,4,8,1420,28,104,21293,1,23,2577,425,425,103742,4,8,1420,28,104,21293,1,23,2577
201999,220,33780, ,Monroe  MI ,303,303,70955,0,0,0,1,4,340,2,16,1200,252,252,59970,0,0,0,1,4,340,2,16,1200
201999,222,20020, ,Dothan  AL ,363,363,84709,0,0,0,1,4,480,4,56,5730,240,240,58265,0,0,0,1,4,480,4,56,5730
201999,232,20740, ,Eau Claire  WI ,472,472,114985,58,116,14537,0,0,0,16,157,14120,472,472,114985,58,116,14537,0,0,0,16,157,14120
201999,236,21300, ,Elmira  NY ,24,24,4714,1,2,262,0,0,0,1,194,30141,21,21,3826,1,2,262,0,0,0,0,0,0
201999,238,21340,C,El Paso  TX ,2433,2433,565580,32,64,8112,57,228,29395,13,341,39041,2428,2428,564985,32,64,8112,57,228,29395,13,341,39041
201999,238,29740,C,Las Cruces  NM ,876,876,220935,3,6,640,0,0,0,4,96,9585,876,876,220935,3,6,640,0,0,0,4,96,9585
201999,240,21500, ,Erie  PA ,121,121,31298,3,6,1050,0,0,0,4,34,2767,120,120,31032,3,6,1050,0,0,0,4,34,2767
201999,244,22020, ,Fargo  ND-MN ,939,939,230083,0,0,0,2,8,1440,5,478,58489,935,935,228808,0,0,0,2,8,1440,5,478,58489
201999,246,22180, ,Fayetteville  NC ,1547,1547,254733,5,10,1596,0,0,0,11,282,18754,955,955,182566,5,10,1596,0,0,0,11,282,18754
201999,258,23060,C,Fort Wayne  IN ,1330,1330,353860,9,18,485,9,27,1246,23,581,62889,1330,1330,353860,9,18,485,9,27,1246,23,581,62889
201999,260,23420,C,Fresno  CA ,2441,2441,741858,30,60,10407,70,213,13827,76,679,90666,2415,2415,736988,30,60,10407,70,213,13827,76,679,90666
201999,260,25260, ,Hanford-Corcoran  CA ,382,382,96764,1,2,343,0,0,0,3,25,1859,300,300,78069,1,2,343,0,0,0,3,25,1859
201999,260,31460, ,Madera  CA ,644,644,164139,0,0,0,0,0,0,0,0,0,644,644,164139,0,0,0,0,0,0,0,0,0
201999,264,23540, ,Gainesville  FL ,1016,1016,224107,4,8,1181,0,0,0,23,1543,105494,501,501,145039,4,8,1181,0,0,0,11,458,68550
201999,266,24340, ,Grand Rapids-Kentwood  MI ,2531,2531,685630,31,62,11722,33,125,16765,71,1437,143252,2140,2140,591481,30,60,11287,31,118,16098,70,1395,138619
201999,266,34740, ,Muskegon  MI ,339,339,68168,0,0,0,0,0,0,0,0,0,301,301,59842,0,0,0,0,0,0,0,0,0
201999,267,24580, ,Green Bay  WI ,723,723,214721,12,24,5283,0,0,0,28,383,30517,723,723,214721,12,24,5283,0,0,0,28,383,30517
201999,268,15500, ,Burlington  NC ,943,943,164857,0,0,0,0,0,0,23,464,37635,943,943,164857,0,0,0,0,0,0,23,464,37635
201999,268,24660,C,Greensboro-High Point  NC ,2002,2002,482488,6,12,1147,0,0,0,20,409,47647,2002,2002,482488,6,12,1147,0,0,0,20,409,47647
201999,268,49180, ,Winston-Salem  NC ,3160,3160,652152,2,4,502,0,0,0,14,170,16839,3102,3102,638787,2,4,502,0,0,0,14,170,16839
201999,272,24780, ,Greenville  NC ,625,625,126615,44,88,11219,0,0,0,9,317,38761,625,625,126615,44,88,11219,0,0,0,9,317,38761
201999,273,24860, ,Greenville-Anderson  SC ,5385,5385,1313261,44,88,7965,0,0,0,60,1090,110195,5385,5385,1313261,44,88,7965,0,0,0,60,1090,110195
201999,273,43900, ,Spartanburg  SC ,2599,2599,427385,0,0,0,0,0,0,0,0,0,2570,2570,420528,0,0,0,0,0,0,0,0,0
201999,276,23900,C,Gettysburg  PA ,220,220,67925,0,0,0,0,0,0,0,0,0,220,220,67925,0,0,0,0,0,0,0,0,0
201999,276,25420,C,Harrisburg-Carlisle  PA ,1154,1154,249925,11,22,3325,30,104,16637,51,738,88471,1076,1076,229542,11,22,3325,30,104,16637,51,738,88471
201999,276,30140, ,Lebanon  PA ,322,322,60874,0,0,0,0,0,0,0,0,0,321,321,60608,0,0,0,0,0,0,0,0,0
201999,276,49620, ,York-Hanover  PA ,858,858,158812,10,20,3365,13,46,6003,25,389,26196,797,797,145328,10,20,3365,13,46,6003,25,389,26196
201999,277,25500,C,Harrisonburg  VA ,361,361,106897,0,0,0,0,0,0,0,0,0,361,361,106897,0,0,0,0,0,0,0,0,0
201999,277,44420, ,Staunton  VA ,312,312,58269,1,2,130,4,16,1570,15,324,32451,312,312,58269,1,2,130,4,16,1570,15,324,32451
201999,278,25540,C,Hartford-East Hartford-Middletown  CT ,823,823,168800,20,40,4405,12,44,4921,54,356,30766,745,745,153239,15,30,3518,12,44,4921,12,90,8546
201999,278,35980, ,Norwich-New London  CT ,249,249,61458,13,26,2880,4,16,1265,13,246,23663,201,201,53465,13,26,2880,4,16,1265,13,246,23663
201999,279,25620, ,Hattiesburg  MS ,90,90,17926,4,8,848,10,40,6155,0,0,0,90,90,17926,4,8,848,10,40,6155,0,0,0
201999,284,26300, ,Hot Springs  AR ,48,48,11846,5,10,1342,0,0,0,5,60,7200,47,47,11836,5,10,1342,0,0,0,5,60,7200
201999,288,26420, ,Houston-The Woodlands-Sugar Land  TX ,39507,39507,7157203,151,302,34123,14,55,4270,595,23808,2631151,39450,39450,7138218,151,302,34123,14,55,4270,581,23730,2629421
201999,290,19460, ,Decatur  AL ,177,177,33149,0,0,0,0,0,0,0,0,0,144,144,28804,0,0,0,0,0,0,0,0,0
201999,290,26620,C,Huntsville  AL ,3399,3399,529869,1,2,140,20,80,6800,17,85,2190,3399,3399,529869,1,2,140,20,80,6800,17,85,2190
201999,292,26820, ,Idaho Falls  ID ,1038,1038,176785,0,0,0,13,52,4080,1,6,581,1037,1037,176535,0,0,0,13,52,4080,1,6,581
201999,294,18020, ,Columbus  IN ,189,189,44516,0,0,0,0,0,0,0,0,0,189,189,44516,0,0,0,0,0,0,0,0,0
201999,294,26900, ,Indianapolis-Carmel-Anderson  IN ,7120,7120,2069279,61,122,21443,21,80,17389,89,2399,306360,7029,7029,2052797,61,122,21443,21,80,17389,89,2399,306360
201999,294,34620, ,Muncie  IN ,58,58,6403,0,0,0,0,0,0,0,0,0,57,57,6145,0,0,0,0,0,0,0,0,0
201999,296,27060, ,Ithaca  NY ,87,87,20293,15,30,3211,0,0,0,17,706,84485,61,61,14773,6,12,1165,0,0,0,2,42,2880
201999,297,27180, ,Jackson  TN ,446,446,89726,2,4,160,0,0,0,0,0,0,432,432,87234,1,2,140,0,0,0,0,0,0
201999,298,27140, ,Jackson  MS ,1047,1047,262055,0,0,0,1,4,175,11,320,35331,993,993,253731,0,0,0,0,0,0,11,320,35331
201999,300,27260,C,Jacksonville  FL ,11583,11583,1845333,20,40,4946,18,71,10502,57,2993,315140,11583,11583,1845333,20,40,4946,18,71,10502,57,2993,315140
201999,304,27740, ,Johnson City  TN ,561,561,104739,5,10,423,0,0,0,15,147,13609,436,436,87561,4,8,393,0,0,0,15,147,13609
201999,304,28700, ,Kingsport-Bristol  TN-VA ,453,453,92651,8,16,2006,1,4,725,8,124,7110,350,350,82247,8,16,2006,1,4,725,8,124,7110
201999,306,27780, ,Johnstown  PA ,54,54,12336,0,0,0,0,0,0,0,0,0,54,54,12336,0,0,0,0,0,0,0,0,0
201999,308,27860, ,Jonesboro  AR ,593,593,89990,34,68,4569,40,147,8090,13,81,4661,555,555,86190,34,68,4569,38,139,7775,13,81,4661
201999,309,27900, ,Joplin  MO ,514,514,74683,15,30,3190,14,56,2376,4,104,10968,410,410,59953,15,30,3190,14,56,2376,2,10,366
201999,310,12980, ,Battle Creek  MI ,54,54,11911,1,2,300,0,0,0,0,0,0,34,34,7480,1,2,300,0,0,0,0,0,0
201999,310,28020, ,Kalamazoo-Portage  MI ,460,460,121113,12,24,5444,4,14,2153,8,144,12887,460,460,121113,12,24,5444,4,14,2153,8,144,12887
201999,312,28140, ,Kansas City  MO-KS ,4811,4811,1348038,173,346,42687,69,259,43235,95,3931,455855,4760,4760,1336797,173,346,42687,69,259,43235,95,3931,455855
201999,312,29940, ,Lawrence  KS ,256,256,56504,0,0,0,4,14,1948,6,185,20270,256,256,56504,0,0,0,4,14,1948,6,185,20270
201999,312,41140, ,St. Joseph  MO-KS ,124,124,29952,1,2,215,0,0,0,8,94,10320,121,121,29302,1,2,215,0,0,0,8,94,10320
201999,313,28420,C,Kennewick-Richland  WA ,1656,1656,468388,29,58,8298,7,28,4302,16,399,47524,1179,1179,344127,18,36,6388,7,28,4302,15,394,46925
201999,313,47460, ,Walla Walla  WA ,160,160,46094,5,10,1655,0,0,0,2,20,2393,150,150,45094,5,10,1655,0,0,0,2,20,2393
201999,315,28940, ,Knoxville  TN ,2985,2985,616589,2,4,900,1,4,400,22,954,140479,2604,2604,561784,2,4,900,1,4,400,22,954,140479
201999,315,34100, ,Morristown  TN ,450,450,89287,2,4,280,0,0,0,0,0,0,279,279,42967,2,4,280,0,0,0,0,0,0
201999,316,29020, ,Kokomo  IN ,87,87,17933,0,0,0,0,0,0,6,152,14180,87,87,17933,0,0,0,0,0,0,6,152,14180
201999,318,29180, ,Lafayette  LA ,1632,1632,353134,2,4,400,0,0,0,2,30,3520,1466,1466,322871,2,4,400,0,0,0,2,30,3520
201999,320,29200, ,Lafayette-West Lafayette  IN ,502,502,126057,6,12,1743,0,0,0,34,836,84041,499,499,125664,6,12,1743,0,0,0,34,836,84041
201999,324,29340, ,Lake Charles  LA ,1047,1047,176347,48,96,6560,6,23,1064,7,220,22828,979,979,166390,48,96,6560,6,23,1064,7,220,22828
201999,332,29820,C,Las Vegas-Henderson-Paradise  NV ,10042,10042,2010968,2,4,680,55,177,24065,133,3680,399621,10042,10042,2010968,2,4,680,55,177,24065,133,3680,399621
201999,336,30460,C,Lexington-Fayette  KY ,1308,1308,319599,5,10,1460,6,19,3675,20,909,94196,1200,1200,303298,5,10,1460,1,4,1545,20,909,94196
201999,338,30620, ,Lima  OH ,86,86,18644,1,2,40,5,15,915,1,88,8168,61,61,14195,1,2,40,5,15,915,1,88,8168
201999,339,30700, ,Lincoln  NE ,1088,1088,248227,14,28,4090,0,0,0,23,982,100251,130,130,29838,1,2,368,0,0,0,4,144,6280
201999,340,30780, ,Little Rock-North Little Rock-Conway  AR ,1921,1921,378180,15,30,2194,6,24,1725,26,1030,85261,1550,1550,314931,6,12,829,6,24,1725,14,929,82498
201999,340,38220, ,Pine Bluff  AR ,37,37,5596,3,6,255,0,0,0,0,0,0,37,37,5596,3,6,255,0,0,0,0,0,0
201999,348,31080,C,Los Angeles-Long Beach-Anaheim  CA ,9306,9306,2987911,847,1694,334017,105,358,74047,516,19196,3558139,9005,9005,2782456,821,1642,316921,101,346,71437,488,18819,3477374
201999,348,37100, ,Oxnard-Thousand Oaks-Ventura  CA ,609,609,188025,17,34,9630,10,31,7736,39,472,55139,558,558,170030,17,34,9630,10,31,7736,39,472,55139
201999,348,40140, ,Riverside-San Bernardino-Ontario  CA ,11147,11147,2966329,60,120,24444,44,161,27460,197,3171,413143,10713,10713,2877218,60,120,24444,44,161,27460,179,3040,403880
201999,350,21060, ,Elizabethtown-Fort Knox  KY ,425,425,85088,21,42,5640,0,0,0,4,24,1440,425,425,85088,21,42,5640,0,0,0,4,24,1440
201999,350,31140, ,Louisville-Jefferson County  KY-IN ,3122,3122,858631,15,30,3487,11,40,4706,105,2574,248389,3038,3038,840020,15,30,3487,11,40,4706,105,2574,248389
201999,352,31180, ,Lubbock  TX ,1509,1509,341446,78,156,18202,0,0,0,63,589,40524,1499,1499,339716,78,156,18202,0,0,0,63,589,40524
201999,356,31420, ,Macon  GA ,412,412,68483,0,0,0,2,8,1100,0,0,0,411,411,68278,0,0,0,2,8,1100,0,0,0
201999,356,47580, ,Warner Robins  GA ,1114,1114,217447,0,0,0,1,4,0,7,164,14920,1041,1041,207796,0,0,0,0,0,0,7,164,14920
201999,357,27500, ,Janesville-Beloit  WI ,321,321,75726,20,40,5452,0,0,0,9,283,30545,321,321,75726,20,40,5452,0,0,0,9,283,30545
201999,357,31540, ,Madison  WI ,1536,1536,512677,55,110,22017,8,28,5664,42,1669,256850,1536,1536,512677,55,110,22017,8,28,5664,42,1669,256850
201999,359,31860, ,Mankato  MN ,172,172,44388,2,4,990,4,16,1648,1,45,8607,170,170,43925,2,4,990,4,16,1648,1,45,8607
201999,360,31900, ,Mansfield  OH ,57,57,15653,0,0,0,1,4,0,0,0,0,0,0,0,0,0,0,0,0,0,0,0,0
201999,365,32580,C,McAllen-Edinburg-Mission  TX ,3526,3526,586222,156,312,80174,158,619,61012,37,913,71507,3321,3321,567311,150,300,79322,158,619,61012,37,913,71507
201999,366,24420, ,Grants Pass  OR ,197,197,47257,17,34,4924,0,0,0,0,0,0,197,197,47257,17,34,4924,0,0,0,0,0,0
201999,366,32780, ,Medford  OR ,656,656,161896,12,24,3145,7,26,3490,16,215,24302,635,635,158925,12,24,3145,7,26,3490,16,215,24302
201999,368,32820, ,Memphis  TN-MS-AR ,3319,3319,725700,0,0,0,3,12,1611,8,343,50227,3172,3172,699731,0,0,0,3,12,1611,8,343,50227
201999,370,33100, ,Miami-Fort Lauderdale-Pompano Beach  FL ,7241,7241,2617603,195,390,64675,25,93,19619,272,12964,2439199,6876,6876,2407379,195,390,64675,25,93,19619,253,12757,2426788
201999,370,38940, ,Port St. Lucie  FL ,3503,3503,840029,94,188,24513,7,28,4978,21,558,52280,3488,3488,816932,94,188,24513,7,28,4978,21,558,52280
201999,370,42680, ,Sebastian-Vero Beach  FL ,1362,1362,524525,3,6,1146,30,91,10180,0,0,0,1181,1181,481342,3,6,1146,30,91,10180,0,0,0
201999,372,33260, ,Midland  TX ,1306,1306,215009,0,0,0,0,0,0,0,0,0,1306,1306,215009,0,0,0,0,0,0,0,0,0
201999,372,36220,C,Odessa  TX ,743,743,172628,2,4,600,0,0,0,35,1035,123951,743,743,172628,2,4,600,0,0,0,35,1035,123951
201999,376,33340,C,Milwaukee-Waukesha  WI ,1494,1494,555337,103,206,35660,5,19,4238,26,700,68422,1494,1494,555337,103,206,35660,5,19,4238,26,700,68422
201999,376,39540, ,Racine  WI ,192,192,58410,23,46,8187,0,0,0,7,84,13561,192,192,58410,23,46,8187,0,0,0,7,84,13561
201999,378,33460, ,Minneapolis-St. Paul-Bloomington  MN-WI ,9610,9610,2928967,67,134,25989,28,103,24625,144,12567,1971639,9550,9550,2902374,67,134,25989,28,103,24625,144,12567,1971639
201999,378,41060, ,St. Cloud  MN ,504,504,130520,2,4,712,1,3,461,4,207,23067,420,420,108292,2,4,712,1,3,461,3,153,17771
201999,380,19300, ,Daphne-Fairhope-Foley  AL ,2740,2740,571399,21,42,5608,6,22,2575,10,346,42386,2740,2740,571399,21,42,5608,6,22,2575,10,346,42386
201999,380,33660, ,Mobile  AL ,743,743,166187,0,0,0,1,3,338,0,0,0,708,708,161051,0,0,0,1,3,338,0,0,0
201999,384,33740, ,Monroe  LA ,353,353,82304,7,14,523,12,39,5576,22,110,12523,349,349,81304,7,14,523,12,39,5576,22,110,12523
201999,388,33860, ,Montgomery  AL ,769,769,165436,0,0,0,2,6,800,0,0,0,768,768,165256,0,0,0,2,6,800,0,0,0
201999,390,34060, ,Morgantown  WV ,26,26,4218,0,0,0,0,0,0,1,8,1800,19,19,3196,0,0,0,0,0,0,1,8,1800
201999,396,34820, ,Myrtle Beach-Conway-North Myrtle Beach  SC-NC ,6989,6989,1414563,34,68,10339,3,10,1542,37,773,84266,5814,5814,1147195,34,68,10339,3,10,1542,31,743,82766
201999,400,34980, ,Nashville-Davidson--Murfreesboro--Franklin  TN ,14460,14460,3827734,23,46,6205,18,61,8294,179,8135,788167,14012,14012,3636299,23,46,6205,17,57,7894,179,8135,788167
201999,404,35100, ,New Bern  NC ,480,480,84226,0,0,0,0,0,0,9,72,4148,284,284,57129,0,0,0,0,0,0,9,72,4148
201999,406,25220, ,Hammond  LA ,869,869,164957,2,4,360,0,0,0,2,115,16900,869,869,164957,2,4,360,0,0,0,2,115,16900
201999,406,35380, ,New Orleans-Metairie  LA ,3241,3241,713563,125,250,26904,4,13,2137,12,522,97140,3201,3201,697867,125,250,26904,4,13,2137,12,522,97140
201999,408,14860,C,Bridgeport-Stamford-Norwalk  CT ,635,635,393373,20,40,7169,6,20,3862,29,1631,396745,626,626,379697,20,40,7169,6,20,3862,29,1631,396745
201999,408,20700, ,East Stroudsburg  PA ,176,176,48863,0,0,0,0,0,0,0,0,0,162,162,46050,0,0,0,0,0,0,0,0,0
201999,408,28740, ,Kingston  NY ,188,188,47580,5,10,911,0,0,0,26,191,32055,167,167,41094,5,10,911,0,0,0,13,118,14250
201999,408,35300, ,New Haven-Milford  CT ,399,399,77723,36,72,6363,18,62,9553,25,920,95127,343,343,64779,35,70,6151,18,62,9553,24,851,92004
201999,408,35620,C,New York-Newark-Jersey City  NY-NJ-PA ,11072,11072,2932992,893,1786,237381,394,1289,144550,1363,47021,5464424,10922,10922,2877773,858,1716,227110,369,1209,134719,1318,46772,5426079
201999,408,39100, ,Poughkeepsie-Newburgh-Middletown  NY ,796,796,236263,2,4,320,4,15,3006,46,1098,142558,567,567,173635,2,4,320,4,15,3006,45,1086,140908
201999,408,45940,C,Trenton-Princeton  NJ ,181,181,32190,1,2,32,15,53,4409,29,302,16009,181,181,32190,1,2,32,15,53,4409,29,302,16009
201999,412,35840,C,North Port-Sarasota-Bradenton  FL ,6542,6542,1648422,11,22,5382,51,194,57398,108,3251,357556,6542,6542,1648422,11,22,5382,51,194,57398,108,3251,357556
201999,412,39460, ,Punta Gorda  FL ,2075,2075,599646,68,136,21505,1,4,1256,5,114,15597,2075,2075,599646,68,136,21505,1,4,1256,5,114,15597
201999,416,36420,C,Oklahoma City  OK ,5924,5924,1360876,167,334,35898,9,34,3822,6,265,36100,5922,5922,1360404,167,334,35898,9,34,3822,6,265,36100
201999,420,36540, ,Omaha-Council Bluffs  NE-IA ,2633,2633,556348,16,32,3966,1,4,800,32,1431,98805,2632,2632,556123,16,32,3966,1,4,800,32,1431,98805
201999,422,19660, ,Deltona-Daytona Beach-Ormond Beach  FL ,3772,3772,1108974,106,212,32355,0,0,0,22,769,97851,2884,2884,817880,105,210,31972,0,0,0,22,769,97851
201999,422,29460, ,Lakeland-Winter Haven  FL ,6435,6435,1402306,16,32,3138,6,24,5096,108,2235,256007,6414,6414,1397475,16,32,3138,6,24,5096,108,2235,256007
201999,422,36740, ,Orlando-Kissimmee-Sanford  FL ,14995,14995,4112030,130,260,48101,37,147,23784,194,9068,1046743,14981,14981,4109478,130,260,48101,37,147,23784,194,9068,1046743
201999,422,45540,C,The Villages  FL ,2657,2657,693743,0,0,0,0,0,0,8,271,46334,2657,2657,693743,0,0,0,0,0,0,8,271,46334
201999,425,37620, ,Parkersburg-Vienna  WV ,76,76,17167,9,18,1736,12,48,3840,0,0,0,67,67,15799,9,18,1736,12,48,3840,0,0,0
201999,426,37860,C,Pensacola-Ferry Pass-Brent  FL ,2734,2734,546956,37,74,11429,5,17,1190,4,397,43690,2734,2734,546956,37,74,11429,5,17,1190,4,397,43690
201999,428,12100,C,Atlantic City-Hammonton  NJ ,364,364,104375,4,8,1088,0,0,0,53,585,42297,364,364,104375,4,8,1088,0,0,0,53,585,42297
201999,428,20100,C,Dover  DE ,1216,1216,174167,21,42,4509,0,0,0,13,82,6392,1196,1196,169863,21,42,4509,0,0,0,13,82,6392
201999,428,36140,C,Ocean City  NJ ,552,552,234910,87,174,28198,12,39,3743,19,98,2483,552,552,234910,87,174,28198,12,39,3743,19,98,2483
201999,428,37980,C,Philadelphia-Camden-Wilmington  PA-NJ-DE-MD ,6963,6963,1355528,197,394,59154,208,710,88130,406,7540,742002,6576,6576,1266449,197,394,59154,208,710,88130,392,7466,733387
201999,428,39740, ,Reading  PA ,350,350,74666,1,2,120,0,0,0,13,276,21577,247,247,48791,1,2,120,0,0,0,13,276,21577
201999,428,47220,C,Vineland-Bridgeton  NJ ,132,132,11571,0,0,0,0,0,0,0,0,0,132,132,11571,0,0,0,0,0,0,0,0,0
201999,429,38060,C,Phoenix-Mesa-Chandler  AZ ,25026,25026,6781486,332,664,85665,52,174,38610,230,10009,1466420,24797,24797,6735835,326,652,84106,52,174,38610,218,8722,1242453
201999,430,38300, ,Pittsburgh  PA ,2830,2830,794936,27,54,10153,25,96,20019,28,1004,96341,2228,2228,659684,22,44,8428,24,92,19756,15,430,37226
201999,430,48260, ,Weirton-Steubenville  WV-OH ,25,25,5782,0,0,0,0,0,0,0,0,0,25,25,5782,0,0,0,0,0,0,0,0,0
201999,438,30340, ,Lewiston-Auburn  ME ,156,156,31753,2,4,885,0,0,0,2,68,11350,114,114,24085,2,4,885,0,0,0,1,53,9350
201999,438,38860, ,Portland-South Portland  ME ,1818,1818,496392,62,124,23728,5,17,2642,43,916,116672,1470,1470,422293,59,118,22759,5,17,2642,42,853,110152
201999,440,10540, ,Albany-Lebanon  OR ,466,466,111891,0,0,0,0,0,0,26,250,23550,428,428,104426,0,0,0,0,0,0,18,210,20201
201999,440,18700, ,Corvallis  OR ,218,218,58273,0,0,0,6,24,5355,6,300,48798,218,218,58273,0,0,0,6,24,5355,6,300,48798
201999,440,31020, ,Longview  WA ,309,309,70817,1,2,268,3,10,1018,1,30,2500,309,309,70817,1,2,268,3,10,1018,1,30,2500
201999,440,38900, ,Portland-Vancouver-Hillsboro  OR-WA ,7688,7688,2240127,137,274,52822,38,134,19794,287,8719,1060169,7688,7688,2240127,137,274,52822,38,134,19794,287,8719,1060169
201999,440,41420, ,Salem  OR ,1039,1039,300575,36,72,13480,7,24,4283,51,901,88962,1039,1039,300575,36,72,13480,7,24,4283,51,901,88962
201999,444,39380,C,Pueblo  CO ,484,484,78253,0,0,0,1,4,510,0,0,0,484,484,78253,0,0,0,1,4,510,0,0,0
201999,450,20500,C,Durham-Chapel Hill  NC ,3561,3561,808072,3,6,490,7,28,7000,54,2200,329396,3551,3551,807072,3,6,490,7,28,7000,54,2200,329396
201999,450,39580,C,Raleigh-Cary  NC ,11142,11142,2374881,8,16,1524,12,45,8330,67,2117,221982,11142,11142,2374881,8,16,1524,12,45,8330,67,2117,221982
201999,452,39660, ,Rapid City  SD ,469,469,109015,20,40,5946,6,24,2300,10,189,18536,469,469,109015,20,40,5946,6,24,2300,10,189,18536
201999,454,39820, ,Redding  CA ,447,447,123694,0,0,0,0,0,0,4,97,10718,308,308,87414,0,0,0,0,0,0,4,97,10718
201999,456,16180,C,Carson City  NV ,172,172,45786,0,0,0,1,3,382,6,73,7289,172,172,45786,0,0,0,1,3,382,6,73,7289
201999,456,39900,C,Reno  NV ,2157,2157,603500,23,46,4600,17,58,8294,148,3002,375469,2157,2157,603500,23,46,4600,17,58,8294,148,3002,375469
201999,462,40340, ,Rochester  MN ,614,614,159064,0,0,0,4,13,2611,14,484,54441,564,564,150369,0,0,0,4,13,2611,14,484,54441
201999,464,40380, ,Rochester  NY ,1116,1116,294256,18,36,4937,23,84,9254,49,785,106449,1085,1085,288994,18,36,4937,23,84,9254,48,780,106199
201999,466,40420, ,Rockford  IL ,229,229,34563,32,64,8792,2,7,980,0,0,0,229,229,34563,32,64,8792,2,7,980,0,0,0
201999,468,40580, ,Rocky Mount  NC ,232,232,36523,0,0,0,0,0,0,0,0,0,32,32,4927,0,0,0,0,0,0,0,0,0
201999,472,40900,C,Sacramento-Roseville-Folsom  CA ,7184,7184,2148537,88,176,31442,9,34,5991,63,2037,316069,7184,7184,2148537,88,176,31442,9,34,5991,63,2037,316069
201999,472,49700, ,Yuba City  CA ,654,654,159096,0,0,0,0,0,0,3,24,2969,654,654,159096,0,0,0,0,0,0,3,24,2969
201999,474,13020, ,Bay City  MI ,83,83,23061,0,0,0,0,0,0,0,0,0,53,53,13202,0,0,0,0,0,0,0,0,0
201999,474,33220, ,Midland  MI ,108,108,22560,3,6,766,0,0,0,0,0,0,95,95,20409,3,6,766,0,0,0,0,0,0
201999,474,40980, ,Saginaw  MI ,139,139,32681,2,4,638,7,28,1400,1,77,5357,112,112,26427,1,2,400,7,28,1400,0,0,0
201999,476,41180, ,St. Louis  MO-IL ,5179,5179,1478541,42,84,10158,42,161,21306,88,1630,169078,5060,5060,1455385,42,84,10158,42,161,21306,88,1630,169078
201999,480,41540, ,Salisbury  MD-DE ,3524,3524,525282,65,130,17854,26,97,10022,49,323,41307,3524,3524,525282,65,130,17854,26,97,10022,49,323,41307
201999,482,36260, ,Ogden-Clearfield  UT ,2872,2872,735789,6,12,1935,54,195,27912,68,816,95294,2809,2809,721023,6,12,1935,54,195,27912,68,816,95294
201999,482,39340, ,Provo-Orem  UT ,5423,5423,1546380,8,16,2462,19,73,11956,69,1435,213323,5411,5411,1541169,8,16,2462,19,73,11956,69,1435,213323
201999,482,41620, ,Salt Lake City  UT ,4760,4760,1160888,86,172,22337,50,176,32143,123,5572,818390,4259,4259,1050113,86,172,22337,50,176,32143,123,5572,818390
201999,484,41700,C,San Antonio-New Braunfels  TX ,9103,9103,2107662,43,86,10973,40,156,16969,211,6550,718679,8580,8580,2040183,43,86,10973,38,150,16969,205,6516,711433
201999,488,32900, ,Merced  CA ,948,948,275759,0,0,0,0,0,0,0,0,0,945,945,275255,0,0,0,0,0,0,0,0,0
201999,488,33700, ,Modesto  CA ,611,611,142257,2,4,730,1,3,513,7,81,17057,311,311,68439,2,4,730,0,0,0,7,81,17057
201999,488,34900, ,Napa  CA ,135,135,52386,1,2,233,1,4,627,1,608,105141,35,35,20988,0,0,0,0,0,0,0,0,0
201999,488,41860,C,San Francisco-Oakland-Berkeley  CA ,4076,4076,1512815,62,124,36374,43,153,36782,207,9528,2187181,3810,3810,1431400,62,124,36374,36,131,30500,186,9373,2146854
201999,488,41940,C,San Jose-Sunnyvale-Santa Clara  CA ,2603,2603,938913,13,26,7175,14,49,11627,110,3552,597128,2603,2603,938913,13,26,7175,14,49,11627,110,3552,597128
201999,488,42100, ,Santa Cruz-Watsonville  CA ,236,236,49292,1,2,903,8,26,2985,19,165,15431,61,61,17648,1,2,903,0,0,0,0,0,0
201999,488,42220, ,Santa Rosa-Petaluma  CA ,2079,2079,696918,0,0,0,0,0,0,28,350,56936,2077,2077,696783,0,0,0,0,0,0,28,350,56936
201999,488,44700, ,Stockton  CA ,2628,2628,807129,9,18,2739,9,27,1836,36,826,91199,2628,2628,807129,9,18,2739,9,27,1836,36,826,91199
201999,488,46700, ,Vallejo  CA ,1078,1078,297018,0,0,0,0,0,0,1,11,1694,1070,1070,294731,0,0,0,0,0,0,0,0,0
201999,496,25980, ,Hinesville  GA ,491,491,114570,2,4,377,0,0,0,20,464,48803,491,491,114570,2,4,377,0,0,0,20,464,48803
201999,496,42340, ,Savannah  GA ,2151,2151,524682,0,0,0,1,4,340,33,436,37969,2149,2149,524433,0,0,0,1,4,340,33,436,37969
201999,500,14740,C,Bremerton-Silverdale-Port Orchard  WA ,931,931,285491,5,10,2323,1,4,950,9,172,14510,931,931,285491,5,10,2323,1,4,950,9,172,14510
201999,500,34580, ,Mount Vernon-Anacortes  WA ,436,436,109432,5,10,1498,0,0,0,1,72,5345,436,436,109432,5,10,1498,0,0,0,1,72,5345
201999,500,36500, ,Olympia-Lacey-Tumwater  WA ,812,812,209680,14,28,5201,8,27,2982,36,846,85562,812,812,209680,14,28,5201,8,27,2982,36,846,85562
201999,500,42660,C,Seattle-Tacoma-Bellevue  WA ,8737,8737,3013747,287,574,128372,245,862,167168,418,16426,2258798,8330,8330,2830497,287,574,128372,243,856,166167,408,16353,2251596
201999,508,43340,C,Shreveport-Bossier City  LA ,1040,1040,219964,0,0,0,0,0,0,0,0,0,1040,1040,219964,0,0,0,0,0,0,0,0,0
201999,515,21140, ,Elkhart-Goshen  IN ,339,339,88294,0,0,0,0,0,0,1,11,1400,339,339,88294,0,0,0,0,0,0,1,11,1400
201999,515,35660, ,Niles  MI ,201,201,67252,1,2,280,1,3,430,0,0,0,156,156,49672,1,2,280,1,3,430,0,0,0
201999,515,43780, ,South Bend-Mishawaka  IN-MI ,428,428,123081,0,0,0,0,0,0,0,0,0,422,422,121812,0,0,0,0,0,0,0,0,0
201999,518,17660, ,Coeur dAlene  ID ,1577,1577,386839,31,62,10174,9,35,1417,53,852,83601,1577,1577,386839,31,62,10174,9,35,1417,53,852,83601
201999,518,44060, ,Spokane-Spokane Valley  WA ,1888,1888,494271,108,216,36109,4,15,2561,53,1181,138625,1886,1886,493981,108,216,36109,4,15,2561,53,1181,138625
201999,522,44100, ,Springfield  IL ,149,149,39517,16,32,5576,0,0,0,12,148,10934,139,139,36915,16,32,5576,0,0,0,12,148,10934
201999,524,44300, ,State College  PA ,351,351,98492,20,40,7950,0,0,0,1,50,7000,317,317,89844,19,38,7690,0,0,0,1,50,7000
201999,532,45060, ,Syracuse  NY ,538,538,131640,3,6,627,2,7,669,7,206,21050,467,467,115507,3,6,627,2,7,669,7,206,21050
201999,534,45780, ,Toledo  OH ,892,892,227916,13,26,3890,12,43,3990,20,453,25596,873,873,225573,13,26,3890,12,43,3990,19,448,25196
201999,536,46060,C,Tucson  AZ ,3490,3490,1026761,26,52,8949,0,0,0,50,771,115839,3490,3490,1026761,26,52,8949,0,0,0,50,771,115839
201999,538,46140,C,Tulsa  OK ,3377,3377,735747,17,34,2757,4,16,1520,26,879,116207,3377,3377,735747,17,34,2757,4,16,1520,26,879,116207
201999,540,46340, ,Tyler  TX ,592,592,156730,14,28,3034,8,32,4297,1,5,561,528,528,142608,14,28,3034,8,32,4297,1,5,561
201999,544,47020, ,Victoria  TX ,141,141,33481,0,0,0,16,60,8056,0,0,0,141,141,33481,0,0,0,16,60,8056,0,0,0
201999,545,47260, ,Virginia Beach-Norfolk-Newport News  VA-NC ,4345,4345,965524,23,46,4267,15,52,7788,50,1465,105057,4079,4079,930851,23,46,4267,15,52,7788,50,1465,105057
201999,548,12580,C,Baltimore-Columbia-Towson  MD ,4802,4802,1006489,36,72,8514,7,25,5878,39,2068,307861,4802,4802,1006489,36,72,8514,7,25,5878,39,2068,307861
201999,548,15680,C,California-Lexington Park  MD ,615,615,135607,4,8,1300,0,0,0,6,66,11825,615,615,135607,4,8,1300,0,0,0,6,66,11825
201999,548,16540,C,Chambersburg-Waynesboro  PA ,284,284,57421,1,2,296,0,0,0,1,7,903,283,283,57159,1,2,296,0,0,0,1,7,903
201999,548,25180, ,Hagerstown-Martinsburg  MD-WV ,1383,1383,280776,11,22,3868,32,128,10240,2,32,2350,1342,1342,274612,11,22,3868,32,128,10240,2,32,2350
201999,548,47900, ,Washington-Arlington-Alexandria  DC-VA-MD-WV ,12977,12977,3052679,89,178,18410,13,52,4898,197,13597,1800107,12916,12916,3038746,89,178,18410,13,52,4898,197,13597,1800107
201999,548,49020, ,Winchester  VA-WV ,719,719,147689,0,0,0,23,81,10554,2,96,1600,719,719,147689,0,0,0,23,81,10554,2,96,1600
201999,554,48140, ,Wausau-Weston  WI ,371,371,80542,15,30,3810,0,0,0,7,178,15140,302,302,71646,15,30,3810,0,0,0,7,178,15140
201999,556,48620, ,Wichita  KS ,1389,1389,290133,243,486,43299,12,40,4951,19,211,18506,594,594,137373,99,198,20977,9,31,4126,6,52,7380
201999,558,48700, ,Williamsport  PA ,66,66,16215,6,12,1610,0,0,0,0,0,0,49,49,12095,6,12,1610,0,0,0,0,0,0
201999,566,49660, ,Youngstown-Warren-Boardman  OH-PA ,323,323,73182,2,4,407,1,3,467,0,0,0,234,234,50054,2,4,407,1,3,467,0,0,0
201999,999,10180, ,Abilene  TX ,354,354,72824,8,16,2093,0,0,0,0,0,0,353,353,72596,8,16,2093,0,0,0,0,0,0
201999,999,10500, ,Albany  GA ,182,182,24644,0,0,0,0,0,0,10,220,32839,177,177,24010,0,0,0,0,0,0,10,220,32839
201999,999,10780, ,Alexandria  LA ,303,303,71676,15,30,1827,0,0,0,0,0,0,303,303,71676,15,30,1827,0,0,0,0,0,0
201999,999,10900, ,Allentown-Bethlehem-Easton  PA-NJ ,1078,1078,245032,11,22,4676,2,6,950,17,239,23160,978,978,218562,11,22,4676,2,6,950,17,239,23160
201999,999,11260,C,Anchorage  AK ,878,878,273355,6,12,2073,13,48,8338,22,225,33801,40,40,10842,6,12,2073,0,0,0,2,52,6450
201999,999,11500, ,Anniston-Oxford  AL ,105,105,11476,0,0,0,0,0,0,0,0,0,103,103,11283,0,0,0,0,0,0,0,0,0
201999,999,12260, ,Augusta-Richmond County  GA-SC ,2655,2655,534303,29,58,6447,24,87,6646,18,401,32501,2655,2655,534303,29,58,6447,24,87,6646,18,401,32501
201999,999,12420, ,Austin-Round Rock-Georgetown  TX ,18426,18426,4407360,127,254,30255,23,90,9743,362,13267,1353284,17966,17966,4301979,127,254,30255,23,90,9743,362,13267,1353284
201999,999,12540, ,Bakersfield  CA ,2190,2190,525766,6,12,1407,8,24,2211,6,35,8939,2182,2182,524303,6,12,1407,8,24,2211,6,35,8939
201999,999,12620, ,Bangor  ME ,216,216,41234,19,38,5510,3,12,1221,0,0,0,157,157,32053,19,38,5510,3,12,1221,0,0,0
201999,999,12940, ,Baton Rouge  LA ,3612,3612,758692,5,10,1414,0,0,0,0,0,0,3487,3487,734815,5,10,1414,0,0,0,0,0,0
201999,999,13140, ,Beaumont-Port Arthur  TX ,1100,1100,229113,6,12,1297,0,0,0,23,251,21545,1100,1100,229113,6,12,1297,0,0,0,23,251,21545
201999,999,13220,C,Beckley  WV ,77,77,11171,0,0,0,0,0,0,0,0,0,77,77,11171,0,0,0,0,0,0,0,0,0
201999,999,13380, ,Bellingham  WA ,816,816,222316,25,50,9227,18,63,10007,26,892,105239,706,706,194323,24,48,8916,14,51,7814,24,882,104253
201999,999,13740, ,Billings  MT ,909,909,108284,26,52,9531,6,22,2935,1,171,23301,323,323,85004,25,50,9224,6,22,2935,0,0,0
201999,999,13780, ,Binghamton  NY ,64,64,12559,0,0,0,1,4,333,4,283,22235,47,47,8585,0,0,0,0,0,0,2,18,1265
201999,999,13900, ,Bismarck  ND ,374,374,92171,14,28,3261,1,4,568,5,225,24911,342,342,86009,14,28,3261,1,4,568,4,212,22975
201999,999,13980, ,Blacksburg-Christiansburg  VA ,353,353,73045,3,6,750,1,4,840,3,269,24373,229,229,42466,3,6,750,1,4,840,2,129,14643
201999,999,15260, ,Brunswick  GA ,437,437,131072,5,10,1385,0,0,0,1,13,1120,414,414,127927,5,10,1385,0,0,0,0,0,0
201999,999,16060, ,Carbondale-Marion  IL ,172,172,24178,3,6,440,1,4,280,0,0,0,56,56,8980,3,6,440,0,0,0,0,0,0
201999,999,16220, ,Casper  WY ,158,158,35493,6,12,1557,2,7,315,0,0,0,149,149,34098,6,12,1557,1,4,315,0,0,0
201999,999,16580, ,Champaign-Urbana  IL ,247,247,81192,1,2,500,7,27,5236,21,899,109719,247,247,81192,1,2,500,7,27,5236,21,899,109719
201999,999,16700,C,Charleston-North Charleston  SC ,4758,4758,1278406,3,6,2441,6,19,1508,74,1912,115182,3928,3928,1146681,3,6,2441,6,19,1508,57,1552,97144
201999,999,16820, ,Charlottesville  VA ,996,996,285461,3,6,1140,1,3,720,14,370,35951,827,827,237543,3,6,1140,1,3,720,14,370,35951
201999,999,16940, ,Cheyenne  WY ,386,386,75715,0,0,0,6,24,2801,4,22,2135,384,384,75314,0,0,0,6,24,2801,4,22,2135
201999,999,17020, ,Chico  CA ,885,885,192269,3,6,915,16,64,6307,36,471,58282,665,665,148567,3,6,915,16,64,6307,36,471,58282
201999,999,17300,C,Clarksville  TN-KY ,2332,2332,316734,16,32,2179,15,53,3887,24,240,23229,2307,2307,314954,16,32,2179,15,53,3887,24,240,23229
201999,999,17780, ,College Station-Bryan  TX ,1091,1091,210039,34,68,8531,2,6,750,11,315,32418,1091,1091,210039,34,68,8531,2,6,750,11,315,32418
201999,999,17820,C,Colorado Springs  CO ,4051,4051,1516539,49,98,8321,11,43,6742,46,1316,178254,4051,4051,1516539,49,98,8321,11,43,6742,46,1316,178254
201999,999,18880,C,Crestview-Fort Walton Beach-Destin  FL ,2393,2393,936207,5,10,1462,21,82,8190,61,1059,133385,2393,2393,936207,5,10,1462,21,82,8190,61,1059,133385
201999,999,19060, ,Cumberland  MD-WV ,65,65,14968,0,0,0,0,0,0,2,40,6017,65,65,14968,0,0,0,0,0,0,2,40,6017
201999,999,19180, ,Danville  IL ,12,12,1782,0,0,0,0,0,0,0,0,0,11,11,1682,0,0,0,0,0,0,0,0,0
201999,999,19500, ,Decatur  IL ,35,35,8384,0,0,0,0,0,0,0,0,0,35,35,8384,0,0,0,0,0,0,0,0,0
201999,999,20220, ,Dubuque  IA ,181,181,56364,11,22,3535,0,0,0,4,59,2175,181,181,56364,11,22,3535,0,0,0,4,59,2175
201999,999,20260, ,Duluth  MN-WI ,551,551,120319,3,6,1091,1,4,350,8,471,70443,522,522,113712,3,6,1091,1,4,350,8,471,70443
201999,999,20940, ,El Centro  CA ,266,266,49789,0,0,0,0,0,0,11,132,13397,255,255,47822,0,0,0,0,0,0,11,132,13397
201999,999,21420, ,Enid  OK ,26,26,6412,0,0,0,0,0,0,0,0,0,26,26,6412,0,0,0,0,0,0,0,0,0
201999,999,21660, ,Eugene-Springfield  OR ,731,731,173447,8,16,2606,5,20,1918,34,304,34226,506,506,115210,8,16,2606,5,20,1918,34,304,34226
201999,999,21780, ,Evansville  IN-KY ,647,647,167558,33,66,7032,0,0,0,9,217,22870,646,646,167458,32,64,6942,0,0,0,9,217,22870
201999,999,21820,C,Fairbanks  AK ,6,6,2089,0,0,0,4,16,2228,0,0,0,6,6,2089,0,0,0,4,16,2228,0,0,0
201999,999,22140,C,Farmington  NM ,74,74,16958,2,4,651,1,3,180,1,8,500,74,74,16958,2,4,651,1,3,180,1,8,500
201999,999,22220, ,Fayetteville-Springdale-Rogers  AR-MO ,4147,4147,1052161,59,118,22420,25,98,13912,100,2542,246646,3674,3674,953991,59,118,22420,24,95,13667,71,2195,218904
201999,999,22380, ,Flagstaff  AZ ,535,535,101775,5,10,1366,0,0,0,5,183,16303,524,524,99610,5,10,1366,0,0,0,5,183,16303
201999,999,22500, ,Florence  SC ,686,686,95512,5,10,773,15,45,5729,18,388,37789,354,354,51439,3,6,387,15,45,5729,4,144,16654
201999,999,22520, ,Florence-Muscle Shoals  AL ,255,255,31637,3,6,225,0,0,0,2,20,800,79,79,11267,3,6,225,0,0,0,2,20,800
201999,999,22540, ,Fond du Lac  WI ,143,143,42074,0,0,0,2,8,1600,8,104,7362,140,140,41140,0,0,0,2,8,1600,8,104,7362
201999,999,22660,C,Fort Collins  CO ,1580,1580,438375,8,16,2110,9,35,4713,61,859,117147,1580,1580,438375,8,16,2110,9,35,4713,61,859,117147
201999,999,22900, ,Fort Smith  AR-OK ,382,382,67555,101,202,32111,5,17,1188,1,8,640,336,336,62615,99,198,31771,2,8,423,1,8,640
201999,999,23460, ,Gadsden  AL ,71,71,12208,0,0,0,0,0,0,0,0,0,66,66,11733,0,0,0,0,0,0,0,0,0
201999,999,24140, ,Goldsboro  NC ,315,315,57328,4,8,2059,0,0,0,0,0,0,315,315,57328,4,8,2059,0,0,0,0,0,0
201999,999,24220, ,Grand Forks  ND-MN ,140,140,36457,5,10,2563,0,0,0,3,45,5759,138,138,36311,5,10,2563,0,0,0,3,45,5759
201999,999,24260, ,Grand Island  NE ,143,143,30201,4,8,826,0,0,0,3,26,2746,121,121,26805,4,8,826,0,0,0,3,26,2746
201999,999,24300,C,Grand Junction  CO ,678,678,128038,7,14,1773,0,0,0,4,126,9310,678,678,128038,7,14,1773,0,0,0,4,126,9310
201999,999,24500,C,Great Falls  MT ,122,122,33687,0,0,0,0,0,0,1,12,1002,122,122,33687,0,0,0,0,0,0,1,12,1002
201999,999,25060, ,Gulfport-Biloxi  MS ,2102,2102,386204,9,18,2160,9,30,3011,13,106,8974,1595,1595,314405,3,6,869,0,0,0,0,0,0
201999,999,25860, ,Hickory-Lenoir-Morganton  NC ,697,697,155496,17,34,3326,0,0,0,30,577,45634,593,593,137878,16,32,2966,0,0,0,16,504,41567
201999,999,25940, ,Hilton Head Island-Bluffton  SC ,2346,2346,803723,6,12,1900,0,0,0,20,528,56837,1154,1154,394535,6,12,1900,0,0,0,20,528,56837
201999,999,26140, ,Homosassa Springs  FL ,709,709,147564,5,10,273,0,0,0,8,146,11909,16,16,4697,0,0,0,0,0,0,3,106,8451
201999,999,26380, ,Houma-Thibodaux  LA ,494,494,116478,9,18,1414,3,9,785,0,0,0,494,494,116478,9,18,1414,3,9,785,0,0,0
201999,999,27100, ,Jackson  MI ,135,135,27264,1,2,309,0,0,0,6,249,40907,84,84,18991,0,0,0,0,0,0,6,249,40907
201999,999,27340,C,Jacksonville  NC ,1303,1303,192288,8,16,1956,3,12,876,0,0,0,1303,1303,192288,8,16,1956,3,12,876,0,0,0
201999,999,27620, ,Jefferson City  MO ,251,251,53985,4,8,1005,3,11,995,0,0,0,185,185,43998,4,8,1005,2,7,750,0,0,0
201999,999,27980,C,Kahului-Wailuku-Lahaina  HI ,513,513,170615,6,12,2786,17,68,28225,2,64,16430,513,513,170615,6,12,2786,17,68,28225,2,64,16430
201999,999,28660,C,Killeen-Temple  TX ,2317,2317,399458,131,262,23738,0,0,0,0,0,0,2317,2317,399458,131,262,23738,0,0,0,0,0,0
201999,999,29100, ,La Crosse-Onalaska  WI-MN ,225,225,60442,25,50,8642,4,15,2205,11,251,24938,225,225,60442,25,50,8642,4,15,2205,11,251,24938
201999,999,29420, ,Lake Havasu City-Kingman  AZ ,1049,1049,225506,31,62,5140,0,0,0,0,0,0,1049,1049,225506,31,62,5140,0,0,0,0,0,0
201999,999,29540, ,Lancaster  PA ,985,985,223485,16,32,3967,7,26,3276,18,453,60381,843,843,195480,15,30,3719,7,26,3276,16,350,53813
201999,999,29620, ,Lansing-East Lansing  MI ,613,613,143397,8,16,1742,2,8,877,11,389,49029,476,476,106277,8,16,1742,2,8,877,2,58,9062
201999,999,29700, ,Laredo  TX ,1302,1302,266777,63,126,11790,8,32,3559,22,142,12139,1302,1302,266777,63,126,11790,8,32,3559,22,142,12139
201999,999,30020, ,Lawton  OK ,67,67,13202,0,0,0,0,0,0,0,0,0,64,64,12677,0,0,0,0,0,0,0,0,0
201999,999,30300, ,Lewiston  ID-WA ,99,99,24358,7,14,2663,5,19,1354,3,49,3956,71,71,17870,7,14,2663,5,19,1354,3,49,3956
201999,999,30860, ,Logan  UT-ID ,1064,1064,300602,5,10,1594,16,59,11170,34,546,139897,1015,1015,286483,5,10,1594,16,59,11170,34,546,139897
201999,999,30980, ,Longview  TX ,254,254,46659,3,6,500,1,4,200,2,12,808,226,226,43479,3,6,500,1,4,200,2,12,808
201999,999,31340, ,Lynchburg  VA ,260,260,54992,3,6,590,4,13,2615,14,303,25806,201,201,41743,2,4,400,4,13,2615,13,290,24848
201999,999,31740, ,Manhattan  KS ,262,262,75101,2,4,557,1,3,250,2,67,7854,259,259,74581,2,4,557,1,3,250,2,67,7854
201999,999,33540,C,Missoula  MT ,422,422,94225,11,22,1820,8,30,1400,14,190,17367,422,422,94225,11,22,1820,8,30,1400,14,190,17367
201999,999,36100, ,Ocala  FL ,2349,2349,485693,3,6,266,3,12,450,0,0,0,2349,2349,485693,3,6,266,3,12,450,0,0,0
201999,999,36980, ,Owensboro  KY ,282,282,27209,2,4,234,2,8,365,5,31,2560,282,282,27209,2,4,234,2,8,365,5,31,2560
201999,999,37340, ,Palm Bay-Melbourne-Titusville  FL ,2454,2454,859637,4,8,1912,0,0,0,67,1740,183926,2321,2321,830757,4,8,1912,0,0,0,67,1740,183926
201999,999,37460, ,Panama City  FL ,1274,1274,354259,5,10,1878,0,0,0,69,511,25471,1056,1056,294129,5,10,1878,0,0,0,68,408,12365
201999,999,37900, ,Peoria  IL ,218,218,60931,12,24,2280,3,12,1910,3,54,6800,204,204,57764,12,24,2280,3,12,1910,3,54,6800
201999,999,38340, ,Pittsfield  MA ,77,77,36147,0,0,0,0,0,0,3,199,36077,35,35,16961,0,0,0,0,0,0,2,42,10085
201999,999,38540, ,Pocatello  ID ,285,285,41422,2,4,247,5,20,1160,1,6,450,285,285,41422,2,4,247,5,20,1160,1,6,450
201999,999,39150, ,Prescott Valley-Prescott  AZ ,1588,1588,475532,30,60,8431,5,16,1821,35,516,54347,1533,1533,449314,30,60,8431,5,16,1821,35,516,54347
201999,999,40060, ,Richmond  VA ,4481,4481,901580,87,174,8134,51,196,23556,98,3489,273419,4481,4481,901580,87,174,8134,51,196,23556,98,3489,273419
201999,999,40220, ,Roanoke  VA ,464,464,116105,0,0,0,0,0,0,1,238,29084,262,262,73350,0,0,0,0,0,0,0,0,0
201999,999,41100, ,St. George  UT ,2420,2420,500821,32,64,10001,58,210,31454,32,863,88903,2420,2420,500821,32,64,10001,58,210,31454,32,863,88903
201999,999,41500, ,Salinas  CA ,391,391,121321,2,4,892,4,13,4081,11,72,18626,319,319,97733,2,4,892,4,13,4081,11,72,18626
201999,999,41660,C,San Angelo  TX ,283,283,61492,0,0,0,0,0,0,0,0,0,283,283,61492,0,0,0,0,0,0,0,0,0
201999,999,41740,C,San Diego-Chula Vista-Carlsbad  CA ,3019,3019,964031,55,110,23821,116,406,89352,159,4681,635436,3019,3019,964031,55,110,23821,116,406,89352,159,4681,635436
201999,999,42020, ,San Luis Obispo-Paso Robles  CA ,680,680,190345,4,8,1425,2,6,947,21,400,45442,680,680,190345,4,8,1425,2,6,947,21,400,45442
201999,999,42200, ,Santa Maria-Santa Barbara  CA ,631,631,201311,10,20,4868,18,70,12698,21,454,59261,631,631,201311,10,20,4868,18,70,12698,21,454,59261
201999,999,42540, ,Scranton--Wilkes-Barre  PA ,450,450,112779,5,10,1334,2,7,550,3,61,2534,256,256,64262,4,8,924,1,3,500,2,20,1765
201999,999,42700, ,Sebring-Avon Park  FL ,233,233,52045,10,20,3006,0,0,0,0,0,0,233,233,52045,10,20,3006,0,0,0,0,0,0
201999,999,43100, ,Sheboygan  WI ,127,127,41792,9,18,3412,0,0,0,2,41,4033,127,127,41792,9,18,3412,0,0,0,2,41,4033
201999,999,43420, ,Sierra Vista-Douglas  AZ ,249,249,50293,0,0,0,0,0,0,1,5,483,249,249,50293,0,0,0,0,0,0,1,5,483
201999,999,43580, ,Sioux City  IA-NE-SD ,286,286,70702,3,6,1020,5,16,1215,18,271,30513,177,177,39810,3,6,1020,2,7,1215,18,271,30513
201999,999,43620, ,Sioux Falls  SD ,1376,1376,292947,5,10,1740,7,28,2968,36,705,67366,1358,1358,288742,5,10,1740,6,24,2968,36,705,67366
201999,999,44140, ,Springfield  MA ,461,461,121772,10,20,2578,3,9,792,4,304,46431,262,262,77079,7,14,1515,0,0,0,2,132,16200
201999,999,44180, ,Springfield  MO ,1261,1261,313855,29,58,6543,27,107,11453,5,195,21772,1130,1130,282849,28,56,6343,27,107,11453,4,70,7460
201999,999,44940, ,Sumter  SC ,343,343,47954,8,16,1623,0,0,0,2,48,2500,343,343,47954,8,16,1623,0,0,0,2,48,2500
201999,999,45220, ,Tallahassee  FL ,1070,1070,201074,7,14,1551,0,0,0,45,1261,162013,392,392,66934,0,0,0,0,0,0,0,0,0
201999,999,45300,C,Tampa-St. Petersburg-Clearwater  FL ,14670,14670,3967931,83,166,22004,27,103,9106,194,8601,1076971,14646,14646,3960952,75,150,19764,27,103,9106,183,8546,1062984
201999,999,45460, ,Terre Haute  IN ,63,63,10431,12,24,3159,0,0,0,0,0,0,62,62,10271,12,24,3159,0,0,0,0,0,0
201999,999,45500, ,Texarkana  TX-AR ,80,80,17084,1,2,41,0,0,0,0,0,0,33,33,6736,0,0,0,0,0,0,0,0,0
201999,999,45820, ,Topeka  KS ,301,301,63792,6,12,1540,3,9,842,0,0,0,297,297,63284,5,10,1290,3,9,842,0,0,0
201999,999,46220, ,Tuscaloosa  AL ,630,630,140806,3,6,1425,40,149,9542,14,689,126556,596,596,137519,3,6,1425,40,149,9542,14,689,126556
201999,999,46300, ,Twin Falls  ID ,599,599,107233,17,34,4636,49,196,16394,1,6,534,561,561,103024,16,32,4519,48,192,16394,1,6,534
201999,999,46520,C,Urban Honolulu  HI ,912,912,374115,0,0,0,8,24,15591,45,1343,251514,912,912,374115,0,0,0,8,24,15591,45,1343,251514
201999,999,46540, ,Utica-Rome  NY ,199,199,54976,0,0,0,1,3,225,4,150,29272,147,147,44699,0,0,0,1,3,225,3,47,6097
201999,999,46660, ,Valdosta  GA ,1174,1174,213630,5,10,663,0,0,0,1,92,9036,603,603,118717,0,0,0,0,0,0,0,0,0
201999,999,47300, ,Visalia  CA ,1619,1619,368317,18,36,3038,4,15,1914,13,202,26108,1619,1619,368317,18,36,3038,4,15,1914,13,202,26108
201999,999,47380, ,Waco  TX ,876,876,179307,35,70,5729,0,0,0,23,276,16085,772,772,166103,35,70,5729,0,0,0,23,276,16085
201999,999,47940, ,Waterloo-Cedar Falls  IA ,269,269,70358,6,12,1013,2,8,820,4,200,54467,267,267,69830,6,12,1013,2,8,820,4,200,54467
201999,999,48060, ,Watertown-Fort Drum  NY ,138,138,18837,0,0,0,0,0,0,0,0,0,135,135,18673,0,0,0,0,0,0,0,0,0
201999,999,48300, ,Wenatchee  WA ,632,632,138195,8,16,2935,5,18,2787,13,289,26639,608,608,134067,8,16,2935,5,18,2787,13,289,26639
201999,999,48540, ,Wheeling  WV-OH ,10,10,1114,1,2,90,0,0,0,0,0,0,9,9,1006,1,2,90,0,0,0,0,0,0
201999,999,48660, ,Wichita Falls  TX ,133,133,38467,10,20,1871,0,0,0,2,36,4960,133,133,38467,10,20,1871,0,0,0,2,36,4960
201999,999,48900, ,Wilmington  NC ,1950,1950,533699,12,24,5813,1,3,920,64,1598,190328,1388,1388,447764,11,22,5114,1,3,920,64,1598,190328
201999,999,49420, ,Yakima  WA ,569,569,129660,35,70,11198,10,34,2996,21,370,30665,562,562,128703,35,70,11198,10,34,2996,21,370,30665
201999,999,49740, ,Yuma  AZ ,1200,1200,185466,3,6,586,0,0,0,0,0,0,1200,1200,185466,3,6,586,0,0,0,0,0,0
