Survey,CSA,CBSA,MONCOV,CBSA,,1-unit,,,2-units,,,3-4 units,,,5+ units,,,1-unit rep,,,2-units rep,,,3-4 units rep,,,5+ units rep
Date,Code,Code,,Name,Bldgs,Units,Value,Bldgs,Units,Value,Bldgs,Units,Value,Bldgs,Units,Value,Bldgs,Units,Value,Bldgs,Units,Value,      Bldgs,Units,Value,Bldgs,Units,Value
 
201399,102,18700, ,Corvallis  OR ,133,133,38074,0,0,0,6,22,4568,1,68,4227,133,133,38074,0,0,0,6,22,4568,1,68,4227
201399,104,10580, ,Albany-Schenectady-Troy  NY ,1221,1221,308203,12,24,3118,21,81,7157,57,683,66173,1160,1160,296400,8,16,1736,19,75,6197,53,624,61625
201399,104,24020, ,Glens Falls  NY ,210,210,35659,1,2,227,1,3,286,5,36,2075,193,193,34081,1,2,227,1,3,286,5,36,2075
201399,112,11180, ,Ames  IA ,246,246,60244,0,0,0,1,4,330,27,286,21680,244,244,59936,0,0,0,1,4,330,27,286,21680
201399,118,11540, ,Appleton  WI ,516,516,114206,14,28,3795,7,28,2260,23,257,15515,492,492,109001,13,26,3545,7,28,2260,23,257,15515
201399,118,36780, ,Oshkosh-Neenah  WI ,305,305,66977,4,8,1060,0,0,0,6,74,5183,300,300,65627,4,8,1060,0,0,0,6,74,5183
201399,120,11700, ,Asheville  NC ,1332,1332,306164,0,0,0,0,0,0,12,192,11179,1199,1199,283579,0,0,0,0,0,0,12,192,11179
201399,122,12060,C,Atlanta-Sandy Springs-Marietta  GA ,14824,14824,2791435,25,50,7017,40,157,29525,156,9266,885502,14475,14475,2707484,25,50,7017,40,157,29525,156,9266,885502
201399,122,23580, ,Gainesville  GA ,552,552,97280,0,0,0,0,0,0,0,0,0,552,552,97280,0,0,0,0,0,0,0,0,0
201399,126,12420,C,Austin-Round Rock-San Marcos  TX ,8941,8941,1850157,107,214,27294,53,188,22185,521,11509,927744,8488,8488,1778045,107,214,27294,53,188,22185,352,9785,812036
201399,132,12940, ,Baton Rouge  LA ,3020,3020,610073,2,4,486,0,0,0,3,186,20591,2697,2697,561488,2,4,486,0,0,0,3,186,20591
201399,140,13460,C,Bend  OR ,1204,1204,316959,3,6,988,1,3,822,11,104,10164,1190,1190,313931,3,6,988,1,3,822,11,104,10164
201399,142,13820,C,Birmingham-Hoover  AL ,2016,2016,486654,1,2,201,11,44,4812,33,714,67125,1973,1973,479499,1,2,201,11,44,4812,32,705,66675
201399,148,14460,C,Boston-Cambridge-Quincy  MA-NH ,4953,4953,1382668,145,290,46184,80,272,37656,184,6506,1642423,4489,4489,1274145,140,280,45158,72,247,34809,112,5946,1584343
201399,148,31700, ,Manchester-Nashua  NH ,468,468,98071,11,22,2897,3,11,1884,4,66,6286,451,451,93784,10,20,2517,3,11,1884,4,66,6286
201399,148,39300, ,Providence-New Bedford-Fall River  RI-MA ,1465,1465,298860,42,84,10082,12,40,5354,26,385,48758,1405,1405,288787,31,62,8053,12,40,5354,26,385,48758
201399,148,49340, ,Worcester  MA ,1164,1164,224276,13,26,4934,13,43,5722,3,108,5040,1023,1023,200963,11,22,3834,9,30,3820,3,108,5040
201399,154,15180, ,Brownsville-Harlingen  TX ,1090,1090,113222,60,120,7262,4,16,662,4,37,1384,1022,1022,103599,60,120,7262,4,16,662,4,37,1384
201399,160,15380, ,Buffalo-Niagara Falls  NY ,1016,1016,252621,19,38,4477,12,48,5937,55,832,64011,961,961,243716,7,14,1257,12,48,5937,52,813,61891
201399,164,16020, ,Cape Girardeau-Jackson  MO-IL ,127,127,25873,7,14,1694,0,0,0,4,70,4869,127,127,25873,7,14,1694,0,0,0,4,70,4869
201399,172,16740,C,Charlotte-Gastonia-Rock Hill  NC-SC ,8792,8792,1818021,17,34,3052,33,126,9087,182,5057,374548,8651,8651,1785436,17,34,3052,32,123,8913,180,5015,369848
201399,174,16860, ,Chattanooga  TN-GA ,1264,1264,211887,15,30,1682,1,3,100,37,645,42874,912,912,159155,8,16,1041,1,3,100,20,522,31439
201399,174,17420, ,Cleveland  TN ,409,409,59730,6,12,760,8,30,2054,0,0,0,247,247,32671,6,12,760,5,19,1274,0,0,0
201399,176,16980,C,Chicago-Joliet-Naperville  IL-IN-WI ,7261,7261,1972813,111,222,52515,88,300,49921,198,3844,447158,6919,6919,1883156,107,214,51567,88,300,49921,163,3594,422114
201399,176,28100, ,Kankakee-Bradley  IL ,112,112,18373,0,0,0,0,0,0,0,0,0,112,112,18373,0,0,0,0,0,0,0,0,0
201399,176,33140, ,Michigan City-La Porte  IN ,97,97,20838,0,0,0,4,16,540,0,0,0,80,80,17402,0,0,0,4,16,540,0,0,0
201399,178,17140,C,Cincinnati-Middletown  OH-KY-IN ,3308,3308,712046,26,52,6245,18,68,10524,34,902,70347,3179,3179,690774,26,52,6245,18,68,10524,33,883,69286
201399,184,10420, ,Akron  OH ,666,666,157912,0,0,0,2,8,900,1,16,4500,661,661,157237,0,0,0,2,8,900,1,16,4500
201399,184,17460,C,Cleveland-Elyria-Mentor  OH ,2241,2241,537645,1,2,537,11,37,4288,26,461,45091,2053,2053,516450,1,2,537,9,31,4015,11,373,35758
201399,192,17900,C,Columbia  SC ,3183,3183,575817,0,0,0,0,0,0,25,462,28971,1723,1723,385410,0,0,0,0,0,0,0,0,0
201399,194,12220,C,Auburn-Opelika  AL ,676,676,195239,1,2,190,0,0,0,2,48,14782,676,676,195239,1,2,190,0,0,0,2,48,14782
201399,194,17980, ,Columbus  GA-AL ,752,752,120648,1,2,114,8,28,1272,18,257,20245,424,424,86089,1,2,114,0,0,0,2,56,5000
201399,198,18140,C,Columbus  OH ,3495,3495,784516,71,142,17044,74,274,27183,233,4452,254757,3345,3345,751426,71,142,17044,73,271,26876,233,4452,254757
201399,204,18580, ,Corpus Christi  TX ,1592,1592,272393,2,4,149,0,0,0,58,900,43197,1492,1492,251614,2,4,149,0,0,0,55,867,40659
201399,206,19100,C,Dallas-Fort Worth-Arlington  TX ,21224,21224,5620459,115,230,30582,58,212,25385,382,16244,1196157,20607,20607,5511076,114,228,30213,55,202,24410,363,15571,1144750
201399,206,43300, ,Sherman-Denison  TX ,172,172,30450,6,12,866,1,3,250,8,176,12000,168,168,30016,6,12,866,1,3,250,8,176,12000
201399,212,19380, ,Dayton  OH ,815,815,209236,5,10,1210,0,0,0,2,25,3087,812,812,208900,5,10,1210,0,0,0,2,25,3087
201399,212,44220, ,Springfield  OH ,34,34,7367,4,8,466,1,4,625,1,26,1396,34,34,7367,4,8,466,1,4,625,1,26,1396
201399,216,14500, ,Boulder  CO ,591,591,157970,25,50,8216,7,27,3165,49,957,108839,447,447,125634,25,50,8216,7,27,3165,46,867,103510
201399,216,19740,C,Denver-Aurora-Broomfield  CO ,6965,6965,1839375,143,286,52989,10,36,6161,200,8188,848228,6881,6881,1818500,143,286,52989,10,36,6161,200,8188,848228
201399,216,24540,C,Greeley  CO ,1616,1616,375728,2,4,645,6,23,2935,26,292,25808,1407,1407,320284,2,4,645,6,23,2935,24,282,24020
201399,218,19780,C,Des Moines-West Des Moines  IA ,3307,3307,766319,47,94,10430,4,16,1673,42,1504,177316,3300,3300,764351,47,94,10430,4,16,1673,42,1504,177316
201399,220,11460, ,Ann Arbor  MI ,394,394,99704,0,0,0,2,8,1309,22,356,32761,347,347,85867,0,0,0,2,8,1309,22,356,32761
201399,220,19820,C,Detroit-Warren-Livonia  MI ,5442,5442,1413199,66,132,13893,36,133,11667,41,645,61228,5305,5305,1395356,66,132,13893,32,121,10713,41,645,61228
201399,220,22420, ,Flint  MI ,227,227,45012,0,0,0,0,0,0,0,0,0,222,222,44357,0,0,0,0,0,0,0,0,0
201399,220,33780, ,Monroe  MI ,200,200,39999,0,0,0,0,0,0,0,0,0,175,175,35234,0,0,0,0,0,0,0,0,0
201399,222,20020, ,Dothan  AL ,253,253,60663,0,0,0,0,0,0,11,136,9968,237,237,58589,0,0,0,0,0,0,11,136,9968
201399,232,20740, ,Eau Claire  WI ,335,335,69670,18,36,4156,7,25,2206,15,260,20226,296,296,62085,18,36,4156,6,21,1855,11,223,18250
201399,244,22020, ,Fargo  ND-MN ,1395,1395,268625,1,2,191,3,12,1500,43,1684,120515,1384,1384,265681,1,2,191,3,12,1500,43,1684,120515
201399,252,22540, ,Fond du Lac  WI ,114,114,24594,6,12,1305,1,4,419,10,128,7862,109,109,23639,6,12,1305,1,4,419,10,128,7862
201399,258,23060,C,Fort Wayne  IN ,960,960,201616,30,60,6064,1,4,555,2,11,330,960,960,201616,30,60,6064,1,4,555,2,11,330
201399,260,23420, ,Fresno  CA ,2350,2350,601001,1,2,150,17,61,5064,15,359,24088,1948,1948,529045,1,2,150,8,32,2400,15,359,24088
201399,260,31460, ,Madera-Chowchilla  CA ,215,215,51862,2,4,368,0,0,0,0,0,0,215,215,51862,2,4,368,0,0,0,0,0,0
201399,266,24340,C,Grand Rapids-Wyoming  MI ,1319,1319,294106,20,40,4370,2,8,696,7,114,11558,1212,1212,277085,20,40,4370,2,8,696,7,114,11558
201399,266,26100, ,Holland-Grand Haven  MI ,809,809,176605,1,2,349,0,0,55,11,55,4533,711,711,158242,1,2,349,0,0,55,0,0,0
201399,266,34740, ,Muskegon-Norton Shores  MI ,168,168,30458,8,16,1799,0,0,0,0,0,0,138,138,25152,8,16,1799,0,0,0,0,0,0
201399,268,15500, ,Burlington  NC ,553,553,72885,0,0,0,2,8,863,0,0,0,553,553,72885,0,0,0,2,8,863,0,0,0
201399,268,24660,C,Greensboro-High Point  NC ,1416,1416,346906,1,2,207,0,0,0,32,614,73773,1416,1416,346906,1,2,207,0,0,0,32,614,73773
201399,268,49180, ,Winston-Salem  NC ,1001,1001,161018,0,0,0,0,0,0,16,502,19526,962,962,151629,0,0,0,0,0,0,16,502,19526
201399,273,11340, ,Anderson  SC ,530,530,103743,0,0,0,0,0,0,3,42,4926,530,530,103743,0,0,0,0,0,0,3,42,4926
201399,273,24860,C,Greenville-Mauldin-Easley  SC ,2724,2724,641851,3,6,1714,4,16,1420,33,577,45193,2704,2704,640051,3,6,1714,4,16,1420,33,577,45193
201399,273,43900, ,Spartanburg  SC ,954,954,137319,2,4,264,0,0,0,10,240,9590,938,938,133536,2,4,264,0,0,0,10,240,9590
201399,274,25060, ,Gulfport-Biloxi  MS ,1037,1037,155638,17,34,3506,12,43,4160,19,414,28405,674,674,105879,1,2,200,1,3,145,7,293,18161
201399,274,37700, ,Pascagoula  MS ,286,286,48238,0,0,0,0,0,0,0,0,0,282,282,47452,0,0,0,0,0,0,0,0,0
201399,276,25420, ,Harrisburg-Carlisle  PA ,1331,1331,270687,2,4,420,3,12,1527,26,320,29450,1313,1313,268067,2,4,420,3,12,1527,26,320,29450
201399,276,30140, ,Lebanon  PA ,359,359,65227,2,4,488,2,8,810,7,77,7758,359,359,65227,2,4,488,2,8,810,7,77,7758
201399,278,25540, ,Hartford-West Hartford-East Hartford  CT ,959,959,198654,21,42,3432,19,68,6695,28,410,31965,903,903,188110,21,42,3432,19,68,6695,27,405,31014
201399,288,26420,C,Houston-Sugar Land-Baytown  TX ,34542,34542,5999748,44,88,8235,14,54,6498,475,16649,1387752,30745,30745,5975449,43,86,8051,14,54,6498,451,16471,1377691
201399,290,19460, ,Decatur  AL ,140,140,23048,0,0,0,0,0,0,0,0,0,132,132,21627,0,0,0,0,0,0,0,0,0
201399,290,26620, ,Huntsville  AL ,1944,1944,295808,0,0,0,11,44,3079,12,262,11921,1941,1941,295429,0,0,0,11,44,3079,12,262,11921
201399,292,26820, ,Idaho Falls  ID ,481,481,67068,1,2,167,0,0,0,1,48,4435,479,479,66944,1,2,167,0,0,0,1,48,4435
201399,294,11300, ,Anderson  IN ,93,93,21286,0,0,0,0,0,0,0,0,0,56,56,12370,0,0,0,0,0,0,0,0,0
201399,294,18020, ,Columbus  IN ,241,241,59560,0,0,0,0,0,0,0,0,0,241,241,59560,0,0,0,0,0,0,0,0,0
201399,294,26900,C,Indianapolis-Carmel  IN ,5014,5014,1151504,92,184,17466,20,73,6292,166,2880,211872,4916,4916,1135999,90,180,17055,12,47,5992,166,2880,211872
201399,296,27060, ,Ithaca  NY ,115,115,21174,18,36,3285,0,0,0,12,69,7693,72,72,13368,8,16,1015,0,0,0,0,0,0
201399,297,27180, ,Jackson  TN ,212,212,39798,0,0,0,0,0,0,0,0,0,212,212,39798,0,0,0,0,0,0,0,0,0
201399,298,27140, ,Jackson  MS ,1590,1590,357458,0,0,0,1,3,378,22,240,9988,1498,1498,338062,0,0,0,1,3,378,22,240,9988
201399,304,27740, ,Johnson City  TN ,452,452,68045,3,6,435,7,28,1560,27,358,17234,431,431,65410,3,6,435,7,28,1560,27,358,17234
201399,304,28700, ,Kingsport-Bristol-Bristol  TN-VA ,415,415,73383,1,2,250,0,0,0,0,0,0,410,410,72399,1,2,250,0,0,0,0,0,0
201399,308,27860, ,Jonesboro  AR ,385,385,60200,26,52,3339,33,117,5765,9,103,4100,365,365,58200,26,52,3339,31,111,5578,9,103,4100
201399,312,28140,C,Kansas City  MO-KS ,4229,4229,1064539,72,144,12980,13,52,5104,119,3107,291357,3992,3992,1001149,68,136,11625,13,52,5104,119,3107,291357
201399,314,28940, ,Knoxville  TN ,1869,1869,366032,6,12,993,0,0,0,11,330,35027,1778,1778,349764,6,12,993,0,0,0,11,330,35027
201399,314,34100, ,Morristown  TN ,164,164,31017,4,8,1018,0,0,0,0,0,0,164,164,31017,4,8,1018,0,0,0,0,0,0
201399,316,29020, ,Kokomo  IN ,63,63,11981,4,8,850,0,0,0,3,95,7600,63,63,11981,4,8,850,0,0,0,3,95,7600
201399,318,29180, ,Lafayette  LA ,1399,1399,233462,1,2,171,1,4,396,18,149,8031,950,950,174155,0,0,0,1,4,396,2,12,1336
201399,320,29140, ,Lafayette  IN ,471,471,96204,0,0,0,0,0,0,10,614,35499,469,469,95020,0,0,0,0,0,0,10,614,35499
201399,324,29340, ,Lake Charles  LA ,730,730,152542,51,102,9789,0,0,0,3,324,5235,730,730,152542,51,102,9789,0,0,0,3,324,5235
201399,330,29620, ,Lansing-East Lansing  MI ,508,508,113974,0,0,0,0,0,0,10,475,41995,431,431,100111,0,0,0,0,0,0,9,470,41563
201399,332,29820,C,Las Vegas-Paradise  NV ,7067,7067,1112324,19,38,2672,57,185,13569,89,1283,81505,7067,7067,1112324,19,38,2672,57,185,13569,89,1283,81505
201399,336,30460, ,Lexington-Fayette  KY ,1335,1335,215550,14,28,3752,13,47,5973,13,244,18454,1166,1166,190714,13,26,3610,9,35,4304,7,57,3530
201399,338,30620, ,Lima  OH ,59,59,11121,2,4,267,0,0,0,0,0,0,43,43,8135,2,4,267,0,0,0,0,0,0
201399,340,30780, ,Little Rock-North Little Rock-Conway  AR ,1681,1681,310946,33,66,6289,1,4,400,38,744,53283,1560,1560,300595,33,66,6289,1,4,400,38,744,53283
201399,340,38220, ,Pine Bluff  AR ,101,101,10806,6,12,560,0,0,0,2,24,1467,85,85,8279,2,4,200,0,0,0,0,0,0
201399,346,30980, ,Longview  TX ,258,258,35816,19,38,2751,1,4,400,34,489,36383,80,80,10688,9,18,1380,1,4,400,11,142,17500
201399,348,31100,C,Los Angeles-Long Beach-Santa Ana  CA ,7509,7509,2695214,281,562,111932,123,434,85535,440,16693,2646711,7319,7319,2623444,276,552,108904,116,413,82352,395,16175,2571241
201399,348,37100, ,Oxnard-Thousand Oaks-Ventura  CA ,430,430,147853,2,4,636,16,57,8912,44,510,55977,329,329,121461,2,4,636,11,42,6218,21,249,27616
201399,348,40140,C,Riverside-San Bernardino-Ontario  CA ,6472,6472,1539170,104,208,25562,30,100,15454,200,2568,255900,6275,6275,1505163,104,208,25562,30,100,15454,200,2568,255900
201399,350,21060, ,Elizabethtown  KY ,311,311,50811,5,10,887,0,0,0,17,106,6875,272,272,43097,1,2,150,0,0,0,17,106,6875
201399,350,31140,C,Louisville-Jefferson County  KY-IN ,2551,2551,539799,7,14,1310,17,65,6401,77,1387,55846,2248,2248,482887,5,10,850,17,65,6401,76,1382,55718
201399,352,31180, ,Lubbock  TX ,1009,1009,224528,26,52,5686,0,0,0,78,987,60320,843,843,189930,21,42,4635,0,0,0,69,818,49995
201399,356,31420, ,Macon  GA ,173,173,36209,0,0,0,6,24,6617,12,251,14916,161,161,35282,0,0,0,6,24,6617,12,251,14916
201399,356,47580, ,Warner Robins  GA ,565,565,111357,0,0,0,0,0,0,1,224,10182,561,561,110364,0,0,0,0,0,0,1,224,10182
201399,358,31540,C,Madison  WI ,1212,1212,313231,27,54,7961,10,38,4684,33,1662,180697,1091,1091,290089,22,44,6471,8,32,3900,19,845,78955
201399,360,31900, ,Mansfield  OH ,70,70,13724,0,0,0,0,0,0,0,0,0,70,70,13724,0,0,0,0,0,0,0,0,0
201399,372,33260,C,Midland  TX ,732,732,156776,0,0,0,0,0,0,57,1092,86854,732,732,156776,0,0,0,0,0,0,57,1092,86854
201399,372,36220,C,Odessa  TX ,718,718,138051,8,16,960,0,0,0,24,556,44983,718,718,138051,8,16,960,0,0,0,24,556,44983
201399,376,33340,C,Milwaukee-Waukesha-West Allis  WI ,1275,1275,393990,25,50,7268,5,20,2035,21,604,48087,1228,1228,375053,21,42,5968,5,20,2035,21,604,48087
201399,376,39540, ,Racine  WI ,182,182,48987,14,28,4197,0,0,0,0,0,0,182,182,48987,14,28,4197,0,0,0,0,0,0
201399,378,33460,C,Minneapolis-St. Paul-Bloomington  MN-WI ,7174,7174,2078885,11,22,3713,19,71,10132,65,4766,699940,7084,7084,2048096,11,22,3713,19,71,10132,64,4722,693951
201399,378,41060, ,St. Cloud  MN ,376,376,77325,2,4,683,0,0,0,13,217,16691,297,297,63691,2,4,683,0,0,0,1,63,3601
201399,380,33660, ,Mobile  AL ,624,624,93675,1,2,149,3,12,598,17,234,18211,601,601,90385,1,2,149,3,12,598,17,234,18211
201399,384,33740, ,Monroe  LA ,477,477,87998,53,106,8984,8,25,3930,5,25,2894,304,304,61018,0,0,0,0,0,0,0,0,0
201399,388,33860, ,Montgomery  AL ,744,744,136223,0,0,0,0,0,0,14,110,2691,685,685,132130,0,0,0,0,0,0,0,0,0
201399,396,34820, ,Myrtle Beach-North Myrtle Beach-Conway  SC ,2605,2605,450940,15,30,1845,30,120,11989,26,418,29046,2605,2605,450940,15,30,1845,30,120,11989,26,418,29046
201399,400,34980,C,Nashville-Davidson--Murfreesboro--Franklin  TN ,7020,7020,1685160,102,204,18545,15,53,4211,98,3612,300714,6918,6918,1668379,102,204,18545,15,53,4211,98,3612,300714
201399,406,35380,C,New Orleans-Metairie-Kenner  LA ,2441,2441,540141,73,146,17202,1,3,285,3,26,3773,2132,2132,475493,46,92,12334,1,3,285,1,5,1200
201399,408,14860, ,Bridgeport-Stamford-Norwalk  CT ,870,870,495912,15,30,3950,16,54,7408,27,1547,177174,869,869,495801,14,28,3814,16,54,7408,27,1547,177174
201399,408,28740, ,Kingston  NY ,137,137,36376,3,6,570,2,8,950,0,0,0,133,133,36004,1,2,200,2,8,950,0,0,0
201399,408,35300, ,New Haven-Milford  CT ,460,460,94954,15,30,2979,7,26,3357,24,299,15875,428,428,89903,15,30,2979,7,26,3357,6,138,5968
201399,408,35620,C,New York-Northern New Jersey-Long Island  NY-NJ-PA ,10139,10139,2602095,727,1454,158872,274,885,90402,888,27346,2494108,8543,8543,2244006,675,1350,147542,253,818,80520,580,23720,2214204
201399,408,39100, ,Poughkeepsie-Newburgh-Middletown  NY ,818,818,162332,7,14,1377,5,19,3256,28,302,29335,657,657,141781,6,12,1177,5,19,3256,9,155,17045
201399,408,45940,C,Trenton-Ewing  NJ ,191,191,53724,16,32,684,9,32,1212,44,733,66116,161,161,42752,16,32,684,9,32,1212,32,615,56631
201399,416,36420,C,Oklahoma City  OK ,6359,6359,1306404,54,108,9580,6,24,1368,63,1014,55195,6250,6250,1283896,54,108,9580,6,24,1368,63,1014,55195
201399,420,36540,C,Omaha-Council Bluffs  NE-IA ,3039,3039,574097,24,48,5879,2,7,680,39,1370,95310,3034,3034,573266,24,48,5879,2,7,680,39,1370,95310
201399,422,19660,C,Deltona-Daytona Beach-Ormond Beach  FL ,1290,1290,391798,8,16,1919,1,4,677,8,288,37244,1277,1277,388102,8,16,1919,1,4,677,8,288,37244
201399,422,36740,C,Orlando-Kissimmee-Sanford  FL ,9222,9222,2530650,246,492,92610,24,89,10808,168,5760,617560,9059,9059,2489209,246,492,92610,23,86,10235,167,5755,616390
201399,422,37380,C,Palm Coast  FL ,439,439,138739,0,0,0,21,82,8805,6,32,4888,433,433,136400,0,0,0,21,82,8805,6,32,4888
201399,426,37900, ,Peoria  IL ,538,538,132259,9,18,2522,1,4,500,4,58,3460,520,520,129031,9,18,2522,1,4,500,4,58,3460
201399,428,37980,C,Philadelphia-Camden-Wilmington  PA-NJ-DE-MD ,6252,6252,1065658,129,258,23519,138,477,46336,310,4230,424401,5789,5789,1001667,128,256,23277,138,477,46336,249,3756,397142
201399,428,39740, ,Reading  PA ,344,344,61098,0,0,0,10,40,2796,10,116,9110,344,344,61098,0,0,0,10,40,2796,10,116,9110
201399,428,47220,C,Vineland-Millville-Bridgeton  NJ ,214,214,23887,0,0,0,0,0,0,1,5,666,120,120,12655,0,0,0,0,0,0,0,0,0
201399,430,38300,C,Pittsburgh  PA ,3251,3251,786004,11,22,3214,24,81,8610,70,1209,95012,3027,3027,742383,5,10,1414,14,50,5821,70,1209,95012
201399,438,30340, ,Lewiston-Auburn  ME ,121,121,19844,1,2,200,0,0,0,0,0,0,97,97,16423,1,2,200,0,0,0,0,0,0
201399,438,38860, ,Portland-South Portland-Biddeford  ME ,1485,1485,309735,22,44,4649,7,28,3313,10,261,33027,1351,1351,285562,19,38,4177,7,28,3313,8,251,31956
201399,442,38940,C,Port St. Lucie  FL ,1061,1061,312306,15,30,3094,0,0,0,4,26,3352,1060,1060,311958,15,30,3094,0,0,0,1,11,1149
201399,442,42680,C,Sebastian-Vero Beach  FL ,546,546,201082,0,0,0,0,0,0,1,5,444,546,546,201082,0,0,0,0,0,0,1,5,444
201399,450,20500,C,Durham-Chapel Hill  NC ,1969,1969,421959,3,6,1998,5,20,1294,51,2699,167511,1969,1969,421959,3,6,1998,5,20,1294,51,2699,167511
201399,450,39580,C,Raleigh-Cary  NC ,8034,8034,1632634,5,10,1229,0,0,0,103,3387,203071,8021,8021,1630417,5,10,1229,0,0,0,103,3387,203071
201399,456,39900,C,Reno-Sparks  NV ,1243,1243,324524,5,10,1172,1,4,500,19,463,66353,1234,1234,323038,5,10,1172,1,4,500,19,463,66353
201399,464,40380, ,Rochester  NY ,1043,1043,238445,32,64,8534,9,34,2936,25,151,11095,951,951,215608,30,60,8307,7,28,2278,23,136,9964
201399,466,40420, ,Rockford  IL ,96,96,15171,0,0,0,0,0,0,0,0,0,72,72,11795,0,0,0,0,0,0,0,0,0
201399,472,40900,C,Sacramento--Arden-Arcade--Roseville  CA ,3539,3539,1052645,15,30,3920,6,22,2867,20,598,69858,3518,3518,1047465,15,30,3920,6,22,2867,20,598,69858
201399,472,49700, ,Yuba City  CA ,154,154,30593,0,0,0,0,0,0,6,48,6875,154,154,30593,0,0,0,0,0,0,6,48,6875
201399,474,13020, ,Bay City  MI ,42,42,9409,0,0,0,0,0,0,3,19,1913,35,35,7964,0,0,0,0,0,0,3,19,1913
201399,474,40980, ,Saginaw-Saginaw Township North  MI ,128,128,24861,16,32,3810,0,0,0,2,51,3515,117,117,22342,0,0,0,0,0,0,2,51,3515
201399,476,41180,C,St. Louis  MO-IL ,4646,4646,1053448,22,44,5457,35,129,11847,46,729,54689,4408,4408,1001992,21,42,5117,34,126,11534,32,565,35264
201399,480,41540, ,Salisbury  MD ,138,138,20240,1,2,130,0,0,0,16,594,41326,138,138,20240,1,2,130,0,0,0,16,594,41326
201399,482,36260, ,Ogden-Clearfield  UT ,2150,2150,528989,12,24,3069,27,102,13937,39,416,40955,2013,2013,497924,12,24,3069,21,79,10198,36,379,36759
201399,482,41620,C,Salt Lake City  UT ,3447,3447,850662,31,62,11299,50,182,28714,106,1837,187487,3078,3078,747658,28,56,9351,48,176,27031,92,1711,171393
201399,488,34900, ,Napa  CA ,63,63,28200,9,18,2984,0,0,0,11,134,13352,62,62,27850,9,18,2984,0,0,0,11,134,13352
201399,488,41860,C,San Francisco-Oakland-Fremont  CA ,3659,3659,1303684,66,132,35726,20,73,16577,131,7058,1866034,3494,3494,1248534,57,114,31847,19,70,15978,101,6742,1825908
201399,488,41940,C,San Jose-Sunnyvale-Santa Clara  CA ,1870,1870,674709,16,32,6083,30,104,24150,170,5758,941300,1870,1870,674709,16,32,6083,30,104,24150,170,5758,941300
201399,488,42100, ,Santa Cruz-Watsonville  CA ,173,173,40142,0,0,0,5,17,2179,12,104,13155,81,81,23913,0,0,0,2,7,1031,1,19,5493
201399,488,42220, ,Santa Rosa-Petaluma  CA ,453,453,118975,1,2,566,0,0,0,29,591,65222,453,453,118975,1,2,566,0,0,0,29,591,65222
201399,488,46700, ,Vallejo-Fairfield  CA ,540,540,111289,0,0,0,0,0,0,10,235,21918,540,540,111289,0,0,0,0,0,0,10,235,21918
201399,492,42140,C,Santa Fe  NM ,159,159,31840,0,0,0,1,4,250,4,20,650,114,114,25839,0,0,0,1,4,250,4,20,650
201399,494,35840,C,North Port-Bradenton-Sarasota  FL ,3779,3779,931153,9,18,3483,46,158,26299,44,1468,135846,3663,3663,907910,9,18,3483,45,154,25819,42,1453,134269
201399,494,39460,C,Punta Gorda  FL ,549,549,119098,0,0,0,1,4,613,0,0,0,549,549,119098,0,0,0,1,4,613,0,0,0
201399,496,25980, ,Hinesville-Fort Stewart  GA ,192,192,47747,0,0,0,0,0,0,0,0,0,130,130,37111,0,0,0,0,0,0,0,0,0
201399,496,42340, ,Savannah  GA ,1517,1517,264294,11,22,2056,1,4,200,26,207,11552,1282,1282,237115,11,22,2056,1,4,200,19,168,8420
201399,500,14740, ,Bremerton-Silverdale  WA ,674,674,159289,11,22,3110,0,0,0,12,217,22723,674,674,159289,11,22,3110,0,0,0,12,217,22723
201399,500,34580, ,Mount Vernon-Anacortes  WA ,283,283,55977,0,0,0,0,0,0,0,0,0,130,130,27652,0,0,0,0,0,0,0,0,0
201399,500,36500, ,Olympia  WA ,929,929,236588,0,0,0,1,3,425,18,357,34711,929,929,236588,0,0,0,1,3,425,18,357,34711
201399,500,42660,C,Seattle-Tacoma-Bellevue  WA ,8773,8773,2608443,151,302,56700,84,308,56791,254,10134,1277357,8623,8623,2558243,151,302,56700,84,308,56791,240,10013,1264596
201399,508,43340, ,Shreveport-Bossier City  LA ,1166,1166,211523,0,0,0,0,0,0,22,418,25451,585,585,139016,0,0,0,0,0,0,0,0,0
201399,512,43580, ,Sioux City  IA-NE-SD ,290,290,67195,15,30,2980,0,0,0,1,65,3000,181,181,37948,15,30,2980,0,0,0,1,65,3000
201399,515,21140, ,Elkhart-Goshen  IN ,283,283,58791,2,4,735,0,0,0,1,16,1450,283,283,58791,2,4,735,0,0,0,1,16,1450
201399,515,43780, ,South Bend-Mishawaka  IN-MI ,268,268,68323,1,2,315,0,0,0,11,230,15793,266,266,67790,1,2,315,0,0,0,11,230,15793
201399,532,45060, ,Syracuse  NY ,710,710,133599,7,14,1580,0,0,0,13,322,20802,643,643,122297,7,14,1580,0,0,0,13,322,20802
201399,534,45780, ,Toledo  OH ,732,732,164875,11,22,916,2,8,420,15,112,7576,730,730,164515,11,22,916,2,8,420,15,112,7576
201399,538,46140,C,Tulsa  OK ,3008,3008,600078,17,34,3755,17,67,4930,33,616,40077,2997,2997,598843,17,34,3755,17,67,4930,33,616,40077
201399,540,46340, ,Tyler  TX ,373,373,96307,0,0,0,0,0,0,0,0,0,290,290,86973,0,0,0,0,0,0,0,0,0
201399,548,12580,C,Baltimore-Towson  MD ,4617,4617,893993,55,110,20713,14,51,6758,76,3291,315023,4617,4617,893993,55,110,20713,14,51,6758,76,3291,315023
201399,548,47900,C,Washington-Arlington-Alexandria  DC-VA-MD-WV ,13274,13274,2660305,65,130,11295,9,36,3054,211,10593,879281,12571,12571,2506389,56,112,10047,9,36,3054,204,10211,846884
201399,548,49020, ,Winchester  VA-WV ,421,421,83319,0,0,0,0,0,0,0,0,0,421,421,83319,0,0,0,0,0,0,0,0,0
201399,554,48140, ,Wausau  WI ,228,228,50931,0,0,0,6,24,2130,3,36,1800,211,211,48376,0,0,0,6,24,2130,3,36,1800
201399,556,48620, ,Wichita  KS ,1163,1163,227295,79,158,17462,4,15,2098,7,168,9015,1070,1070,213830,70,140,16145,4,15,2098,6,150,7686
201399,558,48700, ,Williamsport  PA ,123,123,23443,8,16,2135,0,0,0,0,0,0,123,123,23443,8,16,2135,0,0,0,0,0,0
201399,564,49620, ,York-Hanover  PA ,744,744,124464,2,4,404,15,55,5644,11,125,7035,744,744,124464,2,4,404,15,55,5644,11,125,7035
201399,566,49660, ,Youngstown-Warren-Boardman  OH-PA ,344,344,70552,0,0,0,3,12,1641,0,0,0,332,332,67839,0,0,0,3,12,1641,0,0,0
201399,999,10180, ,Abilene  TX ,292,292,62475,7,14,1035,0,0,0,0,0,0,284,284,61764,1,2,165,0,0,0,0,0,0
201399,999,10500, ,Albany  GA ,222,222,26577,11,22,1651,1,3,153,2,10,375,15,15,2975,0,0,0,0,0,0,0,0,0
201399,999,10740,C,Albuquerque  NM ,1456,1456,282950,6,12,1539,21,77,6434,84,1061,74083,597,597,133274,1,2,123,4,15,1235,84,1061,74083
201399,999,10780, ,Alexandria  LA ,340,340,62835,27,54,3978,0,0,0,1,8,750,124,124,27321,27,54,3978,0,0,0,1,8,750
201399,999,10900,C,Allentown-Bethlehem-Easton  PA-NJ ,1139,1139,220647,4,8,564,11,39,5638,19,164,11115,996,996,200256,4,8,564,11,39,5638,10,92,8006
201399,999,11020, ,Altoona  PA ,93,93,20483,1,2,100,0,0,0,1,6,225,92,92,20299,1,2,100,0,0,0,1,6,225
201399,999,11100, ,Amarillo  TX ,624,624,151558,4,8,750,0,0,0,39,266,11773,623,623,150808,4,8,750,0,0,0,39,266,11773
201399,999,11260,C,Anchorage  AK ,500,500,150468,14,28,4001,7,28,5097,3,20,4328,492,492,149041,14,28,4001,7,28,5097,3,20,4328
201399,999,11500, ,Anniston-Oxford  AL ,59,59,9300,0,0,0,0,0,0,0,0,0,51,51,8300,0,0,0,0,0,0,0,0,0
201399,999,12020, ,Athens-Clarke County  GA ,698,698,135437,10,20,2392,0,0,0,12,361,45952,694,694,134113,10,20,2392,0,0,0,12,361,45952
201399,999,12100,C,Atlantic City-Hammonton  NJ ,397,397,74836,3,6,1060,2,8,152,12,73,15478,284,284,61767,2,4,977,2,8,152,1,6,760
201399,999,12260, ,Augusta-Richmond County  GA-SC ,2386,2386,423069,4,8,1017,1,3,400,2,24,1084,1877,1877,336590,1,2,477,0,0,0,2,24,1084
201399,999,12540, ,Bakersfield-Delano  CA ,1795,1795,350256,36,72,4556,8,26,2542,38,425,38980,885,885,153963,35,70,4387,1,3,281,14,180,17406
201399,999,12620, ,Bangor  ME ,240,240,38385,2,4,590,2,7,515,0,0,0,208,208,33946,2,4,590,2,7,515,0,0,0
201399,999,12700, ,Barnstable Town  MA ,425,425,169949,2,4,710,16,59,8831,13,108,15565,290,290,121414,2,4,710,14,53,8231,1,40,6278
201399,999,12980, ,Battle Creek  MI ,47,47,10699,0,0,0,0,0,0,0,0,0,44,44,10102,0,0,0,0,0,0,0,0,0
201399,999,13140, ,Beaumont-Port Arthur  TX ,600,600,109266,2,4,478,0,0,0,0,0,0,575,575,105219,2,4,478,0,0,0,0,0,0
201399,999,13380, ,Bellingham  WA ,568,568,134647,15,30,3792,17,62,7325,10,339,40771,553,553,129267,9,18,2556,17,62,7325,9,313,36799
201399,999,13740, ,Billings  MT ,974,974,208045,11,22,2584,2,8,1063,47,1098,121766,974,974,208045,11,22,2584,2,8,1063,47,1098,121766
201399,999,13780, ,Binghamton  NY ,109,109,17559,1,2,150,0,0,0,0,0,0,107,107,17241,1,2,150,0,0,0,0,0,0
201399,999,13900, ,Bismarck  ND ,1158,1158,226576,13,26,2801,16,62,12127,23,845,67777,1134,1134,221076,13,26,2801,16,62,12127,23,845,67777
201399,999,13980, ,Blacksburg-Christiansburg-Radford  VA ,295,295,52806,8,16,1941,0,0,0,7,187,12900,295,295,52806,8,16,1941,0,0,0,7,187,12900
201399,999,14020, ,Bloomington  IN ,172,172,31180,14,28,2867,0,0,0,39,316,25161,172,172,31180,14,28,2867,0,0,0,39,316,25161
201399,999,14060, ,Bloomington-Normal  IL ,393,393,71891,0,0,0,0,0,0,15,281,20676,195,195,32320,0,0,0,0,0,0,2,109,11608
201399,999,14260,C,Boise City-Nampa  ID ,3522,3522,818607,8,16,2209,26,103,7332,34,724,48660,3522,3522,818607,8,16,2209,26,103,7332,34,724,48660
201399,999,14540, ,Bowling Green  KY ,378,378,72719,2,4,250,10,40,3410,13,107,5045,378,378,72719,2,4,250,10,40,3410,13,107,5045
201399,999,15260, ,Brunswick  GA ,444,444,115792,0,0,0,0,0,0,0,0,0,73,73,20391,0,0,0,0,0,0,0,0,0
201399,999,15540, ,Burlington-South Burlington  VT ,381,381,83958,27,54,7148,11,35,3900,14,288,27318,307,307,70644,26,52,6740,11,35,3900,12,276,26395
201399,999,15940, ,Canton-Massillon  OH ,495,495,96050,4,8,700,18,68,3065,10,65,5642,464,464,92685,4,8,700,18,68,3065,4,35,3338
201399,999,15980,C,Cape Coral-Fort Myers  FL ,2531,2531,629612,33,66,5306,37,142,31231,56,437,110119,2531,2531,629612,33,66,5306,37,142,31231,56,437,110119
201399,999,16180,C,Carson City  NV ,36,36,10657,2,4,640,0,0,0,0,0,0,36,36,10657,2,4,640,0,0,0,0,0,0
201399,999,16220, ,Casper  WY ,357,357,69264,0,0,0,0,0,0,9,246,16094,350,350,67865,0,0,0,0,0,0,9,246,16094
201399,999,16300, ,Cedar Rapids  IA ,625,625,79058,26,52,4075,21,77,6048,6,195,18821,620,620,78461,26,52,4075,21,77,6048,6,195,18821
201399,999,16580, ,Champaign-Urbana  IL ,300,300,67328,2,4,1041,2,8,674,21,402,34456,295,295,66584,2,4,1041,2,8,674,21,402,34456
201399,999,16620, ,Charleston  WV ,222,222,39956,11,22,3060,7,27,1491,19,217,10860,190,190,35844,11,22,3060,7,27,1491,19,217,10860
201399,999,16700,C,Charleston-North Charleston-Summerville  SC ,3779,3779,926410,8,16,1137,5,20,3185,66,1602,115853,3181,3181,829524,8,16,1137,5,20,3185,49,1251,98267
201399,999,16820, ,Charlottesville  VA ,657,657,146680,12,24,2750,0,0,0,6,325,40178,629,629,139215,12,24,2750,0,0,0,6,325,40178
201399,999,16940, ,Cheyenne  WY ,410,410,69962,2,4,1062,17,68,3910,6,156,12148,410,410,69962,2,4,1062,17,68,3910,6,156,12148
201399,999,17020, ,Chico  CA ,307,307,67990,8,16,2085,5,19,2115,19,178,18550,307,307,67990,8,16,2085,5,19,2115,19,178,18550
201399,999,17300, ,Clarksville  TN-KY ,1256,1256,161947,36,72,5180,14,56,2675,40,458,23781,1237,1237,160598,36,72,5180,14,56,2675,40,458,23781
201399,999,17660, ,Coeur dAlene  ID ,826,826,178639,20,40,4776,0,0,0,36,411,35471,794,794,173516,20,40,4776,0,0,0,33,367,32008
201399,999,17780, ,College Station-Bryan  TX ,773,773,131721,14,28,3247,5,20,1631,22,804,55997,767,767,130963,14,28,3247,5,20,1631,22,804,55997
201399,999,17820,C,Colorado Springs  CO ,2885,2885,1128351,9,18,3160,0,0,0,32,684,85450,2885,2885,1128351,9,18,3160,0,0,0,32,684,85450
201399,999,17860, ,Columbia  MO ,836,836,181356,18,36,3348,3,11,1190,11,349,42874,836,836,181356,18,36,3348,3,11,1190,11,349,42874
201399,999,18880, ,Crestview-Fort Walton Beach-Destin  FL ,645,645,179090,0,0,0,0,0,0,16,400,20801,645,645,179090,0,0,0,0,0,0,16,400,20801
201399,999,19060, ,Cumberland  MD-WV ,69,69,13454,0,0,0,0,0,0,1,20,1000,69,69,13454,0,0,0,0,0,0,1,20,1000
201399,999,19140,C,Dalton  GA ,69,69,9887,0,0,0,0,0,0,0,0,0,20,20,3831,0,0,0,0,0,0,0,0,0
201399,999,19180, ,Danville  IL ,2,2,260,0,0,0,0,0,0,1,19,980,2,2,260,0,0,0,0,0,0,1,19,980
201399,999,19260, ,Danville  VA ,151,151,21450,2,4,120,2,6,120,7,35,2066,12,12,1717,0,0,0,0,0,0,0,0,0
201399,999,19340, ,Davenport-Moline-Rock Island  IA-IL ,510,510,107206,10,20,2756,7,25,2920,5,62,7013,502,502,105858,7,14,1931,7,25,2920,5,62,7013
201399,999,19500, ,Decatur  IL ,67,67,13383,0,0,0,0,0,0,1,12,600,62,62,13045,0,0,0,0,0,0,1,12,600
201399,999,20100,C,Dover  DE ,823,823,110428,4,8,852,1,4,317,7,54,2734,823,823,110428,4,8,852,1,4,317,7,54,2734
201399,999,20220, ,Dubuque  IA ,325,325,58552,7,14,1243,0,0,0,0,0,0,325,325,58552,7,14,1243,0,0,0,0,0,0
201399,999,20260, ,Duluth  MN-WI ,354,354,72187,6,12,1424,0,0,0,5,106,12800,316,316,64227,6,12,1424,0,0,0,5,106,12800
201399,999,20940, ,El Centro  CA ,297,297,56162,0,0,0,0,0,0,1,6,842,241,241,45035,0,0,0,0,0,0,1,6,842
201399,999,21300, ,Elmira  NY ,52,52,17107,0,0,0,0,0,0,2,29,1873,44,44,15146,0,0,0,0,0,0,0,0,0
201399,999,21340, ,El Paso  TX ,2613,2613,400020,41,82,7985,116,463,40760,70,939,89491,2610,2610,399945,41,82,7985,116,463,40760,70,939,89491
201399,999,21500, ,Erie  PA ,258,258,45015,14,28,2286,1,3,340,6,178,9850,258,258,45015,14,28,2286,1,3,340,6,178,9850
201399,999,21660, ,Eugene-Springfield  OR ,506,506,116814,7,14,1866,19,71,8078,15,658,34081,364,364,80521,7,14,1866,19,71,8078,15,658,34081
201399,999,21780, ,Evansville  IN-KY ,648,648,112825,17,34,2789,2,8,840,8,154,9135,583,583,102479,17,34,2789,2,8,840,8,154,9135
201399,999,21820,C,Fairbanks  AK ,56,56,10298,0,0,0,0,0,0,0,0,0,1,1,189,0,0,0,0,0,0,0,0,0
201399,999,22140,C,Farmington  NM ,155,155,34031,0,0,0,0,0,0,0,0,0,155,155,34031,0,0,0,0,0,0,0,0,0
201399,999,22180, ,Fayetteville  NC ,1269,1269,218867,0,0,0,0,0,0,32,621,41208,1269,1269,218867,0,0,0,0,0,0,32,621,41208
201399,999,22220, ,Fayetteville-Springdale-Rogers  AR-MO ,2252,2252,535731,20,40,5293,10,40,4800,7,53,2963,2216,2216,528529,20,40,5293,10,40,4800,7,53,2963
201399,999,22380, ,Flagstaff  AZ ,294,294,58055,4,8,1044,1,3,146,10,54,7358,292,292,57571,4,8,1044,1,3,146,10,54,7358
201399,999,22500, ,Florence  SC ,362,362,54408,12,24,1084,5,16,1819,2,10,600,78,78,12751,0,0,0,0,0,0,0,0,0
201399,999,22520, ,Florence-Muscle Shoals  AL ,208,208,26418,1,2,90,1,4,165,15,119,3927,96,96,12927,1,2,90,1,4,165,8,60,2329
201399,999,22660,C,Fort Collins-Loveland  CO ,1489,1489,371471,9,18,3336,8,30,4604,30,840,93517,1489,1489,371471,9,18,3336,8,30,4604,30,840,93517
201399,999,22900, ,Fort Smith  AR-OK ,384,384,65233,40,80,7046,5,19,2117,9,128,6539,287,287,56000,37,74,6536,3,11,1437,9,128,6539
201399,999,23460, ,Gadsden  AL ,75,75,15004,0,0,0,0,0,0,0,0,0,66,66,13717,0,0,0,0,0,0,0,0,0
201399,999,23540, ,Gainesville  FL ,558,558,95964,1,2,309,0,0,0,18,240,14704,450,450,74753,1,2,309,0,0,0,0,0,0
201399,999,24140, ,Goldsboro  NC ,273,273,47226,2,4,307,0,0,0,0,0,0,273,273,47226,2,4,307,0,0,0,0,0,0
201399,999,24220, ,Grand Forks  ND-MN ,274,274,58790,2,4,400,0,0,0,31,830,67673,234,234,51026,2,4,400,0,0,0,31,830,67673
201399,999,24300,C,Grand Junction  CO ,440,440,98248,1,2,381,0,0,0,0,0,0,440,440,98248,1,2,381,0,0,0,0,0,0
201399,999,24500, ,Great Falls  MT ,143,143,35218,2,4,659,0,0,0,0,0,0,143,143,35218,2,4,659,0,0,0,0,0,0
201399,999,24580, ,Green Bay  WI ,719,719,146331,7,14,1152,4,16,960,56,521,28987,503,503,111873,5,10,762,4,16,960,45,461,26305
201399,999,24780, ,Greenville  NC ,412,412,64670,26,52,4233,0,0,0,13,128,7557,412,412,64670,26,52,4233,0,0,0,13,128,7557
201399,999,25180, ,Hagerstown-Martinsburg  MD-WV ,848,848,148431,3,6,918,0,0,0,3,68,6139,848,848,148431,3,6,918,0,0,0,3,68,6139
201399,999,25260, ,Hanford-Corcoran  CA ,250,250,38264,0,0,0,0,0,0,1,5,500,250,250,38264,0,0,0,0,0,0,1,5,500
201399,999,25500,C,Harrisonburg  VA ,470,470,70082,4,8,1130,0,0,0,0,0,0,470,470,70082,4,8,1130,0,0,0,0,0,0
201399,999,25620, ,Hattiesburg  MS ,99,99,23148,3,6,516,26,102,2681,0,0,0,85,85,20506,0,0,0,0,0,0,0,0,0
201399,999,25860, ,Hickory-Lenoir-Morganton  NC ,426,426,91244,1,2,275,0,0,0,0,0,0,426,426,91244,1,2,275,0,0,0,0,0,0
201399,999,26180,C,Honolulu  HI ,1137,1137,360944,1,2,400,5,18,2184,32,1484,281778,1137,1137,360944,1,2,400,5,18,2184,32,1484,281778
201399,999,26300, ,Hot Springs  AR ,41,41,9672,0,0,0,0,0,0,0,0,0,41,41,9672,0,0,0,0,0,0,0,0,0
201399,999,26380, ,Houma-Bayou Cane-Thibodaux  LA ,562,562,135767,3,6,300,0,0,0,1,6,462,562,562,135767,3,6,300,0,0,0,1,6,462
201399,999,26580, ,Huntington-Ashland  WV-KY-OH ,164,164,18751,10,20,1393,27,96,4444,3,41,2718,158,158,17983,9,18,1311,27,96,4444,3,41,2718
201399,999,26980, ,Iowa City  IA ,515,515,121821,6,12,1704,4,14,1743,19,528,90399,502,502,120031,6,12,1704,4,14,1743,19,528,90399
201399,999,27100, ,Jackson  MI ,91,91,15128,0,0,0,0,0,0,2,54,4670,57,57,10920,0,0,0,0,0,0,2,54,4670
201399,999,27260,C,Jacksonville  FL ,6281,6281,1494475,15,30,3275,5,17,1870,31,1030,84993,6228,6228,1481693,15,30,3275,5,17,1870,30,1025,83989
201399,999,27340, ,Jacksonville  NC ,1332,1332,167602,4,8,270,5,17,705,36,301,12845,1332,1332,167602,4,8,270,5,17,705,36,301,12845
201399,999,27500, ,Janesville  WI ,114,114,21697,11,22,2281,0,0,0,1,6,420,95,95,18450,11,22,2281,0,0,0,1,6,420
201399,999,27620, ,Jefferson City  MO ,240,240,46417,11,22,2211,4,13,1135,0,0,0,90,90,15069,3,6,517,2,7,580,0,0,0
201399,999,27780, ,Johnstown  PA ,70,70,13301,0,0,0,0,0,0,0,0,0,70,70,13301,0,0,0,0,0,0,0,0,0
201399,999,27900, ,Joplin  MO ,363,363,39978,10,20,1365,1,4,477,8,79,4063,333,333,38052,10,20,1365,1,4,477,7,70,3500
201399,999,28020, ,Kalamazoo-Portage  MI ,511,511,123788,9,18,4348,1,4,480,1,36,3102,374,374,104337,9,18,4348,1,4,480,1,36,3102
201399,999,28420, ,Kennewick-Pasco-Richland  WA ,1085,1085,287441,70,140,14624,0,0,0,2,80,9364,1038,1038,277073,70,140,14624,0,0,0,2,80,9364
201399,999,28660, ,Killeen-Temple-Fort Hood  TX ,2114,2114,318803,73,146,10824,3,10,575,11,184,14587,2114,2114,318803,73,146,10824,3,10,575,11,184,14587
201399,999,29100, ,La Crosse  WI-MN ,294,294,63311,7,14,1560,1,3,300,4,173,15767,294,294,63311,7,14,1560,1,3,300,4,173,15767
201399,999,29420, ,Lake Havasu City-Kingman  AZ ,454,454,91145,5,10,576,0,0,0,0,0,0,454,454,91145,5,10,576,0,0,0,0,0,0
201399,999,29460,C,Lakeland-Winter Haven  FL ,1994,1994,400133,3,6,752,2,8,748,3,26,2563,1971,1971,397397,3,6,752,2,8,748,3,26,2563
201399,999,29540, ,Lancaster  PA ,980,980,166484,20,40,5373,6,22,3171,8,216,19009,955,955,163513,20,40,5373,6,22,3171,6,203,18196
201399,999,29700,C,Laredo  TX ,915,915,133713,1,2,147,9,31,1481,15,675,42191,0,0,0,0,0,0,0,0,0,0,0,0
201399,999,29740,C,Las Cruces  NM ,677,677,135297,0,0,0,0,0,0,7,107,7820,677,677,135297,0,0,0,0,0,0,7,107,7820
201399,999,29940, ,Lawrence  KS ,215,215,50031,0,0,0,0,0,0,23,374,18047,213,213,49791,0,0,0,0,0,0,23,374,18047
201399,999,30020, ,Lawton  OK ,159,159,30551,5,10,980,0,0,0,0,0,0,148,148,27949,5,10,980,0,0,0,0,0,0
201399,999,30300, ,Lewiston  ID-WA ,60,60,14722,6,12,1320,1,3,269,0,0,0,60,60,14722,6,12,1320,1,3,269,0,0,0
201399,999,30700, ,Lincoln  NE ,1052,1052,208364,3,6,801,0,0,0,19,529,18572,159,159,31961,2,4,641,0,0,0,4,56,3848
201399,999,30860, ,Logan  UT-ID ,379,379,73008,0,0,0,16,58,5677,23,233,27737,319,319,63595,0,0,0,4,16,2155,5,82,12989
201399,999,31020, ,Longview  WA ,155,155,30831,2,4,430,0,0,0,5,36,2108,155,155,30831,2,4,430,0,0,0,5,36,2108
201399,999,31340, ,Lynchburg  VA ,687,687,130556,2,4,190,0,0,0,9,298,22549,687,687,130556,2,4,190,0,0,0,9,298,22549
201399,999,31740, ,Manhattan  KS ,496,496,99720,3,6,862,1,4,701,3,61,5946,353,353,78633,3,6,862,1,4,701,3,61,5946
201399,999,31860, ,Mankato-North Mankato  MN ,291,291,57768,8,16,1638,7,26,2055,11,173,17599,283,283,56097,8,16,1638,6,23,1800,11,173,17599
201399,999,32580,C,McAllen-Edinburg-Mission  TX ,2545,2545,269947,145,290,11482,73,286,15757,9,173,7719,2516,2516,267978,145,290,11482,73,286,15757,9,173,7719
201399,999,32780, ,Medford  OR ,555,555,121973,1,2,320,0,0,0,5,87,7901,551,551,121320,1,2,320,0,0,0,5,87,7901
201399,999,32820,C,Memphis  TN-MS-AR ,2468,2468,439792,23,46,6292,31,113,14561,18,1023,71343,2167,2167,396557,23,46,6292,31,113,14561,18,1023,71343
201399,999,32900, ,Merced  CA ,99,99,30011,0,0,0,0,0,0,9,55,6117,99,99,30011,0,0,0,0,0,0,8,49,5585
201399,999,33100,C,Miami-Fort Lauderdale-Pompano Beach  FL ,6369,6369,1850278,53,106,12466,22,82,11140,346,13364,1327557,6252,6252,1805589,53,106,12466,22,82,11140,327,12999,1202237
201399,999,33540,C,Missoula  MT ,251,251,38663,6,12,580,8,29,1039,11,277,11363,245,245,37311,6,12,580,8,29,1039,11,277,11363
201399,999,33700, ,Modesto  CA ,280,280,60728,0,0,0,0,0,0,5,39,2639,272,272,59840,0,0,0,0,0,0,5,39,2639
201399,999,34060, ,Morgantown  WV ,27,27,4787,0,0,0,0,0,0,7,110,6081,24,24,4233,0,0,0,0,0,0,7,110,6081
201399,999,34620, ,Muncie  IN ,58,58,11369,0,0,0,0,0,0,2,226,17660,56,56,11239,0,0,0,0,0,0,2,226,17660
201399,999,34940,C,Naples-Marco Island  FL ,1760,1760,617854,1,2,290,37,142,24259,40,774,64448,1760,1760,617854,1,2,290,37,142,24259,40,774,64448
201399,999,35660, ,Niles-Benton Harbor  MI ,146,146,47723,1,2,85,0,0,0,1,43,3348,146,146,47723,1,2,85,0,0,0,1,43,3348
201399,999,35980, ,Norwich-New London  CT ,326,326,68737,11,22,3830,4,12,695,2,12,1104,279,279,60920,11,22,3830,4,12,695,2,12,1104
201399,999,36100,C,Ocala  FL ,588,588,112975,0,0,0,10,37,2151,1,5,292,588,588,112975,0,0,0,10,37,2151,1,5,292
201399,999,36140,C,Ocean City  NJ ,468,468,132063,85,170,28771,3,10,1067,1,10,695,450,450,128174,84,168,28331,3,10,1067,1,10,695
201399,999,36980, ,Owensboro  KY ,243,243,33815,19,38,1876,0,0,0,11,240,15800,242,242,33645,19,38,1876,0,0,0,11,240,15800
201399,999,37340,C,Palm Bay-Melbourne-Titusville  FL ,1349,1349,412252,0,0,0,0,0,0,2,24,4335,1349,1349,412252,0,0,0,0,0,0,2,24,4335
201399,999,37460, ,Panama City-Lynn Haven-Panama City Beach  FL ,488,488,85285,9,18,1032,0,0,0,14,86,3865,485,485,85025,9,18,1032,0,0,0,14,86,3865
201399,999,37620, ,Parkersburg-Marietta-Vienna  WV-OH ,88,88,15502,2,4,340,0,0,0,0,0,0,76,76,13439,2,4,340,0,0,0,0,0,0
201399,999,37860,C,Pensacola-Ferry Pass-Brent  FL ,1865,1865,272401,3,6,340,1,4,210,6,256,15356,1865,1865,272401,3,6,340,1,4,210,6,256,15356
201399,999,38060,C,Phoenix-Mesa-Glendale  AZ ,12959,12959,3345561,64,128,18290,55,201,25933,261,5449,734035,12959,12959,3345561,64,128,18290,55,201,25933,261,5449,734035
201399,999,38340, ,Pittsfield  MA ,99,99,27381,0,0,0,0,0,0,0,0,0,66,66,18962,0,0,0,0,0,0,0,0,0
201399,999,38540, ,Pocatello  ID ,172,172,22853,0,0,0,0,0,0,0,0,0,118,118,17331,0,0,0,0,0,0,0,0,0
201399,999,38900,C,Portland-Vancouver-Hillsboro  OR-WA ,5717,5717,1498249,49,98,13852,15,53,4388,231,5862,539995,5689,5689,1491758,49,98,13852,15,53,4388,231,5862,539995
201399,999,39140, ,Prescott  AZ ,841,841,196838,10,20,1953,0,0,0,0,0,0,841,841,196838,10,20,1953,0,0,0,0,0,0
201399,999,39340, ,Provo-Orem  UT ,2675,2675,667093,15,30,3338,15,59,8572,65,659,78494,2669,2669,664488,15,30,3338,15,59,8572,65,659,78494
201399,999,39380,C,Pueblo  CO ,158,158,28886,0,0,0,0,0,0,0,0,0,158,158,28886,0,0,0,0,0,0,0,0,0
201399,999,39660, ,Rapid City  SD ,527,527,88290,2,4,1161,0,0,0,17,425,33816,527,527,88290,2,4,1161,0,0,0,17,425,33816
201399,999,39820, ,Redding  CA ,204,204,39876,0,0,0,0,0,0,0,0,0,204,204,39876,0,0,0,0,0,0,0,0,0
201399,999,40060,C,Richmond  VA ,3555,3555,667137,15,30,2905,14,54,6338,54,1366,77911,3532,3532,663408,15,30,2905,14,54,6338,54,1366,77911
201399,999,40220, ,Roanoke  VA ,476,476,100081,2,4,230,0,0,0,3,205,13070,476,476,100081,2,4,230,0,0,0,3,205,13070
201399,999,40340, ,Rochester  MN ,594,594,147848,0,0,0,1,4,701,1,40,5395,580,580,145189,0,0,0,1,4,701,1,40,5395
201399,999,40580, ,Rocky Mount  NC ,188,188,34368,3,6,678,0,0,0,8,56,4331,188,188,34368,3,6,678,0,0,0,8,56,4331
201399,999,40660, ,Rome  GA ,53,53,11466,0,0,0,0,0,0,1,9,584,50,50,11040,0,0,0,0,0,0,0,0,0
201399,999,41100, ,St. George  UT ,1835,1835,345906,6,12,1743,2,8,636,5,30,1779,1832,1832,344976,6,12,1743,2,8,636,5,30,1779
201399,999,41140, ,St. Joseph  MO-KS ,114,114,21372,1,2,242,2,7,420,0,0,0,112,112,21005,1,2,242,2,7,420,0,0,0
201399,999,41420, ,Salem  OR ,646,646,145320,6,12,1900,0,0,0,21,292,28042,625,625,139295,6,12,1900,0,0,0,21,292,28042
201399,999,41500, ,Salinas  CA ,190,190,51610,2,4,1233,2,6,574,28,236,28673,179,179,44291,2,4,1233,2,6,574,28,236,28673
201399,999,41660,C,San Angelo  TX ,326,326,58848,0,0,0,0,0,0,16,200,9800,326,326,58848,0,0,0,0,0,0,16,200,9800
201399,999,41700,C,San Antonio-New Braunfels  TX ,5827,5827,1180251,62,124,12289,0,0,0,17,177,21247,5202,5202,1086712,61,122,12154,0,0,0,6,116,8248
201399,999,41740,C,San Diego-Carlsbad-San Marcos  CA ,2565,2565,916834,38,76,13409,80,258,43154,134,5365,815045,2565,2565,916834,38,76,13409,80,258,43154,134,5365,815045
201399,999,41780, ,Sandusky  OH ,80,80,17177,0,0,0,0,0,0,0,0,0,65,65,14514,0,0,0,0,0,0,0,0,0
201399,999,42020, ,San Luis Obispo-Paso Robles  CA ,495,495,167601,5,10,1134,4,13,1462,20,129,18945,456,456,161438,5,10,1134,3,10,940,20,129,18945
201399,999,42060, ,Santa Barbara-Santa Maria-Goleta  CA ,370,370,119606,6,12,1454,1,4,300,1,19,2067,366,366,119023,6,12,1454,1,4,300,1,19,2067
201399,999,42540, ,Scranton--Wilkes-Barre  PA ,429,429,93210,4,8,701,4,14,1302,3,65,3493,386,386,85246,4,8,701,4,14,1302,3,65,3493
201399,999,43100, ,Sheboygan  WI ,93,93,24239,3,6,665,0,0,0,0,0,0,74,74,18625,1,2,145,0,0,0,0,0,0
201399,999,43620, ,Sioux Falls  SD ,1330,1330,207232,3,6,948,13,52,4596,41,1021,83036,1317,1317,204676,3,6,948,13,52,4596,41,1021,83036
201399,999,44060, ,Spokane  WA ,1299,1299,375148,38,76,11599,5,17,2158,16,242,23543,1164,1164,352224,24,48,7732,5,17,2158,14,206,21457
201399,999,44100, ,Springfield  IL ,276,276,60341,26,52,7531,1,4,170,1,8,750,161,161,40605,24,48,7031,1,4,170,0,0,0
201399,999,44140, ,Springfield  MA ,461,461,106928,19,38,5021,1,4,679,6,41,4453,386,386,90349,16,32,4266,1,4,679,0,0,0
201399,999,44180, ,Springfield  MO ,1098,1098,198853,6,12,660,0,0,0,33,865,38248,860,860,161623,2,4,200,0,0,0,3,48,4115
201399,999,44300, ,State College  PA ,428,428,77450,7,14,1467,10,39,4049,23,296,18578,420,420,75865,7,14,1467,10,39,4049,23,296,18578
201399,999,44600, ,Steubenville-Weirton  OH-WV ,35,35,5745,0,0,0,4,16,741,0,0,0,30,30,5146,0,0,0,4,16,741,0,0,0
201399,999,44700,C,Stockton  CA ,1062,1062,266842,1,2,265,0,0,0,9,70,7265,1058,1058,265368,1,2,265,0,0,0,9,70,7265
201399,999,44940,C,Sumter  SC ,299,299,31602,0,0,0,0,0,0,15,284,14495,299,299,31602,0,0,0,0,0,0,15,284,14495
201399,999,45220, ,Tallahassee  FL ,628,628,117682,6,12,938,0,0,0,15,640,50339,605,605,114851,6,12,938,0,0,0,15,640,50339
201399,999,45300,C,Tampa-St. Petersburg-Clearwater  FL ,7314,7314,2338890,42,84,11887,47,161,18217,147,4593,360917,7289,7289,2333379,42,84,11887,47,161,18217,145,4565,357983
201399,999,45460, ,Terre Haute  IN ,105,105,19523,4,8,455,6,24,1656,6,132,12025,86,86,17284,3,6,330,6,24,1656,6,132,12025
201399,999,45500, ,Texarkana  TX-Texarkana  AR ,93,93,14500,9,18,840,0,0,0,1,16,570,93,93,14500,9,18,840,0,0,0,1,16,570
201399,999,45820, ,Topeka  KS ,272,272,50671,5,10,860,0,0,0,0,0,0,271,271,50571,5,10,860,0,0,0,0,0,0
201399,999,46060,C,Tucson  AZ ,2623,2623,649072,16,32,1574,2,6,597,41,830,97564,2101,2101,549724,0,0,0,0,0,0,0,0,0
201399,999,46220, ,Tuscaloosa  AL ,585,585,133341,6,12,1402,1,3,426,37,426,62397,581,581,132924,6,12,1402,1,3,426,37,426,62397
201399,999,46540, ,Utica-Rome  NY ,206,206,40973,1,2,300,3,12,1025,2,133,4500,175,175,35461,1,2,300,3,12,1025,2,133,4500
201399,999,46660, ,Valdosta  GA ,405,405,50626,12,24,1584,0,0,0,1,8,420,405,405,50626,12,24,1584,0,0,0,1,8,420
201399,999,47020, ,Victoria  TX ,222,222,43109,2,4,299,1,4,80,23,428,27734,208,208,41992,2,4,299,0,0,0,23,428,27734
201399,999,47260,C,Virginia Beach-Norfolk-Newport News  VA-NC ,4104,4104,817573,3,6,752,16,58,6700,139,3209,226303,3980,3980,800778,3,6,752,16,58,6700,133,3139,223878
201399,999,47300, ,Visalia-Porterville  CA ,870,870,178074,6,12,1050,10,30,4933,5,34,1567,822,822,170944,6,12,1050,10,30,4933,5,34,1567
201399,999,47380, ,Waco  TX ,611,611,109479,18,36,2913,0,0,0,3,29,2633,607,607,108709,18,36,2913,0,0,0,3,29,2633
201399,999,47940, ,Waterloo-Cedar Falls  IA ,345,345,69138,9,18,2826,3,12,2138,6,56,5098,260,260,59238,8,16,2626,3,12,2138,4,46,3916
201399,999,48300, ,Wenatchee-East Wenatchee  WA ,386,386,74525,4,8,1015,0,0,0,1,312,23152,386,386,74525,4,8,1015,0,0,0,1,312,23152
201399,999,48540, ,Wheeling  WV-OH ,33,33,5607,1,2,311,4,15,2117,0,0,0,11,11,2087,0,0,0,2,8,1028,0,0,0
201399,999,48660, ,Wichita Falls  TX ,115,115,22917,0,0,0,0,0,0,9,102,10899,115,115,22917,0,0,0,0,0,0,9,102,10899
201399,999,48900,C,Wilmington  NC ,3141,3141,711419,3,6,1047,6,23,3451,19,887,114378,3133,3133,708839,3,6,1047,6,23,3451,19,887,114378
201399,999,49420, ,Yakima  WA ,300,300,66915,10,20,2399,1,4,407,5,34,3418,270,270,62507,10,20,2399,1,4,407,5,34,3418
201399,999,49740, ,Yuma  AZ ,670,670,102919,2,4,331,0,0,0,0,0,0,574,574,95616,2,4,331,0,0,0,0,0,0
