Survey,CSA,CBSA,MONCOV,CBSA,,1-unit,,,2-units,,,3-4 units,,,5+ units,,,1-unit rep,,,2-units rep,,,3-4 units rep,,,5+ units rep
Date,Code,Code,,Name,Bldgs,Units,Value,Bldgs,Units,Value,Bldgs,Units,Value,Bldgs,Units,Value,Bldgs,Units,Value,Bldgs,Units,Value,      Bldgs,Units,Value,Bldgs,Units,Value
 
201599,104,10580, ,Albany-Schenectady-Troy  NY ,1185,1185,290937,35,70,9077,64,236,28086,142,2132,263338,1077,1077,269110,31,62,7327,62,230,26886,120,1918,248839
201599,104,24020, ,Glens Falls  NY ,203,203,38179,3,6,840,1,4,100,9,168,22082,203,203,38179,3,6,840,1,4,100,9,168,22082
201599,106,10740,C,Albuquerque  NM ,2012,2012,415784,6,12,1700,14,52,4360,12,219,17627,1324,1324,294434,0,0,0,0,0,0,2,169,15544
201599,106,42140,C,Santa Fe  NM ,110,110,26627,0,0,0,0,0,0,0,0,0,90,90,22019,0,0,0,0,0,0,0,0,0
201599,108,11100, ,Amarillo  TX ,564,564,149948,2,4,478,0,0,0,30,312,24737,564,564,149948,2,4,478,0,0,0,30,312,24737
201599,118,11540, ,Appleton  WI ,568,568,133445,16,32,3688,7,28,2656,43,491,32487,547,547,128750,14,28,3188,7,28,2656,43,491,32487
201599,118,36780, ,Oshkosh-Neenah  WI ,303,303,75403,13,26,3582,1,3,488,18,378,27091,303,303,75403,13,26,3582,1,3,488,18,378,27091
201599,120,11700, ,Asheville  NC ,1794,1794,448253,0,0,0,0,0,0,27,367,36199,1459,1459,375789,0,0,0,0,0,0,16,302,18015
201599,122,12020, ,Athens-Clarke County  GA ,562,562,125721,3,6,780,0,0,0,28,591,56900,439,439,105444,3,6,780,0,0,0,28,591,56900
201599,122,12060, ,Atlanta-Sandy Springs-Roswell  GA ,19995,19995,4087785,15,30,5850,45,167,30462,192,10150,1194737,19574,19574,3994725,15,30,5850,45,167,30462,179,9784,1156315
201599,122,23580, ,Gainesville  GA ,906,906,154900,2,4,210,4,12,1284,4,24,2300,906,906,154900,2,4,210,4,12,1284,4,24,2300
201599,140,13460, ,Bend-Redmond  OR ,1550,1550,406169,27,54,11540,0,0,0,22,623,55732,1525,1525,400268,27,54,11540,0,0,0,22,623,55732
201599,142,13820, ,Birmingham-Hoover  AL ,2414,2414,585974,0,0,0,4,16,1135,26,1303,116929,2292,2292,559664,0,0,0,4,16,1135,26,1303,116929
201599,144,14020,C,Bloomington  IN ,269,269,63009,5,10,1252,0,0,0,6,116,12508,269,269,63009,5,10,1252,0,0,0,6,116,12508
201599,145,14010, ,Bloomington  IL ,245,245,40859,5,10,725,2,7,652,6,134,8467,240,240,39934,5,10,725,2,7,652,6,134,8467
201599,146,14100,C,Bloomsburg-Berwick  PA ,135,135,27561,0,0,0,0,0,0,2,55,8605,125,125,25677,0,0,0,0,0,0,2,55,8605
201599,147,14260,C,Boise City  ID ,4295,4295,1011039,3,6,692,86,340,22451,47,858,75397,4255,4255,1005718,3,6,692,86,340,22451,47,858,75397
201599,148,12700, ,Barnstable Town  MA ,550,550,193476,5,10,1300,2,6,1600,1,6,2400,449,449,165575,5,10,1300,2,6,1600,1,6,2400
201599,148,14460, ,Boston-Cambridge-Newton  MA-NH ,4844,4844,1348461,205,410,65796,99,319,49533,258,9463,1795247,4271,4271,1210471,186,372,60870,86,277,45107,150,8247,1654149
201599,148,31700, ,Manchester-Nashua  NH ,557,557,119490,10,20,2689,1,4,220,10,340,49402,521,521,111013,10,20,2689,1,4,220,10,340,49402
201599,148,39300,C,Providence-Warwick  RI-MA ,1482,1482,322171,44,88,10966,16,56,8177,12,192,17657,1387,1387,304180,44,88,10966,16,56,8177,12,192,17657
201599,148,49340, ,Worcester  MA-CT ,1152,1152,242109,12,24,3681,4,13,1584,3,196,17976,847,847,185233,10,20,2931,3,10,1264,2,182,17323
201599,150,14540, ,Bowling Green  KY ,546,546,110606,34,68,3745,12,48,2990,34,485,23078,544,544,110306,32,64,3445,11,44,2690,34,485,23078
201599,154,15180, ,Brownsville-Harlingen  TX ,1129,1129,126519,29,58,3942,4,15,960,10,83,11710,1034,1034,113367,29,58,3942,4,15,960,10,83,11710
201599,160,15380, ,Buffalo-Cheektowaga-Niagara Falls  NY ,992,992,258722,12,24,3206,3,12,1894,44,649,66741,916,916,245282,10,20,2492,3,12,1894,32,578,57740
201599,162,15980, ,Cape Coral-Fort Myers  FL ,3819,3819,985866,13,26,2026,48,192,41137,168,2842,351953,3819,3819,985866,13,26,2026,48,192,41137,168,2842,351953
201599,162,34940, ,Naples-Immokalee-Marco Island  FL ,3078,3078,1016948,3,6,2023,65,253,43313,38,723,213414,3078,3078,1016948,3,6,2023,65,253,43313,38,723,213414
201599,164,16020, ,Cape Girardeau  MO-IL ,119,119,27884,5,10,1975,0,0,0,7,50,5000,42,42,10139,5,10,1975,0,0,0,7,50,5000
201599,168,16300, ,Cedar Rapids  IA ,703,703,89768,54,108,9963,15,57,4676,11,205,10437,699,699,89328,54,108,9963,15,57,4676,11,205,10437
201599,168,26980, ,Iowa City  IA ,483,483,117091,40,80,12280,15,57,7805,20,707,69771,441,441,110120,40,80,12280,15,57,7805,20,707,69771
201599,170,16620, ,Charleston  WV ,90,90,17012,10,20,2652,10,38,2599,14,135,8482,59,59,11101,6,12,1541,5,20,1550,2,20,1490
201599,170,26580, ,Huntington-Ashland  WV-KY-OH ,200,200,38414,4,8,345,19,72,6233,2,11,1700,164,164,32172,4,8,345,19,72,6233,2,11,1700
201599,172,16740, ,Charlotte-Concord-Gastonia  NC-SC ,12389,12389,2997387,40,80,11410,50,198,15540,236,6876,626239,11178,11178,2720885,32,64,10357,50,198,15540,205,6372,578553
201599,174,16860, ,Chattanooga  TN-GA ,1532,1532,286125,3,6,601,5,17,1454,29,538,36825,1449,1449,271256,3,6,601,5,17,1454,24,508,34097
201599,174,17420, ,Cleveland  TN ,439,439,73363,6,12,1179,17,66,4677,7,215,13126,279,279,44636,5,10,989,15,58,4041,6,198,12478
201599,174,19140, ,Dalton  GA ,149,149,25413,0,0,0,0,0,0,1,10,850,38,38,8575,0,0,0,0,0,0,0,0,0
201599,176,16980, ,Chicago-Naperville-Elgin  IL-IN-WI ,7676,7676,2208192,96,192,28267,173,600,91107,216,7345,1254394,7223,7223,2100226,88,176,26372,173,600,91107,195,7223,1247747
201599,176,28100, ,Kankakee  IL ,89,89,16974,0,0,0,0,0,0,0,0,0,88,88,16739,0,0,0,0,0,0,0,0,0
201599,176,33140, ,Michigan City-La Porte  IN ,99,99,29441,5,10,300,0,0,0,1,50,10000,98,98,29306,5,10,300,0,0,0,1,50,10000
201599,178,17140, ,Cincinnati  OH-KY-IN ,3477,3477,794990,20,40,4250,30,108,16205,77,1036,75135,3396,3396,781990,20,40,4250,30,108,16205,75,1026,74278
201599,184,10420, ,Akron  OH ,792,792,192844,2,4,350,3,12,1500,1,159,15000,693,693,170248,2,4,350,3,12,1500,1,159,15000
201599,184,15940, ,Canton-Massillon  OH ,405,405,94423,3,6,606,22,84,6514,12,63,4356,363,363,89532,3,6,606,19,75,6053,3,18,900
201599,184,17460, ,Cleveland-Elyria  OH ,2533,2533,633210,24,48,933,7,28,1700,26,329,22494,2269,2269,593988,3,6,711,7,28,1700,26,329,22494
201599,190,17860,C,Columbia  MO ,771,771,177659,13,26,2289,4,13,956,20,623,79685,771,771,177659,13,26,2289,4,13,956,20,623,79685
201599,192,17900, ,Columbia  SC ,3678,3678,692641,31,62,6972,1,4,360,32,898,56638,2013,2013,441034,31,62,6972,1,4,360,9,446,31125
201599,194,12220, ,Auburn-Opelika  AL ,826,826,239947,6,12,734,0,0,0,0,0,0,826,826,239947,6,12,734,0,0,0,0,0,0
201599,194,17980, ,Columbus  GA-AL ,604,604,127076,1,2,114,0,0,0,25,638,52895,592,592,126001,1,2,114,0,0,0,25,638,52895
201599,198,18140, ,Columbus  OH ,3523,3523,946140,36,72,8625,69,258,30904,159,3702,380994,3331,3331,905445,32,64,7821,67,252,30344,158,3684,379819
201599,204,18580, ,Corpus Christi  TX ,1607,1607,294344,2,4,470,37,148,15600,22,394,30826,1488,1488,282664,2,4,470,37,148,15600,22,394,30826
201599,206,19100, ,Dallas-Fort Worth-Arlington  TX ,29038,29038,8181801,113,226,32879,76,276,29390,538,27606,2322219,28606,28606,8089906,109,218,31650,75,272,28922,531,26987,2283926
201599,206,43300, ,Sherman-Denison  TX ,322,322,43348,6,12,723,0,0,0,1,6,280,322,322,43348,5,10,578,0,0,0,1,6,280
201599,209,19340, ,Davenport-Moline-Rock Island  IA-IL ,431,431,94390,4,8,1045,4,14,1185,24,298,26016,425,425,92977,2,4,445,4,14,1185,24,298,26016
201599,212,19380, ,Dayton  OH ,857,857,240576,10,20,1839,6,21,2180,13,82,9135,730,730,212535,10,20,1839,6,21,2180,13,82,9135
201599,212,44220, ,Springfield  OH ,61,61,16507,1,2,64,0,0,0,0,0,0,61,61,16507,1,2,64,0,0,0,0,0,0
201599,216,14500, ,Boulder  CO ,768,768,269166,28,56,9202,12,42,7219,22,383,68526,644,644,247132,0,0,0,4,16,4171,12,332,60987
201599,216,19740, ,Denver-Aurora-Lakewood  CO ,9324,9324,2580962,83,166,34042,44,158,28810,130,8678,1096653,9316,9316,2568972,83,166,34042,44,158,28810,130,8678,1096653
201599,216,24540, ,Greeley  CO ,2624,2624,619661,8,16,2398,7,26,4625,48,520,54270,2472,2472,582870,8,16,2398,7,26,4625,48,520,54270
201599,218,11180, ,Ames  IA ,196,196,53132,1,2,330,1,3,600,15,354,43577,193,193,52645,1,2,330,1,3,600,15,354,43577
201599,218,19780, ,Des Moines-West Des Moines  IA ,3374,3374,876918,151,302,27656,4,15,2034,64,2016,263645,3348,3348,870004,151,302,27656,4,15,2034,64,2016,263645
201599,220,11460, ,Ann Arbor  MI ,390,390,102804,0,0,0,0,0,0,3,30,1974,278,278,74659,0,0,0,0,0,0,3,30,1974
201599,220,19820, ,Detroit-Warren-Dearborn  MI ,5192,5192,1418938,46,92,13161,40,149,17481,127,1871,226451,4985,4985,1354987,43,86,12891,32,123,15733,127,1871,226451
201599,220,22420, ,Flint  MI ,345,345,73997,9,18,2558,0,0,0,5,50,5048,219,219,45669,9,18,2558,0,0,0,5,50,5048
201599,220,33780, ,Monroe  MI ,243,243,46254,2,4,491,0,0,0,6,44,3174,203,203,38840,2,4,491,0,0,0,6,44,3174
201599,222,20020, ,Dothan  AL ,311,311,70947,2,4,541,0,0,0,1,12,501,268,268,62811,2,4,541,0,0,0,0,0,0
201599,232,20740, ,Eau Claire  WI ,400,400,84786,19,38,3655,4,13,1299,15,226,17383,354,354,75519,19,38,3655,1,4,510,6,181,14980
201599,236,21300, ,Elmira  NY ,46,46,16774,0,0,0,0,0,0,4,32,3370,23,23,3772,0,0,0,0,0,0,4,32,3370
201599,238,21340,C,El Paso  TX ,2518,2518,404522,32,64,5195,11,40,3814,112,1869,189525,2514,2514,404422,32,64,5195,11,40,3814,112,1869,189525
201599,238,29740,C,Las Cruces  NM ,719,719,144183,1,2,314,8,28,4950,1,11,800,719,719,144183,1,2,314,8,28,4950,1,11,800
201599,240,21500, ,Erie  PA ,192,192,39349,4,8,756,2,7,750,2,60,3000,192,192,39349,4,8,756,2,7,750,2,60,3000
201599,244,22020, ,Fargo  ND-MN ,1359,1359,302258,2,4,550,6,19,2927,46,1337,111880,1358,1358,302178,2,4,550,6,19,2927,46,1337,111880
201599,246,22180,C,Fayetteville  NC ,889,889,159341,1,2,20,0,0,0,20,495,91417,889,889,159341,1,2,20,0,0,0,20,495,91417
201599,258,23060, ,Fort Wayne  IN ,990,990,237287,11,22,3408,4,15,888,25,328,27804,990,990,237287,11,22,3408,4,15,888,25,328,27804
201599,260,23420,C,Fresno  CA ,2053,2053,557424,2,4,507,1,3,221,24,262,23624,1903,1903,519848,2,4,507,1,3,221,24,262,23624
201599,260,31460, ,Madera  CA ,211,211,57569,0,0,0,0,0,0,0,0,0,211,211,57569,0,0,0,0,0,0,0,0,0
201599,264,23540, ,Gainesville  FL ,623,623,111255,5,10,1289,0,0,0,33,581,36473,495,495,85382,5,10,1289,0,0,0,11,297,19073
201599,266,24340, ,Grand Rapids-Wyoming  MI ,2495,2495,636208,28,56,7140,5,15,2175,58,1106,123697,2161,2161,568659,22,44,5536,5,15,2175,41,868,110073
201599,266,34740, ,Muskegon  MI ,241,241,45234,0,0,0,0,0,0,0,0,0,236,236,44226,0,0,0,0,0,0,0,0,0
201599,267,24580, ,Green Bay  WI ,656,656,150997,15,30,4140,2,6,874,25,326,21373,472,472,118444,13,26,3870,1,3,694,21,302,19904
201599,268,15500, ,Burlington  NC ,736,736,100858,1,2,280,1,4,75,9,290,20833,715,715,97343,0,0,0,1,4,75,9,290,20833
201599,268,24660,C,Greensboro-High Point  NC ,1658,1658,398954,0,0,0,0,0,0,28,554,67580,1548,1548,375564,0,0,0,0,0,0,22,390,51644
201599,268,49180, ,Winston-Salem  NC ,1602,1602,307721,4,8,1501,1,4,172,17,430,13444,1597,1597,306537,4,8,1501,1,4,172,17,430,13444
201599,273,24860, ,Greenville-Anderson-Mauldin  SC ,3782,3782,890600,10,20,1674,3,12,697,79,2082,202373,3745,3745,882205,10,20,1674,3,12,697,79,2082,202373
201599,273,43900, ,Spartanburg  SC ,1418,1418,240082,0,0,0,0,0,0,0,0,0,1379,1379,231603,0,0,0,0,0,0,0,0,0
201599,274,24780, ,Greenville  NC ,352,352,59617,32,64,5236,0,0,0,2,122,8355,349,349,59407,32,64,5236,0,0,0,2,122,8355
201599,276,23900,C,Gettysburg  PA ,218,218,49506,0,0,0,1,4,245,3,18,750,218,218,49506,0,0,0,1,4,245,3,18,750
201599,276,25420, ,Harrisburg-Carlisle  PA ,1195,1195,249808,2,4,240,3,11,1691,26,405,23841,1189,1189,248091,1,2,120,3,11,1691,24,395,22525
201599,276,30140, ,Lebanon  PA ,347,347,54217,0,0,0,0,0,0,2,37,5845,335,335,52251,0,0,0,0,0,0,2,37,5845
201599,276,49620, ,York-Hanover  PA ,707,707,132269,1,2,177,4,16,1939,3,53,3185,689,689,128355,1,2,177,4,16,1939,3,53,3185
201599,277,25500,C,Harrisonburg  VA ,401,401,79381,1,2,283,1,3,71,0,0,0,397,397,78884,0,0,0,1,3,71,0,0,0
201599,277,44420, ,Staunton-Waynesboro  VA ,287,287,46144,0,0,0,0,0,0,0,0,0,287,287,46144,0,0,0,0,0,0,0,0,0
201599,278,25540,C,Hartford-West Hartford-East Hartford  CT ,788,788,170219,10,20,1765,4,14,1658,46,760,79508,720,720,153719,10,20,1765,4,14,1658,25,595,66218
201599,278,35980, ,Norwich-New London  CT ,238,238,57343,1,2,142,1,4,765,11,287,50265,194,194,49866,1,2,142,1,4,765,10,222,44155
201599,280,25860, ,Hickory-Lenoir-Morganton  NC ,538,538,121172,13,26,1907,0,0,0,17,241,17005,534,534,120616,13,26,1907,0,0,0,17,241,17005
201599,284,26300, ,Hot Springs  AR ,59,59,9869,0,0,0,0,0,0,0,0,0,59,59,9869,0,0,0,0,0,0,0,0,0
201599,288,26420, ,Houston-The Woodlands-Sugar Land  TX ,36786,36786,6671572,110,220,23694,30,97,11627,646,19798,1859489,28741,28741,5870448,107,214,23360,29,94,11177,607,19382,1836190
201599,290,19460, ,Decatur  AL ,131,131,20490,0,0,0,2,8,440,0,0,0,121,121,18714,0,0,0,2,8,440,0,0,0
201599,290,26620,C,Huntsville  AL ,2121,2121,331097,2,4,1070,4,16,340,21,466,26323,2117,2117,330592,2,4,1070,4,16,340,21,466,26323
201599,292,26820, ,Idaho Falls  ID ,682,682,102889,6,12,1110,0,0,0,5,168,8600,672,672,101440,6,12,1110,0,0,0,5,168,8600
201599,294,18020, ,Columbus  IN ,233,233,52630,0,0,0,0,0,0,0,0,0,233,233,52630,0,0,0,0,0,0,0,0,0
201599,294,26900, ,Indianapolis-Carmel-Anderson  IN ,5172,5172,1327545,53,106,17328,29,98,12307,201,3359,549818,4981,4981,1290383,49,98,16160,26,89,11408,200,3338,548205
201599,294,34620, ,Muncie  IN ,46,46,10089,0,0,0,0,0,0,0,0,0,23,23,4578,0,0,0,0,0,0,0,0,0
201599,296,27060, ,Ithaca  NY ,138,138,27414,16,32,2636,0,0,0,14,109,10911,131,131,26476,16,32,2636,0,0,0,3,43,3553
201599,298,27140, ,Jackson  MS ,1569,1569,361513,0,0,0,0,0,0,0,0,0,1388,1388,322179,0,0,0,0,0,0,0,0,0
201599,300,27260,C,Jacksonville  FL ,7253,7253,1820515,19,38,4391,15,60,13891,81,2320,218311,7243,7243,1817141,19,38,4391,15,60,13891,81,2320,218311
201599,304,27740, ,Johnson City  TN ,547,547,89759,2,4,400,2,7,500,12,131,6255,528,528,86616,2,4,400,2,7,500,11,105,4276
201599,304,28700, ,Kingsport-Bristol-Bristol  TN-VA ,419,419,74828,4,8,1112,0,0,0,24,278,13069,408,408,73673,4,8,1112,0,0,0,24,278,13069
201599,306,27780, ,Johnstown  PA ,47,47,12406,0,0,0,0,0,0,0,0,0,40,40,10659,0,0,0,0,0,0,0,0,0
201599,308,27860, ,Jonesboro  AR ,402,402,59441,18,36,2576,12,44,2265,0,0,0,377,377,56941,18,36,2576,10,38,2078,0,0,0
201599,309,27900, ,Joplin  MO ,445,445,46185,15,30,1886,2,8,480,7,48,2720,384,384,39177,6,12,720,2,8,480,7,48,2720
201599,310,12980, ,Battle Creek  MI ,59,59,9584,0,0,0,0,0,0,0,0,0,45,45,6891,0,0,0,0,0,0,0,0,0
201599,310,28020, ,Kalamazoo-Portage  MI ,501,501,129178,23,46,8148,7,28,5394,2,48,5243,470,470,122241,23,46,8148,7,28,5394,2,48,5243
201599,312,28140, ,Kansas City  MO-KS ,4547,4547,1185626,103,206,19662,73,280,30120,146,3921,439100,4494,4494,1170484,102,204,19380,71,273,29086,146,3921,439100
201599,312,29940, ,Lawrence  KS ,372,372,75600,0,0,0,3,9,700,4,458,49750,339,339,65587,0,0,0,3,9,700,4,458,49750
201599,312,41140, ,St. Joseph  MO-KS ,94,94,16404,2,4,350,1,4,300,13,109,10417,91,91,16154,2,4,350,1,4,300,13,109,10417
201599,314,28940, ,Knoxville  TN ,2592,2592,490140,2,4,200,0,0,0,15,464,45571,2347,2347,457645,0,0,0,0,0,0,5,254,31759
201599,314,34100, ,Morristown  TN ,186,186,44212,1,2,275,0,0,0,0,0,0,70,70,12081,1,2,275,0,0,0,0,0,0
201599,316,29020, ,Kokomo  IN ,166,166,23702,71,142,10460,0,0,0,3,133,14300,166,166,23702,71,142,10460,0,0,0,3,133,14300
201599,318,29180, ,Lafayette  LA ,1973,1973,423405,6,12,1299,6,20,1085,14,478,36915,1964,1964,422070,6,12,1299,4,14,1085,14,478,36915
201599,320,29200, ,Lafayette-West Lafayette  IN ,475,475,100231,12,24,4320,0,0,0,1,28,2588,475,475,100231,12,24,4320,0,0,0,1,28,2588
201599,330,29620, ,Lansing-East Lansing  MI ,496,496,119635,1,2,276,5,18,1974,14,540,86345,437,437,106684,1,2,276,4,14,1974,14,540,86345
201599,332,29420, ,Lake Havasu City-Kingman  AZ ,626,626,127114,5,10,904,0,0,0,0,0,0,626,626,127114,5,10,904,0,0,0,0,0,0
201599,332,29820, ,Las Vegas-Henderson-Paradise  NV ,7805,7805,1181228,16,32,3412,6,21,2628,201,2747,220276,7805,7805,1181228,16,32,3412,6,21,2628,201,2747,220276
201599,336,30460,C,Lexington-Fayette  KY ,1381,1381,231263,13,26,3959,7,22,2913,41,777,44356,783,783,141745,3,6,742,1,4,800,24,444,24495
201599,338,30620, ,Lima  OH ,64,64,13916,0,0,0,4,13,2185,0,0,0,41,41,9207,0,0,0,2,6,610,0,0,0
201599,339,30700, ,Lincoln  NE ,1090,1090,227893,2,4,500,0,0,0,42,1454,153393,624,624,130765,2,4,500,0,0,0,30,991,109880
201599,340,30780, ,Little Rock-North Little Rock-Conway  AR ,1487,1487,267530,26,52,4124,6,18,1082,54,1142,56671,1336,1336,253599,26,52,4124,6,18,1082,54,1142,56671
201599,340,38220, ,Pine Bluff  AR ,21,21,3226,5,10,500,0,0,0,0,0,0,21,21,3226,5,10,500,0,0,0,0,0,0
201599,346,30980, ,Longview  TX ,221,221,33718,4,8,595,1,4,180,1,15,5200,221,221,33718,4,8,595,1,4,180,1,15,5200
201599,348,31080, ,Los Angeles-Long Beach-Anaheim  CA ,8447,8447,3201262,431,862,162979,137,454,90034,550,24271,3893760,8183,8183,3058143,409,818,149517,133,442,86445,522,24028,3868351
201599,348,37100, ,Oxnard-Thousand Oaks-Ventura  CA ,678,678,248427,4,8,1690,26,83,15820,35,664,84547,446,446,166342,4,8,1690,14,43,9478,18,261,36991
201599,348,40140, ,Riverside-San Bernardino-Ontario  CA ,7816,7816,1937714,58,116,18173,31,114,15138,153,1880,179605,7179,7179,1806562,58,116,18173,31,114,15138,132,1741,170469
201599,350,21060, ,Elizabethtown-Fort Knox  KY ,280,280,47163,14,28,2572,0,0,0,0,0,0,280,280,47163,14,28,2572,0,0,0,0,0,0
201599,350,31140, ,Louisville-Jefferson County  KY-IN ,2734,2734,570287,31,62,6817,22,80,2851,67,1103,87840,2587,2587,544261,28,56,6452,22,80,2851,48,957,78849
201599,352,31180, ,Lubbock  TX ,958,958,244190,32,64,5997,2,8,600,56,826,56346,944,944,242449,32,64,5997,2,8,600,56,826,56346
201599,356,31420, ,Macon  GA ,245,245,48700,0,0,0,18,72,5400,0,0,0,244,244,48495,0,0,0,18,72,5400,0,0,0
201599,356,47580, ,Warner Robins  GA ,748,748,145598,0,0,0,0,0,0,38,300,17215,716,716,140638,0,0,0,0,0,0,38,300,17215
201599,357,27500, ,Janesville-Beloit  WI ,184,184,41147,16,32,3960,0,0,0,0,0,0,149,149,35305,9,18,2546,0,0,0,0,0,0
201599,357,31540, ,Madison  WI ,1406,1406,414718,29,58,8520,23,82,10337,45,1952,243747,1356,1356,399597,29,58,8520,18,67,8249,33,1654,216498
201599,358,31740, ,Manhattan  KS ,340,340,83561,5,10,1231,0,0,0,10,146,12891,333,333,82447,5,10,1231,0,0,0,10,146,12891
201599,359,31860, ,Mankato-North Mankato  MN ,245,245,54372,3,6,540,34,136,11323,22,421,35391,235,235,52635,0,0,0,34,136,11323,22,421,35391
201599,360,31900, ,Mansfield  OH ,62,62,15906,0,0,0,0,0,0,0,0,0,62,62,15906,0,0,0,0,0,0,0,0,0
201599,365,32580,C,McAllen-Edinburg-Mission  TX ,2929,2929,516258,139,278,13099,29,107,10701,45,992,80683,2830,2830,506127,139,278,13099,29,107,10701,45,992,80683
201599,366,24420, ,Grants Pass  OR ,173,173,38673,7,14,1803,0,0,0,8,50,5040,173,173,38673,7,14,1803,0,0,0,8,50,5040
201599,366,32780, ,Medford  OR ,604,604,145619,10,20,2855,3,11,1948,5,82,9006,604,604,145619,10,20,2855,3,11,1948,5,82,9006
201599,368,32820, ,Memphis  TN-MS-AR ,2573,2573,506043,4,8,389,0,0,0,40,1370,91479,2438,2438,490666,4,8,389,0,0,0,40,1370,91479
201599,370,33100, ,Miami-Fort Lauderdale-West Palm Beach  FL ,7142,7142,2194113,37,74,13110,45,175,24397,403,16059,2266581,6793,6793,2045938,37,74,13110,45,175,24397,365,15437,2123672
201599,370,38940, ,Port St. Lucie  FL ,1268,1268,325959,14,28,3272,3,9,836,19,296,51480,1249,1249,319374,14,28,3272,3,9,836,18,289,50452
201599,370,42680, ,Sebastian-Vero Beach  FL ,849,849,334741,0,0,0,0,0,0,1,24,4309,651,651,290544,0,0,0,0,0,0,1,24,4309
201599,372,33260, ,Midland  TX ,766,766,179518,0,0,0,0,0,0,12,264,25500,766,766,179518,0,0,0,0,0,0,12,264,25500
201599,372,36220,C,Odessa  TX ,468,468,99838,0,0,0,0,0,0,3,144,11208,468,468,99838,0,0,0,0,0,0,3,144,11208
201599,376,33340, ,Milwaukee-Waukesha-West Allis  WI ,1369,1369,438614,22,44,6392,0,0,0,47,1588,189401,1342,1342,427989,22,44,6392,0,0,0,47,1588,189401
201599,376,39540, ,Racine  WI ,189,189,50013,14,28,4659,0,0,0,0,0,0,189,189,50013,14,28,4659,0,0,0,0,0,0
201599,378,33460, ,Minneapolis-St. Paul-Bloomington  MN-WI ,6770,6770,2059546,31,62,8283,17,65,9508,64,4776,784026,6629,6629,2022008,31,62,8283,16,62,8820,63,4769,783288
201599,378,41060, ,St. Cloud  MN ,376,376,85907,0,0,0,3,12,1682,22,470,53641,315,315,74409,0,0,0,3,12,1682,6,249,34856
201599,380,19300, ,Daphne-Fairhope-Foley  AL ,1622,1622,302577,11,22,2232,29,109,12725,31,450,43856,1336,1336,238194,11,22,2232,29,109,12725,31,450,43856
201599,380,33660, ,Mobile  AL ,648,648,118866,5,10,730,0,0,0,25,249,24957,620,620,114887,5,10,730,0,0,0,25,249,24957
201599,382,32900, ,Merced  CA ,228,228,50120,2,4,686,0,0,0,0,0,0,130,130,27673,0,0,0,0,0,0,0,0,0
201599,382,33700, ,Modesto  CA ,413,413,93426,0,0,0,0,0,0,0,0,0,286,286,67418,0,0,0,0,0,0,0,0,0
201599,384,33740, ,Monroe  LA ,555,555,116590,2,4,800,6,21,3301,5,25,2894,265,265,59223,0,0,0,0,0,0,0,0,0
201599,390,34060, ,Morgantown  WV ,24,24,5925,1,2,100,1,3,32,3,137,2690,21,21,5371,1,2,100,1,3,32,3,137,2690
201599,396,34820, ,Myrtle Beach-Conway-North Myrtle Beach  SC-NC ,5763,5763,1127318,50,100,10261,4,15,2102,27,276,27362,5420,5420,1044680,50,100,10261,3,12,1518,23,256,25409
201599,400,34980, ,Nashville-Davidson--Murfreesboro--Franklin  TN ,11417,11417,2753069,31,62,6483,18,66,6521,173,6746,706365,11008,11008,2644370,31,62,6483,18,66,6521,170,6727,705186
201599,404,35100, ,New Bern  NC ,315,315,50231,0,0,0,0,0,0,5,120,4756,305,305,49097,0,0,0,0,0,0,5,120,4756
201599,406,25220, ,Hammond  LA ,621,621,89182,3,6,450,0,0,0,0,0,0,621,621,89182,3,6,450,0,0,0,0,0,0
201599,406,35380, ,New Orleans-Metairie  LA ,2093,2093,489660,27,54,5657,2,6,480,3,342,42484,2029,2029,470856,27,54,5657,2,6,480,3,342,42484
201599,408,10900, ,Allentown-Bethlehem-Easton  PA-NJ ,943,943,197658,0,0,0,2,7,529,28,406,38447,856,856,184171,0,0,0,2,7,529,12,265,31136
201599,408,14860, ,Bridgeport-Stamford-Norwalk  CT ,800,800,491899,10,20,4176,3,11,1620,45,1767,228507,799,799,491706,10,20,4176,3,11,1620,44,1758,227968
201599,408,20700, ,East Stroudsburg  PA ,152,152,35527,0,0,0,0,0,0,0,0,0,152,152,35527,0,0,0,0,0,0,0,0,0
201599,408,28740, ,Kingston  NY ,148,148,38902,5,10,1156,1,4,700,11,145,31401,123,123,32555,5,10,1156,1,4,700,2,20,913
201599,408,35300, ,New Haven-Milford  CT ,422,422,86220,14,28,3041,10,37,6825,32,674,50276,345,345,73681,12,24,2617,10,37,6825,4,310,28143
201599,408,35620, ,New York-Newark-Jersey City  NY-NJ-PA ,11167,11167,3229891,683,1366,177355,301,1004,117125,1710,72887,8471944,9432,9432,2844079,621,1242,163340,275,925,106565,1268,64309,7769636
201599,408,45940, ,Trenton  NJ ,284,284,87212,6,12,470,1,3,80,27,597,19872,240,240,80757,5,10,69,1,3,80,21,511,13221
201599,412,35840, ,North Port-Sarasota-Bradenton  FL ,4992,4992,1335723,20,40,6173,57,223,40898,82,1886,218958,4974,4974,1326916,20,40,6173,57,223,40898,81,1869,215094
201599,412,39460, ,Punta Gorda  FL ,947,947,228193,3,6,821,1,4,500,11,172,16704,947,947,228193,3,6,821,1,4,500,11,172,16704
201599,416,36420, ,Oklahoma City  OK ,5518,5518,1245323,98,196,21476,1,4,2008,11,286,16736,5294,5294,1205835,86,172,19856,1,4,2008,11,286,16736
201599,420,36540, ,Omaha-Council Bluffs  NE-IA ,2973,2973,583731,6,12,1873,2,7,1034,27,1165,90765,2967,2967,582308,6,12,1873,2,7,1034,27,1165,90765
201599,422,19660, ,Deltona-Daytona Beach-Ormond Beach  FL ,1903,1903,604486,1,2,17,0,0,0,9,142,14719,1725,1725,556132,0,0,0,0,0,0,0,0,2644
201599,422,36740, ,Orlando-Kissimmee-Sanford  FL ,12038,12038,2777046,66,132,22290,25,86,11520,269,8218,857125,11765,11765,2708006,66,132,22290,25,86,11520,268,8186,852812
201599,422,45540, ,The Villages  FL ,1568,1568,451041,0,0,0,0,0,0,0,0,0,1568,1568,451041,0,0,0,0,0,0,0,0,0
201599,425,37620, ,Parkersburg-Vienna  WV ,137,137,17014,5,10,950,0,0,0,5,30,2397,135,135,16749,4,8,800,0,0,0,5,30,2397
201599,426,37900, ,Peoria  IL ,424,424,107934,10,20,3286,0,0,0,4,58,4851,415,415,106057,10,20,3286,0,0,0,4,58,4851
201599,428,12100, ,Atlantic City-Hammonton  NJ ,351,351,58923,3,6,869,0,0,0,18,353,52425,251,251,46860,0,0,0,0,0,0,0,0,0
201599,428,20100,C,Dover  DE ,827,827,122012,3,6,547,2,8,814,21,220,21347,826,826,121884,3,6,547,2,8,814,21,220,21347
201599,428,36140, ,Ocean City  NJ ,453,453,154626,67,134,22503,3,9,2561,2,18,1837,433,433,149387,67,134,22503,3,9,2561,1,13,1824
201599,428,37980, ,Philadelphia-Camden-Wilmington  PA-NJ-DE-MD ,6548,6548,1228952,129,258,23946,138,451,56637,276,5060,615804,6125,6125,1169215,128,256,23766,138,451,56637,200,4405,579026
201599,428,39740, ,Reading  PA ,343,343,68330,1,2,200,0,0,0,5,71,5578,343,343,68330,1,2,200,0,0,0,5,71,5578
201599,428,47220, ,Vineland-Bridgeton  NJ ,185,185,19298,0,0,0,0,0,0,8,52,6928,95,95,8557,0,0,0,0,0,0,0,0,0
201599,430,38300, ,Pittsburgh  PA ,3293,3293,886588,45,90,10472,40,138,19203,45,1743,156867,3143,3143,851694,33,66,7100,38,132,18809,40,1629,145613
201599,430,48260, ,Weirton-Steubenville  WV-OH ,48,48,9693,0,0,0,0,0,0,0,0,0,35,35,7784,0,0,0,0,0,0,0,0,0
201599,438,30340, ,Lewiston-Auburn  ME ,74,74,16167,0,0,0,0,0,0,0,0,0,59,59,13085,0,0,0,0,0,0,0,0,0
201599,438,38860, ,Portland-South Portland  ME ,1584,1584,337903,29,58,7060,10,39,3820,20,299,37116,1306,1306,286016,25,50,6160,10,39,3820,10,188,23387
201599,440,10540, ,Albany  OR ,344,344,78983,3,6,695,0,0,0,3,15,1256,314,314,73105,3,6,695,0,0,0,0,0,0
201599,440,18700, ,Corvallis  OR ,138,138,38847,2,4,714,0,0,0,0,0,0,138,138,38847,2,4,714,0,0,0,0,0,0
201599,440,31020, ,Longview  WA ,168,168,33656,5,10,1112,0,0,0,0,0,0,168,168,33656,5,10,1112,0,0,0,0,0,0
201599,440,38900, ,Portland-Vancouver-Hillsboro  OR-WA ,7102,7102,1887703,96,192,27354,35,119,18572,207,6554,779405,7095,7095,1885784,96,192,27354,35,119,18572,207,6554,779405
201599,440,41420, ,Salem  OR ,807,807,217755,5,10,1517,0,0,0,38,480,54597,807,807,217755,5,10,1517,0,0,0,38,480,54597
201599,444,39380,C,Pueblo  CO ,200,200,34975,10,20,2521,0,0,0,3,62,8762,180,180,31399,10,20,2521,0,0,0,3,62,8762
201599,450,20500,C,Durham-Chapel Hill  NC ,2616,2616,563462,37,74,6722,3,12,793,69,1709,135715,2616,2616,563462,37,74,6722,3,12,793,69,1709,135715
201599,450,39580,C,Raleigh  NC ,8694,8694,1824546,11,22,2323,1,4,76,91,3267,265670,8578,8578,1804819,11,22,2323,1,4,76,91,3267,265670
201599,452,39660, ,Rapid City  SD ,572,572,108773,0,0,0,0,0,0,9,226,19987,572,572,108773,0,0,0,0,0,0,9,226,19987
201599,454,39820, ,Redding  CA ,321,321,68311,0,0,0,1,4,250,7,50,4212,321,321,68311,0,0,0,1,4,250,7,50,4212
201599,456,16180,C,Carson City  NV ,39,39,8951,0,0,0,1,4,360,0,0,0,39,39,8951,0,0,0,1,4,360,0,0,0
201599,456,39900,C,Reno  NV ,2000,2000,500095,7,14,1746,0,0,0,44,773,84695,2000,2000,500095,7,14,1746,0,0,0,44,773,84695
201599,462,40340, ,Rochester  MN ,658,658,160995,4,8,861,1,3,600,31,1107,135264,606,606,151671,4,8,861,1,3,600,31,1107,135264
201599,464,40380, ,Rochester  NY ,1381,1381,284415,27,54,5551,41,145,13766,51,1072,106154,1319,1319,271569,24,48,4813,41,145,13766,48,1057,105274
201599,466,40420, ,Rockford  IL ,90,90,15917,22,44,3150,0,0,0,0,0,0,90,90,15917,22,44,3150,0,0,0,0,0,0
201599,468,40580, ,Rocky Mount  NC ,249,249,41330,7,14,421,0,0,0,0,0,0,34,34,2782,0,0,0,0,0,0,0,0,0
201599,470,40660, ,Rome  GA ,89,89,18021,0,0,0,1,4,277,0,0,0,83,83,16813,0,0,0,1,4,277,0,0,0
201599,472,40900,C,Sacramento--Roseville--Arden-Arcade  CA ,5175,5175,1574066,44,88,12397,5,16,4043,38,905,108915,5140,5140,1564547,44,88,12397,5,16,4043,38,905,108915
201599,472,49700, ,Yuba City  CA ,242,242,57929,0,0,0,8,32,3616,8,97,10672,242,242,57929,0,0,0,8,32,3616,8,97,10672
201599,474,13020, ,Bay City  MI ,49,49,10169,0,0,0,0,0,0,2,98,7127,39,39,8082,0,0,0,0,0,0,2,98,7127
201599,474,33220, ,Midland  MI ,108,108,19721,11,22,3390,0,0,0,0,0,0,81,81,14708,11,22,3390,0,0,0,0,0,0
201599,474,40980, ,Saginaw  MI ,156,156,31697,31,62,7120,1,3,146,5,161,10718,133,133,26311,5,10,977,1,3,146,4,90,5779
201599,476,41180, ,St. Louis  MO-IL ,5054,5054,1305537,17,34,4502,32,115,11549,82,2495,314766,4894,4894,1273636,17,34,4502,32,115,11549,67,2301,291788
201599,482,36260, ,Ogden-Clearfield  UT ,2319,2319,557977,11,22,3881,33,123,15601,60,656,73959,2072,2072,502575,7,14,2207,23,89,10212,52,616,68560
201599,482,39340, ,Provo-Orem  UT ,3098,3098,859520,15,30,4715,31,118,18414,66,1303,144462,3078,3078,852874,15,30,4715,31,118,18414,66,1303,144462
201599,482,41620, ,Salt Lake City  UT ,3762,3762,906005,14,28,4930,44,158,27073,63,2807,314918,3548,3548,835105,14,28,4930,44,158,27073,50,2732,306611
201599,488,34900, ,Napa  CA ,170,170,55737,1,2,298,0,0,0,0,0,0,125,125,40986,1,2,298,0,0,0,0,0,0
201599,488,41860, ,San Francisco-Oakland-Hayward  CA ,4804,4804,1800332,64,128,41145,34,117,26559,215,8337,1774072,4659,4659,1746968,64,128,41145,34,117,26559,182,8008,1730286
201599,488,41940,C,San Jose-Sunnyvale-Santa Clara  CA ,1897,1897,712385,9,18,4583,26,94,21334,135,3779,646870,1866,1866,705110,9,18,4583,26,94,21334,135,3779,646870
201599,488,42100, ,Santa Cruz-Watsonville  CA ,202,202,47779,0,0,0,4,13,1493,16,120,11247,57,57,18900,0,0,0,0,0,0,0,0,0
201599,488,42220, ,Santa Rosa  CA ,431,431,123002,1,2,200,10,38,5459,16,150,17702,429,429,122620,1,2,200,10,38,5459,16,150,17702
201599,488,44700, ,Stockton-Lodi  CA ,1708,1708,460275,12,24,4083,0,0,0,29,699,85925,1688,1688,454824,12,24,4083,0,0,0,29,699,85925
201599,488,46700, ,Vallejo-Fairfield  CA ,1036,1036,277943,1,2,221,0,0,0,21,396,36740,1034,1034,277429,1,2,221,0,0,0,21,396,36740
201599,496,25980, ,Hinesville  GA ,467,467,55309,1,2,140,1,4,361,5,72,7463,467,467,55309,1,2,140,1,4,361,5,72,7463
201599,496,42340, ,Savannah  GA ,2357,2357,475570,1,2,210,0,0,0,3,48,4200,2357,2357,475570,1,2,210,0,0,0,3,48,4200
201599,500,14740,C,Bremerton-Silverdale  WA ,796,796,225409,2,4,608,2,8,1345,4,110,17356,796,796,225409,2,4,608,2,8,1345,4,110,17356
201599,500,34580, ,Mount Vernon-Anacortes  WA ,410,410,83009,14,28,4550,0,0,0,0,0,0,239,239,50538,14,28,4550,0,0,0,0,0,0
201599,500,36500, ,Olympia-Tumwater  WA ,881,881,222126,3,6,1196,2,8,1439,7,125,13379,881,881,222126,3,6,1196,2,8,1439,7,125,13379
201599,500,42660, ,Seattle-Tacoma-Bellevue  WA ,8646,8646,2899594,235,470,91947,165,575,107061,291,15317,2249163,8586,8586,2876848,235,470,91947,165,575,107061,285,15259,2243183
201599,512,43580, ,Sioux City  IA-NE-SD ,349,349,83751,6,12,2249,3,10,400,6,139,12350,219,219,49181,6,12,2249,1,4,400,6,139,12350
201599,515,21140, ,Elkhart-Goshen  IN ,307,307,64956,1,2,240,0,0,0,0,0,0,307,307,64956,1,2,240,0,0,0,0,0,0
201599,515,35660, ,Niles-Benton Harbor  MI ,168,168,52433,0,0,0,3,12,2280,1,28,4120,145,145,46752,0,0,0,3,12,2280,1,28,4120
201599,515,43780, ,South Bend-Mishawaka  IN-MI ,380,380,86542,0,0,0,0,0,0,12,144,15195,374,374,85527,0,0,0,0,0,0,12,144,15195
201599,518,17660, ,Coeur dAlene  ID ,1090,1090,253430,14,28,3549,3,12,1028,30,284,20535,1085,1085,252680,14,28,3549,3,12,1028,30,284,20535
201599,518,44060, ,Spokane-Spokane Valley  WA ,1461,1461,366252,38,76,11725,6,19,2481,47,1182,114594,1374,1374,351070,30,60,9331,4,13,1682,39,1024,98811
201599,520,44180, ,Springfield  MO ,1256,1256,259066,7,14,804,1,4,250,35,949,39851,1101,1101,232220,0,0,0,1,4,250,2,16,800
201599,521,44140, ,Springfield  MA ,405,405,88771,17,34,3289,1,4,731,1,15,2493,324,324,71021,15,30,2743,1,4,731,0,0,0
201599,522,44100, ,Springfield  IL ,289,289,61772,27,54,8066,1,3,855,3,37,2619,161,161,39930,24,48,7316,1,3,855,2,24,1400
201599,524,44300, ,State College  PA ,314,314,80296,1,2,145,1,4,600,3,69,10131,314,314,80296,1,2,145,1,4,600,3,69,10131
201599,532,45060, ,Syracuse  NY ,615,615,118407,2,4,200,6,19,1802,29,556,43724,539,539,106765,2,4,200,2,7,500,18,276,26528
201599,533,45220, ,Tallahassee  FL ,737,737,136516,2,4,680,1,3,525,8,152,12969,737,737,136516,2,4,680,1,3,525,8,152,12969
201599,534,45780, ,Toledo  OH ,649,649,153869,22,44,4246,0,0,0,4,22,1850,647,647,153509,22,44,4246,0,0,0,4,22,1850
201599,536,46060, ,Tucson  AZ ,2226,2226,623952,9,18,3117,0,0,0,3,184,32489,2131,2131,580771,9,18,3117,0,0,0,3,184,32489
201599,538,46140, ,Tulsa  OK ,2885,2885,619342,35,70,6810,21,84,6218,38,735,54397,2874,2874,618488,35,70,6810,21,84,6218,38,735,54397
201599,540,46340, ,Tyler  TX ,420,420,125146,16,32,3606,6,18,3367,0,0,0,407,407,121597,16,32,3606,6,18,3367,0,0,0
201599,544,47020, ,Victoria  TX ,139,139,20944,0,0,0,0,0,0,0,0,0,136,136,20794,0,0,0,0,0,0,0,0,0
201599,545,47260, ,Virginia Beach-Norfolk-Newport News  VA-NC ,4024,4024,793159,9,18,2392,19,72,11019,89,2608,148854,3990,3990,787451,9,18,2392,19,72,11019,88,2595,148276
201599,546,25260, ,Hanford-Corcoran  CA ,401,401,87845,0,0,0,0,0,0,24,190,13108,237,237,62281,0,0,0,0,0,0,14,112,6676
201599,546,47300, ,Visalia-Porterville  CA ,1129,1129,244870,28,56,6149,0,0,0,8,90,6529,1129,1129,244870,28,56,6149,0,0,0,8,90,6529
201599,548,12580, ,Baltimore-Columbia-Towson  MD ,4587,4587,887439,50,100,11552,2,6,929,60,3571,439180,4587,4587,887439,50,100,11552,2,6,929,60,3571,439180
201599,548,15680,C,California-Lexington Park  MD ,626,626,112224,0,0,0,0,0,0,3,15,2736,594,594,105484,0,0,0,0,0,0,3,15,2736
201599,548,16540, ,Chambersburg-Waynesboro  PA ,231,231,44392,0,0,0,0,0,0,0,0,0,231,231,44392,0,0,0,0,0,0,0,0,0
201599,548,25180, ,Hagerstown-Martinsburg  MD-WV ,828,828,161236,5,10,1945,2,8,490,10,132,8840,828,828,161236,5,10,1945,2,8,490,10,132,8840
201599,548,47900, ,Washington-Arlington-Alexandria  DC-VA-MD-WV ,12638,12638,2796116,60,120,14380,13,50,5936,186,10199,971752,12221,12221,2700495,60,120,14380,13,50,5936,186,10199,971752
201599,548,49020, ,Winchester  VA-WV ,637,637,133044,0,0,0,0,0,0,5,137,17550,637,637,133044,0,0,0,0,0,0,5,137,17550
201599,554,48140, ,Wausau  WI ,229,229,46620,4,8,860,1,4,400,0,0,0,224,224,45269,4,8,860,1,4,400,0,0,0
201599,556,48620, ,Wichita  KS ,1153,1153,277598,183,366,31032,14,50,7165,34,452,31797,1075,1075,267532,171,342,28898,14,50,7165,34,452,31797
201599,558,48700, ,Williamsport  PA ,143,143,35117,8,16,1938,0,0,0,0,0,0,143,143,35117,8,16,1938,0,0,0,0,0,0
201599,566,49660, ,Youngstown-Warren-Boardman  OH-PA ,299,299,62309,0,0,0,0,0,0,1,12,840,288,288,60006,0,0,0,0,0,0,1,12,840
201599,999,10180, ,Abilene  TX ,303,303,66562,2,4,493,0,0,0,24,228,14041,303,303,66562,2,4,493,0,0,0,24,228,14041
201599,999,10500, ,Albany  GA ,166,166,20961,13,26,1951,2,6,306,1,5,188,100,100,12245,0,0,0,0,0,0,0,0,0
201599,999,10780, ,Alexandria  LA ,241,241,42837,24,48,4376,0,0,0,0,0,0,238,238,42191,24,48,4376,0,0,0,0,0,0
201599,999,11020, ,Altoona  PA ,108,108,24031,0,0,0,1,4,456,1,5,236,108,108,24031,0,0,0,1,4,456,1,5,236
201599,999,11260,C,Anchorage  AK ,695,695,213592,15,30,4201,18,60,9000,17,148,23398,47,47,10795,14,28,3879,6,24,2728,0,0,0
201599,999,11500, ,Anniston-Oxford-Jacksonville  AL ,61,61,9098,0,0,0,0,0,0,0,0,0,59,59,8905,0,0,0,0,0,0,0,0,0
201599,999,12260, ,Augusta-Richmond County  GA-SC ,2669,2669,496609,1,2,180,0,0,0,22,364,12443,1259,1259,247224,0,0,0,0,0,0,7,68,3802
201599,999,12420, ,Austin-Round Rock  TX ,11857,11857,2695366,186,372,51592,20,76,9793,347,10065,913182,11263,11263,2558505,186,372,51592,20,76,9793,345,10034,910802
201599,999,12540, ,Bakersfield  CA ,2098,2098,465176,3,6,462,4,14,957,7,82,7335,1721,1721,396815,3,6,462,4,14,957,0,0,0
201599,999,12620, ,Bangor  ME ,197,197,37810,4,8,688,4,16,2467,33,334,33154,165,165,32450,4,8,688,4,16,2467,33,334,33154
201599,999,12940, ,Baton Rouge  LA ,3463,3463,719282,1,2,150,0,0,0,6,104,12130,2622,2622,557838,1,2,150,0,0,0,4,80,6158
201599,999,13140, ,Beaumont-Port Arthur  TX ,953,953,170618,1,2,125,1,3,285,16,174,12822,949,949,170198,1,2,125,1,3,285,16,174,12822
201599,999,13220,C,Beckley  WV ,100,100,17629,0,0,0,0,0,0,0,0,0,89,89,16140,0,0,0,0,0,0,0,0,0
201599,999,13380, ,Bellingham  WA ,599,599,156665,19,38,5276,22,85,10447,29,422,47573,599,599,156665,19,38,5276,22,85,10447,29,422,47573
201599,999,13740, ,Billings  MT ,1274,1274,240379,4,8,1183,1,3,561,19,479,54012,1230,1230,230218,4,8,1183,0,0,0,18,468,53056
201599,999,13780, ,Binghamton  NY ,71,71,12822,53,106,16500,0,0,0,2,72,9083,71,71,12822,53,106,16500,0,0,0,2,72,9083
201599,999,13900, ,Bismarck  ND ,664,664,141668,11,22,3600,0,0,0,15,396,37565,659,659,140821,11,22,3600,0,0,0,14,384,35778
201599,999,13980, ,Blacksburg-Christiansburg-Radford  VA ,474,474,76089,1,2,300,0,0,0,0,0,0,474,474,76089,1,2,300,0,0,0,0,0,0
201599,999,15260, ,Brunswick  GA ,535,535,136363,0,0,0,0,0,0,0,0,0,48,48,9373,0,0,0,0,0,0,0,0,0
201599,999,15540, ,Burlington-South Burlington  VT ,357,357,87296,29,58,8333,18,64,7808,19,437,46421,321,321,79567,27,54,7674,18,64,7808,18,418,44730
201599,999,16060, ,Carbondale-Marion  IL ,78,78,11010,4,8,888,10,39,1250,1,12,705,74,74,10500,4,8,888,10,39,1250,1,12,705
201599,999,16220, ,Casper  WY ,227,227,52724,1,2,115,2,6,435,1,36,3548,223,223,51704,1,2,115,2,6,435,1,36,3548
201599,999,16580, ,Champaign-Urbana  IL ,329,329,84871,3,6,766,2,6,1052,21,894,80151,328,328,84696,3,6,766,2,6,1052,21,894,80151
201599,999,16700,C,Charleston-North Charleston  SC ,4608,4608,1206515,22,44,5384,0,0,0,51,1938,135745,3875,3875,1077042,22,44,5384,0,0,0,27,1001,103194
201599,999,16820, ,Charlottesville  VA ,757,757,193681,7,14,1315,0,0,0,13,218,27813,582,582,148907,1,2,170,0,0,0,1,65,5200
201599,999,16940, ,Cheyenne  WY ,388,388,71759,0,0,0,13,52,4028,0,0,0,388,388,71759,0,0,0,13,52,4028,0,0,0
201599,999,17020, ,Chico  CA ,356,356,99593,7,14,1510,9,36,3358,17,215,20297,356,356,99593,7,14,1510,9,36,3358,17,215,20297
201599,999,17300,C,Clarksville  TN-KY ,1132,1132,158565,32,64,4081,4,16,1141,10,130,4294,1043,1043,149247,31,62,3943,3,12,930,9,123,3945
201599,999,17780, ,College Station-Bryan  TX ,1209,1209,221850,47,94,9983,16,63,4754,25,346,30568,1209,1209,221850,47,94,9983,16,63,4754,25,346,30568
201599,999,17820, ,Colorado Springs  CO ,3022,3022,1105677,2,4,540,2,8,1460,17,631,65007,3022,3022,1105677,2,4,540,2,8,1460,17,631,65007
201599,999,18880,C,Crestview-Fort Walton Beach-Destin  FL ,1777,1777,659507,7,14,2274,36,108,18202,3,128,24623,1772,1772,658220,7,14,2274,36,108,18202,3,128,24623
201599,999,19060, ,Cumberland  MD-WV ,55,55,10657,0,0,0,0,0,0,1,29,492,55,55,10657,0,0,0,0,0,0,1,29,492
201599,999,19180, ,Danville  IL ,10,10,1340,0,0,0,0,0,0,0,0,0,10,10,1340,0,0,0,0,0,0,0,0,0
201599,999,19500, ,Decatur  IL ,45,45,10777,1,2,245,0,0,0,0,0,0,44,44,10762,1,2,245,0,0,0,0,0,0
201599,999,20220, ,Dubuque  IA ,237,237,52685,6,12,1260,0,0,0,1,6,1100,237,237,52685,6,12,1260,0,0,0,1,6,1100
201599,999,20260, ,Duluth  MN-WI ,467,467,95964,3,6,646,0,0,0,3,368,40133,421,421,84194,3,6,646,0,0,0,3,368,40133
201599,999,20940, ,El Centro  CA ,112,112,23514,2,4,230,1,3,80,16,174,20627,111,111,23114,0,0,0,0,0,0,13,131,13013
201599,999,21660, ,Eugene  OR ,578,578,144416,14,28,4114,15,50,1372,8,65,7436,412,412,101988,14,28,4114,15,50,1372,8,65,7436
201599,999,21780, ,Evansville  IN-KY ,579,579,110372,14,28,2664,0,0,0,10,156,3231,557,557,107179,13,26,2449,0,0,0,10,156,3231
201599,999,21820,C,Fairbanks  AK ,7,7,2189,0,0,0,0,0,0,0,0,0,7,7,2189,0,0,0,0,0,0,0,0,0
201599,999,22140,C,Farmington  NM ,118,118,28033,0,0,0,0,0,0,0,0,0,118,118,28033,0,0,0,0,0,0,0,0,0
201599,999,22220, ,Fayetteville-Springdale-Rogers  AR-MO ,2817,2817,680210,17,34,3590,1,4,227,58,938,112056,2607,2607,644286,17,34,3590,1,4,227,52,829,104104
201599,999,22380, ,Flagstaff  AZ ,333,333,71466,2,4,710,0,0,0,18,229,19396,311,311,64117,2,4,710,0,0,0,16,192,16478
201599,999,22500, ,Florence  SC ,418,418,58177,3,6,462,0,0,0,0,0,0,149,149,16422,0,0,0,0,0,0,0,0,0
201599,999,22520, ,Florence-Muscle Shoals  AL ,206,206,25240,8,16,1010,0,0,0,17,116,5290,82,82,10273,8,16,1010,0,0,0,17,116,5290
201599,999,22540, ,Fond du Lac  WI ,140,140,30348,2,4,535,0,0,0,4,51,5063,129,129,27793,2,4,535,0,0,0,3,44,4800
201599,999,22660, ,Fort Collins  CO ,1720,1720,478357,25,50,8013,5,16,2778,29,648,80412,1720,1720,478357,25,50,8013,5,16,2778,29,648,80412
201599,999,22900, ,Fort Smith  AR-OK ,328,328,59626,63,126,14036,4,12,1015,0,0,0,228,228,49079,60,120,13528,0,0,0,0,0,0
201599,999,23460, ,Gadsden  AL ,83,83,11147,0,0,0,0,0,0,0,0,0,59,59,7382,0,0,0,0,0,0,0,0,0
201599,999,24140, ,Goldsboro  NC ,244,244,39431,2,4,240,0,0,0,0,0,0,244,244,39431,2,4,240,0,0,0,0,0,0
201599,999,24220, ,Grand Forks  ND-MN ,245,245,58699,2,4,475,0,0,0,6,280,21800,243,243,58116,2,4,475,0,0,0,6,280,21800
201599,999,24260, ,Grand Island  NE ,222,222,39472,11,22,3040,0,0,0,2,56,4867,201,201,36231,11,22,3040,0,0,0,2,56,4867
201599,999,24300,C,Grand Junction  CO ,446,446,110635,0,0,0,0,0,0,1,40,4507,446,446,110635,0,0,0,0,0,0,1,40,4507
201599,999,24500, ,Great Falls  MT ,152,152,40908,7,14,2626,3,12,1432,2,48,5918,152,152,40908,7,14,2626,3,12,1432,2,48,5918
201599,999,25060, ,Gulfport-Biloxi-Pascagoula  MS ,1506,1506,239083,9,18,1726,15,51,4781,15,137,11599,790,790,130813,0,0,0,0,0,0,0,0,0
201599,999,25620, ,Hattiesburg  MS ,122,122,7564,0,0,0,0,0,0,8,90,2225,122,122,7564,0,0,0,0,0,0,8,90,2225
201599,999,25940, ,Hilton Head Island-Bluffton-Beaufort  SC ,1688,1688,596692,0,0,0,0,0,0,22,414,55264,1688,1688,596692,0,0,0,0,0,0,22,414,55264
201599,999,26140, ,Homosassa Springs  FL ,354,354,77387,1,2,150,0,0,0,3,22,9210,354,354,77387,1,2,150,0,0,0,3,22,9210
201599,999,26380, ,Houma-Thibodaux  LA ,613,613,141661,15,30,2468,5,20,1072,0,0,0,613,613,141661,15,30,2468,5,20,1072,0,0,0
201599,999,27100, ,Jackson  MI ,111,111,23402,1,2,255,1,4,165,0,0,0,60,60,15481,1,2,255,1,4,165,0,0,0
201599,999,27180, ,Jackson  TN ,206,206,35578,0,0,0,0,0,0,1,8,694,206,206,35578,0,0,0,0,0,0,1,8,694
201599,999,27340,C,Jacksonville  NC ,856,856,110899,4,8,416,4,16,1259,2,14,1152,856,856,110899,4,8,416,4,16,1259,2,14,1152
201599,999,27620, ,Jefferson City  MO ,166,166,17015,12,24,1689,19,62,5252,1,18,1100,52,52,8652,0,0,0,5,20,1430,1,18,1100
201599,999,27980,C,Kahului-Wailuku-Lahaina  HI ,332,332,89543,12,24,5643,7,28,9095,17,118,35384,332,332,89543,12,24,5643,7,28,9095,17,118,35384
201599,999,28420, ,Kennewick-Richland  WA ,1221,1221,351049,1,2,351,1,4,453,16,237,27507,1221,1221,351049,1,2,351,1,4,453,16,237,27507
201599,999,28660,C,Killeen-Temple  TX ,1840,1840,311641,193,386,25807,1,4,275,7,80,10258,1789,1789,302742,193,386,25807,1,4,275,7,80,10258
201599,999,29100, ,La Crosse-Onalaska  WI-MN ,233,233,55035,18,36,3696,1,3,350,12,225,14035,230,230,54400,18,36,3696,1,3,350,12,225,14035
201599,999,29340, ,Lake Charles  LA ,788,788,156349,89,178,14272,10,32,990,4,36,2300,655,655,139348,88,176,14020,10,32,990,4,36,2300
201599,999,29460, ,Lakeland-Winter Haven  FL ,3003,3003,578591,4,8,1240,0,0,0,4,28,4554,2972,2972,573660,4,8,1240,0,0,0,4,28,4554
201599,999,29540, ,Lancaster  PA ,968,968,188578,9,18,3967,0,0,0,12,168,21615,961,961,187225,9,18,3967,0,0,0,12,168,21615
201599,999,29700, ,Laredo  TX ,1032,1032,150811,0,0,0,8,27,1290,15,789,49317,0,0,0,0,0,0,0,0,0,0,0,0
201599,999,30020, ,Lawton  OK ,96,96,17610,2,4,300,0,0,0,0,0,0,94,94,17260,2,4,300,0,0,0,0,0,0
201599,999,30300, ,Lewiston  ID-WA ,63,63,14394,2,4,437,0,0,0,6,72,8200,63,63,14394,2,4,437,0,0,0,6,72,8200
201599,999,30860, ,Logan  UT-ID ,368,368,69558,0,0,0,15,53,4445,20,193,17101,337,337,64616,0,0,0,0,0,0,5,74,6414
201599,999,31340, ,Lynchburg  VA ,591,591,118704,1,2,140,1,3,575,9,201,18891,591,591,118704,1,2,140,1,3,575,9,201,18891
201599,999,33540,C,Missoula  MT ,292,292,35610,5,10,625,4,15,474,11,257,11204,292,292,35610,5,10,625,4,15,474,11,257,11204
201599,999,33860, ,Montgomery  AL ,764,764,154261,0,0,0,4,16,1400,20,319,21639,726,726,151799,0,0,0,4,16,1400,10,252,20000
201599,999,36100, ,Ocala  FL ,1055,1055,195638,0,0,0,0,0,0,0,0,0,1055,1055,195638,0,0,0,0,0,0,0,0,0
201599,999,36980, ,Owensboro  KY ,233,233,32581,1,2,75,2,8,589,0,0,0,233,233,32581,1,2,75,2,8,589,0,0,0
201599,999,37340, ,Palm Bay-Melbourne-Titusville  FL ,1609,1609,519033,1,2,340,2,8,932,9,299,37143,1594,1594,512707,1,2,340,2,8,932,9,299,37143
201599,999,37460, ,Panama City  FL ,808,808,220050,2,4,507,2,8,1083,7,168,24729,808,808,220050,2,4,507,2,8,1083,7,168,24729
201599,999,37860, ,Pensacola-Ferry Pass-Brent  FL ,2017,2017,324803,5,10,631,2,8,267,28,599,52840,2017,2017,324803,5,10,631,2,8,267,28,599,52840
201599,999,38060, ,Phoenix-Mesa-Scottsdale  AZ ,16621,16621,4618803,84,168,22734,50,186,31380,256,5427,892569,16357,16357,4561332,84,168,22734,50,186,31380,256,5427,892569
201599,999,38340, ,Pittsfield  MA ,106,106,40192,0,0,0,0,0,0,4,108,17880,50,50,18467,0,0,0,0,0,0,4,108,17880
201599,999,38540, ,Pocatello  ID ,168,168,22733,1,2,82,5,20,688,0,0,0,168,168,22733,1,2,82,5,20,688,0,0,0
201599,999,39140, ,Prescott  AZ ,1120,1120,272654,6,12,1491,5,17,1713,9,228,16252,1010,1010,239788,6,12,1491,5,17,1713,9,228,16252
201599,999,40060, ,Richmond  VA ,3619,3619,697845,11,22,2103,21,80,7980,37,1154,86910,3618,3618,697702,11,22,2103,21,80,7980,37,1154,86910
201599,999,40220, ,Roanoke  VA ,408,408,90847,1,2,278,1,4,325,12,349,36397,408,408,90847,1,2,278,1,4,325,12,349,36397
201599,999,41100, ,St. George  UT ,1614,1614,318303,0,0,204,5,19,2075,4,25,2097,1357,1357,274046,0,0,204,5,19,2075,3,17,1047
201599,999,41500, ,Salinas  CA ,315,315,84089,1,2,350,0,0,0,22,270,36484,315,315,84089,1,2,350,0,0,0,22,270,36484
201599,999,41540, ,Salisbury  MD-DE ,2512,2512,382167,69,138,16445,18,63,8718,33,318,39032,2508,2508,381695,69,138,16445,18,63,8718,33,318,39032
201599,999,41660,C,San Angelo  TX ,236,236,46508,0,0,0,0,0,0,0,0,0,236,236,46508,0,0,0,0,0,0,0,0,0
201599,999,41700, ,San Antonio-New Braunfels  TX ,6478,6478,1434256,41,82,8621,20,78,7081,150,1186,105482,6032,6032,1371293,41,82,8621,18,72,7081,138,1114,90139
201599,999,41740, ,San Diego-Carlsbad  CA ,3222,3222,1075529,27,54,9460,74,229,38693,227,6378,976532,3202,3202,1064597,27,54,9460,74,229,38693,220,6287,966946
201599,999,42020, ,San Luis Obispo-Paso Robles-Arroyo Grande  CA ,692,692,223301,2,4,557,0,0,0,18,125,15684,692,692,223301,2,4,557,0,0,0,18,125,15684
201599,999,42200, ,Santa Maria-Santa Barbara  CA ,411,411,198538,16,32,5379,22,87,6875,14,552,89001,408,408,198101,16,32,5379,22,87,6875,14,552,89001
201599,999,42540, ,Scranton--Wilkes-Barre--Hazleton  PA ,800,800,179146,0,0,0,6,20,2620,2,11,1497,799,799,178966,0,0,0,6,20,2620,2,11,1497
201599,999,42700, ,Sebring  FL ,156,156,32216,3,6,1013,0,0,0,0,0,0,156,156,32216,3,6,1013,0,0,0,0,0,0
201599,999,43100, ,Sheboygan  WI ,101,101,26965,2,4,478,0,0,0,3,18,1440,79,79,21922,2,4,478,0,0,0,3,18,1440
201599,999,43340, ,Shreveport-Bossier City  LA ,1023,1023,205752,0,0,0,0,0,0,11,84,7023,974,974,193593,0,0,0,0,0,0,11,84,7023
201599,999,43420, ,Sierra Vista-Douglas  AZ ,139,139,23645,0,0,0,0,0,0,12,76,7335,133,133,23161,0,0,0,0,0,0,0,0,0
201599,999,43620, ,Sioux Falls  SD ,1069,1069,214321,60,120,17872,19,67,9277,48,670,59724,1053,1053,210679,60,120,17872,19,67,9277,48,670,59724
201599,999,44940,C,Sumter  SC ,217,217,27545,0,0,0,0,0,0,0,0,0,217,217,27545,0,0,0,0,0,0,0,0,0
201599,999,45300,C,Tampa-St. Petersburg-Clearwater  FL ,9739,9739,2927542,52,104,11194,25,93,10026,165,5717,676765,9695,9695,2917763,52,104,11194,25,93,10026,158,5572,668999
201599,999,45460, ,Terre Haute  IN ,79,79,16750,31,62,2797,8,32,1698,2,42,6165,78,78,16680,31,62,2797,8,32,1698,2,42,6165
201599,999,45500, ,Texarkana  TX-AR ,69,69,12326,4,8,324,0,0,0,8,256,10889,60,60,10957,4,8,324,0,0,0,8,256,10889
201599,999,45820, ,Topeka  KS ,354,354,65988,11,22,2639,3,12,938,0,0,0,350,350,65433,11,22,2639,3,12,938,0,0,0
201599,999,46220, ,Tuscaloosa  AL ,453,453,116535,41,82,12868,5,16,3397,8,196,21133,414,414,108675,41,82,12868,5,16,3397,8,196,21133
201599,999,46520,C,Urban Honolulu  HI ,982,982,383195,0,0,0,0,0,0,90,2851,531722,982,982,383195,0,0,0,0,0,0,90,2851,531722
201599,999,46540, ,Utica-Rome  NY ,224,224,41887,1,2,100,1,4,125,2,16,2900,181,181,34536,1,2,100,1,4,125,2,16,2900
201599,999,46660, ,Valdosta  GA ,603,603,97923,7,14,1057,0,0,0,2,10,525,397,397,68556,1,2,280,0,0,0,0,0,0
201599,999,47380, ,Waco  TX ,592,592,115955,43,86,7228,22,88,16944,35,741,69915,550,550,111161,43,86,7228,22,88,16944,35,741,69915
201599,999,47460, ,Walla Walla  WA ,194,194,46554,2,4,589,0,0,0,2,16,1576,194,194,46554,2,4,589,0,0,0,2,16,1576
201599,999,47940, ,Waterloo-Cedar Falls  IA ,328,328,68459,3,6,600,0,0,0,8,80,6893,242,242,58433,0,0,0,0,0,0,6,68,5475
201599,999,48060, ,Watertown-Fort Drum  NY ,137,137,15118,0,0,0,0,0,0,1,10,2250,136,136,15018,0,0,0,0,0,0,1,10,2250
201599,999,48300, ,Wenatchee  WA ,490,490,107426,7,14,2500,0,0,0,7,89,7590,487,487,106557,7,14,2500,0,0,0,7,89,7590
201599,999,48540, ,Wheeling  WV-OH ,71,71,14917,1,2,352,0,0,0,3,42,3400,71,71,14917,1,2,352,0,0,0,3,42,3400
201599,999,48660, ,Wichita Falls  TX ,80,80,18504,0,0,0,0,0,0,0,0,0,80,80,18504,0,0,0,0,0,0,0,0,0
201599,999,48900, ,Wilmington  NC ,1646,1646,345536,67,134,14851,2,8,600,13,570,39198,1237,1237,280366,67,134,14851,2,8,600,13,570,39198
201599,999,49420, ,Yakima  WA ,390,390,89259,1,2,190,1,3,223,0,0,0,353,353,83847,1,2,190,1,3,223,0,0,0
201599,999,49740, ,Yuma  AZ ,765,765,117198,0,0,0,1,3,106,0,0,0,765,765,117198,0,0,0,1,3,106,0,0,0
