Survey,CSA,CBSA,MONCOV,CBSA,,1-unit,,,2-units,,,3-4 units,,,5+ units,,,1-unit rep,,,2-units rep,,,3-4 units rep,,,5+ units rep
Date,Code,Code,,Name,Bldgs,Units,Value,Bldgs,Units,Value,Bldgs,Units,Value,Bldgs,Units,Value,Bldgs,Units,Value,Bldgs,Units,Value,      Bldgs,Units,Value,Bldgs,Units,Value
 
200399,102,18700,C,Corvallis  OR ,278,278,56655,8,16,1661,0,0,0,12,145,7098,278,278,56655,8,16,1661,0,0,0,12,145,7098
200399,104,10580, ,Albany-Schenectady-Troy  NY ,2602,2602,459738,11,22,1540,11,44,2112,44,554,37765,2269,2269,419137,10,20,1374,11,44,2112,23,409,29019
200399,104,24020, ,Glens Falls  NY ,646,646,87101,9,18,2670,9,34,930,8,80,2795,616,616,84547,9,18,2670,9,34,930,8,80,2795
200399,112,11180, ,Ames  IA ,406,406,75834,1,2,180,0,0,0,14,336,26445,403,403,75485,1,2,180,0,0,0,14,336,26445
200399,118,11540, ,Appleton  WI ,1477,1477,236881,37,74,7001,2,7,875,18,183,8859,1382,1382,224819,36,72,6881,2,7,875,17,161,7949
200399,118,36780, ,Oshkosh-Neenah  WI ,976,976,150917,18,36,3087,7,25,1834,27,423,19580,931,931,144129,18,36,3087,7,25,1834,27,423,19580
200399,120,11700, ,Asheville  NC ,2859,2859,456427,38,76,6994,24,88,6814,14,246,51557,2732,2732,431978,36,72,6777,22,80,6363,13,226,51044
200399,122,12060,C,Atlanta-Sandy Springs-Marietta  GA ,55033,55033,6664497,107,214,37976,79,306,17670,302,10824,632105,52221,52221,6328850,99,198,13746,78,303,17514,295,10771,630525
200399,122,23580, ,Gainesville  GA ,1525,1525,209546,2,4,150,7,27,2573,16,274,8930,1525,1525,209546,2,4,150,7,27,2573,16,274,8930
200399,132,12940, ,Baton Rouge  LA ,4172,4172,441307,1,2,75,14,44,3481,41,1133,58416,3118,3118,316344,1,2,75,13,41,3481,41,1133,58416
200399,140,13460,C,Bend  OR ,2317,2317,427677,122,244,21119,41,149,13302,49,435,23053,2219,2219,414335,119,238,20578,41,149,13302,48,420,21540
200399,142,13820,C,Birmingham-Hoover  AL ,5970,5970,912511,5,10,432,0,0,0,40,693,43069,5793,5793,893265,5,10,432,0,0,0,39,688,42943
200399,148,14460,C,Boston-Cambridge-Quincy  MA-NH ,7035,7035,1391244,379,758,76837,163,573,53491,214,5675,487673,5846,5846,1187696,349,698,70934,152,538,49505,161,5358,458535
200399,148,31700, ,Manchester-Nashua  NH ,1521,1521,260870,60,120,9822,7,26,2860,33,384,25503,1292,1292,229409,57,114,9012,7,26,2860,22,320,21313
200399,148,49340, ,Worcester  MA ,3023,3023,479952,39,78,9121,32,113,10074,16,415,29187,2653,2653,431054,39,78,9121,29,102,8974,15,410,28956
200399,154,15180, ,Brownsville-Harlingen  TX ,3124,3124,240474,38,76,3740,21,81,5000,17,163,13015,2183,2183,181664,25,50,2992,20,78,4885,15,123,6060
200399,160,15380, ,Buffalo-Niagara Falls  NY ,2395,2395,410087,27,54,4034,5,19,1460,25,457,22494,2281,2281,395800,24,48,3497,4,16,1171,25,457,22494
200399,172,16740,C,Charlotte-Gastonia-Concord  NC-SC ,15932,15932,2185260,47,94,6641,46,173,15626,177,2634,168878,15230,15230,2091022,44,88,6198,46,173,15626,166,2577,165054
200399,174,16860, ,Chattanooga  TN-GA ,2781,2781,367504,48,96,4378,21,83,3267,24,306,12906,2329,2329,305533,28,56,2598,19,76,3008,16,249,10219
200399,174,17420, ,Cleveland  TN ,614,614,60450,12,24,1140,8,28,1763,5,59,3461,614,614,60450,12,24,1140,8,28,1763,5,59,3461
200399,176,16980,C,Chicago-Naperville-Joliet  IL-IN-WI ,35750,35750,6600770,473,946,106463,578,2024,184186,611,11234,904320,34053,34053,6305719,401,802,91120,500,1741,144205,500,9045,712252
200399,176,28100,C,Kankakee-Bradley  IL ,583,583,90621,15,30,3163,10,40,2496,3,18,1080,575,575,89704,5,10,1330,10,40,2496,3,18,1080
200399,176,33140, ,Michigan City-La Porte  IN ,396,396,49708,0,0,0,7,21,901,0,0,0,307,307,41464,0,0,0,0,0,0,0,0,0
200399,178,17140,C,Cincinnati-Middletown  OH-KY-IN ,10923,10923,1573875,52,104,7859,90,328,25647,169,1826,103995,10182,10182,1495338,52,104,7859,87,319,25353,132,1612,94759
200399,184,10420,C,Akron  OH ,2730,2730,442434,27,54,6320,32,112,8128,20,294,10475,2564,2564,417670,27,54,6320,32,112,8128,20,294,10475
200399,184,17460,C,Cleveland-Elyria-Mentor  OH ,6601,6601,1238197,52,104,13601,42,155,13332,25,180,13318,5836,5836,1139502,45,90,12698,29,107,10893,18,121,9543
200399,192,17900,C,Columbia  SC ,5527,5527,629285,6,12,400,1,3,55,53,897,49866,5343,5343,610970,6,12,400,1,3,55,53,897,49866
200399,194,12220,C,Auburn-Opelika  AL ,665,665,89152,41,82,5486,12,45,2958,28,375,20002,665,665,89152,41,82,5486,12,45,2958,28,375,20002
200399,194,17980, ,Columbus  GA-AL ,1419,1419,193490,22,44,2198,17,68,3306,30,460,27447,1419,1419,193490,22,44,2198,17,68,3306,30,460,27447
200399,198,18140,C,Columbus  OH ,12093,12093,2088688,83,166,19301,193,746,66903,274,3418,132387,11762,11762,2037303,83,166,19301,192,743,66903,274,3418,132387
200399,204,18580, ,Corpus Christi  TX ,1668,1668,171933,14,28,1650,7,21,1267,34,280,10181,1579,1579,162441,14,28,1650,7,21,1267,34,280,10181
200399,206,19100,C,Dallas-Fort Worth-Arlington  TX ,40537,40537,6447004,116,232,17281,175,680,22726,587,11364,621535,38842,38842,6209501,110,220,16551,170,661,22087,576,11206,611339
200399,212,19380, ,Dayton  OH ,2826,2826,436337,60,120,11370,183,728,66490,32,435,30063,2826,2826,436337,60,120,11370,183,728,66490,32,435,30063
200399,212,44220, ,Springfield  OH ,244,244,30943,2,4,298,1,4,309,2,21,1484,244,244,30943,2,4,298,1,4,309,2,21,1484
200399,214,19660,C,Deltona-Daytona Beach-Ormond Beach  FL ,5033,5033,782570,17,34,2443,2,8,710,60,1341,129899,4952,4952,772017,17,34,2443,2,8,710,56,1303,124520
200399,216,14500,C,Boulder  CO ,1157,1157,198158,4,8,754,7,27,2551,19,236,23510,1156,1156,197963,4,8,754,7,27,2551,19,236,23510
200399,216,19740,C,Denver-Aurora  CO ,14162,14162,2533620,57,114,11747,72,248,26004,161,2835,230440,14046,14046,2516219,57,114,11747,71,244,25881,161,2835,230440
200399,218,19780, ,Des Moines  IA ,4452,4452,679191,40,80,9369,14,50,5969,57,920,84933,4387,4387,670816,37,74,8730,12,43,5570,57,920,84933
200399,220,11460,C,Ann Arbor  MI ,2153,2153,352134,7,14,1372,7,26,3130,30,334,23841,1973,1973,330308,5,10,1025,7,26,3130,30,334,23841
200399,220,19820,C,Detroit-Warren-Livonia  MI ,16334,16334,2535956,104,208,20662,106,391,37476,248,2967,206737,15867,15867,2487447,103,206,20493,106,391,37476,246,2955,205827
200399,220,22420,C,Flint  MI ,2029,2029,297864,15,30,2875,3,9,877,8,172,8457,1973,1973,291513,15,30,2875,3,9,877,8,172,8457
200399,220,33780,C,Monroe  MI ,992,992,146341,0,0,0,1,3,412,13,165,7029,947,947,141838,0,0,0,1,3,412,3,102,4763
200399,222,20020, ,Dothan  AL ,445,445,45789,0,0,0,1,4,148,1,6,222,430,430,44655,0,0,0,1,4,148,1,6,222
200399,232,20740, ,Eau Claire  WI ,893,893,130899,53,106,7870,7,27,1980,9,136,5970,875,875,129613,53,106,7870,7,27,1980,9,136,5970
200399,244,22020, ,Fargo  ND-MN ,1411,1411,181205,8,16,1266,21,83,5735,36,756,32737,1405,1405,180710,8,16,1266,21,83,5735,36,756,32737
200399,252,22540, ,Fond du Lac  WI ,398,398,62806,23,46,4913,1,4,360,3,36,1800,331,331,52806,21,42,4366,1,4,360,3,36,1800
200399,258,23060, ,Fort Wayne  IN ,2264,2264,385825,15,30,2480,5,20,1949,23,317,12201,2264,2264,385825,15,30,2480,5,20,1949,23,317,12201
200399,260,23420,C,Fresno  CA ,4470,4470,744549,13,26,2411,72,257,20210,126,1000,67408,4452,4452,742569,13,26,2411,72,257,20210,126,1000,67408
200399,260,31460,C,Madera  CA ,1139,1139,159127,2,4,245,1,3,239,11,81,5211,1139,1139,159127,2,4,245,1,3,239,11,81,5211
200399,266,24340, ,Grand Rapids-Wyoming  MI ,3940,3940,575992,18,36,2625,21,77,6521,17,231,11058,3672,3672,545639,13,26,2090,17,65,5501,14,208,9575
200399,266,26100,C,Holland-Grand Haven  MI ,1706,1706,281302,48,96,7685,63,215,25585,37,434,25478,1642,1642,272495,48,96,7685,63,215,25585,37,434,25478
200399,266,34740,C,Muskegon-Norton Shores  MI ,739,739,97512,9,18,1733,2,7,425,13,205,6183,638,638,84953,9,18,1733,1,4,200,9,168,4219
200399,268,15500,C,Burlington  NC ,1143,1143,124570,10,20,733,0,0,0,0,0,0,1143,1143,124570,10,20,733,0,0,0,0,0,0
200399,268,24660,C,Greensboro-High Point  NC ,4024,4024,577274,34,68,3800,5,15,903,65,709,36003,4005,4005,575238,34,68,3800,5,15,903,65,709,36003
200399,268,49180,C,Winston-Salem  NC ,2936,2936,366580,3,6,571,4,16,1174,42,448,19597,2936,2936,366580,3,6,571,4,16,1174,42,448,19597
200399,273,11340,C,Anderson  SC ,1092,1092,142024,23,46,1902,0,0,0,17,246,8380,1092,1092,142024,23,46,1902,0,0,0,17,246,8380
200399,273,24860,C,Greenville  SC ,4313,4313,458149,31,62,3384,1,4,353,6,90,5622,4313,4313,458149,31,62,3384,1,4,353,6,90,5622
200399,273,43900, ,Spartanburg  SC ,1789,1789,168526,22,44,2242,0,0,0,10,248,7239,1782,1782,167504,22,44,2242,0,0,0,10,248,7239
200399,274,25060, ,Gulfport-Biloxi  MS ,1418,1418,181433,8,16,877,5,18,1163,24,510,69170,1373,1373,177409,8,16,877,5,18,1163,24,510,69170
200399,274,37700,C,Pascagoula  MS ,897,897,94560,0,0,0,0,0,0,0,0,0,745,745,74269,0,0,0,0,0,0,0,0,0
200399,276,25420, ,Harrisburg-Carlisle  PA ,2348,2348,317741,18,36,3541,46,159,10166,16,288,15286,2186,2186,298282,18,36,3541,43,150,8891,16,288,15286
200399,276,30140, ,Lebanon  PA ,740,740,87218,2,4,333,0,0,0,0,0,0,740,740,87218,0,0,0,0,0,0,0,0,0
200399,278,25540,C,Hartford-West Hartford-East Hartford  CT ,3117,3117,462026,68,136,9185,6,20,2630,56,864,41960,2906,2906,435742,67,134,9100,6,20,2630,38,745,40174
200399,288,26420, ,Houston-Baytown-Sugar Land  TX ,39810,39810,5047876,52,104,4850,20,71,3569,819,16586,882797,39608,39608,5020383,52,104,4850,20,71,3569,804,16433,879305
200399,290,19460, ,Decatur  AL ,423,423,47585,0,0,0,0,0,0,1,6,100,423,423,47585,0,0,0,0,0,0,1,6,100
200399,290,26620, ,Huntsville  AL ,1213,1213,79223,7,14,565,12,48,3186,96,1122,52504,1209,1209,78714,7,14,565,12,48,3186,96,1122,52504
200399,292,26820, ,Idaho Falls  ID ,1019,1019,102482,8,16,1199,16,62,2976,6,86,2352,1019,1019,102482,8,16,1199,16,62,2976,6,86,2352
200399,294,11300,C,Anderson  IN ,499,499,66628,1,2,230,1,4,250,10,76,4833,492,492,65656,0,0,0,1,4,250,10,76,4833
200399,294,18020, ,Columbus  IN ,283,283,43725,0,0,0,0,0,0,0,0,0,283,283,43725,0,0,0,0,0,0,0,0,0
200399,294,26900,C,Indianapolis  IN ,12631,12631,2087720,182,364,37943,67,240,18024,188,2549,132505,11633,11633,1946274,170,340,36622,57,209,16869,174,2422,125940
200399,296,27060, ,Ithaca  NY ,218,218,33050,17,34,3006,0,0,0,5,84,5431,171,171,29752,17,34,3006,0,0,0,5,84,5431
200399,297,27180, ,Jackson  TN ,619,619,63751,1,2,65,1,4,248,17,136,5371,619,619,63751,1,2,65,1,4,248,17,136,5371
200399,298,27140, ,Jackson  MS ,3061,3061,374105,0,0,0,6,24,1474,55,484,19708,3061,3061,374105,0,0,0,6,24,1474,55,484,19708
200399,304,27740, ,Johnson City  TN ,737,737,106405,4,8,660,12,47,3016,19,152,5314,330,330,55576,4,8,660,12,47,3016,17,141,4658
200399,304,28700, ,Kingsport-Bristol-Bristol  TN-VA ,1117,1117,99781,14,28,2182,2,8,388,14,97,3280,914,914,85184,13,26,2080,2,8,388,13,92,3137
200399,312,28140,C,Kansas City  MO-KS ,11890,11890,1809093,227,454,40062,175,672,51270,128,1919,111623,11318,11318,1733423,219,438,38928,173,666,50775,124,1899,110762
200399,314,28940, ,Knoxville  TN ,3739,3739,467754,18,36,2478,11,40,2361,8,84,3215,3674,3674,461057,18,36,2478,11,40,2361,5,63,2218
200399,316,29020, ,Kokomo  IN ,358,358,57185,10,20,2784,0,0,0,1,25,1500,337,337,54841,9,18,2528,0,0,0,1,25,1500
200399,318,29180, ,Lafayette  LA ,1482,1482,185662,14,28,1587,2,7,330,2,57,2989,1321,1321,165367,14,28,1587,1,4,180,0,0,0
200399,320,29140, ,Lafayette  IN ,1026,1026,140017,58,116,10721,2,7,539,21,370,16961,840,840,120719,53,106,9847,2,7,539,21,370,16961
200399,324,29340, ,Lake Charles  LA ,1164,1164,104527,23,46,1636,16,48,1847,14,200,10785,1054,1054,92320,16,32,1217,16,48,1847,14,200,10785
200399,330,29620, ,Lansing-East Lansing  MI ,1957,1957,310627,17,34,3018,2,6,710,86,1159,62103,1911,1911,305974,17,34,3018,2,6,710,86,1159,62103
200399,332,29820,C,Las Vegas-Paradise  NV ,27354,27354,3385724,20,40,4257,245,840,59506,658,8498,439067,27354,27354,3385724,20,40,4257,245,840,59506,658,8498,439067
200399,336,30460, ,Lexington-Fayette  KY ,3792,3792,484280,30,60,4070,4,16,1158,13,107,4868,3436,3436,450355,30,60,4070,4,16,1158,13,107,4868
200399,338,30620, ,Lima  OH ,260,260,42599,12,24,1495,0,0,0,0,0,0,242,242,40538,12,24,1495,0,0,0,0,0,0
200399,340,30780, ,Little Rock-North Little Rock  AR ,3515,3515,554976,16,32,1402,20,78,3659,34,473,21421,3453,3453,547739,16,32,1402,20,78,3659,34,473,21421
200399,340,38220, ,Pine Bluff  AR ,126,126,9590,4,8,372,4,16,239,3,64,902,120,120,9290,4,8,372,3,12,239,3,64,902
200399,346,30980, ,Longview  TX ,330,330,43777,1,2,23,0,0,0,0,0,0,325,325,43526,1,2,23,0,0,0,0,0,0
200399,348,31100,C,Los Angeles-Long Beach-Santa Ana  CA ,16434,16434,3506441,334,668,76150,186,668,64906,608,12381,997781,16001,16001,3406810,313,626,73223,149,543,58992,544,12009,977219
200399,348,37100,C,Oxnard-Thousand Oaks-Ventura  CA ,2278,2278,621979,11,22,3528,1,3,410,58,1264,103915,2219,2219,609489,11,22,3528,1,3,410,55,1220,100136
200399,348,40140,C,Riverside-San Bernardino-Ontario  CA ,35965,35965,6367228,151,302,26297,132,417,44363,395,5568,405133,35713,35713,6317672,151,302,26297,132,417,44363,389,5538,403092
200399,350,21060, ,Elizabethtown  KY ,813,813,97186,21,42,2183,10,39,1583,8,63,2513,812,812,97156,21,42,2183,9,35,1508,8,63,2513
200399,350,31140, ,Louisville  KY-IN ,7227,7227,1048595,26,52,2339,36,141,7865,94,1212,57295,6596,6596,964304,18,36,1531,36,141,7865,84,1062,52393
200399,352,31180, ,Lubbock  TX ,1364,1364,182531,236,472,35929,14,51,1755,45,1069,58748,1364,1364,182531,236,472,35929,14,51,1755,45,1069,58748
200399,356,31420, ,Macon  GA ,1188,1188,160272,24,48,3176,13,39,2945,47,596,39510,1188,1188,160272,24,48,3176,13,39,2945,47,596,39510
200399,356,47580, ,Warner Robins  GA ,1474,1474,144655,13,26,1243,13,52,1040,10,96,2700,1474,1474,144655,13,26,1243,13,52,1040,10,96,2700
200399,358,31540,C,Madison  WI ,3240,3240,592257,151,302,35407,81,306,29164,90,2269,181696,3073,3073,567852,136,272,31969,64,247,24467,72,2075,171155
200399,360,31900,C,Mansfield  OH ,355,355,54940,12,24,2188,13,51,3690,5,60,2350,355,355,54940,12,24,2188,13,51,3690,5,60,2350
200399,372,33260,C,Midland  TX ,260,260,30268,0,0,0,0,0,0,0,0,0,260,260,30268,0,0,0,0,0,0,0,0,0
200399,372,36220,C,Odessa  TX ,173,173,25924,0,0,0,0,0,0,0,0,0,173,173,25924,0,0,0,0,0,0,0,0,0
200399,376,33340,C,Milwaukee-Waukesha-West Allis  WI ,3939,3939,830564,172,344,37092,40,155,14261,62,2029,195791,3765,3765,796503,158,316,34299,39,152,13946,57,2000,194033
200399,376,39540,C,Racine  WI ,876,876,158985,19,38,3291,5,17,1759,18,257,16169,830,830,152986,4,8,960,2,8,1096,9,174,13016
200399,378,33460,C,Minneapolis-St. Paul-Bloomington  MN-WI ,20378,20378,3682187,195,390,50251,220,829,98131,292,6026,636190,19958,19958,3594974,179,358,45511,184,705,84303,273,5825,615194
200399,378,41060, ,St. Cloud  MN ,1636,1636,226261,10,20,2384,11,37,1148,18,322,17507,1109,1109,162461,10,20,2384,4,16,1148,8,272,14475
200399,380,33660, ,Mobile  AL ,1665,1665,161573,1,2,88,1,4,408,2,13,440,1642,1642,159391,1,2,88,1,4,408,1,8,287
200399,384,33740, ,Monroe  LA ,457,457,60976,0,0,0,2,7,167,15,79,3970,357,357,46940,0,0,0,1,4,120,15,79,3970
200399,388,33860, ,Montgomery  AL ,1467,1467,169238,0,0,0,0,0,0,41,305,16083,1394,1394,160993,0,0,0,0,0,0,41,305,16083
200399,392,34100, ,Morristown  TN ,539,539,65963,16,32,1617,2,7,335,3,20,680,536,536,65597,16,32,1617,2,7,335,3,20,680
200399,396,34820, ,Myrtle Beach-Conway-North Myrtle Beach  SC ,3363,3363,446664,8,16,2210,22,84,7136,83,1667,168534,3363,3363,446664,8,16,2210,22,84,7136,83,1667,168534
200399,400,34980,C,Nashville-Davidson--Murfreesboro  TN ,11615,11615,1688260,64,128,11178,29,107,6773,108,1699,120349,11478,11478,1672009,58,116,10878,29,107,6773,108,1699,120349
200399,406,35380,C,New Orleans-Metairie-Kenner  LA ,5357,5357,736471,136,272,203903,39,155,9926,28,345,20485,5243,5243,718420,136,272,203903,39,155,9926,26,335,19685
200399,408,14860,C,Bridgeport-Stamford-Norwalk  CT ,1550,1550,512336,26,52,4514,14,52,4252,37,310,24112,1476,1476,465427,22,44,3054,14,52,4252,37,310,24112
200399,408,28740, ,Kingston  NY ,694,694,114990,11,22,1867,0,0,0,10,89,5339,641,641,107218,11,22,1867,0,0,0,10,89,5339
200399,408,35300,C,New Haven-Milford  CT ,1340,1340,216159,28,56,3921,7,26,2305,22,404,21631,1308,1308,212732,28,56,3921,7,26,2305,22,404,21631
200399,408,35620,C,New York-Northern New Jersey-Long Island  NY-NJ-PA ,19581,19581,3396405,3787,7574,709142,1364,4278,343307,818,18379,1399678,17516,17516,3033304,3590,7180,575297,1305,4071,287955,749,17825,1337159
200399,408,39100,C,Poughkeepsie-Newburgh-Middletown  NY ,2288,2288,405443,3,6,650,4,15,1261,64,600,37236,2061,2061,376134,2,4,350,4,15,1261,46,509,31434
200399,408,45940,C,Trenton-Ewing  NJ ,778,778,72567,0,0,0,0,0,0,18,410,20790,682,682,66789,0,0,0,0,0,0,18,410,20790
200399,416,36420,C,Oklahoma City  OK ,6923,6923,979655,83,166,12592,2,8,324,98,985,51053,6800,6800,968304,83,166,12592,2,8,324,97,980,50836
200399,420,36540,C,Omaha-Council Bluffs  NE-IA ,5385,5385,701383,51,102,8175,3,11,754,56,872,53352,5353,5353,697521,51,102,8175,3,11,754,56,872,53352
200399,422,36740,C,Orlando  FL ,22345,22345,3279268,84,168,15217,24,88,7764,285,5632,345013,21462,21462,3168539,80,160,14792,24,88,7764,281,5533,340168
200399,426,37900, ,Peoria  IL ,1382,1382,207533,69,138,11432,5,17,1109,6,220,10150,1318,1318,200128,69,138,11432,5,17,1109,6,220,10150
200399,428,37980,C,Philadelphia-Camden-Wilmington  PA-NJ-DE-MD ,15367,15367,2024797,101,202,19638,67,232,17423,213,5279,263527,14314,14314,1890436,84,168,16493,57,202,15265,176,5065,254359
200399,428,47220,C,Vineland-Millville-Bridgeton  NJ ,364,364,38911,5,10,528,0,0,0,0,0,0,348,348,37725,4,8,446,0,0,0,0,0,0
200399,430,38300,C,Pittsburgh  PA ,5292,5292,871725,54,108,10008,94,359,24773,83,754,62092,4737,4737,796989,51,102,9828,81,312,22921,42,490,45434
200399,438,30340, ,Lewiston-Auburn  ME ,490,490,64197,2,4,510,3,9,1080,1,5,500,421,421,55996,2,4,510,3,9,1080,1,5,500
200399,438,38860, ,Portland-South Portland-Biddeford  ME ,3162,3162,497793,64,128,12743,32,117,10928,9,98,11924,2804,2804,447644,63,126,12593,32,117,10928,8,93,11716
200399,450,20500,C,Durham  NC ,3961,3961,696775,22,44,4303,13,42,3435,59,1056,44654,3366,3366,611353,22,44,4303,13,42,3435,59,1056,44654
200399,450,39580,C,Raleigh-Cary  NC ,10357,10357,1510052,117,234,12222,20,70,5055,106,1999,99410,10091,10091,1465045,117,234,12222,20,70,5055,104,1978,98490
200399,464,40380, ,Rochester  NY ,2624,2624,426147,40,80,4296,26,103,6440,48,615,39206,2574,2574,420101,40,80,4296,26,103,6440,46,507,37586
200399,466,40420, ,Rockford  IL ,2052,2052,199864,68,136,10475,107,423,14195,2,14,698,1970,1970,193784,68,136,10475,106,419,13979,2,14,698
200399,472,40900,C,Sacramento--Arden-Arcade--Roseville  CA ,18165,18165,3689302,89,178,16992,11,43,3314,394,4446,366767,18145,18145,3686103,86,172,16156,11,43,3314,394,4446,366767
200399,474,13020, ,Bay City  MI ,393,393,60509,4,8,586,0,0,0,4,37,2715,345,345,55257,4,8,586,0,0,0,4,37,2715
200399,474,40980, ,Saginaw-Saginaw Township North  MI ,652,652,91329,4,8,817,4,16,1217,3,23,1000,548,548,78862,3,6,694,4,16,1217,3,23,1000
200399,476,41180,C,St. Louis  MO-IL ,12175,12175,1815524,245,490,44354,93,332,22353,145,1757,149391,11990,11990,1791204,244,488,44207,92,329,22153,142,1742,148822
200399,480,41540, ,Salisbury  MD ,981,981,103368,8,16,1212,10,40,730,26,261,16875,931,931,100080,8,16,1212,10,40,730,26,261,16875
200399,482,36260, ,Ogden-Clearfield  UT ,4078,4078,591449,31,62,7883,38,145,12153,14,137,10033,3751,3751,560186,31,62,7883,36,138,11427,13,132,9555
200399,482,41620,C,Salt Lake City  UT ,6118,6118,921959,37,74,8423,119,427,38269,111,1526,103392,5673,5673,860224,25,50,6042,115,415,37772,100,1395,96537
200399,488,34900,C,Napa  CA ,568,568,180197,3,6,717,1,3,221,5,30,2334,568,568,180197,3,6,717,1,3,221,5,30,2334
200399,488,41860,C,San Francisco-Oakland-Fremont  CA ,8683,8683,2357236,82,164,20260,69,240,41258,254,5741,650216,8518,8518,2273609,82,164,20260,69,240,41258,252,5731,649216
200399,488,41940,C,San Jose-Sunnyvale-Santa Clara  CA ,2565,2565,608459,31,62,9692,23,88,12072,114,4388,439724,2565,2565,608459,31,62,9692,23,88,12072,114,4388,439724
200399,488,42100,C,Santa Cruz-Watsonville  CA ,663,663,150250,7,14,2014,5,16,2143,17,373,34166,663,663,150250,7,14,2014,5,16,2143,17,373,34166
200399,488,42220,C,Santa Rosa-Petaluma  CA ,1503,1503,326930,25,50,5581,26,91,7762,30,608,54343,1503,1503,326930,25,50,5581,26,91,7762,30,608,54343
200399,488,46700,C,Vallejo-Fairfield  CA ,2050,2050,411154,39,78,6305,7,27,2068,31,487,27766,1922,1922,377406,39,78,6305,7,27,2068,31,487,27766
200399,492,42140,C,Santa Fe  NM ,561,561,70719,0,0,0,0,0,0,0,0,0,443,443,55119,0,0,0,0,0,0,0,0,0
200399,496,25980,C,Hinesville-Fort Stewart  GA ,264,264,25006,0,0,0,0,0,0,6,72,15188,264,264,25006,0,0,0,0,0,0,6,72,15188
200399,496,42340, ,Savannah  GA ,2297,2297,338930,16,32,4771,6,21,1939,22,176,7556,1960,1960,291772,14,28,4411,4,13,1193,8,103,4858
200399,500,14740,C,Bremerton-Silverdale  WA ,1376,1376,219473,19,38,3969,4,14,2941,3,32,3483,1344,1344,216105,19,38,3969,4,14,2941,3,32,3483
200399,500,36500,C,Olympia  WA ,1670,1670,300137,34,68,7886,8,32,2577,19,244,16104,1668,1668,299950,34,68,7886,8,32,2577,19,244,16104
200399,500,42660,C,Seattle-Tacoma-Bellevue  WA ,15003,15003,2825754,342,684,68474,227,815,80149,282,4099,334276,13293,13293,2594649,291,582,60019,207,753,72927,220,3747,303144
200399,508,43340, ,Shreveport-Bossier City  LA ,1634,1634,240335,0,0,0,4,16,500,49,593,23510,1598,1598,234642,0,0,0,4,16,500,49,593,23510
200399,512,43580, ,Sioux City  IA-NE-SD ,342,342,49176,21,42,3251,8,28,943,1,25,1548,220,220,30108,17,34,2237,7,24,783,0,0,0
200399,532,45060, ,Syracuse  NY ,1545,1545,208323,10,20,1388,4,14,939,17,124,4583,1282,1282,171961,10,20,1388,4,14,939,4,48,3000
200399,534,45780, ,Toledo  OH ,2525,2525,359276,31,62,5814,10,38,5713,41,580,23532,2271,2271,337449,29,58,5694,10,38,5713,41,580,23532
200399,538,46140,C,Tulsa  OK ,4016,4016,546099,20,40,2469,0,0,0,20,298,15400,3040,3040,381196,19,38,2369,0,0,0,8,190,9400
200399,540,46340, ,Tyler  TX ,574,574,93293,0,0,0,2,6,300,13,77,3558,192,192,25890,0,0,0,0,0,0,0,0,0
200399,548,12580,C,Baltimore-Towson  MD ,8314,8314,1196046,14,28,2484,0,0,0,107,2791,184247,8305,8305,1195099,14,28,2484,0,0,0,107,2791,184247
200399,548,47900,C,Washington-Arlington-Alexandria  DC-VA-MD-WV ,27986,27986,3955354,14,28,2535,66,250,15944,301,7583,368297,27799,27799,3929464,14,28,2535,66,250,15944,293,7490,364212
200399,548,49020, ,Winchester  VA-WV ,1121,1121,150120,0,0,0,0,0,0,2,16,200,951,951,133620,0,0,0,0,0,0,2,16,200
200399,554,48140, ,Wausau  WI ,1023,1023,142265,49,98,7323,3,12,779,21,262,12640,630,630,90935,37,74,6457,3,12,779,21,262,12640
200399,556,48620, ,Wichita  KS ,2952,2952,353699,54,108,7716,5,19,1003,48,569,17059,2901,2901,347737,54,108,7716,5,19,1003,48,569,17059
200399,558,48700, ,Williamsport  PA ,287,287,36040,1,2,175,0,0,0,0,0,0,202,202,27775,1,2,175,0,0,0,0,0,0
200399,564,49620, ,York-Hanover  PA ,2708,2708,344121,20,40,2338,2,7,240,38,393,20486,2572,2572,325031,20,40,2338,1,4,240,37,388,19952
200399,566,49660, ,Youngstown-Warren-Boardman  OH-PA ,1275,1275,172639,42,84,6741,17,66,3883,1,6,159,1192,1192,162113,30,60,4983,17,66,3883,1,6,159
200399,999,10180, ,Abilene  TX ,199,199,29826,11,22,1439,0,0,0,0,0,0,191,191,29135,11,22,1439,0,0,0,0,0,0
200399,999,10500, ,Albany  GA ,611,611,71395,17,34,2345,0,0,0,25,262,13587,236,236,29722,16,32,2215,0,0,0,25,262,13587
200399,999,10740,C,Albuquerque  NM ,6822,6822,771268,149,298,18680,31,114,5960,33,702,24496,5481,5481,641683,149,298,18680,26,97,5325,27,617,21006
200399,999,10780, ,Alexandria  LA ,537,537,61417,0,0,0,1,4,485,5,39,2364,399,399,48671,0,0,0,1,4,485,2,16,995
200399,999,10900,C,Allentown-Bethlehem-Easton  PA-NJ ,3999,3999,577192,3,6,313,29,109,6421,22,262,20439,3407,3407,498844,3,6,313,19,76,3872,21,257,20391
200399,999,11020, ,Altoona  PA ,241,241,35669,3,6,270,3,11,420,5,104,2950,223,223,33674,3,6,270,3,11,420,5,104,2950
200399,999,11100, ,Amarillo  TX ,780,780,120381,3,6,485,37,144,11280,1,120,6019,780,780,120381,3,6,485,37,144,11280,1,120,6019
200399,999,11260,C,Anchorage  AK ,966,966,210600,420,840,114797,58,212,27974,59,529,58333,966,966,210600,420,840,114797,58,212,27974,59,529,58333
200399,999,11500, ,Anniston-Oxford  AL ,163,163,19804,0,0,0,0,0,0,0,0,0,142,142,18460,0,0,0,0,0,0,0,0,0
200399,999,12020, ,Athens-Clarke County  GA ,1413,1413,204213,10,20,1210,0,0,0,18,523,25689,1344,1344,195189,6,12,930,0,0,0,18,523,25689
200399,999,12100,C,Atlantic City  NJ ,2058,2058,239074,14,28,2610,2,7,1048,13,192,6529,1986,1986,231416,14,28,2610,2,7,1048,13,192,6529
200399,999,12260, ,Augusta-Richmond County  GA-SC ,3300,3300,420920,18,36,1097,0,0,0,10,256,7099,3026,3026,390381,16,32,964,0,0,0,10,256,7099
200399,999,12420,C,Austin-Round Rock  TX ,12103,12103,1432215,129,258,17014,134,457,21915,117,2499,136226,9662,9662,1190018,115,230,14800,107,350,18345,88,2059,109215
200399,999,12540, ,Bakersfield  CA ,5546,5546,783377,44,88,4501,16,64,4255,13,115,6213,5349,5349,765744,43,86,4389,16,64,4255,13,115,6213
200399,999,12620, ,Bangor  ME ,570,570,67096,10,20,1549,9,36,1713,2,12,550,534,534,64214,10,20,1549,9,36,1713,2,12,550
200399,999,12700, ,Barnstable Town  MA ,1095,1095,272830,7,14,1538,38,119,10384,0,0,0,989,989,236403,7,14,1538,38,119,10384,0,0,0
200399,999,12980, ,Battle Creek  MI ,388,388,50092,0,0,0,0,0,0,1,6,190,347,347,46738,0,0,0,0,0,0,1,6,190
200399,999,13140, ,Beaumont-Port Arthur  TX ,955,955,124046,2,4,268,1,4,238,24,421,16663,777,777,110791,2,4,268,1,4,238,7,336,12616
200399,999,13380, ,Bellingham  WA ,1493,1493,257495,24,48,6400,24,93,8300,33,686,48335,1493,1493,257495,24,48,6400,24,93,8300,33,686,48335
200399,999,13740, ,Billings  MT ,671,671,96799,7,14,944,9,31,1850,5,195,10601,671,671,96799,7,14,944,8,28,1850,5,195,10601
200399,999,13780, ,Binghamton  NY ,284,284,39952,0,0,0,0,0,0,2,94,17100,262,262,38040,0,0,0,0,0,0,2,94,17100
200399,999,13900, ,Bismarck  ND ,682,682,112493,1,2,260,15,60,6908,12,209,13630,681,681,112393,1,2,260,15,60,6908,12,209,13630
200399,999,13980, ,Blacksburg-Christiansburg-Radford  VA ,671,671,87177,27,54,1800,4,16,1056,5,32,1471,640,640,84364,26,52,1750,4,16,1056,3,22,1054
200399,999,14020, ,Bloomington  IN ,663,663,94830,95,190,17181,9,29,2291,25,294,16840,174,174,21200,5,10,990,3,11,876,13,134,7949
200399,999,14060, ,Bloomington-Normal  IL ,1037,1037,121843,7,14,881,9,36,2147,33,556,25163,1007,1007,118938,4,8,636,9,36,2147,33,556,25163
200399,999,14260,C,Boise City-Nampa  ID ,6708,6708,991826,51,102,8565,94,364,20281,44,550,29935,6391,6391,953657,50,100,8477,84,329,18706,44,550,29935
200399,999,14540, ,Bowling Green  KY ,753,753,99242,12,24,1610,4,15,1057,18,254,15469,753,753,99242,12,24,1610,4,15,1057,18,254,15469
200399,999,15260, ,Brunswick  GA ,762,762,111008,22,44,3168,3,12,723,1,20,1621,762,762,111008,22,44,3168,3,12,723,1,20,1621
200399,999,15540, ,Burlington-South Burlington  VT ,719,719,119761,39,78,7043,16,55,5370,10,104,8168,602,602,105104,39,78,7043,14,49,5010,6,73,6111
200399,999,15940, ,Canton-Massillon  OH ,1437,1437,245184,7,14,959,22,76,3864,4,29,1375,1313,1313,231692,6,12,780,22,76,3864,3,24,1125
200399,999,15980,C,Cape Coral-Fort Myers  FL ,9668,9668,1333067,584,1168,116280,224,888,100270,226,3951,445078,9668,9668,1333067,584,1168,116280,224,888,100270,226,3951,445078
200399,999,16180,C,Carson City  NV ,197,197,34482,1,2,99,1,4,180,0,0,0,197,197,34482,1,2,99,1,4,180,0,0,0
200399,999,16220,C,Casper  WY ,174,174,31358,0,0,0,0,0,0,0,0,0,170,170,30528,0,0,0,0,0,0,0,0,0
200399,999,16300, ,Cedar Rapids  IA ,1113,1113,128495,28,56,5438,30,115,7240,50,531,20018,1064,1064,121943,28,56,5438,30,115,7240,50,531,20018
200399,999,16580, ,Champaign-Urbana  IL ,941,941,146154,12,24,1881,5,20,1111,14,388,26771,757,757,125277,8,16,1461,1,4,225,14,388,26771
200399,999,16620, ,Charleston  WV ,363,363,44307,5,10,1096,0,0,0,13,88,2537,356,356,43615,5,10,1096,0,0,0,13,88,2537
200399,999,16700,C,Charleston-North Charleston  SC ,5384,5384,797465,15,30,2119,37,146,8173,115,1834,92599,5303,5303,787938,15,30,2119,36,143,8057,109,1804,91225
200399,999,16820,C,Charlottesville  VA ,1303,1303,230271,19,38,4212,7,25,1964,30,642,31540,1121,1121,184678,18,36,4053,4,15,1257,16,369,15195
200399,999,16940, ,Cheyenne  WY ,622,622,85010,8,16,1403,30,120,6223,4,21,1144,485,485,68165,8,16,1403,30,120,6223,0,0,0
200399,999,17020, ,Chico  CA ,1441,1441,181812,3,6,370,20,62,5663,25,260,20527,1441,1441,181812,3,6,370,20,62,5663,25,260,20527
200399,999,17300, ,Clarksville  TN-KY ,1500,1500,136571,9,18,823,9,29,1789,53,586,21839,1479,1479,134949,9,18,823,9,29,1789,53,586,21839
200399,999,17660, ,Coeur dAlene  ID ,1674,1674,238930,17,34,2536,9,33,1837,5,96,3796,1674,1674,238930,17,34,2536,9,33,1837,5,96,3796
200399,999,17780, ,College Station-Bryan  TX ,1156,1156,142073,131,262,20033,3,12,796,33,454,15298,1150,1150,141511,131,262,20033,3,12,796,33,454,15298
200399,999,17820,C,Colorado Springs  CO ,5272,5272,692785,4,8,395,1,4,316,11,165,10803,5271,5271,692635,4,8,395,1,4,316,11,165,10803
200399,999,17860, ,Columbia  MO ,1335,1335,184110,125,250,20875,2,7,547,47,509,24386,1329,1329,183470,125,250,20875,2,7,547,47,509,24386
200399,999,19060, ,Cumberland  MD-WV ,217,217,27717,0,0,0,0,0,0,0,0,0,209,209,26247,0,0,0,0,0,0,0,0,0
200399,999,19140,C,Dalton  GA ,596,596,71614,5,10,791,13,51,2796,24,202,10030,498,498,60821,4,8,701,12,48,2680,23,197,9729
200399,999,19180, ,Danville  IL ,66,66,6807,2,4,225,0,0,0,0,0,0,47,47,5461,2,4,225,0,0,0,0,0,0
200399,999,19260,C,Danville  VA ,277,277,34597,10,20,1426,4,16,560,3,15,885,90,90,11703,10,20,1426,4,16,560,0,0,0
200399,999,19340, ,Davenport-Moline-Rock Island  IA-IL ,927,927,137664,19,38,4734,2,8,764,16,306,20571,826,826,123143,19,38,4734,2,8,764,16,306,20571
200399,999,19500, ,Decatur  IL ,438,438,57382,1,2,100,2,8,390,4,78,5133,434,434,56934,1,2,100,2,8,390,3,67,4872
200399,999,20100,C,Dover  DE ,1763,1763,208107,4,8,309,4,16,1283,5,380,21105,1735,1735,205070,4,8,309,4,16,1283,5,380,21105
200399,999,20220, ,Dubuque  IA ,399,399,65653,24,48,4597,6,24,1864,9,70,3367,396,396,65203,24,48,4597,6,24,1864,9,70,3367
200399,999,20260, ,Duluth  MN-WI ,1207,1207,148994,19,38,3578,2,8,768,10,96,6945,1146,1146,140472,19,38,3578,2,8,768,6,76,5868
200399,999,20940,C,El Centro  CA ,1025,1025,126260,0,0,0,10,33,3211,13,143,8800,770,770,95716,0,0,0,9,30,3107,6,34,5657
200399,999,21140, ,Elkhart-Goshen  IN ,1036,1036,135145,8,16,1678,8,32,1520,5,91,7250,1036,1036,135145,8,16,1678,8,32,1520,5,91,7250
200399,999,21300, ,Elmira  NY ,106,106,15749,1,2,60,2,7,219,6,30,2500,44,44,7153,1,2,60,1,4,125,0,0,0
200399,999,21340, ,El Paso  TX ,4829,4829,288878,15,30,1072,53,205,9036,41,207,8825,2373,2373,152496,4,8,280,35,140,6572,34,172,5839
200399,999,21500, ,Erie  PA ,600,600,69434,3,6,354,11,41,2294,9,122,5769,555,555,65152,3,6,354,9,35,1966,9,122,5769
200399,999,21660,C,Eugene-Springfield  OR ,1310,1310,232754,40,80,8367,31,116,11037,3,28,1986,1310,1310,232754,40,80,8367,31,116,11037,3,28,1986
200399,999,21780, ,Evansville  IN-KY ,1573,1573,202379,25,50,3270,3,12,1030,28,269,7915,1515,1515,194001,25,50,3270,3,12,1030,28,269,7915
200399,999,21820,C,Fairbanks  AK ,197,197,31957,6,12,1196,5,18,1755,1,30,4500,173,173,29370,6,12,1196,5,18,1755,1,30,4500
200399,999,22140,C,Farmington  NM ,305,305,42219,1,2,141,0,0,0,9,60,2000,305,305,42219,1,2,141,0,0,0,9,60,2000
200399,999,22180, ,Fayetteville  NC ,1855,1855,246726,0,0,0,2,7,309,26,405,24972,1847,1847,246019,0,0,0,2,7,309,26,405,24972
200399,999,22220, ,Fayetteville-Springdale-Rogers  AR-MO ,3328,3328,433986,90,180,11998,42,157,7161,206,2622,122830,3230,3230,423605,85,170,11461,39,147,6832,204,2595,121978
200399,999,22380, ,Flagstaff  AZ ,847,847,128528,25,50,2418,11,40,3299,17,252,13321,847,847,128528,25,50,2418,11,40,3299,17,252,13321
200399,999,22500, ,Florence  SC ,251,251,24766,0,0,0,0,0,0,0,0,0,56,56,7737,0,0,0,0,0,0,0,0,0
200399,999,22520, ,Florence-Muscle Shoals  AL ,241,241,24064,2,4,174,0,0,0,22,197,6737,123,123,14997,2,4,174,0,0,0,17,156,4900
200399,999,22660,C,Fort Collins-Loveland  CO ,2284,2284,371089,42,84,10716,43,158,16924,54,477,32677,2284,2284,371089,42,84,10716,43,158,16924,54,477,32677
200399,999,22900, ,Fort Smith  AR-OK ,687,687,81436,42,84,4746,17,67,2465,7,76,2456,655,655,79290,42,84,4746,17,67,2465,7,76,2456
200399,999,23020,C,Fort Walton Beach-Crestview-Destin  FL ,1511,1511,267444,2,4,201,7,21,1597,11,213,28928,1511,1511,267444,2,4,201,7,21,1597,11,213,28928
200399,999,23460, ,Gadsden  AL ,252,252,26785,0,0,0,1,4,150,2,79,2649,232,232,25291,0,0,0,1,4,150,1,56,1900
200399,999,23540, ,Gainesville  FL ,1256,1256,153335,19,38,4195,2,8,429,32,461,24494,1222,1222,150031,19,38,4195,2,8,429,32,461,24494
200399,999,24140,C,Goldsboro  NC ,629,629,60804,0,0,0,2,8,617,7,53,2488,629,629,60804,0,0,0,2,8,617,7,53,2488
200399,999,24220, ,Grand Forks  ND-MN ,374,374,48201,0,0,0,0,0,0,12,300,17008,373,373,48133,0,0,0,0,0,0,12,300,17008
200399,999,24300,C,Grand Junction  CO ,1428,1428,182336,26,52,4293,26,101,7819,1,8,558,1428,1428,182336,26,52,4293,26,101,7819,1,8,558
200399,999,24500, ,Great Falls  MT ,169,169,24661,0,0,0,2,8,446,2,24,1241,169,169,24661,0,0,0,2,8,446,2,24,1241
200399,999,24540,C,Greeley  CO ,3624,3624,578689,29,58,5698,15,55,3772,23,226,14100,3595,3595,573332,29,58,5698,15,55,3772,23,226,14100
200399,999,24580, ,Green Bay  WI ,1990,1990,319373,42,84,8078,6,18,2015,56,1019,44991,1871,1871,301972,32,64,6535,5,15,2015,56,1019,44991
200399,999,24780, ,Greenville  NC ,982,982,121071,32,64,4241,0,0,0,60,690,29023,508,508,53597,26,52,3216,0,0,0,58,680,28293
200399,999,25180, ,Hagerstown-Martinsburg  MD-WV ,2636,2636,343892,42,84,4019,10,35,1577,14,77,2658,1253,1253,165695,35,70,3608,0,0,0,1,12,480
200399,999,25260, ,Hanford-Corcoran  CA ,849,849,94282,3,6,497,15,54,2210,15,108,5687,841,841,93627,3,6,497,15,54,2210,11,80,4271
200399,999,25500,C,Harrisonburg  VA ,665,665,82349,3,6,430,4,16,1364,4,41,2063,665,665,82349,3,6,430,4,16,1364,4,41,2063
200399,999,25620, ,Hattiesburg  MS ,119,119,12687,4,8,670,2,6,255,0,0,0,98,98,10776,2,4,236,0,0,0,0,0,0
200399,999,25860, ,Hickory-Lenoir-Morganton  NC ,1504,1504,231061,17,34,2277,0,0,0,6,81,2654,1489,1489,229058,17,34,2277,0,0,0,6,81,2654
200399,999,26180,C,Honolulu  HI ,2910,2910,489258,42,84,12244,3,12,1728,25,467,85777,2910,2910,489258,42,84,12244,3,12,1728,25,467,85777
200399,999,26300, ,Hot Springs  AR ,129,129,14102,0,0,0,0,0,0,0,0,0,0,0,0,0,0,0,0,0,0,0,0,0
200399,999,26380, ,Houma-Bayou Cane-Thibodaux  LA ,866,866,88666,1,2,46,0,0,0,9,185,9408,544,544,48050,0,0,0,0,0,0,8,180,9000
200399,999,26580, ,Huntington-Ashland  WV-KY-OH ,163,163,15131,8,16,1045,0,0,0,0,0,0,82,82,10587,8,16,1045,0,0,0,0,0,0
200399,999,26980, ,Iowa City  IA ,995,995,160513,6,12,1192,6,23,2462,27,525,58883,967,967,157176,5,10,1072,6,23,2462,26,514,58158
200399,999,27100, ,Jackson  MI ,673,673,91199,10,20,2534,0,0,0,8,138,6198,506,506,68501,2,4,514,0,0,0,8,138,6198
200399,999,27260,C,Jacksonville  FL ,12784,12784,2016938,11,22,1664,42,133,20760,171,2882,238340,12784,12784,2016938,11,22,1664,42,133,20760,171,2882,238340
200399,999,27340, ,Jacksonville  NC ,1040,1040,112591,4,8,1038,0,0,0,0,0,0,986,986,108064,4,8,1038,0,0,0,0,0,0
200399,999,27500, ,Janesville  WI ,639,639,91425,30,60,5928,27,100,5655,20,189,8138,615,615,88400,30,60,5928,15,59,2880,9,128,6003
200399,999,27620, ,Jefferson City  MO ,421,421,57490,4,8,586,11,41,3034,2,26,1800,419,419,57312,3,6,466,10,37,2874,2,26,1800
200399,999,27780, ,Johnstown  PA ,235,235,29678,1,2,75,0,0,0,0,0,0,200,200,26584,0,0,0,0,0,0,0,0,0
200399,999,27860, ,Jonesboro  AR ,547,547,56164,6,12,733,17,53,1367,9,78,2848,538,538,55443,6,12,733,17,53,1367,9,78,2848
200399,999,27900, ,Joplin  MO ,481,481,47917,10,20,1341,2,6,423,9,92,5144,478,478,47462,10,20,1341,2,6,423,9,92,5144
200399,999,28020, ,Kalamazoo-Portage  MI ,1532,1532,233303,23,46,4188,26,91,8537,64,793,57111,948,948,173273,23,46,4188,26,91,8537,62,772,54583
200399,999,28420, ,Kennewick-Richland-Pasco  WA ,1916,1916,319001,20,40,2961,0,0,0,29,293,18351,1825,1825,303332,20,40,2961,0,0,0,29,293,18351
200399,999,28660, ,Killeen-Temple-Fort Hood  TX ,1965,1965,241742,49,98,6030,100,400,16810,12,212,8055,1938,1938,238820,49,98,6030,100,400,16810,12,212,8055
200399,999,29100, ,La Crosse  WI-MN ,528,528,86922,31,62,5788,8,28,2101,8,62,4410,528,528,86922,31,62,5788,8,28,2101,8,62,4410
200399,999,29460,C,Lakeland  FL ,6261,6261,538888,51,102,4843,1,4,215,28,456,22752,6255,6255,538374,50,100,4661,1,4,215,28,456,22752
200399,999,29540, ,Lancaster  PA ,1955,1955,281482,72,144,11815,75,268,26410,36,323,16958,1568,1568,240908,72,144,11815,74,265,26260,29,271,14705
200399,999,29700,C,Laredo  TX ,1580,1580,133002,2,4,149,7,22,898,7,65,2437,1436,1436,122546,2,4,149,6,19,785,5,45,1683
200399,999,29740,C,Las Cruces  NM ,1231,1231,201956,2,4,234,1,4,155,44,528,20815,1222,1222,200985,2,4,234,1,4,155,44,528,20815
200399,999,29940, ,Lawrence  KS ,550,550,80187,164,328,28036,9,34,2035,12,148,5114,477,477,69055,159,318,27190,9,34,2035,12,148,5114
200399,999,30020, ,Lawton  OK ,149,149,18321,2,4,160,1,4,160,1,5,25,25,25,2767,2,4,160,1,4,160,0,0,0
200399,999,30300, ,Lewiston  ID-WA ,135,135,20707,10,20,2547,0,0,0,0,0,0,135,135,20707,10,20,2547,0,0,0,0,0,0
200399,999,30700, ,Lincoln  NE ,2097,2097,290116,32,64,4931,0,0,0,25,337,15573,1525,1525,211170,18,36,2985,0,0,0,18,238,10696
200399,999,30860, ,Logan  UT-ID ,792,792,111647,20,40,2931,13,51,4014,12,105,6603,680,680,91316,20,40,2931,6,23,1679,9,87,5102
200399,999,31020, ,Longview  WA ,354,354,55308,6,12,873,4,15,1153,8,55,2907,325,325,51961,4,8,628,4,15,1153,8,55,2907
200399,999,31340, ,Lynchburg  VA ,1391,1391,203361,13,26,1526,1,4,200,0,0,0,1391,1391,203361,13,26,1526,1,4,200,0,0,0
200399,999,32580,C,McAllen-Edinburg-Pharr  TX ,6461,6461,393998,115,230,9563,117,419,14294,102,950,27726,5646,5646,334845,113,226,9453,104,369,12007,97,917,26586
200399,999,32780,C,Medford  OR ,1754,1754,249662,14,28,2529,48,181,13087,14,175,10446,1684,1684,238686,14,28,2529,48,181,13087,14,175,10446
200399,999,32820, ,Memphis  TN-MS-AR ,8547,8547,1139113,10,20,1001,8,32,1991,19,1006,58348,8158,8158,1102035,10,20,1001,8,32,1991,19,1006,58348
200399,999,32900, ,Merced  CA ,2465,2465,350629,0,0,0,2,7,528,26,270,18314,2443,2443,347656,0,0,0,2,7,528,26,270,18314
200399,999,33100, ,Miami-Fort Lauderdale-Miami Beach  FL ,23540,23540,3745593,156,312,23946,227,856,61683,612,14887,1466609,23376,23376,3723073,153,306,23220,223,844,60873,595,14773,1456644
200399,999,33540,C,Missoula  MT ,428,428,40555,55,110,5819,17,64,2817,20,345,12581,310,310,28880,34,68,3127,10,39,1697,8,186,6244
200399,999,33700, ,Modesto  CA ,3868,3868,586140,25,50,3983,31,117,8643,6,84,5800,3526,3526,538935,25,50,3983,31,117,8643,6,84,5800
200399,999,34060, ,Morgantown  WV ,27,27,3176,4,8,484,1,3,300,1,52,5252,27,27,3176,4,8,484,1,3,300,1,52,5252
200399,999,34580, ,Mount Vernon-Anacortes  WA ,713,713,114740,13,26,2938,2,6,656,2,159,6347,573,573,88330,6,12,1143,2,6,656,1,154,5854
200399,999,34620, ,Muncie  IN ,290,290,51712,5,10,531,6,23,1542,9,240,76875,34,34,4026,5,10,531,6,23,1542,9,240,76875
200399,999,34940,C,Naples-Marco Island  FL ,3376,3376,687031,52,104,10334,110,433,66955,162,1907,213125,3376,3376,687031,52,104,10334,110,433,66955,162,1907,213125
200399,999,35660, ,Niles-Benton Harbor  MI ,588,588,113241,6,12,778,2,8,967,0,0,0,525,525,101484,6,12,778,2,8,967,0,0,0
200399,999,35980,C,Norwich-New London  CT ,947,947,145939,6,12,816,6,21,1026,14,242,25325,901,901,140653,6,12,816,6,21,1026,14,242,25325
200399,999,36100,C,Ocala  FL ,5841,5841,754593,26,52,2404,24,90,2921,48,492,19437,5841,5841,754593,26,52,2404,24,90,2921,48,492,19437
200399,999,36140,C,Ocean City  NJ ,1099,1099,168523,193,386,51207,15,52,3697,22,156,10191,1079,1079,166908,167,334,46553,10,37,2470,12,105,7357
200399,999,36980, ,Owensboro  KY ,528,528,44788,8,16,864,16,59,1825,0,0,0,507,507,43601,8,16,864,16,59,1825,0,0,0
200399,999,37340,C,Palm Bay-Melbourne-Titusville  FL ,5607,5607,905405,6,12,1221,3,11,1250,27,539,91840,5605,5605,905217,6,12,1221,3,11,1250,27,539,91840
200399,999,37460,C,Panama City-Lynn Haven  FL ,1313,1313,191752,10,20,1367,9,27,1146,28,2316,231365,1313,1313,191752,10,20,1367,9,27,1146,28,2316,231365
200399,999,37620, ,Parkersburg-Marietta  WV-OH ,194,194,22731,1,2,70,2,7,203,3,26,1658,194,194,22731,1,2,70,2,7,203,3,26,1658
200399,999,37860, ,Pensacola-Ferry Pass-Brent  FL ,3578,3578,439515,38,76,4393,2,6,257,77,1141,75211,3578,3578,439515,38,76,4393,2,6,257,77,1141,75211
200399,999,38060, ,Phoenix-Mesa-Scottsdale  AZ ,47285,47285,7378440,85,170,12619,174,582,44712,430,6823,435400,46622,46622,7308270,85,170,12619,174,582,44712,424,6765,432845
200399,999,38340, ,Pittsfield  MA ,371,371,73744,3,6,1143,0,0,0,4,40,4310,277,277,54303,3,6,1143,0,0,0,4,40,4310
200399,999,38540, ,Pocatello  ID ,395,395,42276,5,10,719,2,7,222,0,0,0,386,386,40970,5,10,719,1,3,115,0,0,0
200399,999,38900,C,Portland-Vancouver-Beaverton  OR-WA ,10576,10576,1907744,167,334,31867,89,325,27402,227,4768,364706,9921,9921,1810018,137,274,26214,74,268,22449,202,4392,341846
200399,999,38940,C,Port St. Lucie-Fort Pierce  FL ,8195,8195,1059645,21,42,4446,28,109,12570,101,1344,82695,8195,8195,1059645,21,42,4446,28,109,12570,101,1344,82695
200399,999,39140, ,Prescott  AZ ,2641,2641,380194,76,152,11030,12,42,2804,20,149,12128,2638,2638,379525,76,152,11030,12,42,2804,20,149,12128
200399,999,39300, ,Providence-New Bedford-Fall River  RI-MA ,3338,3338,525028,62,124,7013,8,25,1630,26,548,35797,2756,2756,453167,37,74,5247,5,16,1079,20,506,33298
200399,999,39340, ,Provo-Orem  UT ,3324,3324,598447,37,74,9900,35,118,11729,51,825,66205,3252,3252,570655,37,74,9900,35,118,11729,51,825,66205
200399,999,39380,C,Pueblo  CO ,1078,1078,115626,76,152,4916,11,44,1979,1,8,639,1078,1078,115626,76,152,4916,11,44,1979,1,8,639
200399,999,39460,C,Punta Gorda  FL ,1953,1953,309947,51,102,6607,54,201,23827,21,266,33126,1953,1953,309947,51,102,6607,54,201,23827,21,266,33126
200399,999,39660, ,Rapid City  SD ,774,774,101325,13,26,2435,11,37,3930,3,21,947,766,766,100778,13,26,2435,11,37,3930,3,21,947
200399,999,39740, ,Reading  PA ,1566,1566,223318,6,12,793,16,61,5433,29,352,34367,1299,1299,185475,6,12,793,16,61,5433,24,262,11535
200399,999,39820,C,Redding  CA ,1065,1065,173404,12,24,1768,7,27,2042,18,242,10707,1065,1065,173404,12,24,1768,7,27,2042,18,242,10707
200399,999,39900,C,Reno-Sparks  NV ,4265,4265,689640,4,8,949,8,29,4782,48,731,49287,4265,4265,689640,4,8,949,8,29,4782,48,731,49287
200399,999,40060,C,Richmond  VA ,7614,7614,1073897,7,14,1027,66,233,15253,109,1316,76803,7479,7479,1058798,7,14,1027,66,233,15253,109,1316,76803
200399,999,40220, ,Roanoke  VA ,1544,1544,188728,19,38,2148,1,3,250,3,42,4143,1544,1544,188728,19,38,2148,1,3,250,3,42,4143
200399,999,40340, ,Rochester  MN ,1692,1692,285093,6,12,1297,4,16,1529,12,296,28513,1646,1646,279360,6,12,1297,4,16,1529,10,248,20440
200399,999,40580, ,Rocky Mount  NC ,664,664,62799,31,62,4292,9,36,1276,0,0,0,649,649,61842,31,62,4292,9,36,1276,0,0,0
200399,999,40660,C,Rome  GA ,424,424,56914,39,78,4797,0,0,0,0,0,0,372,372,51681,38,76,4705,0,0,0,0,0,0
200399,999,41100, ,St. George  UT ,2313,2313,301778,11,22,1602,29,110,7492,26,284,19209,2313,2313,301778,11,22,1602,29,110,7492,26,284,19209
200399,999,41140, ,St. Joseph  MO-KS ,247,247,33156,7,14,1096,1,3,140,5,40,1885,247,247,33156,7,14,1096,1,3,140,5,40,1885
200399,999,41420,C,Salem  OR ,1566,1566,260712,40,80,8449,18,70,5697,28,263,16425,1553,1553,258691,33,66,7016,17,67,5471,28,263,16425
200399,999,41500, ,Salinas  CA ,1047,1047,310703,2,4,966,4,14,1559,24,290,38355,1046,1046,310573,2,4,966,4,14,1559,24,290,38355
200399,999,41660, ,San Angelo  TX ,265,265,30985,0,0,0,0,0,0,0,0,0,265,265,30985,0,0,0,0,0,0,0,0,0
200399,999,41700, ,San Antonio  TX ,10976,10976,1514260,49,98,6355,17,65,3689,153,2236,131227,10330,10330,1398155,49,98,6355,16,62,3689,153,2236,131227
200399,999,41740,C,San Diego-Carlsbad-San Marcos  CA ,9758,9758,2271589,117,234,27835,316,1044,119440,449,6995,580497,9509,9509,2220326,112,224,26612,311,1027,117869,442,6724,557824
200399,999,41780, ,Sandusky  OH ,208,208,36042,5,10,1211,1,4,242,14,112,3771,195,195,33767,5,10,1211,1,4,242,14,112,3771
200399,999,42020,C,San Luis Obispo-Paso Robles  CA ,1983,1983,394468,12,24,2653,30,97,6539,13,156,10432,1809,1809,362473,12,24,2653,24,79,5050,13,156,10432
200399,999,42060, ,Santa Barbara-Santa Maria-Goleta  CA ,1085,1085,248470,15,30,4342,13,42,4845,31,304,34892,1004,1004,230724,14,28,4118,7,22,2986,28,276,32221
200399,999,42260,C,Sarasota-Bradenton-Venice  FL ,7897,7897,1391107,18,36,3254,93,366,48556,67,726,133375,7897,7897,1391107,18,36,3254,93,366,48556,67,726,133375
200399,999,42540, ,Scranton--Wilkes-Barre  PA ,1341,1341,188505,22,44,3619,25,87,6094,7,58,4548,1104,1104,156200,8,16,1339,13,48,3512,5,48,3908
200399,999,43100, ,Sheboygan  WI ,475,475,79719,33,66,7155,1,4,180,7,54,2050,441,441,73429,33,66,7155,1,4,180,7,54,2050
200399,999,43300, ,Sherman-Denison  TX ,313,313,30151,12,24,1377,0,0,0,0,0,0,287,287,27281,10,20,897,0,0,0,0,0,0
200399,999,43620, ,Sioux Falls  SD ,1935,1935,206271,9,18,1955,16,61,4234,24,506,35924,1907,1907,203398,9,18,1955,15,58,4234,24,506,35924
200399,999,43780, ,South Bend-Mishawaka  IN-MI ,1197,1197,202831,9,18,1972,0,0,0,8,151,6154,1156,1156,196231,7,14,1700,0,0,0,8,151,6154
200399,999,44060, ,Spokane  WA ,1886,1886,261958,32,64,6630,4,15,1104,66,585,34712,1704,1704,238525,31,62,6466,4,15,1104,62,556,32686
200399,999,44100, ,Springfield  IL ,712,712,100464,81,162,13982,4,15,1781,3,186,10580,516,516,75286,66,132,10978,3,12,1556,3,186,10580
200399,999,44140, ,Springfield  MA ,1435,1435,240162,44,88,6725,1,3,480,12,137,6704,1246,1246,214194,44,88,6725,1,3,480,12,137,6704
200399,999,44180, ,Springfield  MO ,2572,2572,369761,75,150,9392,28,101,5070,37,632,21391,2222,2222,333121,68,136,8616,24,88,4258,24,425,17595
200399,999,44300, ,State College  PA ,742,742,101238,2,4,280,1,4,175,25,272,11827,536,536,81882,2,4,280,0,0,0,24,267,11290
200399,999,44700,C,Stockton  CA ,6935,6935,1266030,13,26,3550,0,0,0,12,80,4333,6810,6810,1245310,13,26,3550,0,0,0,12,80,4333
200399,999,44940,C,Sumter  SC ,493,493,46311,20,40,2358,0,0,0,10,120,6482,493,493,46311,20,40,2358,0,0,0,10,120,6482
200399,999,45220, ,Tallahassee  FL ,2416,2416,300371,47,94,5017,6,18,1125,73,998,52881,1954,1954,271548,47,94,5017,6,18,1125,73,998,52881
200399,999,45300,C,Tampa-St. Petersburg-Clearwater  FL ,20178,20178,2989043,396,792,58089,72,254,21473,489,8057,688988,20177,20177,2988708,396,792,58089,72,254,21473,488,8052,688644
200399,999,45460, ,Terre Haute  IN ,296,296,38695,5,10,795,1,3,256,8,50,1745,291,291,38345,5,10,795,1,3,256,8,50,1745
200399,999,45500, ,Texarkana  TX-Texarkana  AR ,276,276,28107,48,96,4615,2,7,350,24,272,12388,276,276,28107,48,96,4615,2,7,350,24,272,12388
200399,999,45820, ,Topeka  KS ,1234,1234,183683,4,8,837,31,103,6360,4,33,1050,1150,1150,177029,4,8,837,31,103,6360,4,33,1050
200399,999,46060, ,Tucson  AZ ,7598,7598,1240508,78,156,12940,12,39,2449,10,117,7803,7598,7598,1240508,78,156,12940,12,39,2449,10,117,7803
200399,999,46220, ,Tuscaloosa  AL ,924,924,127349,0,0,0,0,0,0,21,270,7717,924,924,127349,0,0,0,0,0,0,21,270,7717
200399,999,46540, ,Utica-Rome  NY ,470,470,62319,0,0,0,1,3,341,1,8,340,325,325,47866,0,0,0,0,0,0,1,8,340
200399,999,46660, ,Valdosta  GA ,793,793,92902,4,8,485,0,0,0,14,249,8633,689,689,81817,4,8,485,0,0,0,13,234,8139
200399,999,46940,C,Vero Beach  FL ,1778,1778,358139,11,22,1815,16,57,6740,36,573,53224,1224,1224,239813,10,20,1605,10,39,2853,26,439,33099
200399,999,47020, ,Victoria  TX ,242,242,23281,1,2,100,0,0,0,0,0,0,242,242,23281,1,2,100,0,0,0,0,0,0
200399,999,47260, ,Virginia Beach-Norfolk-Newport News  VA-NC ,7850,7850,1160639,39,78,6173,36,133,9957,107,2292,117987,6255,6255,958116,32,64,5535,28,106,8239,87,2037,106170
200399,999,47300, ,Visalia-Porterville  CA ,1962,1962,279489,32,64,4133,18,71,4640,18,173,8996,1960,1960,279346,32,64,4133,18,71,4640,18,173,8996
200399,999,47380, ,Waco  TX ,608,608,83927,94,188,12333,3,9,829,12,86,3387,601,601,83087,94,188,12333,3,9,829,12,86,3387
200399,999,47940, ,Waterloo-Cedar Falls  IA ,505,505,84754,10,20,2011,16,64,3587,4,101,10157,492,492,82688,10,20,2011,16,64,3587,4,101,10157
200399,999,48260, ,Weirton-Steubenville  WV-OH ,97,97,14030,1,2,80,0,0,0,8,57,2718,88,88,13260,1,2,80,0,0,0,7,50,2345
200399,999,48300, ,Wenatchee  WA ,561,561,84197,2,4,451,10,37,3098,6,61,4601,526,526,79030,2,4,451,10,37,3098,6,61,4601
200399,999,48540, ,Wheeling  WV-OH ,53,53,6456,1,2,113,0,0,0,0,0,0,38,38,4371,1,2,113,0,0,0,0,0,0
200399,999,48660, ,Wichita Falls  TX ,324,324,42360,3,6,175,17,68,2371,11,136,6787,292,292,39377,3,6,175,17,68,2371,11,136,6787
200399,999,48900,C,Wilmington  NC ,5527,5527,799859,19,38,3500,13,50,3438,59,840,75972,5056,5056,749443,19,38,3500,13,50,3438,59,840,75972
200399,999,49420, ,Yakima  WA ,494,494,74645,36,72,4995,12,40,2499,0,0,0,397,397,60050,29,58,3783,9,29,1817,0,0,0
200399,999,49700, ,Yuba City  CA ,1441,1441,224001,4,8,763,0,0,0,12,148,10281,1441,1441,224001,4,8,763,0,0,0,12,148,10281
200399,999,49740, ,Yuma  AZ ,1891,1891,216180,0,0,0,6,24,1163,0,0,0,1889,1889,215990,0,0,0,6,24,1163,0,0,0
