Survey,CSA,CBSA,MONCOV,CBSA,,1-unit,,,2-units,,,3-4 units,,,5+ units,,,1-unit rep,,,2-units rep,,,3-4 units rep,,,5+ units rep
Date,Code,Code,,Name,Bldgs,Units,Value,Bldgs,Units,Value,Bldgs,Units,Value,Bldgs,Units,Value,Bldgs,Units,Value,Bldgs,Units,Value,      Bldgs,Units,Value,Bldgs,Units,Value
 
200899,102,18700, ,Corvallis  OR ,106,106,27188,1,2,249,0,0,0,0,0,0,106,106,27188,1,2,249,0,0,0,0,0,0
200899,104,10580, ,Albany-Schenectady-Troy  NY ,1208,1208,284705,9,18,1677,12,48,4970,30,618,81793,1042,1042,254562,8,16,1587,10,40,3970,29,600,81343
200899,104,24020, ,Glens Falls  NY ,316,316,50814,3,6,760,3,11,925,2,24,1230,300,300,49334,3,6,760,2,8,812,2,24,1230
200899,112,11180, ,Ames  IA ,126,126,33378,0,0,0,0,0,0,11,201,15705,125,125,33261,0,0,0,0,0,0,11,201,15705
200899,118,11540, ,Appleton  WI ,488,488,104141,17,34,4030,5,20,2527,6,152,7425,484,484,103502,17,34,4030,5,20,2527,6,152,7425
200899,118,36780, ,Oshkosh-Neenah  WI ,414,414,82067,12,24,2794,3,12,1362,9,188,8172,406,406,80348,12,24,2794,3,12,1362,9,188,8172
200899,120,11700, ,Asheville  NC ,1742,1742,401799,10,20,1976,5,16,2306,37,794,58919,1555,1555,363214,10,20,1976,3,10,1306,36,787,58216
200899,122,12060,C,Atlanta-Sandy Springs-Marietta  GA ,11989,11989,2010061,22,44,5665,51,175,20785,162,7086,680320,11577,11577,1937397,22,44,5665,49,169,20635,157,7058,676360
200899,122,23580, ,Gainesville  GA ,416,416,73366,2,4,500,2,6,653,14,312,12870,416,416,73366,2,4,500,2,6,653,14,312,12870
200899,132,12940, ,Baton Rouge  LA ,2617,2617,394892,7,14,1252,2,8,738,75,1116,95103,2235,2235,328248,3,6,515,1,4,445,48,582,51428
200899,140,13460,C,Bend  OR ,668,668,175416,9,18,2704,3,10,1513,2,59,7696,668,668,175416,9,18,2704,3,10,1513,2,59,7696
200899,142,13820,C,Birmingham-Hoover  AL ,2325,2325,415270,7,14,653,1,4,604,36,1016,108985,2145,2145,383101,7,14,653,1,4,604,16,687,84762
200899,148,14460,C,Boston-Cambridge-Quincy  MA-NH ,3382,3382,863680,137,274,39226,56,184,29987,206,3794,413823,2812,2812,752271,117,234,35490,48,160,27347,114,2804,321976
200899,148,31700, ,Manchester-Nashua  NH ,409,409,80782,11,22,2289,0,0,0,11,259,19720,392,392,77233,11,22,2289,0,0,0,8,244,18278
200899,148,49340, ,Worcester  MA ,803,803,158603,14,28,3056,3,10,1301,3,68,4465,634,634,131129,13,26,2936,2,7,1011,3,68,4465
200899,154,15180, ,Brownsville-Harlingen  TX ,1086,1086,120852,7,14,1847,16,64,5415,15,142,13944,1055,1055,110485,4,8,881,5,20,872,11,102,6592
200899,160,15380, ,Buffalo-Niagara Falls  NY ,1017,1017,222933,28,56,3435,4,16,1720,21,455,28649,995,995,218926,28,56,3435,4,16,1720,18,438,22982
200899,172,16740,C,Charlotte-Gastonia-Concord  NC-SC ,7300,7300,1448000,13,26,2246,35,131,11125,197,4779,439867,6560,6560,1323729,13,26,2246,34,127,10718,185,4580,421417
200899,174,16860, ,Chattanooga  TN-GA ,1316,1316,191997,22,44,2804,8,30,1450,15,154,13699,962,962,144679,9,18,1435,7,26,1450,2,11,1091
200899,174,17420, ,Cleveland  TN ,322,322,48614,14,28,2215,22,84,5919,2,12,2584,322,322,48614,14,28,2215,22,84,5919,2,12,2584
200899,176,16980,C,Chicago-Naperville-Joliet  IL-IN-WI ,7637,7637,1928228,82,164,19401,202,646,86270,220,7611,829335,7035,7035,1803164,78,156,18342,199,637,85531,171,7059,784548
200899,176,28100, ,Kankakee-Bradley  IL ,168,168,31797,5,10,790,2,8,899,1,8,330,166,166,31562,2,4,240,2,8,899,1,8,330
200899,176,33140, ,Michigan City-La Porte  IN ,174,174,33897,0,0,0,2,6,258,0,0,0,148,148,31421,0,0,0,0,0,0,0,0,0
200899,178,17140,C,Cincinnati-Middletown  OH-KY-IN ,3290,3290,661400,21,42,4993,26,96,9587,54,572,48213,2880,2880,556791,21,42,4993,24,90,9090,30,438,38822
200899,184,10420, ,Akron  OH ,871,871,167613,1,2,170,8,25,916,17,141,6434,789,789,159440,1,2,170,2,7,505,6,30,2512
200899,184,17460,C,Cleveland-Elyria-Mentor  OH ,2259,2259,446762,11,22,2285,11,38,4232,29,366,26614,1895,1895,381013,11,22,2285,7,26,3430,18,311,21569
200899,192,17900,C,Columbia  SC ,3488,3488,505227,8,16,824,4,16,1150,27,828,57190,2396,2396,377260,7,14,717,4,16,1150,5,400,33033
200899,194,12220,C,Auburn-Opelika  AL ,726,726,138451,7,14,1495,3,11,2177,34,546,47830,726,726,138451,7,14,1495,3,11,2177,34,546,47830
200899,194,17980, ,Columbus  GA-AL ,823,823,124770,6,12,870,8,24,1090,21,241,18387,526,526,93158,5,10,704,0,0,0,0,0,0
200899,198,18140,C,Columbus  OH ,2596,2596,597458,37,74,10147,110,415,29206,101,1364,81153,2356,2356,549566,37,74,10147,110,415,29206,101,1364,81153
200899,204,18580, ,Corpus Christi  TX ,1220,1220,171177,12,24,1894,4,14,750,18,345,14017,1181,1181,165074,12,24,1894,4,14,750,18,345,14017
200899,206,19100,C,Dallas-Fort Worth-Arlington  TX ,17919,17919,3908916,101,202,17367,59,234,23782,593,17966,1197350,17422,17422,3828939,101,202,17367,59,234,23782,581,17645,1181978
200899,212,19380, ,Dayton  OH ,1000,1000,210214,7,14,1211,3,12,825,13,215,35706,1000,1000,210214,7,14,1211,3,12,825,13,215,35706
200899,212,44220, ,Springfield  OH ,74,74,13319,1,2,200,7,28,1540,0,0,0,74,74,13319,1,2,200,7,28,1540,0,0,0
200899,216,14500, ,Boulder  CO ,305,305,118724,1,2,729,6,24,1441,26,691,84453,305,305,118724,1,2,729,6,24,1441,26,691,84453
200899,216,19740,C,Denver-Aurora-Broomfield  CO ,4003,4003,1050111,91,182,37535,7,24,4474,111,4605,447824,4003,4003,1050111,91,182,37535,7,24,4474,111,4605,447824
200899,218,19780,C,Des Moines-West Des Moines  IA ,1819,1819,338910,6,12,1658,2,7,599,40,1075,121907,1790,1790,332909,6,12,1658,2,7,599,39,1070,121321
200899,220,11460, ,Ann Arbor  MI ,278,278,53019,0,0,0,1,4,600,12,65,4369,198,198,43170,0,0,0,1,4,600,2,15,1349
200899,220,19820,C,Detroit-Warren-Livonia  MI ,1937,1937,420898,44,88,8587,42,151,14868,20,414,44065,1802,1802,404544,44,88,8587,37,136,13676,19,409,43432
200899,220,22420, ,Flint  MI ,146,146,30055,0,0,0,11,41,1750,1,32,3063,146,146,30055,0,0,0,11,41,1750,1,32,3063
200899,220,33780, ,Monroe  MI ,114,114,19784,0,0,0,0,0,0,0,0,0,113,113,19629,0,0,0,0,0,0,0,0,0
200899,222,20020, ,Dothan  AL ,361,361,44420,1,2,200,0,0,0,0,0,0,329,329,41489,1,2,200,0,0,0,0,0,0
200899,232,20740, ,Eau Claire  WI ,327,327,53479,32,64,5632,7,28,2099,6,61,4693,319,319,51178,32,64,5632,7,28,2099,6,61,4693
200899,244,22020, ,Fargo  ND-MN ,864,864,136503,3,6,744,0,0,0,15,436,30137,864,864,136503,3,6,744,0,0,0,15,436,30137
200899,252,22540, ,Fond du Lac  WI ,149,149,31630,9,18,2348,2,7,677,12,136,9461,140,140,30600,9,18,2348,2,7,677,12,136,9461
200899,258,23060,C,Fort Wayne  IN ,771,771,143257,4,8,950,1,4,90,26,233,11915,771,771,143257,4,8,950,1,4,90,26,233,11915
200899,260,23420, ,Fresno  CA ,2094,2094,359397,4,8,641,11,37,3110,39,421,38809,1540,1540,270237,2,4,251,1,3,239,24,302,30699
200899,260,31460, ,Madera-Chowchilla  CA ,233,233,43653,2,4,721,1,3,218,0,0,0,233,233,43653,2,4,721,1,3,218,0,0,0
200899,266,24340,C,Grand Rapids-Wyoming  MI ,1014,1014,180439,3,6,638,0,0,0,5,44,3864,882,882,165424,3,6,638,0,0,0,1,24,2064
200899,266,26100, ,Holland-Grand Haven  MI ,460,460,84886,1,2,178,3,12,1365,14,197,14809,392,392,76449,1,2,178,3,12,1365,8,167,12189
200899,266,34740, ,Muskegon-Norton Shores  MI ,189,189,31547,5,10,1199,0,0,0,1,9,613,172,172,29154,5,10,1199,0,0,0,0,0,0
200899,268,15500, ,Burlington  NC ,704,704,102519,2,4,400,1,4,328,2,48,1360,704,704,102519,2,4,400,1,4,328,2,48,1360
200899,268,24660,C,Greensboro-High Point  NC ,2070,2070,369544,2,4,756,9,34,2647,61,1188,61390,1424,1424,236683,1,2,349,7,28,2017,54,1057,56032
200899,268,49180, ,Winston-Salem  NC ,1889,1889,240335,5,10,843,2,8,879,8,171,12963,1889,1889,240335,5,10,843,2,8,879,8,171,12963
200899,273,11340, ,Anderson  SC ,561,561,106979,16,32,1715,5,15,1089,6,44,2864,561,561,106979,16,32,1715,5,15,1089,6,44,2864
200899,273,24860,C,Greenville  SC ,2363,2363,361090,12,24,2131,6,22,2055,65,766,43948,2300,2300,352403,12,24,2131,6,22,2055,63,698,38183
200899,273,43900, ,Spartanburg  SC ,1077,1077,127239,0,0,0,0,0,0,0,0,0,906,906,106431,0,0,0,0,0,0,0,0,0
200899,274,25060, ,Gulfport-Biloxi  MS ,1977,1977,251482,192,384,47958,56,218,17831,75,1588,102008,1967,1967,250482,189,378,47358,56,218,17831,75,1588,102008
200899,274,37700, ,Pascagoula  MS ,484,484,69864,0,0,0,8,30,1456,32,515,32214,343,343,51230,0,0,0,6,24,1210,28,466,23701
200899,276,25420, ,Harrisburg-Carlisle  PA ,1472,1472,269470,11,22,2053,6,22,2688,30,348,29610,1431,1431,263041,11,22,2053,6,22,2688,30,348,29610
200899,276,30140, ,Lebanon  PA ,396,396,60837,0,0,0,0,0,0,0,0,0,396,396,60837,0,0,0,0,0,0,0,0,0
200899,278,25540, ,Hartford-West Hartford-East Hartford  CT ,1098,1098,218422,38,76,6164,4,12,1829,52,505,33649,1022,1022,203684,38,76,6164,4,12,1829,27,264,19143
200899,288,26420,C,Houston-Sugar Land-Baytown  TX ,28192,28192,4705700,105,210,17996,41,161,15978,592,14165,1045693,27036,27036,4512034,96,192,16557,41,161,15978,569,13963,1038912
200899,290,19460, ,Decatur  AL ,183,183,30248,0,0,0,0,0,0,1,12,400,183,183,30248,0,0,0,0,0,0,1,12,400
200899,290,26620, ,Huntsville  AL ,2425,2425,277474,0,0,0,0,0,0,48,739,44100,2363,2363,267298,0,0,0,0,0,0,48,739,44100
200899,292,26820, ,Idaho Falls  ID ,463,463,50810,2,4,233,1,4,95,1,47,1831,463,463,50810,2,4,233,1,4,95,1,47,1831
200899,294,11300, ,Anderson  IN ,79,79,18375,8,16,245,0,0,0,0,0,0,75,75,17589,8,16,245,0,0,0,0,0,0
200899,294,18020, ,Columbus  IN ,192,192,45243,0,0,0,0,0,0,0,0,0,192,192,45243,0,0,0,0,0,0,0,0,0
200899,294,26900,C,Indianapolis-Carmel  IN ,4390,4390,827032,32,64,7040,31,107,9736,149,2421,153016,4289,4289,812039,31,62,6942,27,95,9736,149,2421,153016
200899,296,27060, ,Ithaca  NY ,122,122,24470,3,6,580,0,0,0,7,103,20513,110,110,23218,3,6,580,0,0,0,2,74,17280
200899,297,27180, ,Jackson  TN ,337,337,46085,0,0,0,8,32,2469,5,28,2525,337,337,46085,0,0,0,8,32,2469,5,28,2525
200899,298,27140, ,Jackson  MS ,2075,2075,323653,1,2,80,4,16,750,3,32,3100,2071,2071,323184,1,2,80,4,16,750,3,32,3100
200899,304,27740, ,Johnson City  TN ,598,598,80109,6,12,714,2,7,479,22,436,23277,379,379,57566,6,12,714,2,7,479,22,436,23277
200899,304,28700, ,Kingsport-Bristol-Bristol  TN-VA ,575,575,85025,26,52,2551,7,28,1915,4,44,2510,569,569,84492,26,52,2551,7,28,1915,4,44,2510
200899,308,27860, ,Jonesboro  AR ,576,576,49615,0,0,0,4,15,452,0,0,0,557,557,47731,0,0,0,3,12,452,0,0,0
200899,312,28140,C,Kansas City  MO-KS ,2610,2610,600845,77,154,12618,115,451,39627,120,2085,176720,2459,2459,577323,74,148,12289,114,448,39483,120,2085,176720
200899,314,28940, ,Knoxville  TN ,2041,2041,327946,31,62,6294,5,20,1134,39,733,48246,1912,1912,309700,31,62,6294,3,12,660,35,692,45937
200899,316,29020, ,Kokomo  IN ,57,57,8527,0,0,0,0,0,0,0,0,0,57,57,8527,0,0,0,0,0,0,0,0,0
200899,318,29180, ,Lafayette  LA ,829,829,111965,2,4,341,0,0,0,25,259,13519,343,343,47236,0,0,0,0,0,0,0,0,0
200899,320,29140, ,Lafayette  IN ,537,537,89654,0,0,0,0,0,0,11,123,8877,537,537,89654,0,0,0,0,0,0,11,123,8877
200899,324,29340, ,Lake Charles  LA ,840,840,120040,20,40,2653,1,4,250,6,79,4069,746,746,106568,18,36,2433,1,4,250,5,66,3092
200899,330,29620, ,Lansing-East Lansing  MI ,264,264,50993,0,0,0,0,0,0,20,119,10140,216,216,42601,0,0,0,0,0,0,17,104,8552
200899,332,29820,C,Las Vegas-Paradise  NV ,5840,5840,767568,19,38,3735,64,200,15459,279,6459,481624,5831,5831,764843,19,38,3735,64,200,15459,279,6459,481624
200899,336,30460, ,Lexington-Fayette  KY ,1392,1392,230183,9,18,2390,33,129,14406,42,1280,99526,1316,1316,217637,9,18,2390,33,129,14406,42,1280,99526
200899,338,30620, ,Lima  OH ,96,96,14513,5,10,840,1,4,378,0,0,0,42,42,7351,3,6,376,1,4,378,0,0,0
200899,340,30780, ,Little Rock-North Little Rock  AR ,1842,1842,316577,31,62,4377,20,78,4639,68,853,47363,1792,1792,311661,31,62,4377,20,78,4639,68,853,47363
200899,340,38220, ,Pine Bluff  AR ,61,61,5950,3,6,228,0,0,0,5,64,2417,61,61,5950,3,6,228,0,0,0,5,64,2417
200899,346,30980, ,Longview  TX ,214,214,34626,0,0,0,2,8,500,5,53,2436,80,80,10064,0,0,0,2,8,500,0,0,0
200899,348,31100,C,Los Angeles-Long Beach-Santa Ana  CA ,4579,4579,1458088,293,586,77726,69,235,41882,340,9645,1308067,4387,4387,1406686,285,570,76944,58,202,39389,303,9369,1279289
200899,348,37100, ,Oxnard-Thousand Oaks-Ventura  CA ,374,374,115405,5,10,2214,33,113,18911,27,396,59138,308,308,98128,5,10,2214,31,107,18181,20,285,48729
200899,348,40140,C,Riverside-San Bernardino-Ontario  CA ,5796,5796,1566599,30,60,7879,43,157,18939,195,2933,307041,5773,5773,1563843,29,58,7746,43,157,18939,195,2933,307041
200899,350,21060, ,Elizabethtown  KY ,403,403,52463,24,48,3359,18,65,3180,13,100,4317,352,352,45892,21,42,3059,8,32,1650,13,100,4317
200899,350,31140,C,Louisville-Jefferson County  KY-IN ,2561,2561,459167,28,56,4640,5,16,586,54,1058,54376,2512,2512,451372,24,48,4376,1,4,200,54,1058,54376
200899,352,31180, ,Lubbock  TX ,985,985,167589,9,18,2293,2,8,823,6,491,44900,985,985,167589,9,18,2293,2,8,823,6,491,44900
200899,356,31420, ,Macon  GA ,578,578,116582,6,12,860,0,0,0,8,304,23619,516,516,108332,6,12,860,0,0,0,8,304,23619
200899,356,47580, ,Warner Robins  GA ,691,691,101329,4,8,560,4,16,892,12,202,8776,691,691,101329,4,8,560,4,16,892,12,202,8776
200899,358,31540,C,Madison  WI ,802,802,201615,36,72,9318,22,80,10317,33,952,85979,762,762,194941,32,64,8560,17,65,9076,24,906,83012
200899,360,31900, ,Mansfield  OH ,84,84,15923,13,26,2190,0,0,0,0,0,0,84,84,15923,13,26,2190,0,0,0,0,0,0
200899,372,33260,C,Midland  TX ,483,483,56747,0,0,0,0,0,0,0,0,0,483,483,56747,0,0,0,0,0,0,0,0,0
200899,372,36220,C,Odessa  TX ,254,254,52624,1,2,154,0,0,0,20,460,31520,254,254,52624,1,2,154,0,0,0,20,460,31520
200899,376,33340,C,Milwaukee-Waukesha-West Allis  WI ,1215,1215,356641,29,58,8368,13,51,5952,29,1101,107618,1186,1186,345569,29,58,8368,13,51,5952,28,1096,107368
200899,376,39540, ,Racine  WI ,271,271,61351,3,6,782,0,0,0,0,0,0,271,271,61351,3,6,782,0,0,0,0,0,0
200899,378,33460,C,Minneapolis-St. Paul-Bloomington  MN-WI ,4161,4161,1058933,18,36,4974,23,87,12135,45,1497,190094,4046,4046,1035223,18,36,4974,23,87,12135,40,1468,186463
200899,378,41060, ,St. Cloud  MN ,376,376,66990,4,8,926,9,31,2587,6,214,16281,326,326,58612,4,8,926,6,22,2587,6,214,16281
200899,380,33660, ,Mobile  AL ,1434,1434,168252,5,10,832,0,0,0,59,972,60430,1381,1381,160165,5,10,832,0,0,0,56,957,59649
200899,384,33740, ,Monroe  LA ,297,297,50767,5,10,530,1,4,180,0,0,0,242,242,42496,4,8,480,1,4,180,0,0,0
200899,388,33860, ,Montgomery  AL ,641,641,95187,0,0,0,0,0,0,1,8,762,622,622,92897,0,0,0,0,0,0,1,8,762
200899,392,34100, ,Morristown  TN ,307,307,46322,10,20,1210,5,18,1280,0,0,0,289,289,42638,10,20,1210,5,18,1280,0,0,0
200899,396,34820, ,Myrtle Beach-North Myrtle Beach-Conway  SC ,1867,1867,291656,1,2,264,0,0,0,52,1128,227985,1685,1685,250822,1,2,264,0,0,0,35,668,130559
200899,400,34980,C,Nashville-Davidson--Murfreesboro  TN ,5669,5669,1078612,27,54,5594,2,6,422,103,2459,168576,5386,5386,1038619,24,48,5444,2,6,422,103,2459,168576
200899,406,35380,C,New Orleans-Metairie-Kenner  LA ,2756,2756,441012,139,278,22145,107,372,70051,85,1383,139734,2673,2673,421746,139,278,22145,107,372,70051,82,1333,134620
200899,408,14860, ,Bridgeport-Stamford-Norwalk  CT ,713,713,377351,20,40,5384,3,10,1600,25,1051,207516,697,697,375755,15,30,4721,3,10,1600,22,1032,205260
200899,408,28740, ,Kingston  NY ,270,270,55635,9,18,1035,0,0,0,2,230,22675,269,269,55455,9,18,1035,0,0,0,2,230,22675
200899,408,35300, ,New Haven-Milford  CT ,615,615,112563,4,8,683,3,12,4251,19,285,19681,587,587,107799,4,8,683,3,12,4251,4,45,4915
200899,408,35620,C,New York-Northern New Jersey-Long Island  NY-NJ-PA ,8793,8793,2374775,1047,2094,221678,468,1506,137057,1335,39197,3546512,7388,7388,2080624,1007,2014,214522,452,1455,132670,1127,37243,3362989
200899,408,39100, ,Poughkeepsie-Newburgh-Middletown  NY ,980,980,179115,6,12,1974,10,33,3797,67,896,71904,873,873,161256,5,10,1631,9,30,3347,40,603,53141
200899,408,45940,C,Trenton-Ewing  NJ ,325,325,65158,1,2,312,2,6,58,8,292,24224,310,310,61812,0,0,0,2,6,58,8,292,24224
200899,416,36420,C,Oklahoma City  OK ,3742,3742,685364,31,62,6045,19,74,6950,17,221,12688,2222,2222,470339,17,34,3827,19,74,6950,4,32,1737
200899,420,36540,C,Omaha-Council Bluffs  NE-IA ,3151,3151,468335,16,32,3022,7,27,1594,32,1311,103280,3147,3147,467753,16,32,3022,7,27,1594,32,1311,103280
200899,422,19660,C,Deltona-Daytona Beach-Ormond Beach  FL ,1031,1031,248579,6,12,1815,0,0,0,16,323,34047,946,946,233455,6,12,1815,0,0,0,2,120,13282
200899,422,36740,C,Orlando-Kissimmee  FL ,5280,5280,1171131,12,24,2952,24,85,9051,154,4844,495288,5273,5273,1169406,12,24,2952,24,85,9051,154,4844,495288
200899,422,37380, ,Palm Coast  FL ,255,255,65809,7,14,1945,0,0,0,11,379,27929,255,255,65809,7,14,1945,0,0,0,11,379,27929
200899,426,37900, ,Peoria  IL ,790,790,184524,10,20,2665,3,11,705,4,173,10198,780,780,182988,10,20,2665,3,11,705,4,173,10198
200899,428,37980,C,Philadelphia-Camden-Wilmington  PA-NJ-DE-MD ,7269,7269,1264926,83,166,12454,33,110,9579,149,3025,292381,6907,6907,1219233,82,164,12204,32,107,9169,106,2721,280368
200899,428,47220,C,Vineland-Millville-Bridgeton  NJ ,331,331,40333,0,0,0,0,0,0,1,5,666,270,270,32558,0,0,0,0,0,0,0,0,0
200899,430,38300,C,Pittsburgh  PA ,3383,3383,705350,27,54,6341,16,57,6640,31,280,26912,3271,3271,688181,26,52,6152,15,54,6403,22,224,24439
200899,438,30340, ,Lewiston-Auburn  ME ,186,186,28930,5,10,635,0,0,0,4,23,1585,165,165,26117,5,10,635,0,0,0,4,23,1585
200899,438,38860, ,Portland-South Portland-Biddeford  ME ,1114,1114,221853,23,46,5403,4,15,1550,4,84,6198,1015,1015,205111,23,46,5403,4,15,1550,4,84,6198
200899,442,38940,C,Port St. Lucie  FL ,858,858,196200,1,2,335,10,38,7117,26,355,42662,797,797,183434,1,2,335,5,19,4940,15,255,33834
200899,442,42680,C,Sebastian-Vero Beach  FL ,619,619,212862,0,0,0,1,4,560,6,36,1360,619,619,212862,0,0,0,1,4,560,6,36,1360
200899,450,20500,C,Durham-Chapel Hill  NC ,2111,2111,469599,19,38,2478,6,24,6110,24,325,26103,2111,2111,469599,19,38,2478,6,24,6110,24,325,26103
200899,450,39580,C,Raleigh-Cary  NC ,6572,6572,1347916,15,30,2809,1,3,208,162,4792,291169,6562,6562,1346525,15,30,2809,1,3,208,162,4792,291169
200899,456,39900,C,Reno-Sparks  NV ,938,938,203288,4,8,1071,2,8,819,70,970,111371,916,916,197994,4,8,1071,2,8,819,69,965,111057
200899,464,40380, ,Rochester  NY ,1444,1444,287730,12,24,2750,28,110,7687,31,320,23927,1404,1404,281702,12,24,2750,28,110,7687,30,268,22998
200899,466,40420, ,Rockford  IL ,358,358,50084,13,26,3127,19,76,4011,1,5,320,304,304,40274,12,24,2922,19,76,4011,1,5,320
200899,472,40900,C,Sacramento--Arden-Arcade--Roseville  CA ,3952,3952,886789,6,12,1401,7,22,2219,62,1525,140082,3857,3857,866614,3,6,691,6,19,1901,61,1520,139538
200899,472,49700, ,Yuba City  CA ,199,199,40743,1,2,185,0,0,0,7,60,5227,195,195,40221,1,2,185,0,0,0,7,60,5227
200899,474,13020, ,Bay City  MI ,105,105,16796,0,0,0,0,0,0,0,0,0,94,94,15586,0,0,0,0,0,0,0,0,0
200899,474,40980, ,Saginaw-Saginaw Township North  MI ,142,142,23660,1,2,367,0,0,0,0,0,0,133,133,21813,1,2,367,0,0,0,0,0,0
200899,476,41180,C,St. Louis  MO-IL ,4656,4656,966717,49,98,10279,64,244,20126,49,737,106894,4400,4400,908726,47,94,9835,64,244,20126,47,727,106316
200899,480,41540, ,Salisbury  MD ,252,252,40533,2,4,478,0,0,0,12,136,18584,203,203,35521,2,4,478,0,0,0,0,0,0
200899,482,36260, ,Ogden-Clearfield  UT ,1486,1486,297876,2,4,365,10,37,3735,21,453,35042,1482,1482,297099,1,2,180,10,37,3735,21,453,35042
200899,482,41620,C,Salt Lake City  UT ,1806,1806,352896,17,34,3976,26,87,11242,114,2143,213981,1622,1622,322116,6,12,1628,24,81,10993,94,1889,189571
200899,488,34900, ,Napa  CA ,216,216,95402,2,4,731,1,3,283,1,7,622,206,206,92263,2,4,731,1,3,283,1,7,622
200899,488,41860,C,San Francisco-Oakland-Fremont  CA ,2359,2359,851855,44,88,22624,27,88,22163,136,5020,904698,2172,2172,796162,43,86,22338,25,82,21070,109,4772,880058
200899,488,41940,C,San Jose-Sunnyvale-Santa Clara  CA ,958,958,337866,25,50,12499,13,49,7148,99,2433,298384,949,949,335690,25,50,12499,13,49,7148,99,2433,298384
200899,488,42100, ,Santa Cruz-Watsonville  CA ,215,215,49989,3,6,672,1,3,599,6,93,12113,187,187,47034,2,4,450,1,3,599,3,56,9259
200899,488,42220, ,Santa Rosa-Petaluma  CA ,544,544,143082,9,18,2936,7,22,2678,3,28,3540,524,524,139176,8,16,2691,6,18,2254,1,5,376
200899,488,46700, ,Vallejo-Fairfield  CA ,326,326,76265,0,0,0,1,4,427,8,235,27484,323,323,75611,0,0,0,1,4,427,8,235,27484
200899,492,42140,C,Santa Fe  NM ,140,140,18671,0,0,0,0,0,0,0,0,0,0,0,0,0,0,0,0,0,0,0,0,0
200899,494,14600,C,Bradenton-Sarasota-Venice  FL ,1583,1583,379556,10,20,2642,22,84,7672,36,385,88526,1583,1583,379556,9,18,2270,22,84,7672,31,360,83330
200899,494,39460,C,Punta Gorda  FL ,312,312,74421,11,22,3120,20,68,6766,1,31,4100,312,312,74421,11,22,3120,20,68,6766,1,31,4100
200899,496,25980, ,Hinesville-Fort Stewart  GA ,222,222,40330,0,0,0,0,0,0,0,0,0,222,222,40330,0,0,0,0,0,0,0,0,0
200899,496,42340, ,Savannah  GA ,1560,1560,247396,0,0,0,24,93,5249,25,450,39076,1388,1388,230799,0,0,0,24,93,5249,25,450,39076
200899,500,14740, ,Bremerton-Silverdale  WA ,682,682,140216,2,4,451,6,23,4149,4,74,5703,682,682,140216,2,4,451,6,23,4149,4,74,5703
200899,500,34580, ,Mount Vernon-Anacortes  WA ,397,397,72976,6,12,1588,1,4,501,3,25,2830,383,383,69486,6,12,1588,1,4,501,3,25,2830
200899,500,36500, ,Olympia  WA ,1212,1212,232809,15,30,3873,0,0,0,11,119,8247,1198,1198,231020,15,30,3873,0,0,0,11,119,8247
200899,500,42660,C,Seattle-Tacoma-Bellevue  WA ,6674,6674,1557673,459,918,121337,246,849,110794,168,7071,956423,6638,6638,1551485,458,916,121011,246,849,110794,158,7007,951032
200899,508,43340, ,Shreveport-Bossier City  LA ,975,975,154874,2,4,148,0,0,0,24,463,27745,972,972,154665,2,4,148,0,0,0,24,463,27745
200899,512,43580, ,Sioux City  IA-NE-SD ,167,167,33218,3,6,767,0,0,0,0,0,0,136,136,27783,2,4,488,0,0,0,0,0,0
200899,515,21140, ,Elkhart-Goshen  IN ,339,339,64629,3,6,420,0,0,0,10,144,6601,339,339,64629,3,6,420,0,0,0,10,144,6601
200899,515,43780, ,South Bend-Mishawaka  IN-MI ,400,400,79805,0,0,0,7,23,3374,13,407,36820,399,399,79731,0,0,0,7,23,3374,13,407,36820
200899,532,45060, ,Syracuse  NY ,917,917,148616,8,16,1131,5,20,1080,8,178,16247,815,815,135528,8,16,1131,5,20,1080,7,151,13997
200899,534,45780, ,Toledo  OH ,720,720,116914,20,40,3234,12,36,2841,18,361,21276,720,720,116914,20,40,3234,12,36,2841,18,361,21276
200899,538,46140,C,Tulsa  OK ,2868,2868,493834,42,84,6615,1,4,420,49,1032,72569,2823,2823,486168,42,84,6615,1,4,420,49,1032,72569
200899,540,46340, ,Tyler  TX ,258,258,43642,0,0,0,7,23,1145,12,66,3049,108,108,17175,0,0,0,6,20,995,0,0,0
200899,548,12580,C,Baltimore-Towson  MD ,3131,3131,661856,0,0,0,3,9,3000,43,2404,279004,3131,3131,661856,0,0,0,3,9,3000,43,2404,279004
200899,548,47900,C,Washington-Arlington-Alexandria  DC-VA-MD-WV ,9321,9321,1643838,58,116,10143,13,50,7476,107,4245,451437,9121,9121,1610032,56,112,9795,13,50,7476,100,3389,357896
200899,548,49020, ,Winchester  VA-WV ,431,431,75020,0,0,0,0,0,0,0,0,0,425,425,74500,0,0,0,0,0,0,0,0,0
200899,554,48140, ,Wausau  WI ,272,272,56591,8,16,1728,0,0,0,20,280,16077,272,272,56591,8,16,1728,0,0,0,20,280,16077
200899,556,48620, ,Wichita  KS ,1844,1844,263856,27,54,4158,9,36,2160,32,615,49441,1791,1791,255636,25,50,3838,9,36,2160,31,607,49191
200899,558,48700, ,Williamsport  PA ,122,122,22244,1,2,200,4,12,735,5,58,5050,122,122,22244,1,2,200,4,12,735,5,58,5050
200899,564,49620, ,York-Hanover  PA ,1320,1320,222908,1,2,160,2,8,740,5,70,9661,1309,1309,221092,1,2,160,2,8,740,5,70,9661
200899,566,49660, ,Youngstown-Warren-Boardman  OH-PA ,356,356,70710,3,6,637,6,23,1686,21,146,11283,352,352,69959,2,4,410,5,20,1400,20,141,10845
200899,999,10180, ,Abilene  TX ,190,190,31926,3,6,606,0,0,0,0,0,0,190,190,31926,3,6,606,0,0,0,0,0,0
200899,999,10500, ,Albany  GA ,237,237,27744,12,24,1621,6,18,917,3,15,563,42,42,6237,2,4,120,0,0,0,0,0,0
200899,999,10740,C,Albuquerque  NM ,2037,2037,371957,1,2,233,18,64,6748,19,452,35449,742,742,144564,0,0,0,7,28,2237,0,0,0
200899,999,10780, ,Alexandria  LA ,374,374,48389,0,0,0,0,0,0,1,8,800,275,275,37321,0,0,0,0,0,0,1,8,800
200899,999,10900,C,Allentown-Bethlehem-Easton  PA-NJ ,1508,1508,244228,4,8,1000,1,4,316,17,174,13018,1380,1380,223724,4,8,1000,1,4,316,11,141,9815
200899,999,11020, ,Altoona  PA ,179,179,23313,8,16,1600,0,0,0,0,0,0,179,179,23313,8,16,1600,0,0,0,0,0,0
200899,999,11100, ,Amarillo  TX ,514,514,127022,1,2,125,0,0,0,20,252,33357,514,514,127022,1,2,125,0,0,0,20,252,33357
200899,999,11260,C,Anchorage  AK ,267,267,84765,38,76,16738,14,53,10702,8,64,10671,250,250,82626,36,72,16231,14,53,10702,8,64,10671
200899,999,11500, ,Anniston-Oxford  AL ,183,183,25425,2,4,135,1,4,100,1,6,150,183,183,25425,2,4,135,1,4,100,1,6,150
200899,999,12020, ,Athens-Clarke County  GA ,530,530,97648,2,4,440,2,8,1360,5,49,4780,524,524,96016,2,4,440,2,8,1360,5,49,4780
200899,999,12100,C,Atlantic City-Hammonton  NJ ,690,690,95609,5,10,1181,4,14,991,8,80,6848,577,577,80452,0,0,0,3,11,325,1,30,4331
200899,999,12260, ,Augusta-Richmond County  GA-SC ,1797,1797,299427,10,20,893,0,0,0,11,88,2903,1674,1674,285085,8,16,773,0,0,0,11,88,2903
200899,999,12420,C,Austin-Round Rock  TX ,7710,7710,1341901,87,174,22260,26,96,9697,124,3812,471862,7439,7439,1313339,87,174,22260,26,96,9697,110,3477,451777
200899,999,12540, ,Bakersfield  CA ,1610,1610,275547,98,196,19709,60,227,18060,51,560,34150,1471,1471,255540,93,186,18966,59,223,17746,45,492,27756
200899,999,12620, ,Bangor  ME ,281,281,41580,4,8,1180,3,12,1126,1,87,7806,243,243,38237,4,8,1180,3,12,1126,1,87,7806
200899,999,12700, ,Barnstable Town  MA ,447,447,168979,2,4,795,1,3,164,8,105,12364,347,347,144044,2,4,795,0,0,0,1,28,3090
200899,999,12980, ,Battle Creek  MI ,45,45,8736,0,0,0,0,0,0,0,0,0,40,40,8015,0,0,0,0,0,0,0,0,0
200899,999,13140, ,Beaumont-Port Arthur  TX ,946,946,126969,45,90,6858,31,116,7971,47,1096,90852,915,915,122757,45,90,6858,31,116,7971,47,1096,90852
200899,999,13380, ,Bellingham  WA ,536,536,115980,5,10,1129,1,4,366,9,119,11589,536,536,115980,5,10,1129,1,4,366,9,119,11589
200899,999,13740, ,Billings  MT ,557,557,75429,4,8,1062,2,6,0,0,0,0,557,557,75429,4,8,1062,0,0,0,0,0,0
200899,999,13780, ,Binghamton  NY ,286,286,47691,0,0,0,0,0,0,0,0,0,278,278,46513,0,0,0,0,0,0,0,0,0
200899,999,13900, ,Bismarck  ND ,556,556,99768,1,2,293,6,24,3376,13,229,14493,556,556,99768,1,2,293,6,24,3376,13,229,14493
200899,999,13980, ,Blacksburg-Christiansburg-Radford  VA ,462,462,68857,1,2,115,14,56,4006,61,524,21680,462,462,68857,1,2,115,14,56,4006,61,524,21680
200899,999,14020, ,Bloomington  IN ,327,327,52013,28,56,5570,1,3,194,8,190,13386,327,327,52013,28,56,5570,1,3,194,8,190,13386
200899,999,14060, ,Bloomington-Normal  IL ,302,302,47316,1,2,150,0,0,0,19,159,6399,192,192,30601,0,0,0,0,0,0,8,85,3811
200899,999,14260,C,Boise City-Nampa  ID ,2377,2377,479207,32,64,6745,49,192,13004,15,164,15839,2255,2255,461530,29,58,6431,39,152,10688,15,164,15839
200899,999,14540, ,Bowling Green  KY ,369,369,51554,5,10,775,19,74,5628,12,106,4410,369,369,51554,5,10,775,19,74,5628,12,106,4410
200899,999,15260, ,Brunswick  GA ,502,502,115092,0,0,0,0,0,0,0,0,0,11,11,1793,0,0,0,0,0,0,0,0,0
200899,999,15540, ,Burlington-South Burlington  VT ,291,291,63183,18,36,3928,5,19,2143,8,162,12554,234,234,54177,17,34,3834,5,19,2143,6,151,11974
200899,999,15940, ,Canton-Massillon  OH ,352,352,63906,9,18,1897,2,8,832,9,58,2707,296,296,57686,9,18,1897,2,8,832,1,18,800
200899,999,15980,C,Cape Coral-Fort Myers  FL ,1216,1216,344592,7,14,1526,10,40,9764,27,332,48662,1185,1185,334714,7,14,1526,10,40,9764,24,313,36921
200899,999,16180,C,Carson City  NV ,16,16,6069,0,0,0,0,0,0,0,0,0,16,16,6069,0,0,0,0,0,0,0,0,0
200899,999,16220, ,Casper  WY ,379,379,58816,0,0,0,10,40,2766,0,0,0,374,374,57950,0,0,0,10,40,2766,0,0,0
200899,999,16300, ,Cedar Rapids  IA ,739,739,87095,18,36,3286,45,159,10782,4,42,1915,726,726,85309,18,36,3286,45,159,10782,4,42,1915
200899,999,16580, ,Champaign-Urbana  IL ,383,383,79820,1,2,35,7,24,1147,29,542,51861,363,363,76570,1,2,35,7,24,1147,26,485,44869
200899,999,16620, ,Charleston  WV ,344,344,48406,12,24,3602,13,49,3168,11,224,14133,208,208,33742,5,10,780,12,45,3100,8,180,13105
200899,999,16700,C,Charleston-North Charleston-Summerville  SC ,3694,3694,763019,9,18,1980,12,45,4976,70,1415,94536,3497,3497,679230,9,18,1980,9,36,1250,69,1404,92503
200899,999,16820, ,Charlottesville  VA ,821,821,210167,8,16,1870,1,4,490,4,72,6123,821,821,210167,8,16,1870,1,4,490,4,72,6123
200899,999,16940, ,Cheyenne  WY ,160,160,20717,0,0,0,9,36,2551,1,6,356,160,160,20717,0,0,0,9,36,2551,1,6,356
200899,999,17020, ,Chico  CA ,532,532,70441,3,6,604,8,29,2989,4,25,2602,532,532,70441,3,6,604,8,29,2989,4,25,2602
200899,999,17300, ,Clarksville  TN-KY ,978,978,121365,7,14,752,29,113,6815,28,297,30069,968,968,120660,7,14,752,29,113,6815,28,297,30069
200899,999,17660, ,Coeur dAlene  ID ,699,699,154371,22,44,5345,5,19,1836,1,12,4121,691,691,152846,22,44,5345,5,19,1836,0,0,0
200899,999,17780, ,College Station-Bryan  TX ,814,814,130537,49,98,7593,4,14,1297,72,1232,94602,803,803,129223,49,98,7593,4,14,1297,72,1232,94602
200899,999,17820,C,Colorado Springs  CO ,1644,1644,325471,0,0,0,0,0,0,16,432,55117,1644,1644,325471,0,0,0,0,0,0,16,432,55117
200899,999,17860, ,Columbia  MO ,480,480,84610,12,24,1358,5,20,1109,3,22,1779,478,478,84391,12,24,1358,5,20,1109,3,22,1779
200899,999,19060, ,Cumberland  MD-WV ,143,143,23475,0,0,0,0,0,0,1,9,300,143,143,23475,0,0,0,0,0,0,1,9,300
200899,999,19140,C,Dalton  GA ,208,208,27966,7,14,680,5,15,859,12,65,3247,163,163,23091,0,0,0,0,0,0,0,0,0
200899,999,19180, ,Danville  IL ,12,12,1363,0,0,0,0,0,0,0,0,0,11,11,1256,0,0,0,0,0,0,0,0,0
200899,999,19260, ,Danville  VA ,137,137,16919,0,0,0,0,0,0,3,15,885,51,51,6239,0,0,0,0,0,0,0,0,0
200899,999,19340, ,Davenport-Moline-Rock Island  IA-IL ,421,421,78468,3,6,581,6,24,1304,4,36,2431,389,389,73863,2,4,301,6,24,1304,4,36,2431
200899,999,19500, ,Decatur  IL ,174,174,28654,0,0,0,61,244,6685,1,35,2830,174,174,28654,0,0,0,61,244,6685,1,35,2830
200899,999,20100,C,Dover  DE ,824,824,107043,0,0,0,0,0,0,4,164,9362,812,812,105742,0,0,0,0,0,0,4,164,9362
200899,999,20220, ,Dubuque  IA ,202,202,39213,6,12,1172,0,0,0,0,0,0,201,201,39064,6,12,1172,0,0,0,0,0,0
200899,999,20260, ,Duluth  MN-WI ,627,627,99747,9,18,2345,2,6,599,18,134,11035,574,574,89764,7,14,1907,0,0,0,6,74,5068
200899,999,20940, ,El Centro  CA ,259,259,43333,1,2,136,3,11,816,32,239,18012,229,229,39349,0,0,0,2,8,534,29,223,16589
200899,999,21300, ,Elmira  NY ,60,60,12004,0,0,0,1,3,300,0,0,0,52,52,10713,0,0,0,1,3,300,0,0,0
200899,999,21340, ,El Paso  TX ,2897,2897,410440,4,8,572,33,132,5672,67,944,56264,2844,2844,405140,4,8,572,33,132,5672,67,944,56264
200899,999,21500, ,Erie  PA ,251,251,45847,7,14,1786,3,12,1185,11,141,10465,251,251,45847,7,14,1786,3,12,1185,11,141,10465
200899,999,21660, ,Eugene-Springfield  OR ,607,607,119111,11,22,3099,3,12,1338,8,130,14038,607,607,119111,11,22,3099,3,12,1338,8,130,14038
200899,999,21780, ,Evansville  IN-KY ,622,622,94610,3,6,940,7,23,821,31,220,24162,363,363,62337,1,2,400,3,11,580,4,40,1725
200899,999,21820,C,Fairbanks  AK ,54,54,9971,3,6,725,0,0,0,0,0,0,6,6,1244,0,0,0,0,0,0,0,0,0
200899,999,22140,C,Farmington  NM ,289,289,53090,0,0,0,7,27,2877,0,0,0,289,289,53090,0,0,0,7,27,2877,0,0,0
200899,999,22180, ,Fayetteville  NC ,1464,1464,221853,1,2,85,0,0,0,46,840,57054,1464,1464,221853,1,2,85,0,0,0,46,840,57054
200899,999,22220, ,Fayetteville-Springdale-Rogers  AR-MO ,1221,1221,202715,11,22,1700,9,36,3141,79,1487,123312,1199,1199,200320,11,22,1700,9,36,3141,78,1479,123112
200899,999,22380, ,Flagstaff  AZ ,277,277,65340,1,2,298,1,4,562,0,0,0,277,277,65340,1,2,298,1,4,562,0,0,0
200899,999,22500, ,Florence  SC ,430,430,58095,0,0,0,0,0,0,9,143,8580,8,8,1067,0,0,0,0,0,0,0,0,0
200899,999,22520, ,Florence-Muscle Shoals  AL ,252,252,28960,4,8,360,0,0,0,10,85,3322,252,252,28960,4,8,360,0,0,0,10,85,3322
200899,999,22660,C,Fort Collins-Loveland  CO ,649,649,155812,4,8,905,13,50,6161,24,558,49154,649,649,155812,4,8,905,13,50,6161,24,558,49154
200899,999,22900, ,Fort Smith  AR-OK ,493,493,66567,36,72,4563,15,56,2910,17,136,5564,440,440,60138,33,66,4053,14,52,2570,17,136,5564
200899,999,23020, ,Fort Walton Beach-Crestview-Destin  FL ,351,351,72660,0,0,0,6,24,804,26,718,39723,351,351,72660,0,0,0,6,24,804,26,718,39723
200899,999,23460, ,Gadsden  AL ,191,191,26159,0,0,0,0,0,0,1,8,450,186,186,25648,0,0,0,0,0,0,1,8,450
200899,999,23540, ,Gainesville  FL ,482,482,69109,2,4,302,9,35,2589,31,533,32046,384,384,58608,2,4,302,9,35,2589,14,168,9636
200899,999,24140, ,Goldsboro  NC ,298,298,45239,26,52,3313,0,0,0,8,40,2090,298,298,45239,26,52,3313,0,0,0,8,40,2090
200899,999,24220, ,Grand Forks  ND-MN ,167,167,32875,3,6,723,3,12,1104,5,189,15070,167,167,32875,3,6,723,3,12,1104,5,189,15070
200899,999,24300,C,Grand Junction  CO ,692,692,134550,5,10,1373,0,0,0,10,82,6595,692,692,134550,5,10,1373,0,0,0,10,82,6595
200899,999,24500, ,Great Falls  MT ,203,203,27593,1,2,133,0,0,0,0,0,0,203,203,27593,1,2,133,0,0,0,0,0,0
200899,999,24540,C,Greeley  CO ,852,852,191607,0,0,0,3,9,580,12,119,5692,762,762,168429,0,0,0,0,0,0,0,0,0
200899,999,24580, ,Green Bay  WI ,573,573,105463,14,28,2333,1,4,540,31,279,14338,502,502,95151,13,26,2129,1,4,540,19,179,10287
200899,999,24780, ,Greenville  NC ,636,636,94597,62,124,9015,0,0,0,36,514,30869,636,636,94597,62,124,9015,0,0,0,36,514,30869
200899,999,25180, ,Hagerstown-Martinsburg  MD-WV ,1026,1026,202667,7,14,1654,3,12,1200,10,120,6420,1026,1026,202667,7,14,1654,3,12,1200,10,120,6420
200899,999,25260, ,Hanford-Corcoran  CA ,236,236,36689,4,8,649,33,129,8517,0,0,0,236,236,36689,4,8,649,33,129,8517,0,0,0
200899,999,25500,C,Harrisonburg  VA ,488,488,77158,3,6,1654,0,0,0,17,449,26930,205,205,23473,3,6,1654,0,0,0,17,449,26930
200899,999,25620, ,Hattiesburg  MS ,231,231,28748,22,44,2004,6,24,1330,26,449,24043,230,230,28654,22,44,2004,6,24,1330,26,449,24043
200899,999,25860, ,Hickory-Lenoir-Morganton  NC ,898,898,183939,5,10,1056,0,0,0,2,18,1557,898,898,183939,5,10,1056,0,0,0,2,18,1557
200899,999,26180,C,Honolulu  HI ,780,780,277968,1,2,350,6,21,2373,38,635,79095,586,586,223174,1,2,350,0,0,0,29,265,29565
200899,999,26300, ,Hot Springs  AR ,54,54,5937,0,0,0,0,0,0,0,0,0,6,6,690,0,0,0,0,0,0,0,0,0
200899,999,26380, ,Houma-Bayou Cane-Thibodaux  LA ,575,575,125846,11,22,1472,1,4,220,15,264,13411,550,550,120916,7,14,796,1,4,220,15,264,13411
200899,999,26580, ,Huntington-Ashland  WV-KY-OH ,145,145,22319,20,40,1365,4,13,1355,6,145,4186,86,86,13027,19,38,1215,3,9,900,3,74,2766
200899,999,26980, ,Iowa City  IA ,621,621,115444,9,18,2223,1,4,360,13,191,19319,618,618,115018,8,16,2015,1,4,360,13,191,19319
200899,999,27100, ,Jackson  MI ,104,104,17083,4,8,1083,0,0,0,6,118,8554,85,85,14965,4,8,1083,0,0,0,6,118,8554
200899,999,27260,C,Jacksonville  FL ,5149,5149,1002446,52,104,10190,2,7,834,82,1703,162978,4814,4814,943588,47,94,9534,2,7,834,68,1385,137314
200899,999,27340, ,Jacksonville  NC ,1122,1122,125927,10,20,1181,5,19,1782,6,75,4210,1122,1122,125927,10,20,1181,5,19,1782,6,75,4210
200899,999,27500, ,Janesville  WI ,222,222,41343,7,14,1842,1,3,0,3,16,1029,209,209,39383,7,14,1842,0,0,0,1,6,450
200899,999,27620, ,Jefferson City  MO ,202,202,24756,3,6,600,6,23,2025,0,0,0,202,202,24756,3,6,600,6,23,2025,0,0,0
200899,999,27780, ,Johnstown  PA ,115,115,20704,0,0,0,0,0,0,1,149,9000,111,111,20276,0,0,0,0,0,0,1,149,9000
200899,999,27900, ,Joplin  MO ,212,212,25917,15,30,1544,5,20,1007,1,5,313,166,166,22162,15,30,1544,5,20,1007,0,0,0
200899,999,28020, ,Kalamazoo-Portage  MI ,454,454,90066,3,6,1511,1,3,575,10,164,13615,375,375,80276,3,6,1511,1,3,575,10,164,13615
200899,999,28420, ,Kennewick-Pasco-Richland  WA ,1082,1082,242394,3,6,886,1,3,337,2,10,394,978,978,220335,0,0,0,1,3,337,0,0,0
200899,999,28660, ,Killeen-Temple-Fort Hood  TX ,1814,1814,246913,139,278,17321,14,55,2634,27,256,8854,1414,1414,193376,87,174,10475,13,52,2510,27,256,8854
200899,999,29100, ,La Crosse  WI-MN ,301,301,49555,5,10,1290,2,7,575,6,64,3516,301,301,49555,5,10,1290,2,7,575,6,64,3516
200899,999,29420, ,Lake Havasu City-Kingman  AZ ,455,455,82805,11,22,1450,9,35,3582,5,44,3161,408,408,77652,11,22,1450,8,31,3292,4,39,2791
200899,999,29460,C,Lakeland-Winter Haven  FL ,2268,2268,425338,14,28,3493,3,11,963,35,942,107351,2226,2226,417345,14,28,3493,3,11,963,35,942,107351
200899,999,29540, ,Lancaster  PA ,1170,1170,192428,4,8,1540,8,30,3371,25,276,18722,1161,1161,191351,4,8,1540,8,30,3371,25,276,18722
200899,999,29700,C,Laredo  TX ,668,668,91484,5,10,469,16,62,3092,12,347,20028,668,668,91484,5,10,469,16,62,3092,12,347,20028
200899,999,29740,C,Las Cruces  NM ,947,947,162241,3,6,549,4,16,1459,1,16,850,947,947,162241,3,6,549,4,16,1459,1,16,850
200899,999,29940, ,Lawrence  KS ,182,182,37233,5,10,921,1,4,130,24,548,41330,150,150,30741,3,6,700,1,4,130,24,548,41330
200899,999,30020, ,Lawton  OK ,230,230,39569,4,8,460,0,0,0,1,16,480,210,210,37019,4,8,460,0,0,0,1,16,480
200899,999,30300, ,Lewiston  ID-WA ,110,110,19394,7,14,1989,0,0,0,1,5,468,92,92,15562,2,4,350,0,0,0,0,0,0
200899,999,30700, ,Lincoln  NE ,676,676,115992,30,60,6474,1,4,320,6,83,5702,673,673,115578,30,60,6474,1,4,320,6,83,5702
200899,999,30860, ,Logan  UT-ID ,468,468,81003,0,0,0,5,17,1444,14,108,10688,451,451,78465,0,0,0,1,4,360,4,58,6518
200899,999,31020, ,Longview  WA ,268,268,62805,2,4,538,1,4,364,0,0,0,268,268,62805,2,4,538,1,4,364,0,0,0
200899,999,31340, ,Lynchburg  VA ,894,894,165099,4,8,600,1,4,250,0,0,0,894,894,165099,4,8,600,1,4,250,0,0,0
200899,999,32580,C,McAllen-Edinburg-Mission  TX ,3137,3137,294766,40,80,3596,90,339,16252,9,138,6708,2923,2923,279736,37,74,3305,73,279,14316,8,133,6568
200899,999,32780, ,Medford  OR ,370,370,73980,8,16,2101,1,4,733,10,59,6929,370,370,73980,8,16,2101,1,4,733,10,59,6929
200899,999,32820,C,Memphis  TN-MS-AR ,2335,2335,402716,50,100,8140,7,26,2531,8,645,56830,1973,1973,350911,50,100,8140,7,26,2531,8,645,56830
200899,999,32900, ,Merced  CA ,244,244,55379,0,0,0,0,0,0,7,105,9017,244,244,55379,0,0,0,0,0,0,7,105,9017
200899,999,33100,C,Miami-Fort Lauderdale-Pompano Beach  FL ,3272,3272,795247,78,156,17004,55,197,18012,157,4196,494830,2800,2800,681295,67,134,14904,50,182,16179,100,3691,421151
200899,999,33540,C,Missoula  MT ,323,323,45168,11,22,1645,1,3,203,4,91,4356,323,323,45168,11,22,1645,1,3,203,4,91,4356
200899,999,33700, ,Modesto  CA ,460,460,86240,1,2,154,1,3,200,2,16,1100,460,460,86240,1,2,154,1,3,200,2,16,1100
200899,999,34060, ,Morgantown  WV ,34,34,6484,0,0,0,1,3,245,13,227,11231,34,34,6484,0,0,0,1,3,245,13,227,11231
200899,999,34620, ,Muncie  IN ,71,71,10249,2,4,400,0,0,0,0,0,0,70,70,10184,2,4,400,0,0,0,0,0,0
200899,999,34940,C,Naples-Marco Island  FL ,652,652,325886,1,2,3200,28,112,25845,22,185,32356,652,652,325886,1,2,3200,28,112,25845,22,185,32356
200899,999,35660, ,Niles-Benton Harbor  MI ,227,227,64712,3,6,828,0,0,0,4,48,3963,219,219,62356,3,6,828,0,0,0,3,43,3675
200899,999,35980, ,Norwich-New London  CT ,308,308,67264,14,28,1727,1,3,335,1,24,1982,275,275,62105,14,28,1727,1,3,335,1,24,1982
200899,999,36100,C,Ocala  FL ,1119,1119,191194,10,20,1459,0,0,0,0,0,0,1119,1119,191194,10,20,1459,0,0,0,0,0,0
200899,999,36140,C,Ocean City  NJ ,379,379,111883,31,62,10667,3,10,1678,5,34,8373,363,363,109208,31,62,10667,3,10,1678,5,34,8373
200899,999,36980, ,Owensboro  KY ,214,214,20577,4,8,629,5,20,770,7,66,4537,213,213,20407,4,8,629,5,20,770,7,66,4537
200899,999,37340,C,Palm Bay-Melbourne-Titusville  FL ,1253,1253,304819,1,2,200,4,14,1554,38,356,40138,1253,1253,304819,1,2,200,4,14,1554,38,356,40138
200899,999,37460, ,Panama City-Lynn Haven-Panama City Beach  FL ,410,410,53838,6,12,738,4,16,1226,20,480,36354,408,408,53426,6,12,738,4,16,1226,20,480,36354
200899,999,37620, ,Parkersburg-Marietta-Vienna  WV-OH ,146,146,16967,2,4,145,1,3,50,7,53,1710,146,146,16967,2,4,145,1,3,50,7,53,1710
200899,999,37860,C,Pensacola-Ferry Pass-Brent  FL ,1090,1090,173993,23,46,2273,0,0,0,3,154,16286,1090,1090,173993,23,46,2273,0,0,0,3,154,16286
200899,999,38060,C,Phoenix-Mesa-Scottsdale  AZ ,12657,12657,2682818,71,142,17226,99,321,21847,181,5413,446543,12651,12651,2679554,71,142,17226,99,321,21847,181,5413,446543
200899,999,38340, ,Pittsfield  MA ,156,156,46057,0,0,0,1,4,111,16,155,15218,118,118,36061,0,0,0,1,4,111,16,155,15218
200899,999,38540, ,Pocatello  ID ,223,223,29773,2,4,297,1,4,186,0,0,0,219,219,29348,2,4,297,1,4,186,0,0,0
200899,999,38900,C,Portland-Vancouver-Beaverton  OR-WA ,4285,4285,944775,52,104,13599,23,87,9716,113,2932,480114,4218,4218,929316,52,104,13599,23,87,9716,113,2932,480114
200899,999,39140, ,Prescott  AZ ,604,604,140897,2,4,392,1,3,485,8,176,14001,604,604,140897,2,4,392,1,3,485,8,176,14001
200899,999,39300, ,Providence-New Bedford-Fall River  RI-MA ,1368,1368,307368,48,96,9893,15,46,5069,8,88,17597,1270,1270,292902,47,94,9656,12,37,3447,8,88,17597
200899,999,39340, ,Provo-Orem  UT ,1067,1067,252271,6,12,1390,11,40,5731,17,206,22633,1062,1062,250442,6,12,1390,11,40,5731,17,206,22633
200899,999,39380,C,Pueblo  CO ,379,379,61030,6,12,1295,0,0,0,5,25,2125,379,379,61030,6,12,1295,0,0,0,5,25,2125
200899,999,39660, ,Rapid City  SD ,459,459,65185,1,2,249,1,4,306,2,12,728,459,459,65185,1,2,249,1,4,306,2,12,728
200899,999,39740, ,Reading  PA ,614,614,123345,1,2,180,1,4,650,6,39,3341,614,614,123345,1,2,180,1,4,650,6,39,3341
200899,999,39820, ,Redding  CA ,358,358,73659,0,0,0,4,16,1773,7,156,11443,358,358,73659,0,0,0,4,16,1773,7,156,11443
200899,999,40060,C,Richmond  VA ,3951,3951,682280,8,16,1645,15,57,6984,50,958,64352,3951,3951,682280,8,16,1645,15,57,6984,50,958,64352
200899,999,40220, ,Roanoke  VA ,774,774,142625,1,2,142,5,20,470,10,62,1614,765,765,140986,1,2,142,5,20,470,10,62,1614
200899,999,40340, ,Rochester  MN ,469,469,106439,3,6,587,1,4,480,5,152,16286,464,464,105731,3,6,587,1,4,480,5,152,16286
200899,999,40580, ,Rocky Mount  NC ,363,363,41398,2,4,125,0,0,0,0,0,0,363,363,41398,2,4,125,0,0,0,0,0,0
200899,999,40660, ,Rome  GA ,180,180,27815,5,10,969,1,4,200,1,30,1700,180,180,27815,5,10,969,1,4,200,1,30,1700
200899,999,41100, ,St. George  UT ,687,687,121655,1,2,89,0,0,0,6,39,4186,596,596,105165,1,2,89,0,0,0,4,24,2700
200899,999,41140, ,St. Joseph  MO-KS ,93,93,15575,5,10,1520,0,0,0,0,0,0,93,93,15575,5,10,1520,0,0,0,0,0,0
200899,999,41420, ,Salem  OR ,645,645,142431,16,32,4193,4,14,2070,35,364,21666,589,589,132086,16,32,4193,4,14,2070,35,364,21666
200899,999,41500, ,Salinas  CA ,236,236,65371,4,8,1510,17,65,8647,12,147,17408,233,233,64702,4,8,1510,16,62,8188,4,91,11037
200899,999,41660,C,San Angelo  TX ,259,259,42895,0,0,0,0,0,0,0,0,0,259,259,42895,0,0,0,0,0,0,0,0,0
200899,999,41700,C,San Antonio  TX ,6010,6010,1106607,43,86,6488,26,101,7697,209,4377,325098,5652,5652,1044869,42,84,6366,26,101,7697,200,4331,316173
200899,999,41740,C,San Diego-Carlsbad-San Marcos  CA ,2361,2361,745164,38,76,11953,27,92,16014,98,2828,296513,2361,2361,745164,38,76,11953,27,92,16014,98,2828,296513
200899,999,41780, ,Sandusky  OH ,55,55,12339,0,0,0,0,0,0,0,0,0,55,55,12339,0,0,0,0,0,0,0,0,0
200899,999,42020, ,San Luis Obispo-Paso Robles  CA ,518,518,111444,10,20,3193,2,6,892,17,130,14771,518,518,111444,10,20,3193,2,6,892,17,130,14771
200899,999,42060, ,Santa Barbara-Santa Maria  CA ,222,222,77415,5,10,1351,1,3,500,14,170,22253,203,203,69346,3,6,749,0,0,0,13,133,15998
200899,999,42540, ,Scranton--Wilkes-Barre  PA ,657,657,132732,5,10,1242,1,4,250,4,29,3048,649,649,131813,5,10,1242,1,4,250,4,29,3048
200899,999,43100, ,Sheboygan  WI ,115,115,28362,10,20,2870,3,12,1047,7,56,3680,93,93,23136,10,20,2870,3,12,1047,7,56,3680
200899,999,43300, ,Sherman-Denison  TX ,185,185,26354,9,18,1183,0,0,0,0,0,0,185,185,26354,9,18,1183,0,0,0,0,0,0
200899,999,43620, ,Sioux Falls  SD ,940,940,141269,42,84,11307,36,143,11427,43,699,53547,938,938,141100,42,84,11307,36,143,11427,43,699,53547
200899,999,44060, ,Spokane  WA ,1173,1173,183320,47,94,11152,11,40,4216,74,1099,80368,1155,1155,180494,47,94,11152,11,40,4216,73,1089,79766
200899,999,44100, ,Springfield  IL ,284,284,57462,36,72,7470,5,16,1278,6,233,32929,214,214,48337,33,66,6720,5,16,1278,5,228,32460
200899,999,44140, ,Springfield  MA ,591,591,128473,21,42,3096,5,19,1448,6,167,13943,508,508,116527,20,40,2860,5,19,1448,6,167,13943
200899,999,44180, ,Springfield  MO ,990,990,176178,81,162,15303,4,16,1508,39,1025,41834,807,807,149292,76,152,14729,4,16,1508,14,230,8748
200899,999,44300, ,State College  PA ,375,375,76201,2,4,400,0,0,0,5,77,5633,374,374,76151,2,4,400,0,0,0,5,77,5633
200899,999,44700,C,Stockton  CA ,765,765,170235,0,0,0,3,12,1072,7,42,3124,765,765,170235,0,0,0,3,12,1072,7,42,3124
200899,999,44940,C,Sumter  SC ,296,296,39139,0,0,0,1,3,90,0,0,0,296,296,39139,0,0,0,1,3,90,0,0,0
200899,999,45220, ,Tallahassee  FL ,894,894,153106,24,48,3814,1,4,800,6,225,17950,877,877,150739,24,48,3814,1,4,800,6,225,17950
200899,999,45300,C,Tampa-St. Petersburg-Clearwater  FL ,5093,5093,1106420,44,88,11652,51,156,17795,164,4276,355789,5091,5091,1105075,44,88,11652,51,156,17795,164,4276,355789
200899,999,45460, ,Terre Haute  IN ,127,127,18712,6,12,694,2,6,200,7,60,3436,125,125,18572,6,12,694,2,6,200,7,60,3436
200899,999,45500, ,Texarkana  TX-Texarkana  AR ,123,123,12152,15,30,1525,0,0,0,0,0,0,122,122,12027,15,30,1525,0,0,0,0,0,0
200899,999,45820, ,Topeka  KS ,462,462,73587,1,2,180,5,17,1350,7,84,3711,457,457,73210,1,2,180,5,17,1350,7,84,3711
200899,999,46060,C,Tucson  AZ ,2743,2743,570887,23,46,4826,3,9,686,21,423,26917,2738,2738,570487,23,46,4826,3,9,686,21,423,26917
200899,999,46220, ,Tuscaloosa  AL ,527,527,86420,3,6,927,0,0,0,38,721,41934,333,333,52966,3,6,927,0,0,0,6,140,9216
200899,999,46540, ,Utica-Rome  NY ,315,315,48258,2,4,316,2,8,500,2,16,350,241,241,41317,2,4,316,2,8,500,2,16,350
200899,999,46660, ,Valdosta  GA ,702,702,76773,6,12,742,0,0,0,12,132,4980,687,687,74797,6,12,742,0,0,0,12,132,4980
200899,999,47020, ,Victoria  TX ,145,145,20874,0,0,0,0,0,0,0,0,0,90,90,12667,0,0,0,0,0,0,0,0,0
200899,999,47260,C,Virginia Beach-Norfolk-Newport News  VA-NC ,3338,3338,636448,30,60,8092,8,32,2403,71,1719,132019,3338,3338,636448,30,60,8092,8,32,2403,71,1719,132019
200899,999,47300, ,Visalia-Porterville  CA ,1275,1275,221877,5,10,1043,2,8,877,21,194,14463,1275,1275,221877,5,10,1043,2,8,877,21,194,14463
200899,999,47380, ,Waco  TX ,551,551,82407,4,8,828,9,35,2118,10,264,17800,548,548,81853,4,8,828,9,35,2118,10,264,17800
200899,999,47940, ,Waterloo-Cedar Falls  IA ,338,338,64337,4,8,1726,1,4,473,0,0,0,336,336,64027,4,8,1726,1,4,473,0,0,0
200899,999,48260, ,Weirton-Steubenville  WV-OH ,82,82,13052,0,0,0,0,0,0,0,0,0,74,74,11837,0,0,0,0,0,0,0,0,0
200899,999,48300, ,Wenatchee-East Wenatchee  WA ,440,440,76222,5,10,1186,5,20,1553,2,19,1912,440,440,76222,5,10,1186,5,20,1553,2,19,1912
200899,999,48540, ,Wheeling  WV-OH ,36,36,4182,0,0,0,0,0,0,0,0,0,34,34,4048,0,0,0,0,0,0,0,0,0
200899,999,48660, ,Wichita Falls  TX ,158,158,28459,2,4,355,0,0,0,0,0,0,158,158,28459,2,4,355,0,0,0,0,0,0
200899,999,48900,C,Wilmington  NC ,2971,2971,561922,10,20,2804,3,12,2584,40,659,56190,2747,2747,515315,6,12,1849,3,12,2584,24,462,37529
200899,999,49420, ,Yakima  WA ,617,617,119822,3,6,643,0,0,0,8,137,7331,617,617,119822,3,6,643,0,0,0,8,137,7331
200899,999,49740, ,Yuma  AZ ,786,786,99350,4,8,670,0,0,0,5,33,1987,786,786,99350,4,8,670,0,0,0,5,33,1987
