Survey,MSA/,PMSA,,MA,,1-unit,,,2-units,,,3-4 units,,,5+ units,,,1-unit rep,,,2-units rep,,,3-4 units rep,,,5+ units rep
Date,CMSA,,,Name,Bldgs,Units,Value,Bldgs,Units,Value,Bldgs,Units,Value,Bldgs,Units,Value,Bldgs,Units,Value,Bldgs,Units,Value,      Bldgs,Units,Value,Bldgs,Units,Value
 
200299,0040,9999,,Abilene  TX MSA ,153,153,23080,5,10,525,6,18,1000,0,0,0,153,153,23080,5,10,525,6,18,1000,0,0,0
200299,0120,9999,,Albany  GA MSA ,544,544,61130,28,56,3525,0,0,0,0,0,0,226,226,24789,28,56,3525,0,0,0,0,0,0
200299,0160,9999,,Albany-Schenectady-Troy  NY MSA ,2707,2707,448174,18,36,3115,19,76,4314,47,475,29634,2486,2486,422012,17,34,3095,19,76,4314,28,368,23388
200299,0200,9999,,Albuquerque  NM MSA ,5803,5803,624005,0,0,0,26,98,4721,68,1121,46030,5041,5041,552720,0,0,0,25,95,4641,68,1121,46030
200299,0220,9999,,Alexandria  LA MSA ,432,432,48477,0,0,0,0,0,0,3,102,6109,432,432,48477,0,0,0,0,0,0,3,102,6109
200299,0240,9999,,Allentown-Bethlehem-Easton  PA MSA ,3335,3335,440781,7,14,932,20,72,5400,9,265,23652,3117,3117,408786,7,14,932,12,47,3472,9,265,23652
200299,0280,9999,,Altoona  PA MSA ,235,235,30138,3,6,524,5,20,866,1,60,1200,235,235,30138,3,6,524,5,20,866,1,60,1200
200299,0320,9999,,Amarillo  TX MSA ,722,722,104591,2,4,270,0,0,0,1,184,7600,719,719,103759,2,4,270,0,0,0,1,184,7600
200299,0380,9999,,Anchorage  AK MSA ,923,923,190964,339,678,93490,33,120,10901,28,267,30611,923,923,190964,339,678,93490,33,120,10901,28,267,30611
200299,0450,9999,,Anniston  AL MSA ,215,215,23895,1,2,10,0,0,0,3,16,915,185,185,21623,1,2,10,0,0,0,3,16,915
200299,0460,9999,,Appleton-Oshkosh-Neenah  WI MSA ,2160,2160,339260,101,202,17358,12,42,2493,98,1134,54686,2062,2062,326029,100,200,17238,12,42,2493,98,1134,54686
200299,0480,9999,,Asheville  NC MSA ,1449,1449,233609,52,104,7113,34,132,8163,29,592,18349,1449,1449,233609,52,104,7113,34,132,8163,29,592,18349
200299,0500,9999,,Athens  GA MSA ,1317,1317,178231,47,94,5662,0,0,0,41,851,39206,1317,1317,178231,47,94,5662,0,0,0,41,851,39206
200299,0520,9999,,Atlanta  GA MSA ,50151,50151,5890496,103,206,42807,67,258,18687,531,15936,897353,49072,49072,5799740,102,204,42742,63,245,18265,512,15631,885805
200299,0580,9999,,Auburn-Opelika  AL MSA ,421,421,59981,44,88,4888,13,51,3516,69,756,39408,397,397,56733,42,84,4652,13,51,3516,66,715,37386
200299,0600,9999,,Augusta-Aiken  GA-SC MSA ,2892,2892,333381,10,20,790,5,20,246,29,567,24470,2645,2645,305538,8,16,670,5,20,246,29,567,24470
200299,0640,9999,,Austin-San Marcos  TX MSA ,11041,11041,1461478,173,346,21309,64,244,11120,264,5570,214183,10872,10872,1443229,173,346,21309,63,240,10863,264,5570,214183
200299,0680,9999,,Bakersfield  CA MSA ,4496,4496,590171,3,6,306,2,7,309,0,0,0,4421,4421,583335,3,6,306,2,7,309,0,0,0
200299,0730,9999,,Bangor  ME MSA ,313,313,37648,7,14,1245,6,23,1060,1,17,1187,296,296,35809,6,12,1185,6,23,1060,0,0,0
200299,0740,9999,,Barnstable-Yarmouth  MA MSA ,883,883,203582,1,2,253,10,39,1905,1,8,1455,835,835,193680,1,2,253,10,39,1905,1,8,1455
200299,0760,9999,,Baton Rouge  LA MSA ,3294,3294,348693,1,2,73,5,18,726,51,688,32574,2429,2429,243765,1,2,73,5,18,726,51,688,32574
200299,0840,9999,,Beaumont-Port Arthur  TX MSA ,803,803,98265,2,4,198,0,0,0,17,90,4358,803,803,98265,2,4,198,0,0,0,17,90,4358
200299,0860,9999,,Bellingham  WA MSA ,1107,1107,174636,22,44,4943,14,55,4698,30,331,16612,1107,1107,174636,22,44,4943,14,55,4698,30,331,16612
200299,0870,9999,,Benton Harbor  MI MSA ,608,608,100770,1,2,70,1,4,472,0,0,0,528,528,86789,1,2,70,1,4,472,0,0,0
200299,0880,9999,,Billings  MT MSA ,576,576,72352,6,12,712,1,3,253,9,107,5852,576,576,72352,6,12,712,1,3,253,9,107,5852
200299,0920,9999,,Biloxi-Gulfport-Pascagoula  MS MSA ,1996,1996,207448,11,22,1327,3,12,797,9,308,12403,1815,1815,185142,11,22,1327,3,12,797,9,308,12403
200299,0960,9999,,Binghamton  NY MSA ,331,331,49480,1,2,100,0,0,0,1,57,1000,313,313,47382,1,2,100,0,0,0,1,57,1000
200299,1000,9999,,Birmingham  AL MSA ,4918,4918,716830,2,4,375,9,28,1781,20,227,12062,4712,4712,696760,2,4,375,8,25,1781,20,227,12062
200299,1010,9999,,Bismarck  ND MSA ,587,587,88388,4,8,1206,12,47,4571,12,222,11159,586,586,88288,4,8,1206,12,47,4571,12,222,11159
200299,1020,9999,,Bloomington  IN MSA ,589,589,86252,100,200,17990,6,22,1729,17,231,12837,585,585,85950,100,200,17990,6,22,1729,17,231,12837
200299,1040,9999,,Bloomington-Normal  IL MSA ,942,942,105476,12,24,1586,5,18,912,52,714,25232,939,939,105176,12,24,1586,5,18,912,52,714,25232
200299,1080,9999,,Boise City  ID MSA ,5827,5827,836518,65,130,8669,58,223,11214,45,574,33686,5730,5730,819442,64,128,8581,51,201,10212,45,574,33686
200299,1122,1120,,Boston  MA-NH PMSA ,4730,4730,930832,195,390,38519,61,203,20010,71,1743,154869,4133,4133,844925,178,356,35797,60,200,19710,55,1657,145657
200299,1122,1200,,Brockton  MA PMSA ,841,841,129950,5,10,771,0,0,0,8,192,13070,828,828,128510,5,10,771,0,0,0,8,192,13070
200299,1122,2600,,Fitchburg-Leominster  MA PMSA ,472,472,62012,2,4,406,0,0,0,0,0,0,458,458,60754,2,4,406,0,0,0,0,0,0
200299,1122,4160,,Lawrence  MA-NH PMSA ,1032,1032,194887,34,68,5019,27,103,11536,25,285,18439,873,873,171133,34,68,5019,24,94,10158,20,260,16719
200299,1122,4560,,Lowell  MA-NH PMSA ,596,596,94056,17,34,2448,20,70,5414,8,169,13141,496,496,74299,17,34,2448,20,70,5414,3,144,9656
200299,1122,4760,,Manchester  NH PMSA ,775,775,145608,14,28,2457,5,18,1356,38,651,42926,768,768,144522,14,28,2457,5,18,1356,38,651,42926
200299,1122,5350,,Nashua  NH PMSA ,693,693,119953,11,22,3115,12,43,4258,30,201,13216,442,442,83817,11,22,3115,12,43,4258,19,146,9615
200299,1122,5400,,New Bedford  MA PMSA ,458,458,75672,1,2,81,0,0,0,3,42,2497,314,314,55719,1,2,81,0,0,0,3,42,2497
200299,1122,6450,,Portsmouth-Rochester  NH-ME PMSA ,1183,1183,203903,55,110,10619,9,33,2838,20,381,25363,1123,1123,196321,52,104,10059,9,33,2838,20,381,25363
200299,1122,9240,,Worcester  MA-CT PMSA ,2072,2072,321322,12,24,2462,20,73,6215,9,102,5521,1941,1941,304196,12,24,2462,20,73,6215,9,102,5521
200299,1240,9999,,Brownsville-Harlingen-San Benito  TX MSA ,3178,3178,231964,33,66,3010,36,143,7368,33,530,29714,2177,2177,168587,17,34,1982,34,136,7095,30,475,20793
200299,1260,9999,,Bryan-College Station  TX MSA ,967,967,96237,91,182,10272,7,27,1508,28,631,33681,967,967,96237,91,182,10272,7,27,1508,28,631,33681
200299,1280,9999,,Buffalo-Niagara Falls  NY MSA ,2481,2481,402883,32,64,5170,16,62,5877,23,353,18429,2448,2448,398779,31,62,5011,16,62,5877,23,353,18429
200299,1305,9999,,Burlington  VT MSA ,433,433,71958,25,50,3864,8,29,1840,17,343,15741,413,413,69492,24,48,3704,8,29,1840,17,343,15741
200299,1320,9999,,Canton-Massillon  OH MSA ,1235,1235,212533,22,44,3706,2,6,511,5,115,5968,1205,1205,208803,14,28,2328,0,0,0,4,110,5780
200299,1350,9999,,Casper  WY MSA ,140,140,26224,0,0,0,0,0,0,2,10,400,139,139,26130,0,0,0,0,0,0,0,0,0
200299,1360,9999,,Cedar Rapids  IA MSA ,931,931,104100,33,66,5875,17,68,4624,29,596,17689,867,867,96002,33,66,5875,17,68,4624,29,596,17689
200299,1400,9999,,Champaign-Urbana  IL MSA ,838,838,121186,12,24,1868,7,28,1677,39,590,33025,669,669,99182,8,16,1448,1,4,337,37,565,32045
200299,1440,9999,,Charleston-North Charleston  SC MSA ,4984,4984,766780,15,30,3007,29,113,8697,80,854,59540,4878,4878,750134,13,26,2788,28,110,8419,78,844,59176
200299,1480,9999,,Charleston  WV MSA ,297,297,38471,7,14,1344,3,12,416,14,87,5478,272,272,35485,7,14,1344,3,12,416,14,87,5478
200299,1520,9999,,Charlotte-Gastonia-Rock Hill  NC-SC MSA ,17311,17311,2223852,75,150,8886,52,190,14240,194,3031,167457,17042,17042,2193861,72,144,8447,52,190,14240,188,2946,164626
200299,1540,9999,,Charlottesville  VA MSA ,1331,1331,237527,10,20,1624,7,27,1911,52,1138,70924,1104,1104,218363,10,20,1624,7,27,1911,52,1138,70924
200299,1560,9999,,Chattanooga  TN-GA MSA ,2511,2511,307502,53,106,4851,18,59,1472,24,247,10506,2257,2257,278178,51,102,4733,2,7,195,9,88,2851
200299,1580,9999,,Cheyenne  WY MSA ,446,446,60346,6,12,600,0,0,0,3,20,1162,446,446,60346,6,12,600,0,0,0,3,20,1162
200299,1602,1600,,Chicago  IL PMSA ,30410,30410,5310214,269,538,59533,420,1586,220233,717,12085,1164216,29123,29123,5101208,258,516,57206,412,1559,217016,691,11913,1149850
200299,1602,2960,,Gary  IN PMSA ,2369,2369,383056,106,212,21123,45,178,14689,22,351,28731,2356,2356,380276,106,212,21123,44,175,14166,20,316,25738
200299,1602,3740,,Kankakee  IL PMSA ,379,379,56950,11,22,2144,15,57,3585,2,10,600,372,372,56253,3,6,678,15,57,3585,2,10,600
200299,1602,3800,,Kenosha  WI PMSA ,813,813,124520,16,32,3741,1,4,440,31,312,19626,793,793,122127,16,32,3741,1,4,440,30,287,18049
200299,1620,9999,,Chico-Paradise  CA MSA ,1152,1152,136461,4,8,523,7,26,1678,0,0,0,1152,1152,136461,4,8,523,7,26,1678,0,0,0
200299,1642,1640,,Cincinnati  OH-KY-IN PMSA ,8315,8315,1103050,34,68,4200,51,195,13822,155,1629,78335,7493,7493,1021236,33,66,4083,51,195,13822,122,1396,68886
200299,1642,3200,,Hamilton-Middletown  OH PMSA ,2102,2102,278512,21,42,2848,17,64,3909,27,288,19006,2102,2102,278512,21,42,2848,17,64,3909,27,288,19006
200299,1660,9999,,Clarksville-Hopkinsville  TN-KY MSA ,1296,1296,119255,42,84,3445,13,48,2432,30,240,9118,1296,1296,119255,42,84,3445,13,48,2432,30,240,9118
200299,1692,0080,,Akron  OH PMSA ,2182,2182,386651,20,40,3965,25,91,7031,32,321,21335,2095,2095,373334,20,40,3965,25,91,7031,32,321,21335
200299,1692,1680,,Cleveland-Lorain-Elyria  OH PMSA ,6609,6609,1179221,31,62,6994,64,236,18993,41,337,24532,6044,6044,1113435,23,46,5925,50,186,16410,33,297,20290
200299,1720,9999,,Colorado Springs  CO MSA ,4999,4999,600832,16,32,2219,26,100,10717,116,1696,140394,4999,4999,600832,16,32,2219,26,100,10717,116,1696,140394
200299,1740,9999,,Columbia  MO MSA ,1131,1131,149037,46,92,6400,17,67,4744,45,496,25370,1131,1131,149037,46,92,6400,17,67,4744,45,496,25370
200299,1760,9999,,Columbia  SC MSA ,4285,4285,419820,8,16,620,5,18,1351,18,330,12134,2629,2629,285973,7,14,504,3,12,439,10,278,10811
200299,1800,9999,,Columbus  GA-AL MSA ,1160,1160,147938,39,78,4890,33,131,5605,8,68,2475,1160,1160,147938,39,78,4890,33,131,5605,8,68,2475
200299,1840,9999,,Columbus  OH MSA ,10348,10348,1759285,109,218,21417,176,678,51553,418,5293,218714,9858,9858,1680606,107,214,21207,166,645,49346,405,5131,215507
200299,1880,9999,,Corpus Christi  TX MSA ,1333,1333,145414,88,176,18519,58,225,12298,11,158,6742,1245,1245,132190,88,176,18519,57,221,12144,11,158,6742
200299,1890,9999,,Corvallis OR MSA ,357,357,63296,6,12,830,0,0,0,0,0,0,357,357,63296,6,12,830,0,0,0,0,0,0
200299,1900,9999,,Cumberland  MD-WV MSA ,196,196,20874,1,2,60,0,0,0,1,10,300,195,195,20739,1,2,60,0,0,0,1,10,300
200299,1922,1920,,Dallas  TX PMSA ,24944,24944,4179878,67,134,13534,160,635,31581,408,8783,444015,24729,24729,4138882,67,134,13534,160,635,31581,405,8747,442862
200299,1922,2800,,Fort Worth-Arlington  TX PMSA ,13365,13365,1824425,48,96,5371,75,299,16631,224,3365,192944,12479,12479,1706896,40,80,4401,75,299,16631,222,3355,192691
200299,1950,9999,,Danville  VA MSA ,244,244,30069,0,0,0,1,4,100,2,14,826,244,244,30069,0,0,0,1,4,100,2,14,826
200299,1960,9999,,Davenport-Moline-Rock Island  IA-IL MSA ,885,885,130139,17,34,3625,13,52,1380,19,291,12758,863,863,127031,17,34,3625,13,52,1380,19,291,12758
200299,2000,9999,,Dayton-Springfield  OH MSA ,2632,2632,393800,50,100,8783,47,181,16986,32,448,28438,2553,2553,383874,50,100,8783,47,181,16986,32,448,28438
200299,2020,9999,,Daytona Beach  FL MSA ,6231,6231,837047,106,212,14624,8,27,2084,33,789,66154,6230,6230,836948,106,212,14624,8,27,2084,33,789,66154
200299,2030,9999,,Decatur  Al MSA ,409,409,45228,0,0,0,0,0,0,0,0,0,409,409,45228,0,0,0,0,0,0,0,0,0
200299,2040,9999,,Decatur  IL MSA ,174,174,28613,0,0,0,1,4,200,6,215,10552,159,159,26854,0,0,0,1,4,200,5,206,10338
200299,2082,1125,,Boulder-Longmont  CO PMSA ,1866,1866,312537,3,6,558,12,43,4535,38,684,55714,1866,1866,312537,3,6,558,12,43,4535,38,684,55714
200299,2082,2080,,Denver  CO PMSA ,13603,13603,2169739,153,306,26842,102,360,33169,401,7378,461607,13533,13533,2161436,152,304,26695,102,360,33169,400,7371,461120
200299,2082,3060,,Greeley  CO PMSA ,3821,3821,563219,8,16,1951,21,75,6952,41,499,39888,3821,3821,563219,8,16,1951,21,75,6952,41,499,39888
200299,2120,9999,,Des Moines  IA MSA ,3308,3308,484677,67,134,12501,28,103,10128,97,1168,102373,3099,3099,459626,59,118,11101,27,99,10128,96,1130,97873
200299,2162,0440,,Ann Arbor  MI PMSA ,4549,4549,622346,15,30,3494,5,18,2476,34,472,33041,4318,4318,600577,15,30,3494,5,18,2476,34,472,33041
200299,2162,2160,,Detroit  MI PMSA ,14248,14248,2222655,192,384,47734,122,443,38705,232,2704,186515,13838,13838,2187486,189,378,47227,122,443,38705,216,2611,183077
200299,2162,2640,,Flint  MI PMSA ,1900,1900,270520,10,20,1862,8,27,2194,31,456,26336,1855,1855,265521,10,20,1862,8,27,2194,31,456,26336
200299,2180,9999,,Dothan  AL MSA ,407,407,32073,0,0,0,0,0,0,0,0,0,396,396,30973,0,0,0,0,0,0,0,0,0
200299,2190,9999,,Dover  DE MSA ,1442,1442,157940,5,10,355,0,0,0,0,0,0,1420,1420,155546,5,10,355,0,0,0,0,0,0
200299,2200,9999,,Dubuque  IA MSA ,384,384,60604,23,46,3850,2,6,449,5,61,8091,384,384,60604,23,46,3850,2,6,449,5,61,8091
200299,2240,9999,,Duluth-Superior  MN-WI MSA ,822,822,88137,7,14,1555,1,4,400,0,0,0,759,759,80017,7,14,1555,1,4,400,0,0,0
200299,2290,9999,,Eau Claire  WI MSA ,846,846,113732,41,82,9330,34,130,10141,19,312,15802,837,837,113110,41,82,9330,34,130,10141,19,312,15802
200299,2320,9999,,El Paso  TX MSA ,3459,3459,190225,19,38,1402,26,94,3564,21,119,5868,721,721,38495,6,12,408,6,24,1083,13,76,2200
200299,2330,9999,,Elkhart-Goshen  IN MSA ,989,989,124503,7,14,1224,13,49,2176,36,554,21190,989,989,124503,7,14,1224,13,49,2176,36,554,21190
200299,2335,9999,,Elmira  NY MSA ,109,109,14836,1,2,73,0,0,0,2,30,2350,77,77,9837,1,2,73,0,0,0,2,30,2350
200299,2340,9999,,Enid  OK MSA ,84,84,15165,15,30,3360,2,6,222,6,47,2065,84,84,15165,15,30,3360,2,6,222,6,47,2065
200299,2360,9999,,Erie  PA MSA ,593,593,75183,2,4,235,10,40,2437,1,6,430,531,531,69916,2,4,235,8,32,2071,1,6,430
200299,2400,9999,,Eugene-Springfield  OR MSA ,1400,1400,234020,33,66,6171,4,15,1080,14,144,10133,1149,1149,202690,12,24,3097,4,15,1080,13,139,9802
200299,2440,9999,,Evansville-Henderson  IN-KY MSA ,1360,1360,166333,8,16,1789,17,68,2689,18,296,9275,1311,1311,157579,8,16,1789,17,68,2689,18,296,9275
200299,2520,9999,,Fargo-Moorhead  ND-MN MSA ,1062,1062,127874,40,80,5875,18,71,6192,39,946,41172,1054,1054,126899,40,80,5875,18,71,6192,39,946,41172
200299,2560,9999,,Fayetteville  NC MSA ,1402,1402,151266,5,10,579,1,4,158,76,953,59885,1402,1402,151266,5,10,579,1,4,158,76,953,59885
200299,2580,9999,,Fayetteville-Springdale-Rogers  AR MSA ,2376,2376,309113,48,96,6695,68,267,14854,111,1210,47219,2276,2276,301871,48,96,6695,67,264,14854,111,1210,47219
200299,2620,9999,,Flagstaff  AZ-UT MSA ,943,943,126688,8,16,1429,5,16,1350,1,6,415,940,940,126408,8,16,1429,5,16,1350,1,6,415
200299,2650,9999,,Florence  AL MSA ,213,213,20266,2,4,170,1,3,75,11,106,4432,96,96,10751,2,4,170,1,3,75,6,54,2103
200299,2655,9999,,Florence  SC MSA ,473,473,64921,5,10,842,0,0,0,3,24,900,472,472,64846,5,10,842,0,0,0,3,24,900
200299,2670,9999,,Fort Collins-Loveland  CO MSA ,2530,2530,359280,28,56,6965,15,54,4700,54,396,26808,2530,2530,359280,28,56,6965,15,54,4700,54,396,26808
200299,2700,9999,,Fort Myers-Cape Coral  FL MSA ,7149,7149,1062479,342,684,59439,143,561,72968,215,2752,264809,7124,7124,1059207,342,684,59439,143,561,72968,213,2719,262589
200299,2710,9999,,Fort Pierce-Port St. Lucie  FL MSA ,4744,4744,673023,23,46,5269,18,71,6244,64,1171,72562,4589,4589,657539,23,46,5269,18,71,6244,63,1140,71892
200299,2720,9999,,Fort Smith  AR-OK MSA ,570,570,66230,47,94,5639,8,27,2130,2,223,10234,570,570,66230,47,94,5639,8,27,2130,2,223,10234
200299,2750,9999,,Fort Walton Beach  FL MSA ,1438,1438,245949,5,10,864,1,4,724,18,484,63074,1438,1438,245949,5,10,864,1,4,724,18,484,63074
200299,2760,9999,,Fort Wayne  IN MSA ,2759,2759,426634,23,46,3565,2,8,479,50,604,26343,2759,2759,426634,23,46,3565,2,8,479,50,604,26343
200299,2840,9999,,Fresno  CA MSA ,4564,4564,683553,14,28,2350,18,66,5033,6,160,11861,4546,4546,682312,14,28,2350,18,66,5033,5,155,11657
200299,2880,9999,,Gadsden  AL MSA ,254,254,28100,0,0,0,0,0,0,3,74,3545,228,228,25858,0,0,0,0,0,0,2,45,2600
200299,2900,9999,,Gainesville  FL MSA ,1023,1023,119649,0,0,0,2,7,386,87,761,36404,1015,1015,119015,0,0,0,2,7,386,87,761,36404
200299,2975,9999,,Glens Falls  NY MSA ,610,610,102064,5,10,1331,11,44,1946,9,72,1330,592,592,100724,5,10,1331,11,44,1946,9,72,1330
200299,2980,9999,,Goldsboro  NC MSA ,425,425,47050,0,0,0,2,8,302,0,0,0,425,425,47050,0,0,0,2,8,302,0,0,0
200299,2985,9999,,Grand Forks  ND-MN MSA ,229,229,30394,12,24,2738,0,0,0,3,118,6225,224,224,29742,12,24,2738,0,0,0,3,118,6225
200299,2995,9999,,Grand Junction  CO MSA ,1287,1287,146353,8,16,1214,8,27,2370,3,40,1927,1287,1287,146353,8,16,1214,8,27,2370,3,40,1927
200299,3000,9999,,Grand Rapids-Muskegon-Holland  MI MSA ,5788,5788,856651,80,160,12126,40,143,12398,105,1213,76934,5380,5380,809861,78,156,11912,37,134,11771,99,1183,75537
200299,3040,9999,,Great Falls  MT MSA ,112,112,17622,0,0,0,2,8,312,0,0,0,112,112,17622,0,0,0,2,8,312,0,0,0
200299,3080,9999,,Green Bay  WI MSA ,1259,1259,207134,64,128,10548,4,14,1130,53,736,37579,1053,1053,176049,39,78,6629,4,14,1130,37,490,28186
200299,3120,9999,,Greensboro--Winston-Salem--High Point  NC MSA ,8917,8917,1083816,46,92,5643,36,133,5933,163,2069,85629,8917,8917,1083816,46,92,5643,36,133,5933,163,2069,85629
200299,3150,9999,,Greenville  NC MSA ,811,811,105871,94,188,10683,0,0,0,76,838,31916,567,567,71765,93,186,10571,0,0,0,76,838,31916
200299,3160,9999,,Greenville-Spartanburg-Anderson  SC MSA ,6766,6766,685950,59,118,5396,19,72,3698,58,894,31953,6759,6759,684928,59,118,5396,19,72,3698,58,894,31953
200299,3240,9999,,Harrisburg-Lebanon-Carlisle  PA MSA ,3014,3014,365382,8,16,919,5,17,1224,8,149,11741,2971,2971,360514,8,16,919,3,11,374,8,149,11741
200299,3280,9999,,Hartford  CT MSA ,3267,3267,448305,45,90,6145,5,17,1764,70,571,17958,3098,3098,430579,45,90,6145,5,17,1764,54,473,16687
200299,3285,9999,,Hattiesburg  MS MSA ,131,131,11857,8,16,960,10,38,966,25,264,13960,131,131,11857,8,16,960,10,38,966,25,264,13960
200299,3290,9999,,Hickory-Morganton-Lenoir  NC MSA ,1706,1706,227131,19,38,3035,0,0,0,15,131,5084,1636,1636,219338,19,38,3035,0,0,0,15,131,5084
200299,3320,9999,,Honolulu  HI MSA ,1964,1964,334256,6,12,1102,18,67,9384,41,630,103366,1964,1964,334256,6,12,1102,18,67,9384,41,630,103366
200299,3350,9999,,Houma  LA MSA ,760,760,79098,14,28,979,0,0,0,1,6,490,701,701,71679,14,28,979,0,0,0,1,6,490
200299,3362,1145,,Brazoria  TX PMSA ,2738,2738,440143,0,0,0,0,0,0,16,343,15713,2736,2736,439865,0,0,0,0,0,0,16,343,15713
200299,3362,2920,,Galveston-Texas City  TX PMSA ,2687,2687,339732,3,6,379,1,4,250,7,42,1621,2662,2662,337404,3,6,379,1,4,250,7,42,1621
200299,3362,3360,,Houston  TX PMSA ,29211,29211,3736775,73,146,9285,219,863,43851,622,10997,558704,29063,29063,3715024,72,144,9236,219,863,43851,605,10816,554533
200299,3400,9999,,Huntington-Ashland  WV-KY-OH MSA ,177,177,14224,10,20,840,6,23,1181,0,0,0,174,174,14033,10,20,840,6,23,1181,0,0,0
200299,3440,9999,,Huntsville  AL MSA ,1199,1199,77789,4,8,200,7,28,1647,33,424,16936,1198,1198,77659,4,8,200,7,28,1647,33,424,16936
200299,3480,9999,,Indianapolis  IN MSA ,13143,13143,2069087,184,368,34898,56,214,19291,231,2918,134201,11989,11989,1922814,159,318,31316,47,186,18136,213,2771,126563
200299,3500,9999,,Iowa City  IA MSA ,745,745,112413,5,10,1023,10,37,1767,49,491,30781,742,742,112077,5,10,1023,10,37,1767,48,481,30122
200299,3520,9999,,Jackson  MI MSA ,653,653,81013,11,22,2824,8,29,2542,11,224,13937,521,521,64990,3,6,804,8,29,2542,11,224,13937
200299,3560,9999,,Jackson  MS MSA ,2449,2449,294928,0,0,0,3,12,285,74,936,39038,2401,2401,289644,0,0,0,3,12,285,74,936,39038
200299,3580,9999,,Jackson  TN MSA ,610,610,65159,10,20,641,1,4,95,5,50,2767,610,610,65159,10,20,641,1,4,95,5,50,2767
200299,3600,9999,,Jacksonville  FL MSA ,10847,10847,1616808,8,16,1440,16,60,6130,176,3294,165705,10846,10846,1616683,8,16,1440,16,60,6130,176,3294,165705
200299,3605,9999,,Jacksonville  NC MSA ,980,980,96844,9,18,2916,11,44,1290,0,0,0,980,980,96844,9,18,2916,11,44,1290,0,0,0
200299,3610,9999,,Jamestown  NY MSA ,260,260,31098,14,28,2601,1,4,333,0,0,0,230,230,27673,2,4,201,0,0,0,0,0,0
200299,3620,9999,,Janesville-Beloit  WI MSA ,577,577,77409,36,72,7178,14,53,2975,25,270,12200,564,564,75994,36,72,7178,6,24,1100,12,202,9820
200299,3660,9999,,Johnson City-Kingsport-Bristol  TN-VA MSA ,1753,1753,189730,4,8,562,0,0,0,30,292,10259,1669,1669,183962,3,6,460,0,0,0,30,292,10259
200299,3680,9999,,Johnstown  PA MSA ,395,395,42883,7,14,1023,1,4,142,4,24,1906,333,333,38105,7,14,1023,1,4,142,4,24,1906
200299,3700,9999,,Jonesboro  AR MSA ,458,458,46970,5,10,604,7,24,1145,0,0,0,455,455,46645,5,10,604,7,24,1145,0,0,0
200299,3710,9999,,Joplin  MO MSA ,443,443,39264,7,14,763,2,7,332,1,12,240,393,393,34157,5,10,504,1,3,142,0,0,0
200299,3720,9999,,Kalamazoo-Battle Creek  MI MSA ,1776,1776,249375,7,14,1440,10,36,3232,22,346,25389,1239,1239,197770,7,14,1440,10,36,3232,22,346,25389
200299,3760,9999,,Kansas City  MO-KS MSA ,10741,10741,1560890,286,572,52282,191,734,86361,116,1762,122633,10426,10426,1525435,281,562,51553,188,724,85770,110,1731,120999
200299,3810,9999,,Killeen-Temple  TX MSA ,1834,1834,211224,185,370,22413,137,548,24886,4,193,6653,1834,1834,211224,185,370,22413,137,548,24886,4,193,6653
200299,3840,9999,,Knoxville  TN MSA ,3663,3663,427704,86,172,9480,54,195,14276,51,738,64294,3636,3636,425820,86,172,9480,54,195,14276,51,738,64294
200299,3850,9999,,Kokomo  IN MSA ,432,432,59567,11,22,2818,0,0,0,3,46,2750,431,431,59522,11,22,2818,0,0,0,3,46,2750
200299,3870,9999,,La Crosse  WI-MN MSA ,494,494,74770,18,36,3111,1,4,200,8,90,3986,420,420,65444,16,32,2731,1,4,200,6,58,2454
200299,3880,9999,,Lafayette  LA MSA ,1624,1624,185037,2,4,290,4,15,600,20,470,24190,1504,1504,172970,2,4,290,3,12,600,20,470,24190
200299,3920,9999,,Lafayette  IN MSA ,942,942,130842,56,112,9664,1,4,300,41,321,29193,886,886,122968,53,106,9149,1,4,300,41,321,29193
200299,3960,9999,,Lake Charles  LA MSA ,857,857,80586,18,36,1525,0,0,0,4,36,1064,794,794,72772,10,20,1048,0,0,0,4,36,1064
200299,3980,9999,,Lakeland-Winter Haven  FL MSA ,4422,4422,370260,9,18,1171,1,4,383,28,528,25762,4403,4403,368767,9,18,1171,1,4,383,28,528,25762
200299,4000,9999,,Lancaster  PA MSA ,2077,2077,275277,29,58,6452,4,15,970,22,398,30617,1964,1964,262915,29,58,6452,4,15,970,22,398,30617
200299,4040,9999,,Lansing-East Lansing  MI MSA ,1768,1768,263412,9,18,1699,1,4,323,47,616,32283,1664,1664,248280,9,18,1699,1,4,323,44,588,30869
200299,4080,9999,,Laredo  TX MSA ,1439,1439,117426,6,12,506,16,62,2410,22,292,12632,1019,1019,86929,6,12,506,13,52,2036,17,222,9991
200299,4100,9999,,Las Cruces  NM MSA ,906,906,135268,2,4,205,13,46,1955,22,257,11166,866,866,130950,2,4,205,13,46,1955,22,257,11166
200299,4120,9999,,Las Vegas  NV-AZ MSA ,24702,24702,2990253,99,198,13492,61,207,15208,620,6844,450872,24678,24678,2986956,99,198,13492,61,207,15208,620,6844,450872
200299,4150,9999,,Lawrence  KS MSA ,436,436,63221,119,238,21170,1,3,100,12,271,14693,430,430,62025,119,238,21170,1,3,100,12,271,14693
200299,4200,9999,,Lawton  OK MSA ,142,142,17158,1,2,120,0,0,0,3,18,210,20,20,1884,1,2,120,0,0,0,1,8,160
200299,4240,9999,,Lewiston-Auburn  ME MSA ,263,263,34404,6,12,1580,1,3,260,0,0,0,259,259,34002,6,12,1580,1,3,260,0,0,0
200299,4280,9999,,Lexington  KY MSA ,3919,3919,435663,61,122,6793,32,122,11171,30,315,12570,3632,3632,407835,61,122,6793,31,118,11075,29,310,12272
200299,4320,9999,,Lima  OH MSA ,363,363,53152,5,10,679,2,6,290,0,0,0,324,324,48443,5,10,679,2,6,290,0,0,0
200299,4360,9999,,Lincoln  NE MSA ,1534,1534,214078,36,72,5025,0,0,0,22,296,14581,524,524,75876,12,24,1610,0,0,0,4,81,4295
200299,4400,9999,,Little Rock-North Little Rock  AR MSA ,2731,2731,413586,24,48,2502,19,76,3670,155,1648,64750,2666,2666,405691,24,48,2502,19,76,3670,155,1648,64750
200299,4420,9999,,Longview-Marshall  TX MSA ,348,348,43000,0,0,0,0,0,0,0,0,0,334,334,40599,0,0,0,0,0,0,0,0,0
200299,4472,4480,,Los Angeles-Long Beach  CA PMSA ,8280,8280,1818903,132,264,25271,61,216,15667,551,7694,871502,7815,7815,1721311,119,238,23815,34,127,11597,492,7355,854473
200299,4472,5945,,Orange County  CA PMSA ,6794,6794,1538739,86,172,24546,70,233,31050,193,4597,365076,6763,6763,1532790,83,166,24195,69,230,30758,191,4575,362924
200299,4472,6780,,Riverside-San Bernardino  CA PMSA ,30038,30038,5236410,79,158,9605,52,165,14276,202,2113,142269,29876,29876,5204932,79,158,9605,52,165,14276,200,2103,141589
200299,4472,8735,,Ventura  CA PMSA ,2249,2249,622652,7,14,1810,9,30,4584,16,232,22006,2183,2183,603710,7,14,1810,9,30,4584,15,222,20903
200299,4520,9999,,Louisville  KY-IN MSA ,5460,5460,795906,22,44,2391,31,119,7361,105,1103,53050,5460,5460,795906,22,44,2391,31,119,7361,105,1103,53050
200299,4600,9999,,Lubbock  TX MSA ,1347,1347,160540,52,104,5560,14,56,1837,27,366,20649,1347,1347,160540,52,104,5560,14,56,1837,27,366,20649
200299,4640,9999,,Lynchburg  VA MSA ,1136,1136,156929,17,34,2076,12,48,5210,9,173,9325,1136,1136,156929,17,34,2076,12,48,5210,9,173,9325
200299,4680,9999,,Macon  GA MSA ,2292,2292,219612,17,34,1724,7,28,1716,7,46,2285,2292,2292,219612,17,34,1724,7,28,1716,7,46,2285
200299,4720,9999,,Madison  WI MSA ,2472,2472,441777,111,222,25673,78,292,26133,68,1349,100446,2355,2355,423721,101,202,23839,65,247,22480,53,1232,93332
200299,4800,9999,,Mansfield  OH MSA ,439,439,57779,32,64,6112,7,25,1874,0,0,0,437,437,57654,32,64,6112,7,25,1874,0,0,0
200299,4880,9999,,McAllen-Edinburg-Mission  TX MSA ,6418,6418,373652,51,102,3339,156,582,20083,40,375,11178,5987,5987,348186,41,82,2474,131,487,16091,34,335,9416
200299,4890,9999,,Medford-Ashland  OR MSA ,1439,1439,197840,11,22,1793,16,63,4486,3,24,1680,1439,1439,197840,11,22,1793,16,63,4486,3,24,1680
200299,4900,9999,,Melbourne-Titusville-Palm Bay  FL MSA ,4956,4956,719409,12,24,2569,9,33,4007,102,1609,140191,4953,4953,719148,12,24,2569,9,33,4007,102,1609,140191
200299,4920,9999,,Memphis  TN-AR-MS MSA ,7078,7078,993019,7,14,1221,20,80,4417,76,1502,98745,7071,7071,992480,7,14,1221,20,80,4417,76,1502,98745
200299,4940,9999,,Merced  CA MSA ,1674,1674,241134,0,0,0,26,79,2546,0,0,0,1669,1669,240488,0,0,0,26,79,2546,0,0,0
200299,4992,2680,,Fort Lauderdale  FL PMSA ,5705,5705,864369,49,98,8002,28,106,8891,221,6119,695466,5294,5294,806145,49,98,8002,23,90,7801,200,5863,670466
200299,4992,5000,,Miami  FL PMSA ,6374,6374,665227,89,178,13096,41,158,13436,237,7896,623008,6358,6358,660547,88,176,12738,41,158,13436,236,7891,622662
200299,5082,5080,,Milwaukee-Waukesha  WI PMSA ,3456,3456,703197,180,360,40571,56,212,18471,93,1908,140158,3353,3353,683558,176,352,39773,56,212,18471,90,1887,138845
200299,5082,6600,,Racine  WI PMSA ,642,642,113922,28,56,6636,4,13,958,10,240,16535,617,617,111002,13,26,4301,0,0,0,10,240,16535
200299,5120,9999,,Minneapolis-St. Paul  MN-WI MSA ,17579,17579,2999407,189,378,45065,182,672,71701,307,7122,700630,17346,17346,2962382,173,346,40326,150,559,59285,293,7026,690617
200299,5140,9999,,Missoula  MT MSA ,396,396,39181,49,98,6283,17,63,2823,44,570,22719,396,396,39181,49,98,6283,17,63,2823,44,570,22719
200299,5160,9999,,Mobile  AL MSA ,3649,3649,424188,8,16,1182,6,22,1195,16,247,12892,3599,3599,418134,8,16,1182,6,22,1195,16,247,12892
200299,5170,9999,,Modesto  CA MSA ,2991,2991,437708,33,66,5444,15,57,4409,11,59,3123,2825,2825,412970,33,66,5444,15,57,4409,10,54,2842
200299,5200,9999,,Monroe  LA MSA ,441,441,61141,0,0,0,11,44,1750,0,0,0,441,441,61141,0,0,0,11,44,1750,0,0,0
200299,5240,9999,,Montgomery  AL MSA ,1569,1569,165772,0,0,0,0,0,0,6,40,665,1569,1569,165772,0,0,0,0,0,0,6,40,665
200299,5280,9999,,Muncie  IN MSA ,293,293,48331,6,12,587,0,0,0,1,8,475,62,62,5069,6,12,587,0,0,0,1,8,475
200299,5330,9999,,Myrtle Beach  SC MSA ,2432,2432,308263,24,48,3386,10,38,2847,80,1499,171777,2432,2432,308263,24,48,3386,10,38,2847,80,1499,171777
200299,5345,9999,,Naples  FL MSA ,4173,4173,686756,48,96,7309,236,931,96661,148,2082,322822,4173,4173,686756,48,96,7309,236,931,96661,148,2082,322822
200299,5360,9999,,Nashville  TN MSA ,10553,10553,1460034,104,208,24616,12,42,2897,72,815,54973,10318,10318,1440677,98,196,24316,12,42,2897,61,745,51876
200299,5520,9999,,New London-Norwich  CT-RI MSA ,953,953,152224,12,24,1157,1,4,125,4,89,4108,893,893,144834,12,24,1157,1,4,125,4,89,4108
200299,5560,9999,,New Orleans  LA MSA ,4357,4357,571512,79,158,10331,6,22,1314,30,877,50172,3985,3985,529794,79,158,10331,4,14,914,30,877,50172
200299,5602,0875,,Bergen-Passaic  NJ PMSA ,1586,1586,293165,113,226,21044,54,179,10748,17,469,47651,1193,1193,231971,103,206,19959,54,179,10748,14,424,45074
200299,5602,1160,,Bridgeport  CT PMSA ,804,804,121705,15,30,1584,7,24,2675,0,0,0,804,804,121705,15,30,1584,7,24,2675,0,0,0
200299,5602,1930,,Danbury  CT PMSA ,867,867,178365,2,4,333,1,3,230,2,19,1400,859,859,176631,2,4,333,1,3,230,2,19,1400
200299,5602,2281,,Dutchess County  NY PMSA ,909,909,184179,2,4,500,13,50,4672,19,167,12926,763,763,158867,2,4,500,13,50,4672,11,123,9773
200299,5602,3640,,Jersey City  NJ PMSA ,99,99,17931,182,364,21096,38,118,4825,37,953,104238,92,92,17316,147,294,16645,37,115,4691,18,670,78193
200299,5602,5015,,Middlesex-Somerset-Hunterdon  NJ PMSA ,3085,3085,443262,11,22,1452,16,52,2765,53,972,71201,2776,2776,401823,11,22,1452,13,43,2700,47,941,71145
200299,5602,5190,,Monmouth-Ocean  NJ PMSA ,5589,5589,694771,10,20,1319,7,22,1784,18,275,14739,5329,5329,663924,10,20,1319,7,22,1784,18,275,14739
200299,5602,5380,,Nassau-Suffolk  NY PMSA ,4203,4203,776537,117,234,107432,30,112,45758,100,802,77155,3594,3594,694331,7,14,880,4,15,1175,73,649,41811
200299,5602,5480,,New Haven-Meriden  CT PMSA ,925,925,160860,8,16,706,0,0,0,5,73,4042,925,925,160860,8,16,706,0,0,0,5,73,4042
200299,5602,5600,,New York  NY PMSA ,2902,2902,592774,2005,4010,326665,918,2812,212973,345,11699,867793,2559,2559,483231,1982,3964,322162,899,2747,209985,342,11684,865355
200299,5602,5640,,Newark  NJ PMSA ,3259,3259,466609,467,934,58802,87,272,17673,61,1274,64517,2694,2694,404982,448,896,56900,87,272,17673,57,1254,63949
200299,5602,5660,,Newburgh  NY-PA PMSA ,2450,2450,373504,5,10,1005,90,305,21282,9,87,2494,2279,2279,353903,4,8,705,90,305,21282,6,72,1680
200299,5602,8040,,Stamford-Norwalk  CT PMSA ,485,485,279565,10,20,1998,2,7,649,8,184,20935,425,425,239883,6,12,538,2,7,649,8,184,20935
200299,5602,8480,,Trenton  NJ PMSA ,1126,1126,114717,26,52,2419,0,0,0,19,250,15062,1069,1069,110746,26,52,2419,0,0,0,19,250,15062
200299,5602,8880,,Waterbury  CT PMSA ,536,536,77102,2,4,280,0,0,10,2,62,2844,536,536,77102,2,4,280,0,0,10,2,62,2844
200299,5720,9999,,Norfolk-Virginia Beach-Newport News  VA-NC MSA ,7632,7632,1036990,50,100,8360,19,72,4803,101,2355,93246,6374,6374,896540,42,84,7630,9,34,2478,79,2100,81429
200299,5790,9999,,Ocala  FL MSA ,5384,5384,642376,15,30,1340,7,27,1138,60,720,21924,5384,5384,642376,15,30,1340,7,27,1138,60,720,21924
200299,5800,9999,,Odessa-Midland  TX MSA ,355,355,45480,2,4,260,0,0,0,1,68,3435,355,355,45480,2,4,260,0,0,0,1,68,3435
200299,5880,9999,,Oklahoma City  OK MSA ,5730,5730,774767,31,62,5250,5,19,950,23,332,18244,5690,5690,769973,31,62,5250,5,19,950,23,332,18244
200299,5920,9999,,Omaha  NE-IA MSA ,4403,4403,538571,28,56,4279,4,12,907,59,1232,71357,4352,4352,530393,27,54,4108,4,12,907,59,1232,71357
200299,5960,9999,,Orlando  FL MSA ,17306,17306,2447614,82,164,14795,33,126,10714,487,8612,483543,16950,16950,2403665,79,158,14455,33,126,10714,487,8612,483543
200299,5990,9999,,Owensboro  KY MSA ,1035,1035,84482,6,12,744,8,26,1024,0,0,0,1035,1035,84482,6,12,744,8,26,1024,0,0,0
200299,6015,9999,,Panama City  FL MSA ,1111,1111,148154,15,30,1744,4,14,1088,11,461,45359,1111,1111,148154,15,30,1744,4,14,1088,11,461,45359
200299,6020,9999,,Parkersburg-Marietta  WV-OH MSA ,198,198,23928,3,6,328,5,20,570,0,0,0,193,193,23229,3,6,328,5,20,570,0,0,0
200299,6080,9999,,Pensacola  FL MSA ,2832,2832,312578,14,28,1473,3,9,408,15,344,18482,2832,2832,312578,14,28,1473,3,9,408,15,344,18482
200299,6120,9999,,Peoria-Pekin  IL MSA ,1201,1201,171310,43,86,7716,7,28,1651,2,13,2205,1199,1199,171230,43,86,7716,7,28,1651,2,13,2205
200299,6162,0560,,Atlantic-Cape May  NJ PMSA ,2665,2665,292679,238,476,59050,14,53,4813,22,248,15275,2528,2528,276270,233,466,57927,14,53,4813,20,238,14675
200299,6162,6160,,Philadelphia  PA-NJ PMSA ,13358,13358,1756955,60,120,10569,68,243,15229,165,2050,98327,11893,11893,1574959,45,90,7902,63,226,14497,126,1794,81587
200299,6162,8760,,Vineland-Millville-Bridgeton  NJ PMSA ,297,297,26453,5,10,364,1,3,219,0,0,0,271,271,24585,5,10,364,1,3,219,0,0,0
200299,6162,9160,,Wilmington-Newark  DE-MD PMSA ,2991,2991,279102,4,8,668,7,28,2208,34,196,5596,2910,2910,274418,4,8,668,7,28,2208,23,136,4636
200299,6200,9999,,Phoenix-Mesa  AZ MSA ,40002,40002,5895670,94,188,13408,96,366,22242,499,7343,437823,39590,39590,5855386,94,188,13408,96,366,22242,499,7343,437823
200299,6240,9999,,Pine Bluff  AR MSA ,115,115,8748,14,28,1310,1,4,0,0,0,0,104,104,8165,14,28,1310,0,0,0,0,0,0
200299,6280,9999,,Pittsburgh  PA MSA ,5160,5160,783809,68,136,13083,64,240,19709,105,1333,101654,4389,4389,670795,63,126,12321,58,222,18508,92,1242,97322
200299,6320,9999,,Pittsfield  MA MSA ,162,162,30782,1,2,99,0,0,0,0,0,0,86,86,20702,1,2,99,0,0,0,0,0,0
200299,6340,9999,,Pocatello  ID MSA ,301,301,31357,6,12,707,2,8,842,1,25,601,295,295,30830,6,12,707,2,8,842,1,25,601
200299,6400,9999,,Portland  ME MSA ,1254,1254,200036,14,28,1994,21,74,5691,15,204,18594,1215,1215,195330,14,28,1994,20,71,5541,14,199,18269
200299,6442,6440,,Portland-Vancouver  OR-WA PMSA ,10422,10422,1825120,186,372,36944,100,377,35234,230,3160,245125,9808,9808,1741864,163,326,32896,81,314,30865,200,2883,229932
200299,6442,7080,,Salem  OR PMSA ,1552,1552,242255,38,76,6558,10,38,2304,26,294,18653,1507,1507,236510,29,58,4495,10,38,2304,26,294,18653
200299,6480,9999,,Providence-Fall River-Warwick  RI-MA MSA ,2486,2486,362457,59,118,8025,37,139,6922,29,477,16677,2291,2291,343653,34,68,6111,35,133,6709,29,477,16677
200299,6520,9999,,Provo-Orem  UT MSA ,2920,2920,470548,36,72,8398,26,96,8017,55,637,58815,2920,2920,470548,36,72,8398,26,96,8017,55,637,58815
200299,6560,9999,,Pueblo  CO MSA ,1075,1075,114348,96,192,7102,9,36,1399,0,0,0,1075,1075,114348,96,192,7102,9,36,1399,0,0,0
200299,6580,9999,,Punta Gorda  FL MSA ,1589,1589,242117,29,58,4935,57,221,21702,10,124,16788,1589,1589,242117,29,58,4935,57,221,21702,10,124,16788
200299,6640,9999,,Raleigh-Durham-Chapel Hill  NC MSA ,13911,13911,2048129,154,308,20257,42,152,10780,100,1787,151310,13328,13328,1962950,153,306,20067,42,152,10780,100,1787,151310
200299,6660,9999,,Rapid City  SD MSA ,568,568,67591,6,12,829,5,16,2864,15,226,9783,560,560,67044,6,12,829,5,16,2864,15,226,9783
200299,6680,9999,,Reading  PA MSA ,1754,1754,235707,12,24,1339,9,35,2507,19,308,25772,1645,1645,219702,12,24,1339,9,35,2507,19,308,25772
200299,6690,9999,,Redding  CA MSA ,1160,1160,180408,1,2,139,22,88,6929,2,91,5762,1152,1152,179682,1,2,139,22,88,6929,2,91,5762
200299,6720,9999,,Reno  NV MSA ,3776,3776,581056,4,8,547,13,51,8726,83,856,49600,3776,3776,581056,4,8,547,13,51,8726,83,856,49600
200299,6740,9999,,Richland-Kennewick-Pasco  WA MSA ,1893,1893,235761,21,42,3352,8,27,2328,20,285,12607,1427,1427,203044,16,32,1822,0,0,0,10,212,8164
200299,6760,9999,,Richmond-Petersburg  VA MSA ,6887,6887,906342,5,10,718,10,39,2644,107,1714,74146,6809,6809,896824,5,10,718,10,39,2644,107,1714,74146
200299,6800,9999,,Roanoke  VA MSA ,977,977,82499,9,18,571,0,0,0,8,65,5648,977,977,82499,9,18,571,0,0,0,8,65,5648
200299,6820,9999,,Rochester  MN MSA ,1279,1279,190106,0,0,0,2,8,688,15,245,52445,1279,1279,190106,0,0,0,2,8,688,15,245,52445
200299,6840,9999,,Rochester  NY MSA ,2554,2554,413689,33,66,3945,21,68,4163,40,403,18929,2486,2486,406185,33,66,3945,21,68,4163,39,331,17849
200299,6880,9999,,Rockford  IL MSA ,1794,1794,174479,55,110,7344,72,288,11555,8,53,2585,1669,1669,158874,52,104,6976,67,268,10647,7,48,2367
200299,6895,9999,,Rocky Mount  NC MSA ,645,645,56752,69,138,8873,27,91,5017,3,38,1989,632,632,55923,69,138,8873,27,91,5017,3,38,1989
200299,6922,6920,,Sacramento  CA PMSA ,16407,16407,3065519,40,80,8298,31,116,9804,307,4087,291451,16407,16407,3065519,40,80,8298,31,116,9804,307,4087,291451
200299,6922,9270,,Yolo  CA PMSA ,1207,1207,207486,3,6,445,26,101,11196,10,95,8752,1041,1041,185524,3,6,445,26,101,11196,10,95,8752
200299,6960,9999,,Saginaw-Bay City-Midland  MI MSA ,1196,1196,154498,9,18,1516,2,8,1004,1,7,400,956,956,129196,5,10,997,1,4,404,0,0,0
200299,6980,9999,,St. Cloud  MN MSA ,1474,1474,196593,9,18,1896,19,68,2666,21,288,16358,1143,1143,159536,9,18,1896,11,44,2666,9,228,12696
200299,7000,9999,,St. Joseph  MO MSA ,226,226,31603,23,46,4093,0,0,0,0,0,0,226,226,31603,23,46,4093,0,0,0,0,0,0
200299,7040,9999,,St. Louis  MO-IL MSA ,11002,11002,1537636,327,654,54417,103,378,25307,121,1989,116313,10838,10838,1518960,327,654,54417,103,378,25307,120,1984,116058
200299,7120,9999,,Salinas  CA MSA ,1054,1054,250502,12,24,2320,5,16,1961,4,128,5659,1054,1054,250502,12,24,2320,5,16,1961,4,128,5659
200299,7160,9999,,Salt Lake City-Ogden  UT MSA ,7546,7546,1010317,73,146,16506,121,422,35169,87,1416,108908,6977,6977,945252,62,124,14171,112,395,33578,72,1255,100640
200299,7200,9999,,San Angelo  TX MSA ,251,251,29165,0,0,0,0,0,0,0,0,0,251,251,29165,0,0,0,0,0,0,0,0,0
200299,7240,9999,,San Antonio  TX MSA ,10051,10051,958393,68,136,5329,20,79,3657,181,2506,98159,10027,10027,955836,68,136,5329,20,79,3657,181,2506,98159
200299,7320,9999,,San Diego  CA MSA ,8880,8880,2073638,72,144,20271,153,494,54021,146,4166,351609,8707,8707,2029620,71,142,20040,147,476,52078,134,3822,317082
200299,7362,5775,,Oakland  CA PMSA ,7572,7572,1968246,15,30,4334,12,44,6392,64,1673,178572,7538,7538,1957316,15,30,4334,12,44,6392,64,1673,178572
200299,7362,7360,,San Francisco  CA PMSA ,1082,1082,404403,68,136,20371,33,107,12971,62,1897,206828,947,947,376083,68,136,20371,33,107,12971,58,1834,202606
200299,7362,7400,,San Jose  CA PMSA ,2097,2097,546387,11,22,2898,40,147,16475,87,2211,163819,2096,2096,546138,11,22,2898,40,147,16475,86,2196,162699
200299,7362,7485,,Santa Cruz-Watsonville  CA PMSA ,412,412,95206,2,4,611,2,6,379,6,186,11570,412,412,95206,2,4,611,2,6,379,6,186,11570
200299,7362,7500,,Santa Rosa  CA PMSA ,1350,1350,246031,40,80,7704,13,47,4430,40,451,21249,996,996,199467,38,76,7382,13,47,4430,40,451,21249
200299,7362,8720,,Vallejo-Fairfield-Napa  CA PMSA ,2416,2416,506371,13,26,1980,4,15,1186,47,1020,76852,2302,2302,476382,13,26,1980,4,15,1186,47,1020,76852
200299,7460,9999,,San Luis Obispo-Atascadero-Paso Robles  CA MSA ,1690,1690,299886,13,26,2764,14,49,3019,14,228,14351,1546,1546,273221,13,26,2764,10,37,2026,14,228,14351
200299,7480,9999,,Santa Barbara-Santa Maria-Lompoc  CA MSA ,953,953,206157,15,30,3482,42,161,14642,66,552,50708,903,903,198213,15,30,3482,42,161,14642,66,552,50708
200299,7490,9999,,Santa Fe  NM MSA ,739,739,118058,1,2,264,1,4,595,4,22,1329,623,623,102652,1,2,264,1,4,595,1,5,630
200299,7510,9999,,Sarasota-Bradenton  FL MSA ,6903,6903,1170176,11,22,2238,70,279,32055,168,2982,220694,6903,6903,1170176,11,22,2238,70,279,32055,168,2982,220694
200299,7520,9999,,Savannah  GA MSA ,1980,1980,264560,11,22,1935,5,17,1616,48,672,39124,1841,1841,242805,11,22,1935,5,17,1616,37,617,37565
200299,7560,9999,,Scranton--Wilkes-Barre--Hazleton  PA MSA ,1460,1460,194350,31,62,5087,33,118,7311,6,95,4268,1262,1262,174385,30,60,4887,33,118,7311,6,95,4268
200299,7602,1150,,Bremerton  WA PMSA ,1135,1135,133477,7,14,1353,6,22,1698,6,58,4541,1133,1133,133308,7,14,1353,6,22,1698,6,58,4541
200299,7602,5910,,Olympia  WA PMSA ,1623,1623,246520,22,44,5235,28,110,7586,9,58,3702,1623,1623,246520,22,44,5235,28,110,7586,9,58,3702
200299,7602,7600,,Seattle-Bellevue-Everett  WA PMSA ,10140,10140,1949673,236,472,45371,85,305,30426,251,5073,445606,9017,9017,1793466,215,430,42345,79,287,28333,215,4876,426602
200299,7602,8200,,Tacoma  WA PMSA ,4721,4721,629187,92,184,18520,16,62,5937,52,500,39206,4636,4636,620630,92,184,18520,16,62,5937,52,500,39206
200299,7610,9999,,Sharon  PA MSA ,421,421,47358,4,8,820,8,32,640,0,0,0,388,388,42642,4,8,820,8,32,640,0,0,0
200299,7620,9999,,Sheboygan  WI MSA ,405,405,67241,42,84,8744,2,8,402,11,183,3226,393,393,64798,42,84,8744,2,8,402,11,183,3226
200299,7640,9999,,Sherman-Denison  TX MSA ,340,340,34104,8,16,1304,0,0,0,0,0,0,332,332,33304,6,12,824,0,0,0,0,0,0
200299,7680,9999,,Shreveport-Bossier City  LA MSA ,1218,1218,177015,0,0,0,0,0,0,28,224,5213,1114,1114,160486,0,0,0,0,0,0,28,224,5213
200299,7720,9999,,Sioux City  IA-NE MSA ,256,256,29274,6,12,1125,1,3,60,0,0,0,255,255,29194,6,12,1125,1,3,60,0,0,0
200299,7760,9999,,Sioux Falls  SD MSA ,1569,1569,170948,2,4,286,15,60,4396,31,366,19402,1563,1563,170276,2,4,286,15,60,4396,31,366,19402
200299,7800,9999,,South Bend  IN MSA ,783,783,126464,3,6,620,0,0,0,30,392,16966,781,781,126334,3,6,620,0,0,0,30,392,16966
200299,7840,9999,,Spokane  WA MSA ,1493,1493,194834,14,28,2302,3,11,629,47,534,31533,1415,1415,184354,10,20,1573,3,11,629,41,434,26064
200299,7880,9999,,Springfield  IL MSA ,674,674,95137,68,136,11275,1,4,300,7,116,3600,547,547,77639,57,114,9678,1,4,300,7,116,3600
200299,7920,9999,,Springfield  MO MSA ,2319,2319,314682,59,118,6856,4,16,1050,58,966,32034,2319,2319,314682,59,118,6856,4,16,1050,58,966,32034
200299,8000,9999,,Springfield  MA MSA ,1121,1121,183553,41,82,5347,10,32,2649,9,58,5786,1020,1020,165343,40,80,4987,10,32,2649,9,58,5786
200299,8050,9999,,State College  PA MSA ,877,877,110420,0,0,0,2,7,320,3,111,7774,843,843,106614,0,0,0,2,7,320,3,111,7774
200299,8080,9999,,Steubenville-Weirton  OH-WV MSA ,84,84,10692,2,4,200,0,0,0,2,99,4099,56,56,8579,2,4,200,0,0,0,1,20,1500
200299,8120,9999,,Stockton-Lodi  CA MSA ,5654,5654,973300,3,6,530,0,0,0,32,483,30616,5654,5654,973300,3,6,530,0,0,0,32,483,30616
200299,8140,9999,,Sumter  SC MSA ,330,330,31794,27,54,3134,0,0,0,4,20,1494,307,307,29493,26,52,3031,0,0,0,3,15,1200
200299,8160,9999,,Syracuse  NY MSA ,1742,1742,206322,5,10,627,11,40,3052,34,291,11982,1522,1522,181384,5,10,627,11,40,3052,24,230,10711
200299,8240,9999,,Tallahassee  FL MSA ,1616,1616,209665,79,158,8184,10,34,1919,81,1016,51975,1588,1588,205680,79,158,8184,10,34,1919,81,1016,51975
200299,8280,9999,,Tampa-St. Petersburg-Clearwater  FL MSA ,17546,17546,2196789,404,808,54989,50,177,11551,355,5011,305446,17534,17534,2192769,404,808,54989,50,177,11551,343,4944,300832
200299,8320,9999,,Terre Haute  IN MSA ,368,368,47533,7,14,1220,1,3,239,0,0,0,311,311,43375,7,14,1220,1,3,239,0,0,0
200299,8360,9999,,Texarkana  TX-Texarkana  AR MSA ,224,224,19162,10,20,1133,0,0,0,12,144,3300,224,224,19162,10,20,1133,0,0,0,12,144,3300
200299,8400,9999,,Toledo  OH MSA ,1860,1860,290972,65,130,12003,12,45,3736,39,358,12272,1839,1839,287875,65,130,12003,12,45,3736,39,358,12272
200299,8440,9999,,Topeka  KS MSA ,669,669,103202,11,22,1660,16,54,3484,14,332,11765,669,669,103202,11,22,1660,16,54,3484,14,332,11765
200299,8520,9999,,Tucson  AZ MSA ,6114,6114,903991,73,146,9761,10,33,1913,47,854,64051,6106,6106,900231,73,146,9761,10,33,1913,47,854,64051
200299,8560,9999,,Tulsa  OK MSA ,3793,3793,502760,34,68,4091,21,84,8600,22,561,45680,3258,3258,389672,33,66,4001,21,84,8600,13,446,39292
200299,8600,9999,,Tuscaloosa  AL MSA ,634,634,89574,0,0,0,0,0,0,39,666,17322,634,634,89574,0,0,0,0,0,0,39,666,17322
200299,8640,9999,,Tyler  TX MSA ,548,548,81329,0,0,0,2,6,300,12,77,3558,199,199,19747,0,0,0,0,0,0,0,0,0
200299,8680,9999,,Utica-Rome  NY MSA ,470,470,59459,0,0,0,1,4,454,0,0,0,332,332,45493,0,0,0,1,4,454,0,0,0
200299,8750,9999,,Victoria  TX MSA ,212,212,20056,0,0,0,0,0,0,0,0,0,212,212,20056,0,0,0,0,0,0,0,0,0
200299,8780,9999,,Visalia-Tulare-Porterville  CA MSA ,1832,1832,245211,11,22,1171,21,79,4272,1,60,5300,1830,1830,245068,11,22,1171,21,79,4272,1,60,5300
200299,8800,9999,,Waco  TX MSA ,526,526,68578,19,38,3141,3,10,748,7,219,9980,526,526,68578,19,38,3141,3,10,748,7,219,9980
200299,8872,0720,,Baltimore  MD PMSA ,9351,9351,1264077,8,16,1306,3,12,1149,65,1612,101653,9110,9110,1236848,6,12,848,3,12,1149,61,1547,99345
200299,8872,3180,,Hagerstown  MD PMSA ,978,978,134116,49,98,5350,0,0,0,12,159,4142,978,978,134116,48,96,5272,0,0,0,5,116,2852
200299,8872,8840,,Washington  DC-MD-VA-WV PMSA ,30002,30002,3998342,119,238,15928,11,39,2300,307,10446,577041,28832,28832,3837265,117,234,15728,10,35,2262,292,9552,495299
200299,8920,9999,,Waterloo-Cedar Falls  IA MSA ,255,255,38259,28,56,4629,3,11,820,13,144,10002,255,255,38259,28,56,4629,3,11,820,13,144,10002
200299,8940,9999,,Wausau  WI MSA ,820,820,112482,36,72,5547,1,3,180,3,27,1226,477,477,67539,24,48,4681,1,3,180,3,27,1226
200299,8960,9999,,West Palm Beach-Boca Raton  FL MSA ,9437,9437,1575381,55,110,12860,33,103,10169,182,3310,267140,9404,9404,1573534,55,110,12860,33,103,10169,182,3310,267140
200299,9000,9999,,Wheeling  WV-OH MSA ,42,42,4957,1,2,150,0,0,0,0,0,0,30,30,3289,1,2,150,0,0,0,0,0,0
200299,9040,9999,,Wichita  KS MSA ,2817,2817,325263,48,96,6031,7,26,2003,14,239,10413,2803,2803,323879,48,96,6031,7,26,2003,14,239,10413
200299,9080,9999,,Wichita Falls  TX MSA ,256,256,31563,5,10,518,3,12,360,7,212,7356,235,235,29742,5,10,518,3,12,360,7,212,7356
200299,9140,9999,,Williamsport  PA MSA ,321,321,35585,1,2,315,1,4,180,2,28,1378,222,222,28074,1,2,315,1,4,180,1,8,437
200299,9200,9999,,Wilmington  NC MSA ,4290,4290,637493,13,26,2406,23,85,8895,50,673,54456,3989,3989,607128,13,26,2406,18,70,5990,50,673,54456
200299,9260,9999,,Yakima  WA MSA ,366,366,50363,44,88,5540,13,51,2988,4,29,1407,349,349,49095,44,88,5540,13,51,2988,4,29,1407
200299,9280,9999,,York  PA MSA ,2423,2423,295783,74,148,12420,8,29,1131,26,356,16440,2198,2198,276505,74,148,12420,6,22,1131,26,356,16440
200299,9320,9999,,Youngstown-Warren  OH MSA ,1086,1086,140082,60,120,9230,6,19,1090,5,38,2138,1058,1058,137552,58,116,8930,6,19,1090,3,28,1594
200299,9340,9999,,Yuba City  CA MSA ,1033,1033,162394,4,8,711,0,0,0,0,0,0,1012,1012,160515,4,8,711,0,0,0,0,0,0
200299,9360,9999,,Yuma  AZ MSA ,1563,1563,141242,5,10,312,17,64,2740,6,89,5507,1558,1558,140685,5,10,312,17,64,2740,6,89,5507
200299,1122,9999,,Boston-Worcester-Lawrence  MA-NH-ME-CT CMSA ,12852,12852,2278195,346,692,65897,154,543,51627,212,3766,289042,11376,11376,2064196,326,652,62615,150,531,49949,175,3575,271024
200299,1602,9999,,Chicago-Gary-Kenosha  IL-IN-WI CMSA ,33971,33971,5874740,402,804,86541,481,1825,238947,772,12758,1213173,32644,32644,5659864,383,766,82748,472,1795,235207,743,12526,1194237
200299,1642,9999,,Cincinnati-Hamilton  OH-KY-IN CMSA ,10417,10417,1381562,55,110,7048,68,259,17731,182,1917,97341,9595,9595,1299748,54,108,6931,68,259,17731,149,1684,87892
200299,1692,9999,,Cleveland-Akron  OH CMSA ,8791,8791,1565872,51,102,10959,89,327,26024,73,658,45867,8139,8139,1486769,43,86,9890,75,277,23441,65,618,41625
200299,1922,9999,,Dallas-Fort Worth  TX CMSA ,38309,38309,6004303,115,230,18905,235,934,48212,632,12148,636959,37208,37208,5845778,107,214,17935,235,934,48212,627,12102,635553
200299,2082,9999,,Denver-Boulder-Greeley  CO CMSA ,19290,19290,3045495,164,328,29351,135,478,44656,480,8561,557209,19220,19220,3037192,163,326,29204,135,478,44656,479,8554,556722
200299,2162,9999,,Detroit-Ann Arbor-Flint  MI CMSA ,20697,20697,3115521,217,434,53090,135,488,43375,297,3632,245892,20011,20011,3053584,214,428,52583,135,488,43375,281,3539,242454
200299,3362,9999,,Houston-Galveston-Brazoria  TX CMSA ,34636,34636,4516650,76,152,9664,220,867,44101,645,11382,576038,34461,34461,4492293,75,150,9615,220,867,44101,628,11201,571867
200299,4472,9999,,Los Angeles-Riverside-Orange County  CA CMSA ,47361,47361,9216704,304,608,61232,192,644,65577,962,14636,1400853,46637,46637,9062743,288,576,59425,164,552,61215,898,14255,1379889
200299,4992,9999,,Miami-Fort Lauderdale  FL CMSA ,12079,12079,1529596,138,276,21098,69,264,22327,458,14015,1318474,11652,11652,1466692,137,274,20740,64,248,21237,436,13754,1293128
200299,5082,9999,,Milwaukee-Racine  WI CMSA ,4098,4098,817119,208,416,47207,60,225,19429,103,2148,156693,3970,3970,794560,189,378,44074,56,212,18471,100,2127,155380
200299,5602,9999,,New York-Northern New Jersey-Long Island  NY-NJ-CT-PA CMSA ,28825,28825,4775046,2975,5950,546635,1263,3956,326044,695,17286,1306997,25897,25897,4297275,2773,5546,426382,1214,3782,278274,622,16680,1236002
200299,6162,9999,,Philadelphia-Wilmington-Atlantic City  PA-NJ-DE-MD CMSA ,19311,19311,2355189,307,614,70651,90,327,22469,221,2494,119198,17602,17602,2150232,287,574,66861,85,310,21737,169,2168,100898
200299,6442,9999,,Portland-Salem  OR-WA CMSA ,11974,11974,2067375,224,448,43502,110,415,37538,256,3454,263778,11315,11315,1978374,192,384,37391,91,352,33169,226,3177,248585
200299,6922,9999,,Sacramento-Yolo  CA CMSA ,17614,17614,3273005,43,86,8743,57,217,21000,317,4182,300203,17448,17448,3251043,43,86,8743,57,217,21000,317,4182,300203
200299,7362,9999,,San Francisco-Oakland-San Jose  CA CMSA ,14929,14929,3766644,149,298,37898,104,366,41833,306,7438,658890,14291,14291,3650592,147,294,37576,104,366,41833,301,7360,653548
200299,7602,9999,,Seattle-Tacoma-Bremerton  WA CMSA ,17619,17619,2958857,357,714,70479,135,499,45647,318,5689,493055,16409,16409,2793924,336,672,67453,129,481,43554,282,5492,474051
200299,8872,9999,,Washington-Baltimore  DC-MD-VA-WV CMSA ,40331,40331,5396535,176,352,22584,14,51,3449,384,12217,682836,38920,38920,5208229,171,342,21848,13,47,3411,358,11215,597496
