Survey,MSA/,PMSA,,MA,,1-unit,,,2-units,,,3-4 units,,,5+ units,,,1-unit rep,,,2-units rep,,,3-4 units rep,,,5+ units rep
Date,CMSA,,,Name,Bldgs,Units,Value,Bldgs,Units,Value,Bldgs,Units,Value,Bldgs,Units,Value,Bldgs,Units,Value,Bldgs,Units,Value,      Bldgs,Units,Value,Bldgs,Units,Value
 
200199,0040,9999,,Abilene  TX MSA ,172,172,25539,28,56,3286,41,164,7631,13,192,6333,172,172,25539,28,56,3286,41,164,7631,13,192,6333
200199,0120,9999,,Albany  GA MSA ,489,489,57116,0,0,0,3,11,467,0,0,0,195,195,23511,0,0,0,2,8,277,0,0,0
200199,0160,9999,,Albany-Schenectady-Troy  NY MSA ,2410,2410,382827,11,22,1263,2,8,298,56,502,24536,2166,2166,355981,9,18,1123,2,8,298,42,414,19382
200199,0200,9999,,Albuquerque  NM MSA ,5240,5240,548456,0,0,0,10,39,1834,17,646,27817,5003,5003,526762,0,0,0,9,36,1834,17,646,27817
200199,0220,9999,,Alexandria  LA MSA ,358,358,44094,1,2,69,0,0,0,2,89,3959,333,333,41699,1,2,69,0,0,0,1,8,550
200199,0240,9999,,Allentown-Bethlehem-Easton  PA MSA ,2779,2779,347899,2,4,350,20,77,4776,24,514,23214,2623,2623,328091,2,4,350,20,77,4776,24,514,23214
200199,0280,9999,,Altoona  PA MSA ,227,227,26827,2,4,165,0,0,0,1,24,500,221,221,26677,2,4,165,0,0,0,1,24,500
200199,0320,9999,,Amarillo  TX MSA ,565,565,78569,3,6,1706,16,64,4798,3,366,17656,563,563,78015,3,6,1706,16,64,4798,3,366,17656
200199,0380,9999,,Anchorage  AK MSA ,1055,1055,208312,324,648,80437,22,84,10841,22,178,14613,1055,1055,208312,324,648,80437,22,84,10841,22,178,14613
200199,0450,9999,,Anniston  AL MSA ,243,243,34088,0,0,0,0,0,0,3,16,733,59,59,6003,0,0,0,0,0,0,0,0,0
200199,0460,9999,,Appleton-Oshkosh-Neenah  WI MSA ,2006,2006,301941,94,188,15619,12,40,3095,109,1237,55489,1898,1898,288802,93,186,15499,12,40,3095,109,1237,55489
200199,0480,9999,,Asheville  NC MSA ,1276,1276,186281,40,80,3787,16,61,3369,64,868,40468,1276,1276,186281,40,80,3787,16,61,3369,64,868,40468
200199,0500,9999,,Athens  GA MSA ,959,959,129099,48,96,4497,1,3,100,35,369,19728,959,959,129099,48,96,4497,1,3,100,35,369,19728
200199,0520,9999,,Atlanta  GA MSA ,48423,48423,5638625,65,130,9491,91,354,20392,660,16361,963297,47472,47472,5539705,64,128,9361,91,354,20392,653,16254,960242
200199,0580,9999,,Auburn-Opelika  AL MSA ,365,365,48352,22,44,2569,4,13,719,43,541,26672,365,365,48352,22,44,2569,4,13,719,43,541,26672
200199,0600,9999,,Augusta-Aiken  GA-SC MSA ,2576,2576,304692,2,4,120,0,0,0,21,196,4153,2361,2361,280447,2,4,120,0,0,0,21,196,4153
200199,0640,9999,,Austin-San Marcos  TX MSA ,9115,9115,1151447,42,84,4894,71,270,13014,457,8345,307403,8815,8815,1130114,40,80,4687,69,264,12705,455,8286,303540
200199,0680,9999,,Bakersfield  CA MSA ,3408,3408,437643,3,6,320,0,0,0,10,80,4909,3330,3330,430797,3,6,320,0,0,0,10,80,4909
200199,0730,9999,,Bangor  ME MSA ,258,258,28852,9,18,1406,3,12,369,1,20,1396,213,213,24226,9,18,1406,3,12,369,1,20,1396
200199,0740,9999,,Barnstable-Yarmouth  MA MSA ,1067,1067,245573,3,6,743,0,0,0,4,107,8784,1047,1047,242075,2,4,499,0,0,0,4,107,8784
200199,0760,9999,,Baton Rouge  LA MSA ,3045,3045,302686,4,8,297,17,64,4266,32,422,15728,2291,2291,211155,4,8,297,17,64,4266,32,422,15728
200199,0840,9999,,Beaumont-Port Arthur  TX MSA ,810,810,93812,1,2,99,0,0,0,30,293,12050,781,781,84180,1,2,99,0,0,0,30,293,12050
200199,0860,9999,,Bellingham  WA MSA ,981,981,138716,28,56,5445,7,22,1709,25,385,20244,706,706,96728,4,8,436,1,3,178,1,6,442
200199,0870,9999,,Benton Harbor  MI MSA ,522,522,93894,1,2,140,1,4,497,1,16,1026,413,413,76354,0,0,0,1,4,497,0,0,0
200199,0880,9999,,Billings  MT MSA ,534,534,63685,1,2,150,1,4,220,0,0,0,534,534,63685,1,2,150,1,4,220,0,0,0
200199,0920,9999,,Biloxi-Gulfport-Pascagoula  MS MSA ,1916,1916,193371,10,20,1309,4,14,550,39,379,14219,1750,1750,172824,10,20,1309,4,14,550,39,379,14219
200199,0960,9999,,Binghamton  NY MSA ,286,286,40757,0,0,0,0,0,0,3,24,1750,275,275,39107,0,0,0,0,0,0,3,24,1750
200199,1000,9999,,Birmingham  AL MSA ,4652,4652,627149,2,4,194,1,3,0,22,423,15793,4325,4325,591162,2,4,194,0,0,0,22,423,15793
200199,1010,9999,,Bismarck  ND MSA ,478,478,67733,8,16,2177,12,47,4718,11,228,11151,474,474,67468,8,16,2177,12,47,4718,11,228,11151
200199,1020,9999,,Bloomington  IN MSA ,495,495,70034,30,60,5082,2,8,592,26,316,17280,495,495,70034,30,60,5082,2,8,592,26,316,17280
200199,1040,9999,,Bloomington-Normal  IL MSA ,990,990,105641,7,14,504,3,11,495,52,535,18707,987,987,105395,7,14,504,3,11,495,52,535,18707
200199,1080,9999,,Boise City  ID MSA ,5364,5364,754498,42,84,6630,49,190,9508,78,879,36597,5333,5333,748177,42,84,6630,46,181,9125,78,879,36597
200199,1122,1120,,Boston  MA-NH PMSA ,4589,4589,911312,193,386,34534,61,203,27768,113,2478,229650,4117,4117,837008,175,350,31074,61,203,27768,88,2322,216358
200199,1122,1200,,Brockton  MA PMSA ,757,757,108923,3,6,404,4,14,514,2,88,6421,749,749,108087,3,6,404,4,14,514,2,88,6421
200199,1122,2600,,Fitchburg-Leominster  MA PMSA ,432,432,49696,0,0,0,5,20,1200,0,0,0,322,322,38915,0,0,0,5,20,1200,0,0,0
200199,1122,4160,,Lawrence  MA-NH PMSA ,1121,1121,199887,15,30,1952,4,14,2153,10,69,4760,961,961,179281,15,30,1952,3,11,1521,8,59,4189
200199,1122,4560,,Lowell  MA-NH PMSA ,668,668,94906,14,28,1653,9,33,2703,6,87,4646,572,572,75973,13,26,1478,9,33,2703,4,77,3252
200199,1122,4760,,Manchester  NH PMSA ,721,721,133965,6,12,809,5,19,1717,6,168,9028,721,721,133965,6,12,809,5,19,1717,6,168,9028
200199,1122,5350,,Nashua  NH PMSA ,756,756,116495,3,6,454,0,0,0,13,186,10970,560,560,92372,3,6,454,0,0,0,5,146,8352
200199,1122,5400,,New Bedford  MA PMSA ,386,386,57456,1,2,95,1,4,120,0,0,0,243,243,38194,1,2,95,1,4,120,0,0,0
200199,1122,6450,,Portsmouth-Rochester  NH-ME PMSA ,1051,1051,170678,22,44,4403,10,40,1795,6,82,5714,964,964,157286,22,44,4403,10,40,1795,6,82,5714
200199,1122,9240,,Worcester  MA-CT PMSA ,1782,1782,255435,19,38,4008,2,7,518,2,116,8640,1576,1576,226169,3,6,595,1,4,140,2,116,8640
200199,1240,9999,,Brownsville-Harlingen-San Benito  TX MSA ,2713,2713,194357,38,76,3412,46,179,7545,13,126,13020,1539,1539,125780,14,28,1482,36,142,6386,9,102,12258
200199,1260,9999,,Bryan-College Station  TX MSA ,816,816,88293,80,160,8206,2,6,360,28,425,18972,816,816,88293,80,160,8206,2,6,360,28,425,18972
200199,1280,9999,,Buffalo-Niagara Falls  NY MSA ,2116,2116,328165,19,38,3554,1,3,0,36,627,32659,2009,2009,317279,19,38,3554,0,0,0,22,421,28245
200199,1305,9999,,Burlington  VT MSA ,579,579,82081,18,36,2465,11,39,3690,14,173,10600,567,567,80666,18,36,2465,11,39,3690,14,173,10600
200199,1320,9999,,Canton-Massillon  OH MSA ,1010,1010,181301,43,86,7465,7,28,2082,1,8,400,1010,1010,181301,43,86,7465,7,28,2082,1,8,400
200199,1350,9999,,Casper  WY MSA ,104,104,19747,0,0,0,0,0,0,5,36,1440,104,104,19747,0,0,0,0,0,0,5,36,1440
200199,1360,9999,,Cedar Rapids  IA MSA ,860,860,102996,28,56,4800,32,127,7050,44,518,15641,823,823,98490,26,52,4433,32,127,7050,40,477,14344
200199,1400,9999,,Champaign-Urbana  IL MSA ,564,564,84293,11,22,1893,7,27,1883,16,260,9907,462,462,74481,7,14,1473,3,12,1053,16,260,9907
200199,1440,9999,,Charleston-North Charleston  SC MSA ,3916,3916,619113,80,160,14417,17,58,7496,56,550,51170,3916,3916,619113,80,160,14417,17,58,7496,56,550,51170
200199,1480,9999,,Charleston  WV MSA ,277,277,37207,1,2,126,0,0,0,1,6,356,262,262,36256,1,2,126,0,0,0,1,6,356
200199,1520,9999,,Charlotte-Gastonia-Rock Hill  NC-SC MSA ,16831,16831,2117859,96,192,11253,89,322,16924,407,5074,299118,16831,16831,2117859,96,192,11253,89,322,16924,407,5074,299118
200199,1540,9999,,Charlottesville  VA MSA ,1157,1157,170291,20,40,2917,1,4,300,27,346,22072,900,900,148602,20,40,2917,1,4,300,21,316,19762
200199,1560,9999,,Chattanooga  TN-GA MSA ,2237,2237,270696,32,64,2508,28,103,3961,36,463,22527,2175,2175,265280,32,64,2508,16,61,3306,24,398,19310
200199,1580,9999,,Cheyenne  WY MSA ,257,257,37181,1,2,100,1,4,181,7,56,2540,257,257,37181,1,2,100,1,4,181,7,56,2540
200199,1602,1600,,Chicago  IL PMSA ,28223,28223,4751846,216,432,45514,437,1528,124172,588,10403,700864,26057,26057,4463196,184,368,39642,328,1165,94664,512,8957,609228
200199,1602,2960,,Gary  IN PMSA ,2330,2330,352875,70,140,14831,49,189,16234,51,716,44575,2206,2206,337228,70,140,14831,49,189,16234,51,716,44575
200199,1602,3740,,Kankakee  IL PMSA ,405,405,56257,12,24,2330,6,24,1640,0,0,0,391,391,54578,6,12,1231,6,24,1640,0,0,0
200199,1602,3800,,Kenosha  WI PMSA ,732,732,108322,4,8,704,3,11,1063,16,302,19599,729,729,107992,4,8,704,3,11,1063,16,302,19599
200199,1620,9999,,Chico-Paradise  CA MSA ,1023,1023,126817,17,34,2059,4,13,1116,3,23,1934,978,978,120396,8,16,1256,4,13,1116,3,23,1934
200199,1642,1640,,Cincinnati  OH-KY-IN PMSA ,7912,7912,1002213,58,116,9208,47,178,14088,175,1930,90046,7172,7172,924184,55,110,8889,41,160,13105,147,1758,83916
200199,1642,3200,,Hamilton-Middletown  OH PMSA ,2080,2080,244135,8,16,1139,14,49,3317,10,158,7425,2026,2026,238303,8,16,1139,12,43,2567,10,158,7425
200199,1660,9999,,Clarksville-Hopkinsville  TN-KY MSA ,1205,1205,87648,6,12,453,41,158,6140,28,378,16242,1148,1148,82567,6,12,453,41,158,6140,28,378,16242
200199,1692,0080,,Akron  OH PMSA ,2511,2511,431210,21,42,5406,52,166,19231,25,511,23010,2428,2428,418657,21,42,5406,52,166,19231,25,511,23010
200199,1692,1680,,Cleveland-Lorain-Elyria  OH PMSA ,6497,6497,1152275,34,68,6703,46,160,11675,43,445,22503,5712,5712,1045360,29,58,6018,36,126,10060,15,159,9230
200199,1720,9999,,Colorado Springs  CO MSA ,5254,5254,634824,3,6,398,26,104,7673,116,1752,130173,5252,5252,634558,3,6,398,26,104,7673,116,1752,130173
200199,1740,9999,,Columbia  MO MSA ,1049,1049,136333,23,46,2613,9,34,2229,6,60,2682,1049,1049,136333,23,46,2613,9,34,2229,6,60,2682
200199,1760,9999,,Columbia  SC MSA ,3847,3847,377955,4,8,481,6,23,1697,30,314,14215,3622,3622,361313,4,8,481,5,20,1241,30,314,14215
200199,1800,9999,,Columbus  GA-AL MSA ,1011,1011,127801,20,40,2556,5,19,710,43,687,32288,1007,1007,127301,20,40,2556,5,19,710,43,687,32288
200199,1840,9999,,Columbus  OH MSA ,10014,10014,1661481,66,132,12180,183,691,55220,352,4322,181317,9635,9635,1597059,65,130,11955,173,656,52161,342,4251,178896
200199,1880,9999,,Corpus Christi  TX MSA ,1148,1148,117101,15,30,1932,31,105,5308,1,6,368,1085,1085,110385,15,30,1932,31,105,5308,1,6,368
200199,1890,9999,,Corvallis OR MSA ,310,310,51928,29,58,4967,5,17,1186,34,410,23397,274,274,44465,27,54,4684,5,17,1186,33,405,23204
200199,1900,9999,,Cumberland  MD-WV MSA ,144,144,14606,0,0,0,0,0,0,1,7,125,143,143,14526,0,0,0,0,0,0,1,7,125
200199,1922,1920,,Dallas  TX PMSA ,25689,25689,4190214,35,70,5732,32,122,15856,431,9597,485666,25007,25007,4096733,25,50,4698,32,122,15856,425,9567,485255
200199,1922,2800,,Fort Worth-Arlington  TX PMSA ,12169,12169,1501889,42,84,4961,22,88,3637,110,2029,101745,11080,11080,1364200,34,68,3981,22,88,3637,108,2019,101492
200199,1950,9999,,Danville  VA MSA ,292,292,29274,1,2,100,4,12,225,0,0,0,42,42,5023,0,0,0,0,0,0,0,0,0
200199,1960,9999,,Davenport-Moline-Rock Island  IA-IL MSA ,787,787,105386,11,22,1919,2,8,425,19,236,11243,763,763,102351,11,22,1919,2,8,425,19,236,11243
200199,2000,9999,,Dayton-Springfield  OH MSA ,2382,2382,347337,28,56,4720,44,174,17930,21,280,18525,2348,2348,343195,28,56,4720,44,174,17930,21,280,18525
200199,2020,9999,,Daytona Beach  FL MSA ,4820,4820,581785,41,82,6223,15,53,3042,53,1238,114725,4684,4684,566288,41,82,6223,14,50,2864,49,1200,112257
200199,2030,9999,,Decatur  Al MSA ,308,308,38078,0,0,0,0,0,0,1,5,105,240,240,32436,0,0,0,0,0,0,0,0,0
200199,2040,9999,,Decatur  IL MSA ,215,215,30541,1,2,120,0,0,0,1,8,190,215,215,30541,1,2,120,0,0,0,1,8,190
200199,2082,1125,,Boulder-Longmont  CO PMSA ,1916,1916,298159,22,44,4737,12,44,3801,102,1317,67246,1916,1916,298159,22,44,4737,12,44,3801,102,1317,67246
200199,2082,2080,,Denver  CO PMSA ,14498,14498,2052861,161,322,28074,64,224,16774,604,11840,808268,14350,14350,2028214,160,320,27938,64,224,16774,597,11598,799664
200199,2082,3060,,Greeley  CO PMSA ,3944,3944,572447,19,38,3173,6,20,1432,22,299,17994,3883,3883,565807,18,36,3055,5,17,1202,20,277,16635
200199,2120,9999,,Des Moines  IA MSA ,2731,2731,387169,43,86,9056,37,141,12006,68,910,71053,2405,2405,331722,42,84,8823,36,137,12006,53,616,45866
200199,2162,0440,,Ann Arbor  MI PMSA ,4092,4092,603497,22,44,7422,5,18,1332,45,670,31085,3789,3789,573671,19,38,6446,4,15,756,45,670,31085
200199,2162,2160,,Detroit  MI PMSA ,12946,12946,1999592,104,208,21777,111,427,40672,245,2637,192217,12624,12624,1969957,100,200,21472,110,424,40420,220,2501,187758
200199,2162,2640,,Flint  MI PMSA ,1864,1864,249389,6,12,1588,7,27,3215,80,1550,90496,1837,1837,246268,6,12,1588,7,27,3215,80,1550,90496
200199,2180,9999,,Dothan  AL MSA ,363,363,25765,4,8,123,7,26,981,1,5,220,321,321,22702,4,8,123,6,23,857,0,0,0
200199,2190,9999,,Dover  DE MSA ,954,954,92804,2,4,253,0,0,0,2,60,4468,954,954,92804,2,4,253,0,0,0,2,60,4468
200199,2200,9999,,Dubuque  IA MSA ,326,326,51203,18,36,3505,6,21,1844,1,58,6000,326,326,51203,18,36,3505,6,21,1844,1,58,6000
200199,2240,9999,,Duluth-Superior  MN-WI MSA ,759,759,79637,8,16,936,2,8,626,0,0,0,696,696,71266,8,16,936,2,8,626,0,0,0
200199,2290,9999,,Eau Claire  WI MSA ,860,860,113052,76,152,12216,43,169,11047,22,237,10804,851,851,112430,76,152,12216,43,169,11047,22,237,10804
200199,2320,9999,,El Paso  TX MSA ,3317,3317,181800,12,24,960,18,64,2076,6,33,3154,3124,3124,171505,9,18,755,15,52,1561,5,27,2912
200199,2330,9999,,Elkhart-Goshen  IN MSA ,884,884,109145,7,14,929,6,24,1040,4,132,3010,884,884,109145,7,14,929,6,24,1040,4,132,3010
200199,2335,9999,,Elmira  NY MSA ,144,144,24430,0,0,0,4,16,500,2,19,538,139,139,23988,0,0,0,4,16,500,0,0,0
200199,2340,9999,,Enid  OK MSA ,49,49,8304,5,10,590,0,0,0,6,96,3858,49,49,8304,5,10,590,0,0,0,6,96,3858
200199,2360,9999,,Erie  PA MSA ,600,600,68697,0,0,0,10,40,2358,7,75,4040,570,570,66300,0,0,0,9,36,2122,6,67,3807
200199,2400,9999,,Eugene-Springfield  OR MSA ,1207,1207,193599,28,56,4344,7,27,2153,12,95,6275,982,982,165591,7,14,1265,7,27,2153,11,90,5945
200199,2440,9999,,Evansville-Henderson  IN-KY MSA ,1125,1125,135181,12,24,1558,2,6,150,2,11,147,1099,1099,131700,12,24,1558,2,6,150,2,11,147
200199,2520,9999,,Fargo-Moorhead  ND-MN MSA ,818,818,92294,8,16,1425,8,32,2041,30,663,27063,814,814,92194,8,16,1425,8,32,2041,30,663,27063
200199,2560,9999,,Fayetteville  NC MSA ,963,963,100697,3,6,246,5,19,811,31,308,14713,963,963,100697,3,6,246,5,19,811,31,308,14713
200199,2580,9999,,Fayetteville-Springdale-Rogers  AR MSA ,2488,2488,296686,44,88,6653,23,81,4518,119,1307,53336,2404,2404,288565,43,86,6528,21,74,4358,116,1280,52629
200199,2620,9999,,Flagstaff  AZ-UT MSA ,951,951,121606,4,8,481,1,4,300,2,16,1229,948,948,121326,4,8,481,1,4,300,2,16,1229
200199,2650,9999,,Florence  AL MSA ,180,180,16114,0,0,0,0,0,0,8,69,3015,156,156,13726,0,0,0,0,0,0,1,5,149
200199,2655,9999,,Florence  SC MSA ,59,59,6973,3,6,489,0,0,0,0,0,0,59,59,6973,3,6,489,0,0,0,0,0,0
200199,2670,9999,,Fort Collins-Loveland  CO MSA ,2640,2640,371224,9,18,2276,17,63,5081,64,943,52998,2569,2569,363064,9,18,2276,16,60,4819,63,927,52065
200199,2700,9999,,Fort Myers-Cape Coral  FL MSA ,6534,6534,1007831,249,498,51371,183,714,89489,216,3213,316073,6534,6534,1007831,249,498,51371,183,714,89489,216,3213,316073
200199,2710,9999,,Fort Pierce-Port St. Lucie  FL MSA ,3093,3093,469717,17,34,3285,19,69,8286,44,880,50630,3085,3085,468767,14,28,2993,19,69,8286,44,880,50630
200199,2720,9999,,Fort Smith  AR-OK MSA ,480,480,57392,28,56,3604,8,30,1231,4,41,1502,451,451,54699,28,56,3604,5,19,772,0,0,0
200199,2750,9999,,Fort Walton Beach  FL MSA ,1092,1092,137469,1,2,75,3,10,511,19,335,14379,761,761,99713,1,2,75,0,0,0,13,291,12272
200199,2760,9999,,Fort Wayne  IN MSA ,2571,2571,383001,27,54,4389,1,4,320,53,420,16913,2571,2571,383001,27,54,4389,1,4,320,53,420,16913
200199,2840,9999,,Fresno  CA MSA ,4331,4331,641707,21,42,3278,40,144,12405,8,40,3767,4326,4326,641363,18,36,2906,40,144,12405,8,40,3767
200199,2880,9999,,Gadsden  AL MSA ,199,199,21021,0,0,0,0,0,0,2,107,8790,171,171,18923,0,0,0,0,0,0,1,72,7650
200199,2900,9999,,Gainesville  FL MSA ,1063,1063,123751,8,16,530,2,8,754,102,1248,57187,970,970,116375,8,16,530,2,8,754,102,1248,57187
200199,2975,9999,,Glens Falls  NY MSA ,407,407,59472,5,10,860,4,16,726,2,12,400,385,385,57726,5,10,860,4,16,726,2,12,400
200199,2980,9999,,Goldsboro  NC MSA ,421,421,41866,0,0,0,0,0,0,0,0,0,421,421,41866,0,0,0,0,0,0,0,0,0
200199,2985,9999,,Grand Forks  ND-MN MSA ,164,164,22883,3,6,662,0,0,0,2,32,1450,164,164,22883,3,6,662,0,0,0,2,32,1450
200199,2995,9999,,Grand Junction  CO MSA ,1146,1146,120389,14,28,1421,6,23,1824,3,56,2894,1146,1146,120389,14,28,1421,6,23,1824,3,56,2894
200199,3000,9999,,Grand Rapids-Muskegon-Holland  MI MSA ,5996,5996,823468,46,92,7190,27,96,7324,118,1003,41810,5262,5262,745057,35,70,6062,23,84,6493,111,968,40137
200199,3040,9999,,Great Falls  MT MSA ,113,113,17066,0,0,0,3,12,430,5,42,1986,113,113,17066,0,0,0,3,12,430,5,42,1986
200199,3080,9999,,Green Bay  WI MSA ,1205,1205,195012,56,112,8740,1,4,400,65,853,36525,1134,1134,184943,47,94,7397,1,4,400,65,853,36525
200199,3120,9999,,Greensboro--Winston-Salem--High Point  NC MSA ,8537,8537,1014281,38,76,3120,43,154,5611,135,1997,92543,8537,8537,1014281,38,76,3120,43,154,5611,135,1997,92543
200199,3150,9999,,Greenville  NC MSA ,763,763,99352,104,208,12481,1,4,300,74,863,26576,763,763,99352,104,208,12481,1,4,300,74,863,26576
200199,3160,9999,,Greenville-Spartanburg-Anderson  SC MSA ,6240,6240,639431,77,154,6270,1,3,1593,30,488,18773,5992,5992,601703,77,154,6270,1,3,1593,30,488,18773
200199,3240,9999,,Harrisburg-Lebanon-Carlisle  PA MSA ,2441,2441,288963,5,10,845,8,27,2344,26,225,11797,2347,2347,278531,5,10,845,7,24,1919,26,225,11797
200199,3280,9999,,Hartford  CT MSA ,3093,3093,404610,47,94,6463,13,48,3127,44,372,17053,2965,2965,392687,47,94,6463,13,48,3127,30,295,16063
200199,3285,9999,,Hattiesburg  MS MSA ,122,122,10581,2,4,242,5,18,704,14,108,4113,122,122,10581,2,4,242,5,18,704,14,108,4113
200199,3290,9999,,Hickory-Morganton-Lenoir  NC MSA ,1845,1845,240148,18,36,2492,5,20,1100,35,531,23674,1784,1784,233357,18,36,2492,5,20,1100,35,531,23674
200199,3320,9999,,Honolulu  HI MSA ,1673,1673,277250,5,10,1187,11,39,5073,31,253,24232,1673,1673,277250,5,10,1187,11,39,5073,31,253,24232
200199,3350,9999,,Houma  LA MSA ,699,699,70019,6,12,458,0,0,0,0,0,0,690,690,68568,6,12,458,0,0,0,0,0,0
200199,3362,1145,,Brazoria  TX PMSA ,2405,2405,343701,0,0,0,0,0,0,0,0,0,2404,2404,343552,0,0,0,0,0,0,0,0,0
200199,3362,2920,,Galveston-Texas City  TX PMSA ,2441,2441,342204,5,10,1013,4,16,794,8,87,3680,2403,2403,338644,5,10,1013,3,12,608,0,0,0
200199,3362,3360,,Houston  TX PMSA ,25610,25610,3369691,9,18,875,109,426,17090,388,6556,361603,25406,25406,3347774,9,18,875,109,426,17090,375,6401,358053
200199,3400,9999,,Huntington-Ashland  WV-KY-OH MSA ,176,176,14172,7,14,492,3,11,643,3,151,7469,135,135,9572,7,14,492,3,11,643,2,143,7000
200199,3440,9999,,Huntsville  AL MSA ,1005,1005,65755,0,0,0,4,15,742,42,609,24531,964,964,63670,0,0,0,4,15,742,42,609,24531
200199,3480,9999,,Indianapolis  IN MSA ,14809,14809,2242162,169,338,28539,49,192,14937,149,1938,93265,14001,14001,2139866,150,300,25842,47,186,14757,142,1901,90863
200199,3500,9999,,Iowa City  IA MSA ,622,622,96915,6,12,1264,3,11,960,39,554,38882,404,404,63814,6,12,1264,0,0,0,17,303,23891
200199,3520,9999,,Jackson  MI MSA ,727,727,87403,7,14,1910,2,7,604,16,197,8866,528,528,63513,0,0,0,2,7,604,16,197,8866
200199,3560,9999,,Jackson  MS MSA ,2300,2300,260580,2,4,129,1,4,95,38,344,12909,2298,2298,260416,2,4,129,1,4,95,38,344,12909
200199,3580,9999,,Jackson  TN MSA ,579,579,56823,3,6,255,1,4,125,10,208,7646,579,579,56823,3,6,255,1,4,125,10,208,7646
200199,3600,9999,,Jacksonville  FL MSA ,9610,9610,1375345,27,54,4302,5,17,1170,158,2957,179569,9594,9594,1370430,27,54,4302,5,17,1170,158,2957,179569
200199,3605,9999,,Jacksonville  NC MSA ,787,787,69174,3,6,270,4,16,826,30,358,11867,787,787,69174,3,6,270,4,16,826,30,358,11867
200199,3610,9999,,Jamestown  NY MSA ,240,240,30462,10,20,2010,1,4,333,1,9,2100,162,162,21258,1,2,210,0,0,0,1,9,2100
200199,3620,9999,,Janesville-Beloit  WI MSA ,496,496,68002,38,76,6328,16,58,2717,19,206,9359,462,462,64492,37,74,6135,7,28,730,7,146,7228
200199,3660,9999,,Johnson City-Kingsport-Bristol  TN-VA MSA ,1284,1284,126328,13,26,1354,6,23,973,16,119,3381,1261,1261,124561,13,26,1354,6,23,973,16,119,3381
200199,3680,9999,,Johnstown  PA MSA ,397,397,39303,9,18,1131,4,13,1231,2,11,982,335,335,34993,3,6,249,4,13,1231,2,11,982
200199,3700,9999,,Jonesboro  AR MSA ,380,380,38185,12,24,1513,6,24,1167,3,24,1008,377,377,37860,12,24,1513,6,24,1167,3,24,1008
200199,3710,9999,,Joplin  MO MSA ,411,411,38709,5,10,494,2,7,270,5,76,3340,404,404,38157,5,10,494,1,4,190,5,76,3340
200199,3720,9999,,Kalamazoo-Battle Creek  MI MSA ,1667,1667,238497,8,16,1895,7,26,2815,22,326,13445,1133,1133,187449,8,16,1895,7,26,2815,22,326,13445
200199,3760,9999,,Kansas City  MO-KS MSA ,9714,9714,1402290,265,530,41490,173,646,43544,304,4020,182568,9503,9503,1371517,265,530,41490,173,646,43544,304,4020,182568
200199,3810,9999,,Killeen-Temple  TX MSA ,1592,1592,182105,110,220,14517,120,476,22177,1,16,467,1592,1592,182105,110,220,14517,120,476,22177,1,16,467
200199,3840,9999,,Knoxville  TN MSA ,3327,3327,382388,41,82,4995,24,86,5024,44,628,37436,3257,3257,378336,41,82,4995,22,78,4557,44,628,37436
200199,3850,9999,,Kokomo  IN MSA ,381,381,50739,14,28,3715,5,19,1673,0,0,0,351,351,45887,14,28,3715,5,19,1673,0,0,0
200199,3870,9999,,La Crosse  WI-MN MSA ,501,501,67924,23,46,3456,11,44,1980,6,55,2335,486,486,66632,23,46,3456,11,44,1980,6,55,2335
200199,3880,9999,,Lafayette  LA MSA ,1243,1243,147318,1,2,90,3,11,277,17,180,12000,1201,1201,143131,1,2,90,2,7,187,17,180,12000
200199,3920,9999,,Lafayette  IN MSA ,923,923,116047,43,86,7269,10,40,3780,27,527,31465,923,923,116047,43,86,7269,10,40,3780,27,527,31465
200199,3960,9999,,Lake Charles  LA MSA ,869,869,77519,10,20,594,0,0,0,14,177,14870,822,822,71117,8,16,456,0,0,0,14,177,14870
200199,3980,9999,,Lakeland-Winter Haven  FL MSA ,3839,3839,300906,25,50,2340,0,0,0,38,632,23831,3839,3839,300906,25,50,2340,0,0,0,38,632,23831
200199,4000,9999,,Lancaster  PA MSA ,1871,1871,236814,56,112,5197,10,38,2247,25,246,13544,1733,1733,222618,55,110,5100,10,38,2247,25,246,13544
200199,4040,9999,,Lansing-East Lansing  MI MSA ,1642,1642,240459,23,46,3815,9,35,2410,49,746,40438,1590,1590,234925,23,46,3815,9,35,2410,49,746,40438
200199,4080,9999,,Laredo  TX MSA ,1477,1477,107246,0,0,0,5,20,747,19,262,9883,1477,1477,107246,0,0,0,5,20,747,19,262,9883
200199,4100,9999,,Las Cruces  NM MSA ,744,744,92869,1,2,50,4,16,578,14,232,8954,744,744,92869,1,2,50,4,16,578,14,232,8954
200199,4120,9999,,Las Vegas  NV-AZ MSA ,24012,24012,2775682,87,174,9214,81,300,23573,592,7452,397799,23993,23993,2773053,87,174,9214,81,300,23573,592,7452,397799
200199,4150,9999,,Lawrence  KS MSA ,523,523,72290,149,298,23550,7,27,1079,17,189,8604,476,476,64069,149,298,23550,7,27,1079,17,189,8604
200199,4200,9999,,Lawton  OK MSA ,132,132,15984,0,0,0,0,0,0,2,10,50,44,44,5251,0,0,0,0,0,0,0,0,0
200199,4240,9999,,Lewiston-Auburn  ME MSA ,198,198,23035,1,2,210,2,6,495,0,0,0,186,186,21892,1,2,210,2,6,495,0,0,0
200199,4280,9999,,Lexington  KY MSA ,3067,3067,342845,65,130,7705,37,144,10497,10,80,2558,2865,2865,316954,64,128,7637,36,141,10425,10,80,2558
200199,4320,9999,,Lima  OH MSA ,331,331,49472,11,22,1796,2,6,350,0,0,0,302,302,46076,11,22,1796,2,6,350,0,0,0
200199,4360,9999,,Lincoln  NE MSA ,1411,1411,193085,31,62,4382,0,0,0,24,271,12965,982,982,136268,23,46,3393,0,0,0,14,145,9065
200199,4400,9999,,Little Rock-North Little Rock  AR MSA ,2458,2458,357502,19,38,3272,16,60,2874,50,462,17248,2400,2400,351312,19,38,3272,16,60,2874,50,462,17248
200199,4420,9999,,Longview-Marshall  TX MSA ,289,289,36050,0,0,0,5,20,640,0,0,0,287,287,35945,0,0,0,5,20,640,0,0,0
200199,4472,4480,,Los Angeles-Long Beach  CA PMSA ,8308,8308,1638641,121,242,23617,81,280,21685,350,9464,751102,7953,7953,1561816,107,214,22081,61,212,18776,305,9176,736500
200199,4472,5945,,Orange County  CA PMSA ,6010,6010,1382012,130,260,32417,150,509,54299,112,1832,147369,5978,5978,1373594,130,260,32417,150,509,54299,112,1832,147369
200199,4472,6780,,Riverside-San Bernardino  CA PMSA ,23596,23596,4233843,34,68,6047,73,267,22426,252,3486,239193,23588,23588,4232484,34,68,6047,73,267,22426,252,3486,239193
200199,4472,8735,,Ventura  CA PMSA ,3168,3168,793328,3,6,657,3,11,1713,16,268,26164,3157,3157,790876,3,6,657,3,11,1713,16,268,26164
200199,4520,9999,,Louisville  KY-IN MSA ,5689,5689,752132,24,48,2198,17,66,4529,76,1004,49474,5200,5200,708726,13,26,1263,15,60,4333,61,913,45995
200199,4600,9999,,Lubbock  TX MSA ,983,983,115876,67,134,7302,55,220,8165,27,393,18730,983,983,115876,67,134,7302,55,220,8165,27,393,18730
200199,4640,9999,,Lynchburg  VA MSA ,990,990,134005,47,94,5669,5,20,1737,5,72,3525,990,990,134005,47,94,5669,5,20,1737,5,72,3525
200199,4680,9999,,Macon  GA MSA ,2279,2279,206035,29,58,2382,0,0,0,77,646,23018,2279,2279,206035,29,58,2382,0,0,0,77,646,23018
200199,4720,9999,,Madison  WI MSA ,2317,2317,392265,121,242,25798,85,322,27100,87,1944,169761,2254,2254,381910,112,224,24094,77,297,25032,75,1845,163405
200199,4800,9999,,Mansfield  OH MSA ,448,448,52258,14,28,2437,21,83,4322,12,135,5405,446,446,52047,14,28,2437,21,83,4322,11,128,5181
200199,4880,9999,,McAllen-Edinburg-Mission  TX MSA ,5606,5606,335961,49,98,4086,89,333,11472,49,848,32991,3440,3440,222312,20,40,1649,34,130,4164,34,764,30743
200199,4890,9999,,Medford-Ashland  OR MSA ,1289,1289,176985,10,20,1816,23,79,7734,30,214,19203,1118,1118,155558,9,18,1697,21,73,6609,19,155,10225
200199,4900,9999,,Melbourne-Titusville-Palm Bay  FL MSA ,4379,4379,597514,8,16,1312,5,17,3991,48,632,68859,4378,4378,597430,8,16,1312,5,17,3991,48,632,68859
200199,4920,9999,,Memphis  TN-AR-MS MSA ,6066,6066,861274,82,164,6561,37,148,9007,75,1262,41486,5947,5947,849480,82,164,6561,37,148,9007,75,1262,41486
200199,4940,9999,,Merced  CA MSA ,1090,1090,151918,1,2,150,0,0,0,0,0,0,1037,1037,145832,1,2,150,0,0,0,0,0,0
200199,4992,2680,,Fort Lauderdale  FL PMSA ,8275,8275,1159522,18,36,2292,76,301,20084,107,2149,199542,8265,8265,1157823,17,34,2244,76,301,20084,101,2107,197541
200199,4992,5000,,Miami  FL PMSA ,6828,6828,767393,100,200,15245,141,544,47075,318,6424,477050,6825,6825,766209,100,200,15245,141,544,47075,316,6370,467816
200199,5082,5080,,Milwaukee-Waukesha  WI PMSA ,3564,3564,684944,147,294,30005,54,211,20826,102,1810,151866,3452,3452,667616,144,288,29536,54,211,20826,102,1810,151866
200199,5082,6600,,Racine  WI PMSA ,578,578,98082,29,58,6398,6,19,1238,20,143,6583,535,535,93157,17,34,4545,0,0,0,3,36,2881
200199,5120,9999,,Minneapolis-St. Paul  MN-WI MSA ,17136,17136,2850333,244,488,54489,185,692,68642,267,4663,382894,16709,16709,2781809,225,450,48907,148,559,57191,243,4482,371230
200199,5140,9999,,Missoula  MT MSA ,283,283,26255,10,20,1204,7,25,1127,15,195,8474,283,283,26255,10,20,1204,7,25,1127,15,195,8474
200199,5160,9999,,Mobile  AL MSA ,3598,3598,391346,29,58,4414,1,4,320,45,786,77534,3536,3536,385817,27,54,4213,1,4,320,45,786,77534
200199,5170,9999,,Modesto  CA MSA ,3011,3011,452183,15,30,2353,8,31,2033,12,143,9866,2921,2921,438959,15,30,2353,8,31,2033,12,143,9866
200199,5200,9999,,Monroe  LA MSA ,448,448,46736,6,12,348,0,0,0,3,15,1220,412,412,42660,4,8,288,0,0,0,1,5,320
200199,5240,9999,,Montgomery  AL MSA ,1238,1238,130020,0,0,0,2,8,450,18,272,12694,1238,1238,130020,0,0,0,2,8,450,18,272,12694
200199,5280,9999,,Muncie  IN MSA ,302,302,48668,1,2,90,0,0,0,2,32,905,90,90,9312,1,2,90,0,0,0,2,32,905
200199,5330,9999,,Myrtle Beach  SC MSA ,2030,2030,235292,17,34,2454,16,63,5483,116,2141,161900,2030,2030,235292,17,34,2454,16,63,5483,116,2141,161900
200199,5345,9999,,Naples  FL MSA ,3878,3878,672681,54,108,12031,300,1143,122537,195,3029,286598,3878,3878,672681,54,108,12031,300,1143,122537,195,3029,286598
200199,5360,9999,,Nashville  TN MSA ,10201,10201,1399647,57,114,11028,46,179,9400,114,1420,87161,9886,9886,1377463,53,106,10828,46,179,9400,98,1327,82935
200199,5520,9999,,New London-Norwich  CT-RI MSA ,865,865,135857,8,16,757,1,3,180,0,0,0,844,844,133968,8,16,757,1,3,180,0,0,0
200199,5560,9999,,New Orleans  LA MSA ,3518,3518,431284,24,48,3225,11,38,1997,70,853,49810,3208,3208,390116,16,32,1881,2,8,110,58,715,42709
200199,5602,0875,,Bergen-Passaic  NJ PMSA ,1433,1433,242876,122,244,21782,30,102,8668,39,636,42600,1092,1092,187980,105,210,19737,28,96,8460,38,599,40795
200199,5602,1160,,Bridgeport  CT PMSA ,806,806,109996,12,24,1003,2,7,497,9,56,4465,783,783,106660,12,24,1003,2,7,497,9,56,4465
200199,5602,1930,,Danbury  CT PMSA ,840,840,166652,4,8,556,3,9,2847,0,0,0,832,832,164919,4,8,556,3,9,2847,0,0,0
200199,5602,2281,,Dutchess County  NY PMSA ,890,890,171891,0,0,0,6,21,1423,14,285,19215,779,779,155447,0,0,0,3,12,1063,13,278,19005
200199,5602,3640,,Jersey City  NJ PMSA ,68,68,5554,135,269,15935,30,101,3643,35,678,63112,53,53,4724,119,237,13789,30,101,3643,22,409,39202
200199,5602,5015,,Middlesex-Somerset-Hunterdon  NJ PMSA ,3307,3307,439543,8,16,938,24,82,1585,53,603,23031,2957,2957,391632,4,8,497,24,82,1585,49,568,21602
200199,5602,5190,,Monmouth-Ocean  NJ PMSA ,5449,5449,650255,6,12,583,9,29,1279,22,534,18665,4795,4795,587635,4,8,446,5,17,1120,8,306,13217
200199,5602,5380,,Nassau-Suffolk  NY PMSA ,4154,4154,725097,111,222,99611,30,108,43455,123,1163,103587,3622,3622,652332,8,16,1257,7,23,1917,103,1050,77278
200199,5602,5480,,New Haven-Meriden  CT PMSA ,791,791,126476,9,18,1550,13,48,2669,13,125,9855,788,788,125835,9,18,1550,13,48,2669,13,125,9855
200199,5602,5600,,New York  NY PMSA ,3409,3409,652213,1964,3928,275951,776,2386,176165,241,9913,685975,3034,3034,582595,1927,3854,271134,749,2295,168099,223,9809,679395
200199,5602,5640,,Newark  NJ PMSA ,3083,3083,426841,392,784,46697,118,376,20508,52,1006,77542,2567,2567,359362,391,782,46582,118,376,20508,51,1001,77292
200199,5602,5660,,Newburgh  NY-PA PMSA ,2135,2135,301239,6,12,976,4,14,1567,46,372,24668,2051,2051,290656,6,12,976,4,14,1567,44,362,24158
200199,5602,8040,,Stamford-Norwalk  CT PMSA ,432,432,250621,11,22,2390,3,11,1636,11,593,46175,373,373,211451,9,18,1660,3,11,1636,11,593,46175
200199,5602,8480,,Trenton  NJ PMSA ,1172,1172,117684,7,14,1472,13,44,1122,12,125,5154,1141,1141,115430,7,14,1472,13,44,1122,12,125,5154
200199,5602,8880,,Waterbury  CT PMSA ,463,463,67336,2,4,123,0,0,10,0,0,0,463,463,67336,2,4,123,0,0,10,0,0,0
200199,5720,9999,,Norfolk-Virginia Beach-Newport News  VA-NC MSA ,7089,7089,910645,27,54,4825,14,54,2846,103,1519,95512,6742,6742,871619,27,54,4825,14,54,2846,103,1519,95512
200199,5790,9999,,Ocala  FL MSA ,3097,3097,340247,15,30,1133,11,44,1116,0,0,0,3097,3097,340247,15,30,1133,11,44,1116,0,0,0
200199,5800,9999,,Odessa-Midland  TX MSA ,253,253,32214,1,2,150,0,0,0,0,0,0,253,253,32214,1,2,150,0,0,0,0,0,0
200199,5880,9999,,Oklahoma City  OK MSA ,4732,4732,627171,35,70,4392,2,7,60,84,1148,128217,4587,4587,609892,35,70,4392,1,3,60,84,1148,128217
200199,5920,9999,,Omaha  NE-IA MSA ,3894,3894,415881,12,24,1720,5,20,938,68,942,45627,3886,3886,415092,12,24,1720,5,20,938,66,932,45377
200199,5960,9999,,Orlando  FL MSA ,16700,16700,2244175,50,100,6903,38,150,10493,324,6369,374526,16419,16419,2210295,49,98,6776,38,150,10493,324,6369,374526
200199,5990,9999,,Owensboro  KY MSA ,704,704,50194,3,6,272,7,26,1032,1,8,307,451,451,35900,3,6,272,7,26,1032,1,8,307
200199,6015,9999,,Panama City  FL MSA ,852,852,111617,45,90,5692,8,26,1181,3,103,18837,852,852,111617,45,90,5692,8,26,1181,3,103,18837
200199,6020,9999,,Parkersburg-Marietta  WV-OH MSA ,201,201,19855,2,4,180,9,35,805,1,60,4285,201,201,19855,2,4,180,9,35,805,1,60,4285
200199,6080,9999,,Pensacola  FL MSA ,2906,2906,292827,25,50,1822,0,0,0,12,226,24031,2906,2906,292827,25,50,1822,0,0,0,12,226,24031
200199,6120,9999,,Peoria-Pekin  IL MSA ,1015,1015,146492,20,40,3212,5,18,1066,6,41,2421,1002,1002,145479,20,40,3212,5,18,1066,6,41,2421
200199,6162,0560,,Atlantic-Cape May  NJ PMSA ,2415,2415,233644,241,482,55502,10,38,2954,23,153,8269,2269,2269,217114,234,468,53926,10,38,2954,20,136,7250
200199,6162,6160,,Philadelphia  PA-NJ PMSA ,12505,12505,1581470,32,64,5287,40,150,10435,146,2321,143262,11152,11152,1428153,17,34,2621,37,140,10141,93,2009,124308
200199,6162,8760,,Vineland-Millville-Bridgeton  NJ PMSA ,250,250,23507,3,6,195,0,0,0,0,0,0,239,239,22573,3,6,195,0,0,0,0,0,0
200199,6162,9160,,Wilmington-Newark  DE-MD PMSA ,2348,2348,219472,0,0,0,0,0,0,72,458,22736,2281,2281,215557,0,0,0,0,0,0,60,398,21776
200199,6200,9999,,Phoenix-Mesa  AZ MSA ,37170,37170,5334407,112,224,17240,129,463,39346,563,8243,464868,37126,37126,5330084,112,224,17240,129,463,39346,563,8243,464868
200199,6240,9999,,Pine Bluff  AR MSA ,136,136,12898,2,4,155,1,3,0,0,0,0,131,131,12648,2,4,155,0,0,0,0,0,0
200199,6280,9999,,Pittsburgh  PA MSA ,4828,4828,707526,39,78,5613,58,216,17100,90,1606,91847,4366,4366,650255,39,78,5613,54,204,16425,71,1425,84334
200199,6320,9999,,Pittsfield  MA MSA ,123,123,21887,0,0,0,0,0,0,0,0,0,88,88,16756,0,0,0,0,0,0,0,0,0
200199,6340,9999,,Pocatello  ID MSA ,248,248,24388,7,14,1601,6,23,1164,0,0,0,242,242,23861,7,14,1601,6,23,1164,0,0,0
200199,6400,9999,,Portland  ME MSA ,1219,1219,182536,19,38,2988,24,91,11335,8,118,9760,1146,1146,173129,19,38,2988,23,88,10935,8,118,9760
200199,6442,6440,,Portland-Vancouver  OR-WA PMSA ,10654,10654,1796518,125,250,24057,83,300,23751,200,2635,171752,9954,9954,1730860,109,218,22167,58,213,17310,168,2371,158148
200199,6442,7080,,Salem  OR PMSA ,1241,1241,168582,41,82,6783,11,41,2201,29,426,25094,1209,1209,164688,40,80,6656,11,41,2201,29,426,25094
200199,6480,9999,,Providence-Fall River-Warwick  RI-MA MSA ,2486,2486,324023,70,140,10001,16,53,5143,13,127,6186,2173,2173,297334,38,76,7401,16,53,5143,6,92,4786
200199,6520,9999,,Provo-Orem  UT MSA ,3082,3082,468900,37,74,9036,70,260,18146,36,413,36490,2869,2869,438635,37,74,9036,70,260,18146,36,413,36490
200199,6560,9999,,Pueblo  CO MSA ,1114,1114,111019,48,96,3779,4,16,562,10,164,7404,1114,1114,111019,48,96,3779,4,16,562,10,164,7404
200199,6580,9999,,Punta Gorda  FL MSA ,1529,1529,211153,23,46,3642,43,168,15284,48,383,13606,1529,1529,211153,23,46,3642,43,168,15284,48,383,13606
200199,6640,9999,,Raleigh-Durham-Chapel Hill  NC MSA ,14055,14055,2007916,85,170,12041,29,96,7556,270,5050,204589,13337,13337,1900999,84,168,11852,27,90,7144,268,5040,204199
200199,6660,9999,,Rapid City  SD MSA ,474,474,49262,2,4,349,5,19,1253,2,16,650,465,465,48131,2,4,349,4,16,1016,2,16,650
200199,6680,9999,,Reading  PA MSA ,1691,1691,192264,11,22,1152,9,34,1573,29,284,11899,1553,1553,178936,10,20,1036,7,27,1231,26,269,11385
200199,6690,9999,,Redding  CA MSA ,1018,1018,142947,1,2,194,1,4,221,0,0,0,1017,1017,142845,1,2,194,1,4,221,0,0,0
200199,6720,9999,,Reno  NV MSA ,3853,3853,501089,6,12,760,6,24,1255,97,1037,49656,3853,3853,501089,6,12,760,6,24,1255,97,1037,49656
200199,6740,9999,,Richland-Kennewick-Pasco  WA MSA ,1381,1381,147463,5,10,1374,8,32,2768,15,122,7424,1298,1298,133172,5,10,1374,8,32,2768,15,122,7424
200199,6760,9999,,Richmond-Petersburg  VA MSA ,6551,6551,784787,3,6,253,32,127,7782,104,1478,68843,6541,6541,783746,3,6,253,32,127,7782,104,1478,68843
200199,6800,9999,,Roanoke  VA MSA ,920,920,81060,12,24,978,0,0,0,8,230,8557,920,920,81060,12,24,978,0,0,0,8,230,8557
200199,6820,9999,,Rochester  MN MSA ,1120,1120,159651,13,26,2008,28,111,9475,20,346,23041,1080,1080,154146,10,20,1338,26,103,8833,18,307,21340
200199,6840,9999,,Rochester  NY MSA ,2497,2497,384886,14,28,2252,37,140,9497,35,433,22783,2375,2375,373372,8,16,1420,37,140,9497,31,331,20836
200199,6880,9999,,Rockford  IL MSA ,1619,1619,163847,31,62,3780,62,248,10206,16,229,10606,1582,1582,160837,31,62,3780,62,248,10206,16,229,10606
200199,6895,9999,,Rocky Mount  NC MSA ,670,670,57177,45,90,4927,0,0,0,8,47,1219,659,659,56476,45,90,4927,0,0,0,8,47,1219
200199,6922,6920,,Sacramento  CA PMSA ,13491,13491,2448671,20,40,3547,56,189,15532,298,3414,262863,13374,13374,2428317,20,40,3547,56,189,15532,298,3414,262863
200199,6922,9270,,Yolo  CA PMSA ,1228,1228,186667,1,2,108,9,32,3778,7,38,3310,1228,1228,186667,1,2,108,9,32,3778,7,38,3310
200199,6960,9999,,Saginaw-Bay City-Midland  MI MSA ,1070,1070,137580,37,74,8336,11,36,4117,12,62,4004,880,880,117423,29,58,6563,3,11,1346,1,7,400
200199,6980,9999,,St. Cloud  MN MSA ,1325,1325,162981,8,16,1127,6,20,666,11,127,5457,999,999,126389,8,16,1127,2,8,666,3,84,2935
200199,7000,9999,,St. Joseph  MO MSA ,178,178,23835,22,44,3480,0,0,0,1,6,219,178,178,23835,22,44,3480,0,0,0,1,6,219
200199,7040,9999,,St. Louis  MO-IL MSA ,9933,9933,1339195,167,334,26323,60,228,11926,103,1397,108503,9718,9718,1307821,167,334,26323,59,225,11764,83,1173,94585
200199,7120,9999,,Salinas  CA MSA ,890,890,213063,3,6,774,0,0,0,16,160,14814,890,890,213063,3,6,774,0,0,0,16,160,14814
200199,7160,9999,,Salt Lake City-Ogden  UT MSA ,7047,7047,925591,53,106,11678,82,294,25219,102,1794,125688,6640,6640,885123,49,98,10898,78,282,24510,101,1789,125494
200199,7200,9999,,San Angelo  TX MSA ,247,247,28296,1,2,236,0,0,0,0,0,0,247,247,28296,1,2,236,0,0,0,0,0,0
200199,7240,9999,,San Antonio  TX MSA ,9138,9138,852069,49,98,4754,23,91,6066,226,3376,137953,9105,9105,848489,49,98,4754,23,91,6066,226,3376,137953
200199,7320,9999,,San Diego  CA MSA ,9377,9377,2216319,47,94,12099,134,421,48681,267,5513,522831,9243,9243,2181300,46,92,11852,128,401,46397,258,5256,497549
200199,7362,5775,,Oakland  CA PMSA ,5908,5908,1345967,23,46,4392,24,85,8774,89,2130,228173,5908,5908,1345967,23,46,4392,24,85,8774,89,2130,228173
200199,7362,7360,,San Francisco  CA PMSA ,1020,1020,344908,85,170,31394,41,136,20452,55,1606,248568,990,990,328947,84,168,30954,41,136,20452,55,1606,248568
200199,7362,7400,,San Jose  CA PMSA ,1626,1626,427936,20,40,4689,26,98,9517,127,4200,323387,1622,1622,426466,19,38,4375,20,78,6331,124,4179,320462
200199,7362,7485,,Santa Cruz-Watsonville  CA PMSA ,432,432,94565,4,8,721,3,11,1247,17,149,12381,415,415,91572,4,8,721,2,8,888,15,137,11518
200199,7362,7500,,Santa Rosa  CA PMSA ,1717,1717,268338,53,106,9714,9,34,2331,40,726,53504,1360,1360,220225,50,100,9231,9,34,2331,38,716,53111
200199,7362,8720,,Vallejo-Fairfield-Napa  CA PMSA ,2602,2602,547521,4,8,1009,8,29,2396,60,840,54616,1787,1787,421201,4,8,1009,1,3,318,41,537,37473
200199,7460,9999,,San Luis Obispo-Atascadero-Paso Robles  CA MSA ,1709,1709,302643,9,18,1617,40,141,11884,13,75,4304,1609,1609,283768,9,18,1617,37,132,11140,12,70,4066
200199,7480,9999,,Santa Barbara-Santa Maria-Lompoc  CA MSA ,915,915,203188,14,28,3120,17,52,6953,6,31,2449,915,915,203188,14,28,3120,17,52,6953,6,31,2449
200199,7490,9999,,Santa Fe  NM MSA ,599,599,96727,0,0,0,0,0,0,5,65,2514,565,565,92202,0,0,0,0,0,0,4,60,2280
200199,7510,9999,,Sarasota-Bradenton  FL MSA ,7013,7013,1108740,21,42,5246,71,271,24036,184,2322,212059,7013,7013,1108740,21,42,5246,71,271,24036,184,2322,212059
200199,7520,9999,,Savannah  GA MSA ,1821,1821,239941,45,90,6840,7,28,2095,26,583,27961,1567,1567,208809,25,50,4240,6,24,1380,18,543,26794
200199,7560,9999,,Scranton--Wilkes-Barre--Hazleton  PA MSA ,1241,1241,149914,9,18,2096,19,76,3821,3,21,1140,1037,1037,131669,7,14,1920,18,72,3821,3,21,1140
200199,7602,1150,,Bremerton  WA PMSA ,1126,1126,130880,1,2,170,0,0,0,1,10,604,1126,1126,130880,1,2,170,0,0,0,1,10,604
200199,7602,5910,,Olympia  WA PMSA ,1433,1433,206411,19,38,2958,2,8,596,0,0,0,1433,1433,206411,19,38,2958,2,8,596,0,0,0
200199,7602,7600,,Seattle-Bellevue-Everett  WA PMSA ,8607,8607,1507537,160,320,30264,127,456,43976,301,6453,468327,7261,7261,1352003,139,278,27162,117,426,40619,252,6157,442119
200199,7602,8200,,Tacoma  WA PMSA ,4107,4107,528281,56,112,9718,9,33,2947,64,1482,108429,4102,4102,527562,49,98,7900,8,30,2669,63,1477,107974
200199,7610,9999,,Sharon  PA MSA ,283,283,34049,1,2,250,0,0,0,0,0,0,236,236,27794,1,2,250,0,0,0,0,0,0
200199,7620,9999,,Sheboygan  WI MSA ,386,386,59269,36,72,6456,4,16,982,8,151,5392,382,382,58614,36,72,6456,4,16,982,8,151,5392
200199,7640,9999,,Sherman-Denison  TX MSA ,247,247,25247,11,22,1156,0,0,0,0,0,0,238,238,23955,11,22,1156,0,0,0,0,0,0
200199,7680,9999,,Shreveport-Bossier City  LA MSA ,1071,1071,142581,0,0,0,0,0,0,10,80,2666,1000,1000,132974,0,0,0,0,0,0,0,0,0
200199,7720,9999,,Sioux City  IA-NE MSA ,232,232,28430,5,10,944,1,3,96,4,49,1792,190,190,23186,5,10,944,1,3,96,4,49,1792
200199,7760,9999,,Sioux Falls  SD MSA ,1605,1605,158211,13,26,2006,10,38,2108,43,660,35450,1554,1554,152816,13,26,2006,9,35,1930,43,660,35450
200199,7800,9999,,South Bend  IN MSA ,780,780,121741,14,28,1907,0,0,0,14,126,3628,778,778,121611,14,28,1907,0,0,0,14,126,3628
200199,7840,9999,,Spokane  WA MSA ,1475,1475,195869,37,74,6155,14,52,5592,34,622,33138,1475,1475,195869,37,74,6155,14,52,5592,34,622,33138
200199,7880,9999,,Springfield  IL MSA ,806,806,99399,50,100,7303,2,8,420,1,5,192,575,575,81267,43,86,6291,2,8,420,0,0,0
200199,7920,9999,,Springfield  MO MSA ,2073,2073,262519,45,90,4986,14,48,1610,16,234,9564,1795,1795,237027,41,82,4617,3,12,375,16,234,9564
200199,8000,9999,,Springfield  MA MSA ,940,940,148721,24,48,3205,12,42,4633,3,20,1400,903,903,144160,24,48,3205,12,42,4633,3,20,1400
200199,8050,9999,,State College  PA MSA ,734,734,86656,2,4,230,0,0,0,2,40,2319,683,683,81696,2,4,230,0,0,0,2,40,2319
200199,8080,9999,,Steubenville-Weirton  OH-WV MSA ,93,93,9729,4,8,433,0,0,0,2,83,2612,68,68,8007,4,8,433,0,0,0,1,6,80
200199,8120,9999,,Stockton-Lodi  CA MSA ,4005,4005,654811,3,6,775,0,0,0,42,328,17848,4005,4005,654811,3,6,775,0,0,0,42,328,17848
200199,8140,9999,,Sumter  SC MSA ,293,293,29314,20,40,2049,0,0,0,5,25,1468,293,293,29314,20,40,2049,0,0,0,5,25,1468
200199,8160,9999,,Syracuse  NY MSA ,1512,1512,177424,6,12,1006,24,96,3436,16,133,5250,1285,1285,153351,3,6,400,20,80,2220,8,77,4084
200199,8240,9999,,Tallahassee  FL MSA ,1371,1371,188691,31,62,3604,7,26,1280,55,650,30476,1366,1366,188024,31,62,3604,7,26,1280,55,650,30476
200199,8280,9999,,Tampa-St. Petersburg-Clearwater  FL MSA ,15826,15826,1730892,319,638,50811,93,342,21586,358,5008,420272,15814,15814,1726877,319,638,50811,93,342,21586,346,4945,415935
200199,8320,9999,,Terre Haute  IN MSA ,413,413,45551,0,0,0,0,0,0,8,96,6650,373,373,40917,0,0,0,0,0,0,8,96,6650
200199,8360,9999,,Texarkana  TX-Texarkana  AR MSA ,220,220,20524,11,22,843,0,0,0,0,0,0,220,220,20524,11,22,843,0,0,0,0,0,0
200199,8400,9999,,Toledo  OH MSA ,1976,1976,288181,45,90,8314,8,29,1690,63,621,25677,1959,1959,285510,45,90,8314,8,29,1690,63,621,25677
200199,8440,9999,,Topeka  KS MSA ,644,644,90892,7,14,1140,0,0,0,8,60,2876,644,644,90892,7,14,1140,0,0,0,8,60,2876
200199,8520,9999,,Tucson  AZ MSA ,6298,6298,914070,41,82,5123,24,83,5225,97,1009,55676,6287,6287,913545,41,82,5123,24,83,5225,97,1009,55676
200199,8560,9999,,Tulsa  OK MSA ,3689,3689,507313,14,28,2122,23,80,4821,18,362,16869,3670,3670,506641,14,28,2122,23,80,4821,18,362,16869
200199,8600,9999,,Tuscaloosa  AL MSA ,685,685,94936,0,0,0,0,0,0,26,416,15352,685,685,94936,0,0,0,0,0,0,26,416,15352
200199,8640,9999,,Tyler  TX MSA ,463,463,69757,0,0,0,3,9,450,12,65,3003,143,143,13300,0,0,0,0,0,0,0,0,0
200199,8680,9999,,Utica-Rome  NY MSA ,413,413,46887,1,2,125,1,4,120,0,0,0,294,294,35433,1,2,125,1,4,120,0,0,0
200199,8750,9999,,Victoria  TX MSA ,144,144,14291,0,0,0,0,0,0,0,0,0,144,144,14291,0,0,0,0,0,0,0,0,0
200199,8780,9999,,Visalia-Tulare-Porterville  CA MSA ,1695,1695,185166,9,18,1233,3,9,502,10,50,3184,1694,1694,185103,9,18,1233,3,9,502,10,50,3184
200199,8800,9999,,Waco  TX MSA ,549,549,61543,47,94,5428,1,4,300,7,299,15419,549,549,61543,47,94,5428,1,4,300,7,299,15419
200199,8872,0720,,Baltimore  MD PMSA ,8935,8935,1129061,28,56,5396,1,4,600,98,1913,111460,8861,8861,1123408,28,56,5396,1,4,600,98,1913,111460
200199,8872,3180,,Hagerstown  MD PMSA ,834,834,99298,10,20,1148,0,0,0,5,132,3240,834,834,99298,10,20,1148,0,0,0,5,132,3240
200199,8872,8840,,Washington  DC-MD-VA-WV PMSA ,28805,28805,3539488,61,122,6581,13,46,2638,336,9531,584164,27953,27953,3431529,59,118,6196,12,43,2467,314,9073,555790
200199,8920,9999,,Waterloo-Cedar Falls  IA MSA ,233,233,37251,16,32,3074,4,16,1185,20,207,15324,224,224,35742,16,32,3074,4,16,1185,19,202,15173
200199,8940,9999,,Wausau  WI MSA ,829,829,109755,40,80,4551,3,10,800,12,154,8300,788,788,102989,40,80,4551,3,10,800,12,154,8300
200199,8960,9999,,West Palm Beach-Boca Raton  FL MSA ,7538,7538,1144568,25,50,5091,16,61,9573,143,3126,280955,7509,7509,1142945,25,50,5091,16,61,9573,143,3126,280955
200199,9000,9999,,Wheeling  WV-OH MSA ,36,36,3973,0,0,0,0,0,0,0,0,0,23,23,2166,0,0,0,0,0,0,0,0,0
200199,9040,9999,,Wichita  KS MSA ,2509,2509,276133,60,120,8523,1,3,220,18,154,9213,2507,2507,275933,60,120,8523,1,3,220,18,154,9213
200199,9080,9999,,Wichita Falls  TX MSA ,232,232,26060,1,2,260,36,144,5492,0,0,0,230,230,25897,1,2,260,36,144,5492,0,0,0
200199,9140,9999,,Williamsport  PA MSA ,326,326,34304,2,4,250,1,4,250,3,54,3629,247,247,26551,2,4,250,1,4,250,3,54,3629
200199,9200,9999,,Wilmington  NC MSA ,3555,3555,471854,6,12,1144,29,112,5326,49,884,39229,3398,3398,455154,6,12,1144,25,100,3002,49,884,39229
200199,9260,9999,,Yakima  WA MSA ,303,303,35724,30,60,3588,16,63,3355,3,28,2377,286,286,34457,30,60,3588,16,63,3355,3,28,2377
200199,9280,9999,,York  PA MSA ,2036,2036,231661,25,50,5946,6,23,1065,9,76,6471,1809,1809,209912,23,46,5706,5,20,1065,9,76,6471
200199,9320,9999,,Youngstown-Warren  OH MSA ,1013,1013,128452,43,86,6728,16,57,3223,8,44,2665,986,986,126012,42,84,6578,15,53,2995,7,39,2380
200199,9340,9999,,Yuba City  CA MSA ,642,642,96555,3,6,611,0,0,0,0,0,0,642,642,96555,3,6,611,0,0,0,0,0,0
200199,9360,9999,,Yuma  AZ MSA ,1226,1226,105990,2,4,150,0,0,0,6,80,4914,1226,1226,105990,2,4,150,0,0,0,6,80,4914
200199,1122,9999,,Boston-Worcester-Lawrence  MA-NH-ME-CT CMSA ,12263,12263,2098753,276,552,48312,101,354,38488,158,3274,279829,10785,10785,1887250,241,482,41264,99,348,37478,121,3058,261954
200199,1602,9999,,Chicago-Gary-Kenosha  IL-IN-WI CMSA ,31690,31690,5269300,302,604,63379,495,1752,143109,655,11421,765038,29383,29383,4962994,264,528,56408,386,1389,113601,579,9975,673402
200199,1642,9999,,Cincinnati-Hamilton  OH-KY-IN CMSA ,9992,9992,1246348,66,132,10347,61,227,17405,185,2088,97471,9198,9198,1162487,63,126,10028,53,203,15672,157,1916,91341
200199,1692,9999,,Cleveland-Akron  OH CMSA ,9008,9008,1583485,55,110,12109,98,326,30906,68,956,45513,8140,8140,1464017,50,100,11424,88,292,29291,40,670,32240
200199,1922,9999,,Dallas-Fort Worth  TX CMSA ,37858,37858,5692103,77,154,10693,54,210,19493,541,11626,587411,36087,36087,5460933,59,118,8679,54,210,19493,533,11586,586747
200199,2082,9999,,Denver-Boulder-Greeley  CO CMSA ,20358,20358,2923467,202,404,35984,82,288,22007,728,13456,893508,20149,20149,2892180,200,400,35730,81,285,21777,719,13192,883545
200199,2162,9999,,Detroit-Ann Arbor-Flint  MI CMSA ,18902,18902,2852478,132,264,30787,123,472,45219,370,4857,313798,18250,18250,2789896,125,250,29506,121,466,44391,345,4721,309339
200199,3362,9999,,Houston-Galveston-Brazoria  TX CMSA ,30456,30456,4055596,14,28,1888,113,442,17884,396,6643,365283,30213,30213,4029970,14,28,1888,112,438,17698,375,6401,358053
200199,4472,9999,,Los Angeles-Riverside-Orange County  CA CMSA ,41082,41082,8047824,288,576,62738,307,1067,100123,730,15050,1163828,40676,40676,7958770,274,548,61202,287,999,97214,685,14762,1149226
200199,4992,9999,,Miami-Fort Lauderdale  FL CMSA ,15103,15103,1926915,118,236,17537,217,845,67159,425,8573,676592,15090,15090,1924032,117,234,17489,217,845,67159,417,8477,665357
200199,5082,9999,,Milwaukee-Racine  WI CMSA ,4142,4142,783026,176,352,36403,60,230,22064,122,1953,158449,3987,3987,760773,161,322,34081,54,211,20826,105,1846,154747
200199,5602,9999,,New York-Northern New Jersey-Long Island  NY-NJ-CT-PA CMSA ,28432,28432,4454274,2789,5577,469567,1061,3338,267074,670,16089,1124044,25330,25330,4003994,2607,5213,360782,1002,3135,216743,596,15281,1057593
200199,6162,9999,,Philadelphia-Wilmington-Atlantic City  PA-NJ-DE-MD CMSA ,17518,17518,2058093,276,552,60984,50,188,13389,241,2932,174267,15941,15941,1883397,254,508,56742,47,178,13095,173,2543,153334
200199,6442,9999,,Portland-Salem  OR-WA CMSA ,11895,11895,1965100,166,332,30840,94,341,25952,229,3061,196846,11163,11163,1895548,149,298,28823,69,254,19511,197,2797,183242
200199,6922,9999,,Sacramento-Yolo  CA CMSA ,14719,14719,2635338,21,42,3655,65,221,19310,305,3452,266173,14602,14602,2614984,21,42,3655,65,221,19310,305,3452,266173
200199,7362,9999,,San Francisco-Oakland-San Jose  CA CMSA ,13305,13305,3029235,189,378,51919,111,393,44717,388,9651,920629,12082,12082,2834378,184,368,50682,97,344,39094,362,9305,899305
200199,7602,9999,,Seattle-Tacoma-Bremerton  WA CMSA ,15273,15273,2373109,236,472,43110,138,497,47519,366,7945,577360,13922,13922,2216856,208,416,38190,127,464,43884,316,7644,550697
200199,8872,9999,,Washington-Baltimore  DC-MD-VA-WV CMSA ,38574,38574,4767847,99,198,13125,14,50,3238,439,11576,698864,37648,37648,4654235,97,194,12740,13,47,3067,417,11118,670490
