Survey,CSA,CBSA,MONCOV,CBSA,,1-unit,,,2-units,,,3-4 units,,,5+ units,,,1-unit rep,,,2-units rep,,,3-4 units rep,,,5+ units rep
Date,Code,Code,,Name,Bldgs,Units,Value,Bldgs,Units,Value,Bldgs,Units,Value,Bldgs,Units,Value,Bldgs,Units,Value,Bldgs,Units,Value,      Bldgs,Units,Value,Bldgs,Units,Value
 
201099,102,18700, ,Corvallis  OR ,75,75,20885,0,0,0,0,0,0,1,18,1850,75,75,20885,0,0,0,0,0,0,1,18,1850
201099,104,10580, ,Albany-Schenectady-Troy  NY ,1099,1099,254034,14,28,3078,16,58,6304,24,244,16433,1018,1018,240216,5,10,938,15,54,5504,24,244,16433
201099,104,24020, ,Glens Falls  NY ,255,255,39363,2,4,420,0,0,0,2,20,950,233,233,37321,2,4,420,0,0,0,2,20,950
201099,112,11180, ,Ames  IA ,93,93,23883,0,0,0,0,0,0,2,74,10606,76,76,20190,0,0,0,0,0,0,2,74,10606
201099,118,11540, ,Appleton  WI ,413,413,83669,14,28,3100,2,8,1029,13,138,8423,403,403,81571,14,28,3100,2,8,1029,13,138,8423
201099,118,36780, ,Oshkosh-Neenah  WI ,257,257,48262,2,4,526,2,8,496,5,90,6621,257,257,48262,2,4,526,2,8,496,5,90,6621
201099,120,11700, ,Asheville  NC ,1045,1045,223813,1,2,368,4,13,1765,40,978,52834,886,886,189104,1,2,368,1,4,265,40,978,52834
201099,122,12060,C,Atlanta-Sandy Springs-Marietta  GA ,6384,6384,1162368,5,10,1453,22,80,19496,62,1101,94521,6091,6091,1106080,5,10,1453,22,80,19496,61,1096,94038
201099,122,23580, ,Gainesville  GA ,184,184,29977,0,0,0,0,0,0,0,0,0,184,184,29977,0,0,0,0,0,0,0,0,0
201099,126,12420,C,Austin-Round Rock-San Marcos  TX ,6200,6200,1069669,4,8,824,86,288,32051,208,2290,182986,5532,5532,967728,3,6,674,86,288,32051,208,2290,182986
201099,132,12940, ,Baton Rouge  LA ,2831,2831,464479,5,10,790,2,6,498,10,115,8318,2076,2076,353578,0,0,0,0,0,0,2,68,4489
201099,140,13460,C,Bend  OR ,365,365,84604,3,6,709,0,0,0,1,6,480,365,365,84604,3,6,709,0,0,0,1,6,480
201099,142,13820,C,Birmingham-Hoover  AL ,1563,1563,275049,5,10,1370,3,11,1271,5,340,34719,1416,1416,244146,5,10,1370,3,11,1271,5,340,34719
201099,148,14460,C,Boston-Cambridge-Quincy  MA-NH ,3748,3748,961643,91,182,23467,52,185,22761,170,2557,246090,3232,3232,850922,76,152,20269,44,161,19570,101,2092,200006
201099,148,31700, ,Manchester-Nashua  NH ,367,367,69914,21,42,4802,25,98,8349,11,175,11918,328,328,63580,17,34,4142,8,31,3284,4,120,7717
201099,148,39300, ,Providence-New Bedford-Fall River  RI-MA ,1205,1205,228504,25,50,4257,15,47,2272,11,137,11007,1067,1067,205233,24,48,4094,13,41,1652,11,137,11007
201099,148,49340, ,Worcester  MA ,1067,1067,194306,8,16,2235,29,110,12387,9,198,21377,846,846,159156,7,14,1975,29,110,12387,9,198,21377
201099,154,15180, ,Brownsville-Harlingen  TX ,1062,1062,113711,16,32,1350,4,14,993,8,150,63514,1037,1037,111774,16,32,1350,4,14,993,8,150,63514
201099,160,15380, ,Buffalo-Niagara Falls  NY ,1037,1037,226975,14,28,3212,3,11,870,11,422,20603,1018,1018,223885,14,28,3212,3,11,870,5,355,13305
201099,164,16020, ,Cape Girardeau-Jackson  MO-IL ,73,73,10580,5,10,1330,0,0,0,2,16,900,73,73,10580,5,10,1330,0,0,0,2,16,900
201099,172,16740,C,Charlotte-Gastonia-Rock Hill  NC-SC ,4338,4338,805367,1,2,176,68,250,22392,37,698,53583,4335,4335,804659,1,2,176,68,250,22392,37,698,53583
201099,174,16860, ,Chattanooga  TN-GA ,955,955,144711,11,22,1582,11,40,1849,12,69,7130,730,730,113972,4,8,940,8,31,1579,2,16,2200
201099,174,17420, ,Cleveland  TN ,267,267,41867,4,8,419,11,43,1917,13,232,14212,162,162,23262,3,6,270,10,39,1700,13,232,14212
201099,176,16980,C,Chicago-Joliet-Naperville  IL-IN-WI ,4244,4244,1085025,50,100,14195,53,176,29968,103,2747,524363,3868,3868,1020138,43,86,12428,53,176,29968,78,2535,507853
201099,176,28100, ,Kankakee-Bradley  IL ,59,59,12178,2,4,394,0,0,0,1,8,400,59,59,12178,2,4,394,0,0,0,1,8,400
201099,176,33140, ,Michigan City-La Porte  IN ,156,156,25498,0,0,0,0,0,0,6,72,1976,139,139,21496,0,0,0,0,0,0,6,72,1976
201099,178,17140,C,Cincinnati-Middletown  OH-KY-IN ,2824,2824,512718,19,38,3568,17,64,7290,21,280,14207,2755,2755,503107,17,34,3269,16,61,7011,20,275,13913
201099,184,10420, ,Akron  OH ,657,657,124395,1,2,113,9,27,1456,9,50,1767,531,531,108317,1,2,113,5,15,1182,0,0,0
201099,184,17460,C,Cleveland-Elyria-Mentor  OH ,1853,1853,384443,2,4,404,4,14,1559,13,70,5177,1589,1589,331530,2,4,404,2,8,1286,6,35,1600
201099,192,17900,C,Columbia  SC ,2527,2527,380767,0,0,0,0,0,0,24,415,25989,1219,1219,196715,0,0,0,0,0,0,6,160,8484
201099,194,12220,C,Auburn-Opelika  AL ,623,623,123006,0,0,0,0,0,0,23,348,27610,623,623,123006,0,0,0,0,0,0,23,348,27610
201099,194,17980, ,Columbus  GA-AL ,869,869,144084,5,10,769,7,22,999,32,483,31225,628,628,117310,2,4,272,0,0,0,19,396,24626
201099,198,18140,C,Columbus  OH ,2887,2887,581430,17,34,5456,46,176,15730,86,1347,60795,2799,2799,563743,17,34,5456,46,176,15730,86,1347,60795
201099,204,18580, ,Corpus Christi  TX ,925,925,126696,2,4,282,0,0,0,29,296,17089,841,841,109956,2,4,282,0,0,0,26,280,15858
201099,206,19100,C,Dallas-Fort Worth-Arlington  TX ,14420,14420,3372430,36,72,8387,22,76,9283,203,4990,479537,13980,13980,3299436,33,66,7835,20,70,8728,190,4845,472372
201099,206,43300, ,Sherman-Denison  TX ,75,75,10940,0,0,0,0,0,0,25,252,10880,69,69,10499,0,0,0,0,0,0,25,252,10880
201099,212,19380, ,Dayton  OH ,674,674,169799,2,4,470,0,0,0,7,80,8283,632,632,160927,2,4,470,0,0,0,7,80,8283
201099,212,44220, ,Springfield  OH ,53,53,9729,2,4,164,0,0,0,0,0,0,53,53,9729,2,4,164,0,0,0,0,0,0
201099,216,14500, ,Boulder  CO ,276,276,69128,4,8,915,8,30,3683,14,343,53154,276,276,69128,4,8,915,8,30,3683,14,343,53154
201099,216,19740,C,Denver-Aurora-Broomfield  CO ,3660,3660,861779,101,202,30377,14,45,5650,47,1135,112945,3659,3659,861575,101,202,30377,14,45,5650,47,1135,112945
201099,216,24540,C,Greeley  CO ,789,789,163581,0,0,0,1,3,193,12,71,2804,670,670,133562,0,0,0,0,0,0,0,0,0
201099,218,19780,C,Des Moines-West Des Moines  IA ,2206,2206,436118,24,48,7569,13,50,7951,16,511,49609,2180,2180,431056,24,48,7569,13,50,7951,16,511,49609
201099,220,11460, ,Ann Arbor  MI ,317,317,53379,0,0,0,2,6,793,9,45,2719,254,254,45678,0,0,0,2,6,793,0,0,0
201099,220,19820,C,Detroit-Warren-Livonia  MI ,2430,2430,535961,19,38,3547,44,161,14821,24,581,41516,2322,2322,522318,19,38,3547,40,148,13788,24,581,41516
201099,220,22420, ,Flint  MI ,78,78,13006,0,0,0,0,0,0,0,0,0,68,68,10922,0,0,0,0,0,0,0,0,0
201099,220,33780, ,Monroe  MI ,113,113,19486,0,0,0,1,4,410,0,0,0,96,96,15667,0,0,0,1,4,410,0,0,0
201099,222,20020, ,Dothan  AL ,271,271,49567,14,28,2135,4,12,1093,2,10,606,204,204,39550,14,28,2135,3,9,685,1,5,153
201099,232,20740, ,Eau Claire  WI ,292,292,48384,10,20,1900,5,18,1350,1,27,2000,282,282,46591,10,20,1900,5,18,1350,1,27,2000
201099,244,22020, ,Fargo  ND-MN ,760,760,120291,1,2,120,3,11,1070,12,545,31330,752,752,119230,1,2,120,3,11,1070,12,545,31330
201099,252,22540, ,Fond du Lac  WI ,113,113,21743,4,8,1100,1,4,343,7,104,5020,107,107,20576,4,8,1100,1,4,343,7,104,5020
201099,258,23060,C,Fort Wayne  IN ,809,809,141808,31,62,5062,0,0,0,2,14,400,801,801,140675,31,62,5062,0,0,0,2,14,400
201099,260,23420, ,Fresno  CA ,1917,1917,357709,13,26,1831,10,32,6871,25,273,32149,1709,1709,325081,13,26,1831,5,17,5493,25,273,32149
201099,260,31460, ,Madera-Chowchilla  CA ,112,112,19987,1,2,216,0,0,0,8,78,4176,112,112,19987,1,2,216,0,0,0,8,78,4176
201099,266,24340,C,Grand Rapids-Wyoming  MI ,838,838,140495,1,2,175,1,3,270,0,0,0,747,747,130675,1,2,175,0,0,0,0,0,0
201099,266,26100, ,Holland-Grand Haven  MI ,395,395,72186,4,8,805,0,0,0,6,31,2708,334,334,64418,4,8,805,0,0,0,0,0,0
201099,266,34740, ,Muskegon-Norton Shores  MI ,84,84,15399,3,6,585,0,0,0,2,16,1011,65,65,12284,3,6,585,0,0,0,1,6,330
201099,268,15500, ,Burlington  NC ,443,443,60009,0,0,0,1,4,463,14,400,19519,443,443,60009,0,0,0,1,4,463,14,400,19519
201099,268,24660,C,Greensboro-High Point  NC ,1234,1234,203027,31,62,4463,11,34,2804,45,573,30340,1234,1234,203027,31,62,4463,11,34,2804,45,573,30340
201099,268,49180, ,Winston-Salem  NC ,911,911,132316,2,4,600,0,0,0,23,286,9113,911,911,132316,2,4,600,0,0,0,23,286,9113
201099,273,11340, ,Anderson  SC ,284,284,50541,0,0,0,0,0,0,6,136,8328,221,221,41684,0,0,0,0,0,0,6,136,8328
201099,273,24860,C,Greenville-Maudlin-Easley  SC ,1472,1472,327741,6,12,650,0,0,0,4,58,6027,1457,1457,326254,6,12,650,0,0,0,4,58,6027
201099,273,43900, ,Spartanburg  SC ,562,562,70033,0,0,0,0,0,0,0,0,0,502,502,61328,0,0,0,0,0,0,0,0,0
201099,274,25060, ,Gulfport-Biloxi  MS ,1313,1313,158327,43,86,6744,16,61,4920,22,284,19620,934,934,105988,17,34,2613,1,4,445,7,134,8861
201099,274,37700, ,Pascagoula  MS ,292,292,47416,7,14,763,1,4,340,2,19,1000,282,282,44752,7,14,763,1,4,340,2,19,1000
201099,276,25420, ,Harrisburg-Carlisle  PA ,1315,1315,236446,5,10,1508,3,10,1067,15,277,17183,1305,1305,234302,5,10,1508,3,10,1067,15,277,17183
201099,276,30140, ,Lebanon  PA ,240,240,38916,0,0,0,0,0,0,0,0,0,240,240,38916,0,0,0,0,0,0,0,0,0
201099,278,25540, ,Hartford-West Hartford-East Hartford  CT ,1067,1067,191393,21,42,3859,2,7,812,11,163,18519,939,939,175163,21,42,3859,1,4,431,11,163,18519
201099,288,26420,C,Houston-Sugar Land-Baytown  TX ,22330,22330,3838599,39,78,7002,49,186,10700,243,4858,318576,22087,22087,3783750,39,78,7002,48,183,10292,231,4777,315930
201099,290,19460, ,Decatur  AL ,145,145,23748,10,20,2627,0,0,0,0,0,0,145,145,23748,10,20,2627,0,0,0,0,0,0
201099,290,26620, ,Huntsville  AL ,2275,2275,296428,0,0,0,0,0,0,0,0,0,2266,2266,295332,0,0,0,0,0,0,0,0,0
201099,292,26820, ,Idaho Falls  ID ,310,310,40847,0,0,0,0,0,0,9,80,3659,310,310,40847,0,0,0,0,0,0,9,80,3659
201099,294,11300, ,Anderson  IN ,76,76,17176,2,4,61,0,0,0,0,0,0,42,42,8950,0,0,0,0,0,0,0,0,0
201099,294,18020, ,Columbus  IN ,131,131,23921,0,0,0,0,0,0,0,0,0,130,130,23771,0,0,0,0,0,0,0,0,0
201099,294,26900,C,Indianapolis-Carmel  IN ,3793,3793,683365,81,162,11696,60,230,16344,89,1736,125978,3715,3715,672475,81,162,11696,54,211,16344,89,1736,125978
201099,296,27060, ,Ithaca  NY ,113,113,19122,4,8,485,0,0,0,5,32,2730,89,89,15482,3,6,390,0,0,0,1,12,500
201099,297,27180, ,Jackson  TN ,249,249,41113,0,0,0,0,0,0,0,0,0,249,249,41113,0,0,0,0,0,0,0,0,0
201099,298,27140, ,Jackson  MS ,1303,1303,245115,8,16,2825,0,0,0,1,72,8438,1287,1287,242700,8,16,2825,0,0,0,1,72,8438
201099,304,27740, ,Johnson City  TN ,398,398,57616,6,12,610,0,0,0,16,331,22609,392,392,56867,5,10,510,0,0,0,16,331,22609
201099,304,28700, ,Kingsport-Bristol-Bristol  TN-VA ,434,434,59046,15,30,2054,0,0,0,0,0,0,431,431,58812,15,30,2054,0,0,0,0,0,0
201099,308,27860, ,Jonesboro  AR ,403,403,52270,1,2,90,7,26,915,5,180,7055,402,402,52165,1,2,90,6,23,915,5,180,7055
201099,312,28140,C,Kansas City  MO-KS ,2155,2155,492224,19,38,3526,24,93,8787,32,428,27807,2085,2085,479111,19,38,3526,24,93,8787,32,428,27807
201099,314,28940, ,Knoxville  TN ,1452,1452,225417,3,6,450,1,3,178,34,812,62608,1399,1399,217460,3,6,450,0,0,0,33,804,62376
201099,314,34100, ,Morristown  TN ,199,199,34122,2,4,195,1,3,0,0,0,0,153,153,29063,2,4,195,0,0,0,0,0,0
201099,316,29020, ,Kokomo  IN ,18,18,2654,0,0,0,0,0,0,0,0,0,18,18,2654,0,0,0,0,0,0,0,0,0
201099,318,29180, ,Lafayette  LA ,778,778,113042,2,4,341,0,0,0,12,67,3274,433,433,67467,0,0,0,0,0,0,0,0,0
201099,320,29140, ,Lafayette  IN ,451,451,79407,2,4,545,19,76,6791,0,0,0,451,451,79407,2,4,545,19,76,6791,0,0,0
201099,324,29340, ,Lake Charles  LA ,865,865,120029,16,32,1996,6,22,1600,3,56,4939,863,863,119924,16,32,1996,6,22,1600,3,56,4939
201099,330,29620, ,Lansing-East Lansing  MI ,451,451,81155,0,0,0,0,0,0,9,226,20511,372,372,67127,0,0,0,0,0,0,7,216,19647
201099,332,29820,C,Las Vegas-Paradise  NV ,4623,4623,521190,2,4,333,45,138,11957,42,709,44451,4623,4623,521190,2,4,333,45,138,11957,42,709,44451
201099,336,30460, ,Lexington-Fayette  KY ,1155,1155,167200,4,8,868,5,18,2011,8,180,9851,1123,1123,161028,4,8,868,5,18,2011,8,180,9851
201099,338,30620, ,Lima  OH ,44,44,8161,2,4,160,17,68,5184,0,0,0,24,24,4593,0,0,0,16,64,4806,0,0,0
201099,340,30780, ,Little Rock-North Little Rock-Conway  AR ,1896,1896,297041,71,142,10991,23,90,4801,93,1431,59157,1779,1779,286201,71,142,10991,23,90,4801,92,1398,58407
201099,340,38220, ,Pine Bluff  AR ,46,46,4774,5,10,565,0,0,0,7,70,3019,23,23,1679,1,2,130,0,0,0,5,58,2285
201099,346,30980, ,Longview  TX ,213,213,30411,16,32,1554,6,24,1833,24,222,12618,199,199,28560,16,32,1554,6,24,1833,12,108,6618
201099,348,31100,C,Los Angeles-Long Beach-Santa Ana  CA ,4008,4008,1361569,173,346,65763,93,325,58567,261,5715,895343,3789,3789,1275324,167,334,61417,89,313,57638,249,5650,888990
201099,348,37100, ,Oxnard-Thousand Oaks-Ventura  CA ,209,209,71407,0,0,0,7,22,3766,36,359,35798,148,148,56485,0,0,0,4,13,2150,22,249,23820
201099,348,40140,C,Riverside-San Bernardino-Ontario  CA ,5287,5287,1108969,11,22,2576,44,152,18235,71,875,100930,5207,5207,1097521,11,22,2576,44,152,18235,71,875,100930
201099,350,21060, ,Elizabethtown  KY ,707,707,97793,12,24,1514,3,11,555,25,500,22782,707,707,97793,12,24,1514,3,11,555,25,500,22782
201099,350,31140,C,Louisville-Jefferson County  KY-IN ,2009,2009,327712,12,24,2085,9,32,2197,30,460,45752,1966,1966,321672,10,20,1953,6,23,1908,30,460,45752
201099,352,31180, ,Lubbock  TX ,896,896,169525,3,6,629,1,4,766,14,545,48603,896,896,169525,3,6,629,1,4,766,14,545,48603
201099,356,31420, ,Macon  GA ,350,350,47849,9,18,908,0,0,0,0,0,0,348,348,47682,9,18,908,0,0,0,0,0,0
201099,356,47580, ,Warner Robins  GA ,646,646,109400,0,0,0,0,0,0,0,0,0,646,646,109400,0,0,0,0,0,0,0,0,0
201099,358,31540,C,Madison  WI ,794,794,190714,16,32,3834,7,25,2868,13,347,35005,654,654,161918,13,26,3208,5,19,2348,2,37,2900
201099,360,31900, ,Mansfield  OH ,45,45,7537,0,0,0,0,0,0,0,0,0,45,45,7537,0,0,0,0,0,0,0,0,0
201099,372,33260,C,Midland  TX ,394,394,54595,0,0,0,0,0,0,0,0,0,394,394,54595,0,0,0,0,0,0,0,0,0
201099,372,36220,C,Odessa  TX ,268,268,44949,0,0,0,0,0,0,23,440,34213,268,268,44949,0,0,0,0,0,0,23,440,34213
201099,376,33340,C,Milwaukee-Waukesha-West Allis  WI ,955,955,261284,32,64,6608,2,7,850,16,903,102472,941,941,257924,30,60,5958,2,7,850,16,903,102472
201099,376,39540, ,Racine  WI ,156,156,33210,3,6,1445,0,0,0,10,78,4950,156,156,33210,3,6,1445,0,0,0,10,78,4950
201099,378,33460,C,Minneapolis-St. Paul-Bloomington  MN-WI ,3805,3805,975775,22,44,5142,30,119,16049,44,1758,185189,3760,3760,966955,22,44,5142,30,119,16049,44,1758,185189
201099,378,41060, ,St. Cloud  MN ,314,314,57612,0,0,0,0,0,0,0,0,0,272,272,49593,0,0,0,0,0,0,0,0,0
201099,380,33660, ,Mobile  AL ,895,895,113374,0,0,0,1,3,225,11,128,12242,873,873,110050,0,0,0,1,3,225,11,128,12242
201099,384,33740, ,Monroe  LA ,333,333,53040,15,30,2030,7,26,2100,7,52,3769,317,317,50360,15,30,2030,7,26,2100,7,52,3769
201099,388,33860, ,Montgomery  AL ,472,472,73122,0,0,0,14,56,5361,26,465,21696,394,394,60508,0,0,0,14,56,5361,18,423,20669
201099,396,34820, ,Myrtle Beach-North Myrtle Beach-Conway  SC ,1388,1388,205112,1,2,175,3,10,1899,8,108,17113,1337,1337,192174,1,2,175,3,10,1899,3,50,4186
201099,400,34980,C,Nashville-Davidson--Murfreesboro-Franklin  TN ,3938,3938,770972,16,32,1921,9,33,2746,62,1089,76477,3788,3788,749144,13,26,1771,8,30,2424,62,1089,76477
201099,406,35380,C,New Orleans-Metairie-Kenner  LA ,1875,1875,311747,85,170,15473,11,43,2177,3,83,10239,1776,1776,295335,84,168,15323,11,43,2177,3,83,10239
201099,408,14860, ,Bridgeport-Stamford-Norwalk  CT ,546,546,285025,14,28,3202,13,45,5554,19,307,31281,537,537,282956,14,28,3202,13,45,5554,19,307,31281
201099,408,28740, ,Kingston  NY ,154,154,32364,4,8,520,1,4,427,9,168,9995,154,154,32364,4,8,520,1,4,427,9,168,9995
201099,408,35300, ,New Haven-Milford  CT ,452,452,79936,6,12,1154,4,14,1087,15,541,104032,420,420,74967,6,12,1154,4,14,1087,4,475,99971
201099,408,35620,C,New York-Northern New Jersey-Long Island  NY-NJ-PA ,7010,7010,1875202,771,1542,165637,215,707,72508,421,9409,940236,5540,5540,1571741,716,1432,155103,205,677,68706,288,8655,876828
201099,408,39100, ,Poughkeepsie-Newburgh-Middletown  NY ,807,807,147635,3,6,565,0,0,0,46,530,30174,717,717,136002,3,6,565,0,0,0,38,490,28132
201099,408,45940,C,Trenton-Ewing  NJ ,180,180,40549,5,10,966,5,17,351,19,448,52696,163,163,32668,5,10,966,5,17,351,19,448,52696
201099,416,36420,C,Oklahoma City  OK ,3032,3032,528866,17,34,2750,19,74,3276,46,495,26904,1663,1663,324578,5,10,774,17,68,2835,34,426,22947
201099,420,36540,C,Omaha-Council Bluffs  NE-IA ,2305,2305,383212,12,24,2465,6,24,1595,29,870,54455,2292,2292,381253,11,22,2342,6,24,1595,29,870,54455
201099,422,19660,C,Deltona-Daytona Beach-Ormond Beach  FL ,639,639,151502,0,0,0,0,0,0,14,76,7446,570,570,138831,0,0,0,0,0,0,0,0,0
201099,422,36740,C,Orlando-Kissimmee-Sanford  FL ,4221,4221,1033215,5,10,1428,15,57,7233,60,966,98737,4215,4215,1031370,5,10,1428,15,57,7233,60,966,98737
201099,422,37380, ,Palm Coast  FL ,172,172,43820,0,0,0,0,0,0,3,106,8062,172,172,43820,0,0,0,0,0,0,3,106,8062
201099,426,37900, ,Peoria  IL ,570,570,129547,14,28,3357,1,4,200,8,191,9558,560,560,127647,14,28,3357,1,4,200,8,191,9558
201099,428,37980,C,Philadelphia-Camden-Wilmington  PA-NJ-DE-MD ,5186,5186,883529,177,354,31385,54,175,14013,107,1338,104440,4710,4710,811012,177,354,31385,52,169,13545,66,1076,88007
201099,428,39740, ,Reading  PA ,350,350,62638,0,0,0,0,0,0,2,65,10782,350,350,62638,0,0,0,0,0,0,2,65,10782
201099,428,47220,C,Vineland-Millville-Bridgeton  NJ ,231,231,26171,1,2,192,1,3,343,2,10,1332,171,171,18557,1,2,192,0,0,0,0,0,0
201099,430,38300,C,Pittsburgh  PA ,3398,3398,651518,32,64,5562,32,116,11494,2,37,4528,3224,3224,622118,31,62,5372,24,90,8768,2,37,4528
201099,438,30340, ,Lewiston-Auburn  ME ,162,162,24830,5,10,695,0,0,0,4,34,2872,130,130,20269,2,4,310,0,0,0,4,34,2872
201099,438,38860, ,Portland-South Portland-Biddeford  ME ,1225,1225,248166,10,20,3134,1,4,450,1,11,833,1058,1058,221132,10,20,3134,1,4,450,1,11,833
201099,442,38940,C,Port St. Lucie  FL ,432,432,110053,0,0,0,2,8,2389,8,52,7966,432,432,110053,0,0,0,2,8,2389,8,52,7966
201099,442,42680,C,Sebastian-Vero Beach  FL ,307,307,103644,0,0,0,0,0,0,0,0,0,307,307,103644,0,0,0,0,0,0,0,0,0
201099,450,20500,C,Durham-Chapel Hill  NC ,1530,1530,305752,4,8,810,1,4,300,18,371,20613,1530,1530,305752,4,8,810,1,4,300,18,371,20613
201099,450,39580,C,Raleigh-Cary  NC ,4653,4653,876846,1,2,290,4,15,1135,30,543,30950,4653,4653,876846,1,2,290,4,15,1135,30,543,30950
201099,456,39900,C,Reno-Sparks  NV ,472,472,104442,0,0,0,0,0,0,3,134,13565,466,466,103436,0,0,0,0,0,0,3,134,13565
201099,464,40380, ,Rochester  NY ,1129,1129,218115,12,24,2010,26,103,9623,28,193,14317,1100,1100,213556,12,24,2010,26,103,9623,27,188,14004
201099,466,40420, ,Rockford  IL ,293,293,35003,3,6,641,0,0,0,0,0,0,277,277,32728,3,6,641,0,0,0,0,0,0
201099,472,40900,C,Sacramento--Arden-Arcade--Roseville  CA ,2166,2166,559506,2,4,653,8,26,3642,25,506,51751,2155,2155,556971,2,4,653,8,26,3642,25,506,51751
201099,472,49700, ,Yuba City  CA ,150,150,25659,0,0,0,0,0,0,0,0,0,146,146,24945,0,0,0,0,0,0,0,0,0
201099,474,13020, ,Bay City  MI ,54,54,8410,0,0,0,0,0,0,0,0,0,35,35,5809,0,0,0,0,0,0,0,0,0
201099,474,40980, ,Saginaw-Saginaw Township North  MI ,113,113,23680,2,4,458,1,4,210,3,16,856,110,110,22880,2,4,458,1,4,210,3,16,856
201099,476,41180,C,St. Louis  MO-IL ,4253,4253,829731,68,136,14814,67,228,19772,77,1043,98514,3876,3876,758667,65,130,13914,56,192,16261,58,875,79557
201099,480,41540, ,Salisbury  MD ,190,190,28720,2,4,1069,0,0,0,0,0,0,190,190,28720,2,4,1069,0,0,0,0,0,0
201099,482,36260, ,Ogden-Clearfield  UT ,1390,1390,294110,1,2,130,11,42,4488,11,75,7982,1384,1384,292337,1,2,130,11,42,4488,11,75,7982
201099,482,41620,C,Salt Lake City  UT ,1882,1882,406661,22,44,6596,30,116,13449,52,947,89575,1744,1744,385920,20,40,6199,28,109,12574,36,818,81262
201099,488,34900, ,Napa  CA ,110,110,61077,0,0,0,0,0,0,0,0,0,108,108,60088,0,0,0,0,0,0,0,0,0
201099,488,41860,C,San Francisco-Oakland-Fremont  CA ,2118,2118,723185,31,62,17975,29,95,24341,90,2346,388810,1980,1980,679666,30,60,17283,29,95,24341,63,2163,368649
201099,488,41940,C,San Jose-Sunnyvale-Santa Clara  CA ,861,861,312925,2,4,532,6,23,2992,82,3291,439112,815,815,299792,2,4,532,6,23,2992,75,3216,422602
201099,488,42100, ,Santa Cruz-Watsonville  CA ,119,119,34251,1,2,362,1,4,723,2,33,2384,85,85,28038,1,2,362,1,4,723,1,17,1150
201099,488,42220, ,Santa Rosa-Petaluma  CA ,287,287,67651,0,0,0,5,16,2060,20,174,17810,282,282,66352,0,0,0,5,16,2060,20,174,17810
201099,488,46700, ,Vallejo-Fairfield  CA ,467,467,103818,0,0,0,0,0,0,0,0,0,435,435,96975,0,0,0,0,0,0,0,0,0
201099,492,42140,C,Santa Fe  NM ,96,96,12802,0,0,0,0,0,0,0,0,0,0,0,0,0,0,0,0,0,0,0,0,0
201099,494,35840,C,North Port-Bradenton-Sarasota  FL ,1704,1704,398211,13,26,3922,11,43,5956,17,182,25016,1704,1704,398211,13,26,3922,11,43,5956,16,177,24612
201099,494,39460,C,Punta Gorda  FL ,293,293,53308,64,128,5568,1,4,567,0,0,0,293,293,53308,64,128,5568,1,4,567,0,0,0
201099,496,25980, ,Hinesville-Fort Stewart  GA ,111,111,22215,0,0,0,0,0,0,0,0,0,111,111,22215,0,0,0,0,0,0,0,0,0
201099,496,42340, ,Savannah  GA ,1020,1020,141510,1,2,140,2,8,259,21,271,13947,893,893,129592,1,2,140,2,8,259,21,271,13947
201099,500,14740, ,Bremerton-Silverdale  WA ,468,468,95091,4,8,573,13,45,3124,4,102,12148,468,468,95091,4,8,573,13,45,3124,4,102,12148
201099,500,34580, ,Mount Vernon-Anacortes  WA ,203,203,39726,2,4,415,0,0,0,0,0,0,187,187,36352,2,4,415,0,0,0,0,0,0
201099,500,36500, ,Olympia  WA ,1053,1053,222334,1,2,284,2,8,1187,9,93,9064,1053,1053,222334,1,2,284,2,8,1187,9,93,9064
201099,500,42660,C,Seattle-Tacoma-Bellevue  WA ,6139,6139,1517200,108,216,33735,57,202,32104,94,3483,317670,6092,6092,1502676,108,216,33735,57,202,32104,87,3402,309261
201099,508,43340, ,Shreveport-Bossier City  LA ,1122,1122,200523,1,2,115,0,0,0,13,176,10716,852,852,168412,1,2,115,0,0,0,0,0,0
201099,512,43580, ,Sioux City  IA-NE-SD ,209,209,42960,9,18,2268,0,0,0,6,48,4600,142,142,24492,9,18,2268,0,0,0,6,48,4600
201099,515,21140, ,Elkhart-Goshen  IN ,174,174,30535,0,0,0,0,0,0,5,60,4516,174,174,30535,0,0,0,0,0,0,5,60,4516
201099,515,43780, ,South Bend-Mishawaka  IN-MI ,238,238,52883,2,4,440,3,9,2070,12,132,11490,229,229,51033,2,4,440,3,9,2070,12,132,11490
201099,532,45060, ,Syracuse  NY ,826,826,135829,3,6,560,3,12,1410,8,295,19354,753,753,123716,3,6,560,3,12,1410,8,295,19354
201099,534,45780, ,Toledo  OH ,507,507,101508,14,28,2493,6,18,1607,15,222,11714,507,507,101508,14,28,2493,6,18,1607,15,222,11714
201099,538,46140,C,Tulsa  OK ,2269,2269,393148,10,20,1907,1,4,100,24,323,22527,2263,2263,392492,9,18,1793,1,4,100,24,323,22527
201099,540,46340, ,Tyler  TX ,201,201,34554,0,0,0,5,15,750,10,50,2310,87,87,14438,0,0,0,0,0,0,0,0,0
201099,548,12580,C,Baltimore-Towson  MD ,3554,3554,644321,5,10,430,0,0,0,54,2030,181917,3554,3554,644321,5,10,430,0,0,0,54,2030,181917
201099,548,47900,C,Washington-Arlington-Alexandria  DC-VA-MD-WV ,9488,9488,1752204,43,86,11116,17,55,4687,80,3436,336277,9286,9286,1709357,43,86,11116,17,55,4687,76,3387,328329
201099,548,49020, ,Winchester  VA-WV ,346,346,64274,0,0,0,0,0,0,0,0,0,346,346,64274,0,0,0,0,0,0,0,0,0
201099,554,48140, ,Wausau  WI ,250,250,44138,6,12,1430,0,0,0,0,0,0,144,144,23741,6,12,1430,0,0,0,0,0,0
201099,556,48620, ,Wichita  KS ,1046,1046,144508,80,160,11561,4,13,1223,5,40,4155,974,974,134585,77,154,11101,4,13,1223,4,34,3753
201099,558,48700, ,Williamsport  PA ,199,199,34636,2,4,280,1,4,180,0,0,0,199,199,34636,2,4,280,1,4,180,0,0,0
201099,564,49620, ,York-Hanover  PA ,858,858,146564,0,0,0,1,4,360,11,197,18407,837,837,142784,0,0,0,1,4,360,11,197,18407
201099,566,49660, ,Youngstown-Warren-Boardman  OH-PA ,292,292,58407,1,2,200,0,0,0,2,31,2640,275,275,55117,1,2,200,0,0,0,2,31,2640
201099,999,10180, ,Abilene  TX ,272,272,39642,1,2,147,0,0,0,7,116,3794,272,272,39642,1,2,147,0,0,0,7,116,3794
201099,999,10500, ,Albany  GA ,172,172,19851,7,14,1051,2,6,306,9,56,6588,21,21,3170,0,0,0,0,0,0,8,51,6400
201099,999,10740,C,Albuquerque  NM ,1553,1553,286406,0,0,0,10,30,3715,16,181,14095,336,336,74305,0,0,0,0,0,0,0,0,0
201099,999,10780, ,Alexandria  LA ,340,340,55285,11,22,2044,0,0,0,7,72,4722,304,304,49058,11,22,2044,0,0,0,7,72,4722
201099,999,10900,C,Allentown-Bethlehem-Easton  PA-NJ ,1177,1177,188455,10,20,1648,8,31,3280,18,160,10454,1088,1088,173419,10,20,1648,8,31,3280,12,129,6885
201099,999,11020, ,Altoona  PA ,112,112,19698,12,24,2914,4,16,1034,1,7,409,103,103,18043,12,24,2914,4,16,1034,1,7,409
201099,999,11100, ,Amarillo  TX ,572,572,136982,6,12,1176,1,4,257,31,339,51369,572,572,136982,6,12,1176,1,4,257,31,339,51369
201099,999,11260,C,Anchorage  AK ,424,424,111082,8,16,2573,5,19,3362,7,74,8822,396,396,103152,5,10,1392,4,15,2780,6,53,6656
201099,999,11500, ,Anniston-Oxford  AL ,99,99,14831,0,0,0,1,3,432,1,5,696,99,99,14831,0,0,0,1,3,432,1,5,696
201099,999,12020, ,Athens-Clarke County  GA ,226,226,45137,0,0,0,0,0,0,0,0,0,166,166,33882,0,0,0,0,0,0,0,0,0
201099,999,12100,C,Atlantic City-Hammonton  NJ ,419,419,60318,8,16,2682,1,3,150,1,74,16256,335,335,51247,5,10,2433,0,0,0,1,74,16256
201099,999,12260, ,Augusta-Richmond County  GA-SC ,2404,2404,426335,0,0,0,4,15,1115,6,55,3778,2175,2175,396241,0,0,0,1,4,458,5,48,3355
201099,999,12540, ,Bakersfield-Delano  CA ,1211,1211,217533,13,26,2219,8,32,2491,39,387,34734,1172,1172,212086,13,26,2219,8,32,2491,39,387,34734
201099,999,12620, ,Bangor  ME ,249,249,36096,8,16,1415,2,7,490,0,0,0,167,167,27359,8,16,1415,2,7,490,0,0,0
201099,999,12700, ,Barnstable Town  MA ,381,381,134726,0,0,0,1,3,350,5,34,4046,302,302,115646,0,0,0,1,3,350,0,0,0
201099,999,12980, ,Battle Creek  MI ,33,33,5066,0,0,0,0,0,0,0,0,0,28,28,4363,0,0,0,0,0,0,0,0,0
201099,999,13140, ,Beaumont-Port Arthur  TX ,1256,1256,132165,5,10,759,2,6,360,3,152,9521,1227,1227,128995,5,10,759,2,6,360,3,152,9521
201099,999,13380, ,Bellingham  WA ,401,401,86636,5,10,989,9,33,3413,2,14,1737,401,401,86636,5,10,989,9,33,3413,2,14,1737
201099,999,13740, ,Billings  MT ,321,321,58229,1,2,285,23,88,10048,4,46,4439,321,321,58229,1,2,285,22,85,10048,4,46,4439
201099,999,13780, ,Binghamton  NY ,102,102,18551,3,6,300,0,0,0,0,0,0,95,95,17493,3,6,300,0,0,0,0,0,0
201099,999,13900, ,Bismarck  ND ,564,564,102190,2,4,831,2,8,1040,3,74,5056,558,558,101550,2,4,831,2,8,1040,3,74,5056
201099,999,13980, ,Blacksburg-Christiansburg-Radford  VA ,203,203,37511,1,2,125,0,0,0,9,63,3867,196,196,36842,1,2,125,0,0,0,9,63,3867
201099,999,14020, ,Bloomington  IN ,196,196,31803,17,34,3325,0,0,0,1,33,2314,196,196,31803,17,34,3325,0,0,0,1,33,2314
201099,999,14060, ,Bloomington-Normal  IL ,319,319,54088,4,8,800,1,3,350,6,97,7046,307,307,51434,1,2,200,1,3,350,6,97,7046
201099,999,14260,C,Boise City-Nampa  ID ,1630,1630,344499,2,4,310,3,11,915,2,48,3366,1630,1630,344499,2,4,310,3,11,915,2,48,3366
201099,999,14540, ,Bowling Green  KY ,362,362,53522,19,38,3045,17,66,31410,15,107,36423,362,362,53522,19,38,3045,17,66,31410,15,107,36423
201099,999,15260, ,Brunswick  GA ,404,404,90407,0,0,0,0,0,0,0,0,0,23,23,2006,0,0,0,0,0,0,0,0,0
201099,999,15540, ,Burlington-South Burlington  VT ,325,325,64779,8,16,2037,10,36,4146,10,208,21035,272,272,55551,8,16,2037,7,26,3218,9,202,20609
201099,999,15940, ,Canton-Massillon  OH ,308,308,60172,8,16,1503,9,36,2380,2,92,10200,304,304,59740,8,16,1503,9,36,2380,2,92,10200
201099,999,15980,C,Cape Coral-Fort Myers  FL ,1175,1175,222312,4,8,1583,2,8,2045,11,85,13639,1175,1175,222312,4,8,1583,2,8,2045,11,85,13639
201099,999,16180,C,Carson City  NV ,11,11,3380,1,2,291,0,0,0,3,58,6292,11,11,3380,1,2,291,0,0,0,3,58,6292
201099,999,16220, ,Casper  WY ,264,264,47661,0,0,0,1,4,330,29,539,38007,264,264,47661,0,0,0,1,4,330,29,539,38007
201099,999,16300, ,Cedar Rapids  IA ,691,691,72112,40,80,6208,19,74,4836,2,10,606,659,659,69512,40,80,6208,19,74,4836,2,10,606
201099,999,16580, ,Champaign-Urbana  IL ,251,251,55547,2,4,542,0,0,0,15,274,20545,251,251,55547,2,4,542,0,0,0,15,274,20545
201099,999,16620, ,Charleston  WV ,288,288,49068,6,12,520,5,18,793,5,40,1426,283,283,48627,6,12,520,5,18,793,5,40,1426
201099,999,16700,C,Charleston-North Charleston-Summerville  SC ,2787,2787,584766,8,16,542,1,3,420,16,254,19835,2304,2304,492135,8,16,542,1,3,420,4,90,11618
201099,999,16820, ,Charlottesville  VA ,607,607,149859,8,16,1946,0,0,0,22,482,35806,607,607,149859,8,16,1946,0,0,0,22,482,35806
201099,999,16940, ,Cheyenne  WY ,238,238,39460,0,0,0,0,0,0,0,0,0,238,238,39460,0,0,0,0,0,0,0,0,0
201099,999,17020, ,Chico  CA ,157,157,29486,0,0,0,15,58,4786,27,297,26910,157,157,29486,0,0,0,15,58,4786,27,297,26910
201099,999,17300, ,Clarksville  TN-KY ,1092,1092,126769,25,50,3409,23,86,4323,36,693,32044,1092,1092,126769,25,50,3409,23,86,4323,36,693,32044
201099,999,17660, ,Coeur dAlene  ID ,473,473,90579,3,6,531,6,22,1699,16,126,9558,473,473,90579,3,6,531,6,22,1699,16,126,9558
201099,999,17780, ,College Station-Bryan  TX ,777,777,99961,2,4,290,0,0,0,15,214,17723,772,772,99330,2,4,290,0,0,0,15,214,17723
201099,999,17820,C,Colorado Springs  CO ,1676,1676,517666,0,0,0,2,7,988,2,77,6441,1676,1676,517666,0,0,0,2,7,988,2,77,6441
201099,999,17860, ,Columbia  MO ,547,547,93122,6,12,790,1,4,300,2,44,3800,547,547,93122,6,12,790,1,4,300,2,44,3800
201099,999,18880, ,Crestview-Fort Walton Beach-Destin  FL ,547,547,122079,0,0,0,0,0,0,0,0,0,547,547,122079,0,0,0,0,0,0,0,0,0
201099,999,19060, ,Cumberland  MD-WV ,95,95,18109,1,2,175,0,0,0,1,64,4352,94,94,17999,1,2,175,0,0,0,1,64,4352
201099,999,19140,C,Dalton  GA ,90,90,11645,0,0,0,0,0,0,2,11,734,80,80,10430,0,0,0,0,0,0,1,6,484
201099,999,19180, ,Danville  IL ,10,10,1184,0,0,0,1,3,200,0,0,0,8,8,1069,0,0,0,1,3,200,0,0,0
201099,999,19260, ,Danville  VA ,135,135,15966,0,0,0,0,0,0,5,25,1476,70,70,7894,0,0,0,0,0,0,0,0,0
201099,999,19340, ,Davenport-Moline-Rock Island  IA-IL ,422,422,74184,5,10,1313,22,87,7048,12,183,14208,329,329,59500,1,2,315,22,87,7048,4,86,9860
201099,999,19500, ,Decatur  IL ,95,95,27818,3,6,425,0,0,0,0,0,0,95,95,27818,3,6,425,0,0,0,0,0,0
201099,999,20100,C,Dover  DE ,674,674,86942,2,4,478,0,0,0,16,135,7736,579,579,75762,2,4,478,0,0,0,9,100,5532
201099,999,20220, ,Dubuque  IA ,324,324,53629,14,28,2071,2,7,650,12,189,12745,324,324,53629,14,28,2071,2,7,650,12,189,12745
201099,999,20260, ,Duluth  MN-WI ,399,399,64081,6,12,1244,2,7,710,11,68,5440,357,357,57537,1,2,150,1,4,410,5,38,1998
201099,999,20940, ,El Centro  CA ,102,102,17870,0,0,0,0,0,0,0,0,0,102,102,17870,0,0,0,0,0,0,0,0,0
201099,999,21300, ,Elmira  NY ,68,68,11404,4,8,464,0,0,0,0,0,0,64,64,10754,4,8,464,0,0,0,0,0,0
201099,999,21340, ,El Paso  TX ,2961,2961,515127,0,0,0,44,176,16503,91,1412,85663,2864,2864,499792,0,0,0,44,176,16503,91,1412,85663
201099,999,21500, ,Erie  PA ,369,369,60446,7,14,1206,2,8,461,8,195,11585,369,369,60446,7,14,1206,2,8,461,8,195,11585
201099,999,21660, ,Eugene-Springfield  OR ,464,464,98995,5,10,1227,5,17,1618,3,59,7062,423,423,91152,5,10,1227,5,17,1618,3,59,7062
201099,999,21780, ,Evansville  IN-KY ,547,547,86056,15,30,3126,4,14,1526,7,53,3030,531,531,83200,15,30,3126,4,14,1526,7,53,3030
201099,999,21820,C,Fairbanks  AK ,42,42,8443,0,0,0,0,0,0,0,0,0,7,7,2006,0,0,0,0,0,0,0,0,0
201099,999,22140,C,Farmington  NM ,201,201,39585,0,0,0,0,0,0,9,72,4350,201,201,39585,0,0,0,0,0,0,9,72,4350
201099,999,22180, ,Fayetteville  NC ,1610,1610,266292,0,0,0,1,3,220,115,1996,134039,1610,1610,266292,0,0,0,1,3,220,115,1996,134039
201099,999,22220, ,Fayetteville-Springdale-Rogers  AR-MO ,1081,1081,239516,17,34,4098,18,66,5018,6,40,3014,1069,1069,237284,16,32,3960,18,66,5018,5,29,2189
201099,999,22380, ,Flagstaff  AZ ,186,186,33549,0,0,0,0,0,0,7,129,7158,184,184,33096,0,0,0,0,0,0,5,56,2660
201099,999,22500, ,Florence  SC ,353,353,46414,17,34,1733,0,0,0,7,89,5355,91,91,13496,0,0,0,0,0,0,4,74,4455
201099,999,22520, ,Florence-Muscle Shoals  AL ,155,155,18501,8,16,600,2,8,414,7,53,2658,72,72,8590,8,16,600,2,8,414,6,48,2486
201099,999,22660,C,Fort Collins-Loveland  CO ,477,477,114955,11,22,3570,5,17,1873,36,637,62522,477,477,114955,11,22,3570,5,17,1873,36,637,62522
201099,999,22900, ,Fort Smith  AR-OK ,521,521,80336,45,90,7085,3,12,790,9,67,6772,465,465,74246,43,86,6745,2,8,450,9,67,6772
201099,999,23460, ,Gadsden  AL ,105,105,12408,0,0,0,0,0,0,0,0,0,79,79,9334,0,0,0,0,0,0,0,0,0
201099,999,23540, ,Gainesville  FL ,367,367,56171,0,0,0,0,0,0,13,123,7537,321,321,51001,0,0,0,0,0,0,0,0,0
201099,999,24140, ,Goldsboro  NC ,223,223,32158,28,56,3570,0,0,0,0,0,0,223,223,32158,28,56,3570,0,0,0,0,0,0
201099,999,24220, ,Grand Forks  ND-MN ,154,154,32271,0,0,0,0,0,0,1,46,2700,150,150,31414,0,0,0,0,0,0,1,46,2700
201099,999,24300,C,Grand Junction  CO ,348,348,76672,6,12,905,0,0,0,4,48,5439,348,348,76672,6,12,905,0,0,0,4,48,5439
201099,999,24500, ,Great Falls  MT ,134,134,26873,0,0,0,1,4,408,1,12,962,134,134,26873,0,0,0,1,4,408,1,12,962
201099,999,24580, ,Green Bay  WI ,611,611,101601,7,14,1647,0,0,0,37,509,33579,542,542,91254,7,14,1647,0,0,0,33,489,32829
201099,999,24780, ,Greenville  NC ,359,359,51164,42,84,6654,0,0,0,9,235,19126,359,359,51164,42,84,6654,0,0,0,9,235,19126
201099,999,25180, ,Hagerstown-Martinsburg  MD-WV ,637,637,110001,1,2,150,0,0,0,1,60,6591,636,636,109774,1,2,150,0,0,0,1,60,6591
201099,999,25260, ,Hanford-Corcoran  CA ,193,193,29145,2,4,428,0,0,0,8,68,10265,147,147,22633,2,4,428,0,0,0,8,68,10265
201099,999,25500,C,Harrisonburg  VA ,392,392,57704,1,2,125,0,0,0,6,68,2432,363,363,53883,0,0,0,0,0,0,5,60,1920
201099,999,25620, ,Hattiesburg  MS ,74,74,10078,0,0,0,0,0,0,0,0,0,74,74,10078,0,0,0,0,0,0,0,0,0
201099,999,25860, ,Hickory-Lenoir-Morganton  NC ,398,398,91907,5,10,889,0,0,0,5,40,3193,373,373,87484,5,10,889,0,0,0,5,40,3193
201099,999,26180,C,Honolulu  HI ,879,879,265348,5,10,3215,0,0,0,50,1002,141217,879,879,265348,5,10,3215,0,0,0,50,1002,141217
201099,999,26300, ,Hot Springs  AR ,38,38,4175,0,0,0,0,0,0,0,0,0,0,0,0,0,0,0,0,0,0,0,0,0
201099,999,26380, ,Houma-Bayou Cane-Thibodaux  LA ,359,359,85320,3,6,507,0,0,0,0,0,0,338,338,81170,0,0,0,0,0,0,0,0,0
201099,999,26580, ,Huntington-Ashland  WV-KY-OH ,144,144,25263,4,8,560,7,26,1247,6,70,3725,130,130,22372,2,4,190,6,22,907,4,52,2600
201099,999,26980, ,Iowa City  IA ,440,440,92684,11,22,2918,1,4,400,8,87,13302,429,429,91167,11,22,2918,1,4,400,7,69,11785
201099,999,27100, ,Jackson  MI ,63,63,10457,0,0,0,0,0,0,0,0,0,44,44,8382,0,0,0,0,0,0,0,0,0
201099,999,27260,C,Jacksonville  FL ,3387,3387,693118,6,12,799,6,24,4654,18,183,19333,3385,3385,692679,6,12,799,6,24,4654,18,183,19333
201099,999,27340, ,Jacksonville  NC ,2134,2134,237158,15,30,1421,2,7,410,16,204,6133,2128,2128,236249,15,30,1421,2,7,410,16,204,6133
201099,999,27500, ,Janesville  WI ,101,101,19982,1,2,170,0,0,0,1,8,450,85,85,17164,1,2,170,0,0,0,1,8,450
201099,999,27620, ,Jefferson City  MO ,181,181,32915,3,6,626,4,14,1095,2,21,1345,176,176,32179,3,6,626,3,11,795,2,21,1345
201099,999,27780, ,Johnstown  PA ,117,117,21744,0,0,0,0,0,0,0,0,0,103,103,18877,0,0,0,0,0,0,0,0,0
201099,999,27900, ,Joplin  MO ,144,144,17353,11,22,1422,0,0,0,4,36,2416,118,118,15775,11,22,1422,0,0,0,3,29,1978
201099,999,28020, ,Kalamazoo-Portage  MI ,351,351,69358,5,10,2168,2,6,840,0,0,0,267,267,57604,5,10,2168,2,6,840,0,0,0
201099,999,28420, ,Kennewick-Pasco-Richland  WA ,1573,1573,375643,1,2,295,0,0,0,23,447,47672,1569,1569,374795,0,0,0,0,0,0,23,447,47672
201099,999,28660, ,Killeen-Temple-Fort Hood  TX ,1958,1958,283141,50,100,6243,1,3,223,11,180,52149,1859,1859,265098,48,96,6023,1,3,223,11,180,52149
201099,999,29100, ,La Crosse  WI-MN ,249,249,38620,5,10,425,0,0,0,2,68,3349,161,161,23131,5,10,425,0,0,0,2,68,3349
201099,999,29420, ,Lake Havasu City-Kingman  AZ ,214,214,43862,24,48,4693,0,0,0,0,0,0,189,189,38492,24,48,4693,0,0,0,0,0,0
201099,999,29460,C,Lakeland-Winter Haven  FL ,1112,1112,202340,2,4,425,1,4,444,4,80,5471,1095,1095,199912,2,4,425,1,4,444,4,80,5471
201099,999,29540, ,Lancaster  PA ,1149,1149,194458,16,32,4735,5,20,2720,18,180,12595,1145,1145,193754,16,32,4735,5,20,2720,18,180,12595
201099,999,29700,C,Laredo  TX ,636,636,92031,2,4,251,3,11,531,2,12,1136,636,636,92031,2,4,251,3,11,531,2,12,1136
201099,999,29740,C,Las Cruces  NM ,799,799,154833,0,0,0,3,9,520,20,166,11330,799,799,154833,0,0,0,3,9,520,20,166,11330
201099,999,29940, ,Lawrence  KS ,190,190,36447,1,2,272,0,0,0,5,96,4861,183,183,34432,1,2,272,0,0,0,5,96,4861
201099,999,30020, ,Lawton  OK ,298,298,51911,7,14,1168,4,14,800,0,0,0,296,296,51561,7,14,1168,4,14,800,0,0,0
201099,999,30300, ,Lewiston  ID-WA ,71,71,11841,2,4,656,0,0,0,0,0,0,53,53,8177,0,0,0,0,0,0,0,0,0
201099,999,30700, ,Lincoln  NE ,648,648,116697,30,60,5385,3,12,1131,20,312,15935,636,636,114318,30,60,5385,3,12,1131,20,312,15935
201099,999,30860, ,Logan  UT-ID ,366,366,61984,0,0,0,4,12,993,21,277,16259,353,353,59923,0,0,0,1,3,242,11,227,12089
201099,999,31020, ,Longview  WA ,116,116,25748,6,12,2257,1,3,216,0,0,0,116,116,25748,6,12,2257,1,3,216,0,0,0
201099,999,31340, ,Lynchburg  VA ,594,594,119549,5,10,648,0,0,0,5,96,3580,594,594,119549,5,10,648,0,0,0,5,96,3580
201099,999,31740, ,Manhattan  KS ,471,471,86617,6,12,1149,2,7,411,23,340,28168,470,470,86517,6,12,1149,2,7,411,23,340,28168
201099,999,31860, ,Mankato-North Mankato  MN ,196,196,35292,5,10,860,1,4,600,3,121,8052,195,195,35180,5,10,860,1,4,600,3,121,8052
201099,999,32580,C,McAllen-Edinburg-Mission  TX ,3096,3096,390949,38,76,4634,23,83,6192,17,297,20077,2915,2915,377774,38,76,4634,21,76,5635,17,297,20077
201099,999,32780, ,Medford  OR ,293,293,54843,1,2,264,3,12,1245,4,66,7889,282,282,53188,1,2,264,3,12,1245,4,66,7889
201099,999,32820,C,Memphis  TN-MS-AR ,1653,1653,390399,0,0,0,32,127,11959,41,649,66679,1464,1464,364658,0,0,0,32,127,11959,41,649,66679
201099,999,32900, ,Merced  CA ,104,104,22773,1,2,157,0,0,0,0,0,0,94,94,20470,1,2,157,0,0,0,0,0,0
201099,999,33100,C,Miami-Fort Lauderdale-Pompano Beach  FL ,3171,3171,756621,29,58,6587,39,128,13610,165,2520,251448,2946,2946,722322,23,46,5329,37,122,12708,155,2470,245201
201099,999,33540,C,Missoula  MT ,190,190,26586,8,16,666,7,24,822,6,138,7435,190,190,26586,8,16,666,7,24,822,6,138,7435
201099,999,33700, ,Modesto  CA ,159,159,29860,0,0,0,0,0,0,14,133,10671,145,145,26310,0,0,0,0,0,0,14,133,10671
201099,999,34060, ,Morgantown  WV ,21,21,4667,1,2,60,0,0,0,3,278,25349,21,21,4667,1,2,60,0,0,0,3,278,25349
201099,999,34620, ,Muncie  IN ,46,46,7437,2,4,450,0,0,0,0,0,0,45,45,7372,2,4,450,0,0,0,0,0,0
201099,999,34940,C,Naples-Marco Island  FL ,766,766,287346,0,0,0,20,78,17557,35,415,66213,674,674,261526,0,0,0,16,62,13841,33,371,58943
201099,999,35660, ,Niles-Benton Harbor  MI ,133,133,36640,0,0,0,0,0,0,0,0,0,132,132,36351,0,0,0,0,0,0,0,0,0
201099,999,35980, ,Norwich-New London  CT ,285,285,58666,3,6,243,0,0,0,4,53,5950,250,250,52675,3,6,243,0,0,0,4,53,5950
201099,999,36100,C,Ocala  FL ,481,481,88836,0,0,0,0,0,0,0,0,0,481,481,88836,0,0,0,0,0,0,0,0,0
201099,999,36140,C,Ocean City  NJ ,284,284,86847,55,110,19383,1,3,880,4,37,3147,263,263,82135,55,110,19383,1,3,880,4,37,3147
201099,999,36980, ,Owensboro  KY ,276,276,25851,2,4,221,6,23,1269,6,35,2171,275,275,25680,2,4,221,6,23,1269,6,35,2171
201099,999,37340,C,Palm Bay-Melbourne-Titusville  FL ,926,926,230114,0,0,0,0,0,0,10,218,18439,926,926,230114,0,0,0,0,0,0,10,218,18439
201099,999,37460, ,Panama City-Lynn Haven-Panama City Beach  FL ,203,203,31502,1,2,91,0,0,0,5,104,8120,203,203,31502,1,2,91,0,0,0,5,104,8120
201099,999,37620, ,Parkersburg-Marietta-Vienna  WV-OH ,110,110,16967,4,8,500,0,0,0,5,41,1441,107,107,16517,4,8,500,0,0,0,5,41,1441
201099,999,37860,C,Pensacola-Ferry Pass-Brent  FL ,1336,1336,236397,4,8,703,0,0,0,36,410,33453,1284,1284,227069,4,8,703,0,0,0,35,405,32996
201099,999,38060,C,Phoenix-Mesa-Glendale  AZ ,7212,7212,1522655,3,6,1333,24,78,11373,43,1004,129256,7183,7183,1515124,3,6,1333,24,78,11373,34,759,85439
201099,999,38340, ,Pittsfield  MA ,125,125,33374,7,14,1567,0,0,0,0,0,0,97,97,28359,7,14,1567,0,0,0,0,0,0
201099,999,38540, ,Pocatello  ID ,146,146,20290,0,0,0,1,3,139,0,0,0,146,146,20290,0,0,0,1,3,139,0,0,0
201099,999,38900,C,Portland-Vancouver-Hillsboro  OR-WA ,3359,3359,814570,36,72,11716,15,54,6513,40,991,118497,3339,3339,810453,36,72,11716,15,54,6513,40,991,118497
201099,999,39140, ,Prescott  AZ ,237,237,51963,1,2,198,1,4,40,2,96,11851,237,237,51963,1,2,198,1,4,40,2,96,11851
201099,999,39340, ,Provo-Orem  UT ,1553,1553,345147,17,34,5290,14,56,7262,13,342,43504,1548,1548,343287,17,34,5290,14,56,7262,13,342,43504
201099,999,39380,C,Pueblo  CO ,209,209,37254,0,0,0,2,8,865,2,17,1496,209,209,37254,0,0,0,2,8,865,2,17,1496
201099,999,39660, ,Rapid City  SD ,438,438,67387,7,14,1320,0,0,0,9,190,13100,421,421,65460,7,14,1320,0,0,0,9,190,13100
201099,999,39820, ,Redding  CA ,167,167,32578,28,56,6294,3,9,1579,1,21,2322,159,159,30931,27,54,6002,3,9,1579,1,21,2322
201099,999,40060,C,Richmond  VA ,2472,2472,418798,13,26,1926,17,67,8583,26,891,48946,2472,2472,418798,13,26,1926,17,67,8583,26,891,48946
201099,999,40220, ,Roanoke  VA ,404,404,80422,2,4,293,4,16,609,1,12,3500,404,404,80422,2,4,293,4,16,609,1,12,3500
201099,999,40340, ,Rochester  MN ,335,335,72951,0,0,0,1,4,750,2,138,20926,333,333,72646,0,0,0,1,4,750,2,138,20926
201099,999,40580, ,Rocky Mount  NC ,210,210,30648,1,2,90,0,0,0,0,0,0,210,210,30648,1,2,90,0,0,0,0,0,0
201099,999,40660, ,Rome  GA ,55,55,6526,0,0,0,0,0,0,0,0,0,55,55,6526,0,0,0,0,0,0,0,0,0
201099,999,41100, ,St. George  UT ,873,873,166273,1,2,264,2,8,765,1,10,1621,860,860,165223,1,2,264,2,8,765,1,10,1621
201099,999,41140, ,St. Joseph  MO-KS ,96,96,14736,10,20,1195,0,0,0,1,15,2200,95,95,14568,10,20,1195,0,0,0,1,15,2200
201099,999,41420, ,Salem  OR ,468,468,106766,7,14,2028,2,6,507,19,211,20792,458,458,104547,6,12,1729,2,6,507,19,211,20792
201099,999,41500, ,Salinas  CA ,112,112,38824,1,2,200,5,19,4818,15,146,23284,112,112,38824,1,2,200,5,19,4818,15,146,23284
201099,999,41660,C,San Angelo  TX ,177,177,24682,0,0,0,0,0,0,0,0,0,177,177,24682,0,0,0,0,0,0,0,0,0
201099,999,41700,C,San Antonio-New Braunfels  TX ,5144,5144,952167,6,12,830,18,64,3936,91,1645,102701,4500,4500,855419,6,12,830,10,40,2002,86,1620,97374
201099,999,41740,C,San Diego-Carlsbad-San Marcos  CA ,2270,2270,653156,24,48,7390,43,143,17018,79,1033,94503,2270,2270,653156,24,48,7390,43,143,17018,79,1033,94503
201099,999,41780, ,Sandusky  OH ,47,47,11186,0,0,0,0,0,0,0,0,0,38,38,9391,0,0,0,0,0,0,0,0,0
201099,999,42020, ,San Luis Obispo-Paso Robles  CA ,308,308,97040,3,6,1205,3,10,2021,16,144,14543,267,267,85562,2,4,459,2,7,1275,14,133,13217
201099,999,42060, ,Santa Barbara-Santa Maria-Goleta  CA ,229,229,115921,5,10,1399,6,20,3295,17,141,18315,211,211,108276,4,8,1098,5,17,2795,16,125,15611
201099,999,42540, ,Scranton--Wilkes-Barre  PA ,665,665,122099,4,8,770,4,14,1242,0,0,0,603,603,111124,4,8,770,4,14,1242,0,0,0
201099,999,43100, ,Sheboygan  WI ,65,65,16552,2,4,560,0,0,0,0,0,0,50,50,13364,2,4,560,0,0,0,0,0,0
201099,999,43620, ,Sioux Falls  SD ,755,755,111249,4,8,914,28,111,9949,21,207,16400,729,729,106545,4,8,914,28,111,9949,20,200,16050
201099,999,44060, ,Spokane  WA ,939,939,172435,11,22,3306,0,0,0,37,648,62452,938,938,172267,11,22,3306,0,0,0,37,648,62452
201099,999,44100, ,Springfield  IL ,286,286,58791,39,78,10399,8,29,4280,1,6,563,203,203,50295,37,74,9899,8,29,4280,0,0,0
201099,999,44140, ,Springfield  MA ,565,565,122268,21,42,3274,1,4,485,3,22,1979,398,398,84922,17,34,2676,1,4,485,1,12,1262
201099,999,44180, ,Springfield  MO ,904,904,144834,17,34,2794,0,0,0,18,400,16809,794,794,125390,14,28,2449,0,0,0,3,24,1065
201099,999,44300, ,State College  PA ,347,347,64094,1,2,190,0,0,0,3,77,14014,343,343,63075,1,2,190,0,0,0,3,77,14014
201099,999,44600, ,Steubenville-Weirton  OH-WV ,25,25,4463,0,0,0,0,0,0,0,0,0,21,21,3929,0,0,0,0,0,0,0,0,0
201099,999,44700,C,Stockton  CA ,801,801,165480,2,4,365,0,0,0,1,8,649,801,801,165480,2,4,365,0,0,0,1,8,649
201099,999,44940,C,Sumter  SC ,289,289,32596,0,0,0,0,0,0,3,64,5082,289,289,32596,0,0,0,0,0,0,3,64,5082
201099,999,45220, ,Tallahassee  FL ,577,577,84346,6,12,1340,4,12,1318,1,24,1529,526,526,75167,6,12,1340,4,12,1318,1,24,1529
201099,999,45300,C,Tampa-St. Petersburg-Clearwater  FL ,4396,4396,1086239,22,44,6299,29,94,48453,103,1967,148279,4394,4394,1084212,22,44,6299,29,94,48453,103,1967,148279
201099,999,45460, ,Terre Haute  IN ,161,161,22996,5,10,410,0,0,0,1,18,700,159,159,22796,5,10,410,0,0,0,1,18,700
201099,999,45500, ,Texarkana  TX-Texarkana  AR ,98,98,14605,10,20,1143,1,3,225,6,116,3070,98,98,14605,10,20,1143,1,3,225,6,116,3070
201099,999,45820, ,Topeka  KS ,353,353,56752,11,22,1775,2,6,540,0,0,0,335,335,53842,11,22,1775,2,6,540,0,0,0
201099,999,46060,C,Tucson  AZ ,1726,1726,403713,3,6,883,0,0,0,13,206,19553,1711,1711,399415,3,6,883,0,0,0,13,206,19553
201099,999,46220, ,Tuscaloosa  AL ,352,352,65441,12,24,3195,0,0,0,14,247,20508,346,346,65201,12,24,3195,0,0,0,14,247,20508
201099,999,46540, ,Utica-Rome  NY ,282,282,47427,1,2,282,2,8,750,3,22,1285,195,195,35300,1,2,282,2,8,750,3,22,1285
201099,999,46660, ,Valdosta  GA ,499,499,49190,0,0,0,0,0,0,29,353,21240,499,499,49190,0,0,0,0,0,0,29,353,21240
201099,999,47020, ,Victoria  TX ,103,103,14698,0,0,0,0,0,0,0,0,0,43,43,7144,0,0,0,0,0,0,0,0,0
201099,999,47260,C,Virginia Beach-Norfolk-Newport News  VA-NC ,3149,3149,629520,14,28,2894,9,28,2997,34,761,56676,3144,3144,628766,14,28,2894,9,28,2997,33,743,56095
201099,999,47300, ,Visalia-Porterville  CA ,1085,1085,167242,13,26,2123,14,56,7014,8,200,23301,1085,1085,167242,13,26,2123,14,56,7014,8,200,23301
201099,999,47380, ,Waco  TX ,442,442,76326,14,28,1802,3,12,1140,11,120,3694,434,434,73784,14,28,1802,3,12,1140,11,120,3694
201099,999,47940, ,Waterloo-Cedar Falls  IA ,369,369,67874,4,8,1153,2,8,796,1,6,709,361,361,66563,4,8,1153,2,8,796,1,6,709
201099,999,48300, ,Wenatchee-East Wenatchee  WA ,313,313,60418,2,4,576,1,3,303,0,0,0,300,300,58164,1,2,185,1,3,303,0,0,0
201099,999,48540, ,Wheeling  WV-OH ,33,33,4760,1,2,311,1,3,467,0,0,0,28,28,4306,1,2,311,1,3,467,0,0,0
201099,999,48660, ,Wichita Falls  TX ,157,157,29321,9,18,1704,0,0,0,1,12,1841,157,157,29321,9,18,1704,0,0,0,1,12,1841
201099,999,48900,C,Wilmington  NC ,1495,1495,308091,5,10,1713,2,6,1223,25,319,17524,1265,1265,252590,4,8,1432,1,3,450,18,250,10983
201099,999,49420, ,Yakima  WA ,343,343,70410,2,4,290,1,3,328,15,274,19370,308,308,64908,0,0,0,1,3,328,15,274,19370
201099,999,49740, ,Yuma  AZ ,455,455,59100,0,0,0,0,0,0,0,0,0,455,455,59100,0,0,0,0,0,0,0,0,0
