Survey,CSA,CBSA,MONCOV,CBSA,,1-unit,,,2-units,,,3-4 units,,,5+ units,,,1-unit rep,,,2-units rep,,,3-4 units rep,,,5+ units rep
Date,Code,Code,,Name,Bldgs,Units,Value,Bldgs,Units,Value,Bldgs,Units,Value,Bldgs,Units,Value,Bldgs,Units,Value,Bldgs,Units,Value,      Bldgs,Units,Value,Bldgs,Units,Value
 
201799,104,10580,C,Albany-Schenectady-Troy  NY ,1212,1212,321587,30,60,8199,38,149,18158,62,925,96431,1048,1048,274728,29,58,7649,38,149,18158,40,750,75702
201799,104,24020, ,Glens Falls  NY ,260,260,68865,2,4,520,0,0,0,0,0,0,260,260,68865,2,4,520,0,0,0,0,0,0
201799,106,10740,C,Albuquerque  NM ,1996,1996,426932,3,6,723,1,3,252,24,251,20831,1000,1000,237075,1,2,178,0,0,0,0,0,0
201799,106,42140,C,Santa Fe  NM ,221,221,50801,0,0,0,0,0,0,0,0,0,167,167,37325,0,0,0,0,0,0,0,0,0
201799,108,11100, ,Amarillo  TX ,555,555,143598,6,12,1510,1,4,400,3,204,18184,555,555,143598,6,12,1510,1,4,400,3,204,18184
201799,118,11540, ,Appleton  WI ,616,616,155328,34,68,9037,0,0,0,17,246,17689,611,611,154065,34,68,9037,0,0,0,17,246,17689
201799,118,36780, ,Oshkosh-Neenah  WI ,327,327,82954,6,12,2074,0,0,0,21,210,16118,316,316,80434,6,12,2074,0,0,0,21,210,16118
201799,120,11700, ,Asheville  NC ,2103,2103,574856,5,10,597,0,0,0,41,658,46431,1784,1784,511031,5,10,597,0,0,0,29,596,29263
201799,122,12020, ,Athens-Clarke County  GA ,581,581,131214,3,6,832,2,8,1390,12,176,17104,514,514,124903,3,6,832,2,8,1390,12,176,17104
201799,122,12060, ,Atlanta-Sandy Springs-Roswell  GA ,24973,24973,5627013,15,30,5782,34,127,28567,183,8702,1068829,24439,24439,5525162,15,30,5782,34,127,28567,179,8578,1053388
201799,122,23580, ,Gainesville  GA ,1184,1184,230405,1,2,140,5,17,1819,6,160,19700,981,981,184150,1,2,140,0,0,0,6,160,19700
201799,140,13460, ,Bend-Redmond  OR ,1777,1777,468356,29,58,8214,0,0,0,8,220,32779,1739,1739,459902,29,58,8214,0,0,0,8,220,32779
201799,142,13820,C,Birmingham-Hoover  AL ,2677,2677,653095,1,2,108,1,4,875,1,6,650,2435,2435,603907,1,2,108,1,4,875,1,6,650
201799,144,14020,C,Bloomington  IN ,313,313,79151,20,40,4783,0,0,0,6,251,29135,313,313,79151,20,40,4783,0,0,0,6,251,29135
201799,145,14010, ,Bloomington  IL ,214,214,39152,4,8,1141,0,0,0,6,164,12639,212,212,39052,4,8,1141,0,0,0,6,164,12639
201799,146,14100,C,Bloomsburg-Berwick  PA ,105,105,25751,0,0,0,2,6,774,3,58,5757,72,72,17460,0,0,0,0,0,0,1,48,4300
201799,147,14260,C,Boise City  ID ,6275,6275,1448784,13,26,3744,75,297,23644,100,1311,145610,6222,6222,1441590,13,26,3744,75,297,23644,100,1311,145610
201799,148,12700, ,Barnstable Town  MA ,489,489,204552,5,10,1528,0,0,0,6,372,36218,351,351,154208,5,10,1528,0,0,0,6,372,36218
201799,148,14460,C,Boston-Cambridge-Newton  MA-NH ,4949,4949,1519727,245,490,80719,87,292,57212,291,9026,1599116,4484,4484,1403461,204,408,67113,83,280,55070,200,8306,1502308
201799,148,31700, ,Manchester-Nashua  NH ,717,717,143678,18,36,5441,4,16,4630,15,264,30270,575,575,115708,13,26,3989,4,16,4630,9,191,20905
201799,148,39300,C,Providence-Warwick  RI-MA ,1722,1722,382622,52,104,13104,8,24,3230,8,160,13360,1575,1575,355504,51,102,12590,7,21,3070,8,160,13360
201799,148,49340, ,Worcester  MA-CT ,1297,1297,289364,23,46,5286,0,0,0,15,425,29914,949,949,206365,12,24,2387,0,0,0,10,238,6756
201799,150,14540, ,Bowling Green  KY ,737,737,157756,19,38,4208,14,56,5005,33,439,33257,734,734,157306,17,34,3908,13,52,4705,33,439,33257
201799,154,15180, ,Brownsville-Harlingen  TX ,1139,1139,132146,30,60,5524,6,24,1082,3,22,1739,976,976,108625,29,58,5390,6,24,1082,3,22,1739
201799,160,15380,C,Buffalo-Cheektowaga-Niagara Falls  NY ,979,979,279764,3,6,629,6,23,4070,40,649,98204,928,928,270655,3,6,629,6,23,4070,30,412,45155
201799,162,15980,C,Cape Coral-Fort Myers  FL ,4841,4841,1102946,143,286,37305,32,127,25596,72,1700,182557,4841,4841,1102946,143,286,37305,32,127,25596,72,1700,182557
201799,162,34940, ,Naples-Immokalee-Marco Island  FL ,2930,2930,874879,2,4,460,31,120,34065,47,1140,228770,2930,2930,874879,2,4,460,31,120,34065,47,1140,228770
201799,164,16020, ,Cape Girardeau  MO-IL ,260,260,49948,6,12,1320,0,0,0,10,326,27352,171,171,29438,6,12,1320,0,0,0,10,326,27352
201799,168,16300, ,Cedar Rapids  IA ,537,537,75107,73,146,13175,12,38,4193,6,271,32891,532,532,74477,71,142,12832,10,30,3163,6,271,32891
201799,168,26980, ,Iowa City  IA ,638,638,139308,4,8,1437,15,57,9238,16,624,72206,591,591,131580,4,8,1437,15,57,9238,16,624,72206
201799,170,16620, ,Charleston  WV ,70,70,13403,5,10,1179,4,16,1083,5,39,2465,43,43,7961,0,0,0,0,0,0,0,0,0
201799,170,26580, ,Huntington-Ashland  WV-KY-OH ,234,234,44138,5,10,1087,3,12,1385,1,8,722,178,178,34451,4,8,887,3,12,1385,1,8,722
201799,172,16740, ,Charlotte-Concord-Gastonia  NC-SC ,15247,15247,3834396,36,72,9841,12,42,5775,188,7508,606531,13952,13952,3408732,36,72,9841,12,42,5775,169,7189,573230
201799,174,16860, ,Chattanooga  TN-GA ,1928,1928,357669,11,22,2437,5,20,1370,9,661,79475,1877,1877,344625,11,22,2437,5,20,1370,9,661,79475
201799,174,17420, ,Cleveland  TN ,519,519,93613,10,20,1721,15,50,4518,5,50,2495,84,84,16212,7,14,1156,14,47,4284,5,50,2495
201799,174,19140, ,Dalton  GA ,227,227,30980,0,0,0,0,0,0,8,116,15600,227,227,30980,0,0,0,0,0,0,8,116,15600
201799,176,16980, ,Chicago-Naperville-Elgin  IL-IN-WI ,8416,8416,2378355,119,238,45022,237,786,156506,355,12692,1606273,7983,7983,2231119,112,224,44439,237,786,156506,313,12244,1574721
201799,176,28100, ,Kankakee  IL ,88,88,20919,0,0,0,2,8,220,5,102,11400,86,86,20449,0,0,0,2,8,220,5,102,11400
201799,176,33140, ,Michigan City-La Porte  IN ,147,147,36290,2,4,400,0,0,0,1,6,710,145,145,36105,2,4,400,0,0,0,1,6,710
201799,178,17140, ,Cincinnati  OH-KY-IN ,4440,4440,1060382,10,20,1954,33,125,14390,98,1880,164112,4393,4393,1048289,10,20,1954,33,125,14390,98,1880,164112
201799,184,10420, ,Akron  OH ,901,901,225302,0,0,0,2,8,1000,1,11,800,751,751,193517,0,0,0,2,8,1000,1,11,800
201799,184,15940, ,Canton-Massillon  OH ,445,445,102616,5,10,980,6,18,923,10,52,3994,376,376,90212,4,8,860,0,0,0,0,0,0
201799,184,17460, ,Cleveland-Elyria  OH ,2749,2749,701418,31,62,3550,38,137,18083,19,279,37334,2488,2488,668977,13,26,3360,38,137,18083,19,279,37334
201799,190,17860,C,Columbia  MO ,769,769,174216,7,14,1278,0,0,0,27,851,114146,769,769,174216,7,14,1278,0,0,0,27,851,114146
201799,192,17900,C,Columbia  SC ,4072,4072,766506,4,8,1068,0,0,0,21,549,37749,2407,2407,556441,4,8,1068,0,0,0,3,200,18050
201799,194,12220,C,Auburn-Opelika  AL ,971,971,269390,13,26,2739,1,4,735,3,360,94127,892,892,246548,11,22,2450,1,4,735,3,360,94127
201799,194,17980, ,Columbus  GA-AL ,669,669,131554,1,2,162,8,26,1600,25,220,34056,343,343,69476,0,0,0,0,0,0,9,84,10228
201799,198,18140, ,Columbus  OH ,4295,4295,1157639,21,42,5896,32,116,14948,203,4439,580057,4182,4182,1134479,20,40,5692,32,116,14948,203,4439,580057
201799,204,18580, ,Corpus Christi  TX ,1178,1178,222625,2,4,309,1,4,178,0,0,0,1148,1148,216974,1,2,89,1,4,178,0,0,0
201799,206,19100, ,Dallas-Fort Worth-Arlington  TX ,34604,34604,9757890,148,296,52199,65,231,38215,555,27393,3261797,34316,34316,9684445,146,292,51919,64,228,37900,553,27377,3260692
201799,206,43300, ,Sherman-Denison  TX ,666,666,101585,3,6,785,0,0,0,10,171,12279,571,571,87575,3,6,785,0,0,0,10,171,12279
201799,209,19340, ,Davenport-Moline-Rock Island  IA-IL ,443,443,99805,2,4,480,5,18,2024,8,285,25364,423,423,98442,2,4,480,2,8,1192,6,264,23162
201799,212,19380, ,Dayton  OH ,1083,1083,322182,1,2,156,0,0,0,11,166,46747,1076,1076,321325,1,2,156,0,0,0,11,166,46747
201799,212,44220, ,Springfield  OH ,69,69,17647,4,8,245,6,20,747,4,24,759,69,69,17647,4,8,245,6,20,747,4,24,759
201799,216,14500, ,Boulder  CO ,808,808,288673,3,6,809,5,16,2985,51,837,124801,793,793,285871,2,4,480,4,13,2637,50,832,124061
201799,216,19740, ,Denver-Aurora-Lakewood  CO ,10978,10978,3040437,119,238,44295,39,128,20878,182,11391,1374105,10934,10934,3025702,119,238,44295,39,128,20878,182,11391,1374105
201799,216,24540, ,Greeley  CO ,2777,2777,689379,4,8,1768,48,189,24842,50,672,78438,2589,2589,633315,4,8,1768,45,180,21693,44,639,72847
201799,218,11180, ,Ames  IA ,257,257,73099,7,14,3200,0,0,0,26,631,61461,254,254,72672,7,14,3200,0,0,0,26,631,61461
201799,218,19780, ,Des Moines-West Des Moines  IA ,3697,3697,943626,18,36,5641,3,11,1703,63,2623,313280,3677,3677,938854,18,36,5641,3,11,1703,63,2623,313280
201799,220,11460, ,Ann Arbor  MI ,583,583,153070,6,12,2026,11,40,7483,3,22,2360,428,428,118050,6,12,2026,11,40,7483,3,22,2360
201799,220,19820, ,Detroit-Warren-Dearborn  MI ,6838,6838,1870683,24,48,6055,77,284,34310,167,2919,339254,6503,6503,1793805,24,48,6055,69,254,31925,167,2919,339254
201799,220,22420, ,Flint  MI ,404,404,89753,5,10,1480,0,0,0,1,20,1583,384,384,85629,5,10,1480,0,0,0,1,20,1583
201799,220,33780, ,Monroe  MI ,298,298,58221,4,8,1018,0,0,0,4,144,10600,282,282,54836,4,8,1018,0,0,0,4,144,10600
201799,222,20020, ,Dothan  AL ,388,388,86135,1,2,533,0,0,0,0,0,0,372,372,84087,1,2,533,0,0,0,0,0,0
201799,232,20740, ,Eau Claire  WI ,422,422,117271,44,88,11148,1,4,534,6,54,3293,406,406,113047,44,88,11148,1,4,534,6,54,3293
201799,236,21300, ,Elmira  NY ,27,27,6889,6,12,1799,0,0,0,2,62,8091,25,25,6212,6,12,1799,0,0,0,2,62,8091
201799,238,21340,C,El Paso  TX ,2373,2373,499388,24,48,4541,48,187,20651,34,669,76944,2243,2243,475366,23,46,4455,48,187,20651,34,669,76944
201799,238,29740,C,Las Cruces  NM ,803,803,164656,0,0,0,2,7,668,29,316,23083,803,803,164656,0,0,0,2,7,668,29,316,23083
201799,240,21500, ,Erie  PA ,215,215,46389,0,0,0,0,0,0,3,50,3200,204,204,43510,0,0,0,0,0,0,3,50,3200
201799,244,22020, ,Fargo  ND-MN ,1065,1065,235756,0,0,0,0,0,0,15,826,71460,1057,1057,233416,0,0,0,0,0,0,15,826,71460
201799,246,22180,C,Fayetteville  NC ,874,874,161877,0,0,0,0,0,0,9,61,4410,874,874,161877,0,0,0,0,0,0,8,56,3920
201799,258,23060, ,Fort Wayne  IN ,1222,1222,286284,36,72,6900,0,0,0,17,428,42179,1222,1222,286284,36,72,6900,0,0,0,17,428,42179
201799,260,23420,C,Fresno  CA ,1796,1796,496255,47,94,19136,6,18,746,107,1025,111175,1761,1761,490361,47,94,19136,6,18,746,107,1025,111175
201799,260,31460, ,Madera  CA ,415,415,96078,0,0,0,0,0,0,0,0,0,415,415,96078,0,0,0,0,0,0,0,0,0
201799,264,23540, ,Gainesville  FL ,684,684,131848,0,0,0,0,0,0,26,1585,76777,495,495,92034,0,0,0,0,0,0,26,1585,76777
201799,266,24340, ,Grand Rapids-Wyoming  MI ,2953,2953,727619,9,18,3819,12,44,5256,83,1824,193903,2618,2618,657079,8,16,3466,12,44,5256,72,1688,179764
201799,266,34740, ,Muskegon  MI ,257,257,54912,0,0,0,0,0,0,0,0,0,240,240,53073,0,0,0,0,0,0,0,0,0
201799,267,24580, ,Green Bay  WI ,828,828,217706,15,30,4561,1,3,402,26,315,22510,782,782,204170,14,28,4161,1,3,402,25,310,22120
201799,268,15500, ,Burlington  NC ,1030,1030,157694,1,2,205,1,3,319,5,188,8138,994,994,151497,1,2,205,1,3,319,5,188,8138
201799,268,24660,C,Greensboro-High Point  NC ,2012,2012,457791,11,22,3834,3,12,500,28,1009,141095,2011,2011,457577,11,22,3834,3,12,500,28,1009,141095
201799,268,49180, ,Winston-Salem  NC ,2784,2784,528542,10,20,3071,3,12,1890,32,949,145522,2762,2762,522930,10,20,3071,3,12,1890,32,949,145522
201799,273,24860, ,Greenville-Anderson-Mauldin  SC ,4458,4458,1717969,6,12,1841,8,29,2636,39,800,72968,4441,4441,1715583,6,12,1841,8,29,2636,39,800,72968
201799,273,43900, ,Spartanburg  SC ,2316,2316,397675,0,0,0,0,0,0,0,0,0,2268,2268,387224,0,0,0,0,0,0,0,0,0
201799,274,24780, ,Greenville  NC ,603,603,129924,43,86,11646,0,0,0,8,448,57122,603,603,129924,43,86,11646,0,0,0,8,448,57122
201799,276,23900,C,Gettysburg  PA ,249,249,50929,0,0,0,0,0,0,0,0,0,249,249,50929,0,0,0,0,0,0,0,0,0
201799,276,25420,C,Harrisburg-Carlisle  PA ,1270,1270,272277,10,20,3178,9,36,5931,19,238,20789,1165,1165,245267,10,20,3178,9,36,5931,19,238,20789
201799,276,30140, ,Lebanon  PA ,283,283,52805,4,8,1034,1,4,300,10,71,6940,243,243,43801,4,8,1034,1,4,300,10,71,6940
201799,276,49620, ,York-Hanover  PA ,678,678,149906,11,22,2234,14,55,5070,15,83,10204,575,575,123932,11,22,2234,14,55,5070,15,83,10204
201799,277,25500,C,Harrisonburg  VA ,446,446,89273,0,0,0,0,0,0,1,6,1114,446,446,89273,0,0,0,0,0,0,1,6,1114
201799,277,44420, ,Staunton-Waynesboro  VA ,281,281,49632,3,6,430,5,20,1580,0,0,0,281,281,49632,3,6,430,5,20,1580,0,0,0
201799,278,25540,C,Hartford-West Hartford-East Hartford  CT ,761,761,177224,12,24,3342,4,15,1579,57,707,76489,678,678,158129,12,24,3342,4,15,1579,31,558,64037
201799,278,35980, ,Norwich-New London  CT ,226,226,58426,8,16,2038,0,0,0,5,53,4969,181,181,50803,2,4,286,0,0,0,5,53,4969
201799,280,25860, ,Hickory-Lenoir-Morganton  NC ,725,725,158815,5,10,830,0,0,0,14,145,10314,716,716,157459,4,8,470,0,0,0,8,109,8308
201799,284,26300, ,Hot Springs  AR ,38,38,8752,0,0,0,0,0,0,0,0,0,38,38,8752,0,0,0,0,0,0,0,0,0
201799,288,26420, ,Houston-The Woodlands-Sugar Land  TX ,36348,36348,7101278,99,198,24869,33,127,15013,140,5722,739284,33573,33573,6805692,99,198,24869,32,124,14563,123,5619,735093
201799,290,19460, ,Decatur  AL ,160,160,28314,0,0,0,0,0,0,0,0,0,155,155,27580,0,0,0,0,0,0,0,0,0
201799,290,26620,C,Huntsville  AL ,2577,2577,394252,1,2,217,0,0,0,6,380,29063,2574,2574,393873,1,2,217,0,0,0,6,380,29063
201799,292,26820, ,Idaho Falls  ID ,903,903,142455,0,0,0,0,0,0,12,282,23468,903,903,142455,0,0,0,0,0,0,12,282,23468
201799,294,18020, ,Columbus  IN ,204,204,49578,0,0,0,0,0,0,0,0,0,204,204,49578,0,0,0,0,0,0,0,0,0
201799,294,26900, ,Indianapolis-Carmel-Anderson  IN ,6755,6755,1933414,77,154,30561,12,43,7579,97,2127,218549,6618,6618,1906855,71,142,29737,12,43,7579,97,2127,218549
201799,294,34620, ,Muncie  IN ,68,68,14830,2,4,375,0,0,0,0,0,0,68,68,14830,2,4,375,0,0,0,0,0,0
201799,296,27060, ,Ithaca  NY ,115,115,27764,13,26,2470,0,0,0,11,327,40127,88,88,22082,3,6,490,0,0,0,2,42,2460
201799,297,27180, ,Jackson  TN ,268,268,51771,1,2,80,15,50,5850,4,120,7975,268,268,51771,1,2,80,15,50,5850,4,120,7975
201799,298,27140, ,Jackson  MS ,1671,1671,375447,8,16,4342,4,16,2861,1,40,9800,1512,1512,345064,8,16,4342,4,16,2861,1,40,9800
201799,300,27260,C,Jacksonville  FL ,9833,9833,2404474,32,64,6645,13,51,9725,79,3011,319534,9661,9661,2351967,32,64,6645,13,51,9725,78,3006,318320
201799,304,27740, ,Johnson City  TN ,638,638,106220,2,4,60,0,0,0,4,54,2165,529,529,91247,2,4,60,0,0,0,4,54,2165
201799,304,28700, ,Kingsport-Bristol-Bristol  TN-VA ,469,469,87844,14,28,3028,1,4,300,5,287,26048,379,379,78675,14,28,3028,1,4,300,5,287,26048
201799,306,27780, ,Johnstown  PA ,81,81,17521,1,2,180,0,0,0,0,0,0,73,73,15464,1,2,180,0,0,0,0,0,0
201799,308,27860, ,Jonesboro  AR ,512,512,76692,38,76,4925,52,184,9359,7,94,6183,295,295,45919,28,56,3502,38,137,7074,3,19,931
201799,309,27900, ,Joplin  MO ,445,445,58361,28,56,7045,14,55,1993,22,209,18835,428,428,56588,27,54,6970,14,55,1993,21,204,18535
201799,310,12980, ,Battle Creek  MI ,78,78,20642,0,0,0,0,0,0,1,6,550,61,61,16387,0,0,0,0,0,0,1,6,550
201799,310,28020, ,Kalamazoo-Portage  MI ,579,579,150266,17,34,7366,4,12,987,22,411,41779,459,459,115724,17,34,7366,4,12,987,20,349,35006
201799,312,28140, ,Kansas City  MO-KS ,5951,5951,1545799,95,190,22889,130,506,65346,133,3204,336895,5918,5918,1538902,95,190,22889,130,506,65346,133,3204,336895
201799,312,29940, ,Lawrence  KS ,288,288,82881,5,10,881,0,0,0,1,8,1100,288,288,82881,5,10,881,0,0,0,1,8,1100
201799,312,41140, ,St. Joseph  MO-KS ,101,101,19673,1,2,150,0,0,0,1,6,250,71,71,13445,1,2,150,0,0,0,1,6,250
201799,314,28940, ,Knoxville  TN ,3372,3372,711817,3,6,590,0,0,0,57,1196,128389,3025,3025,666454,3,6,590,0,0,0,45,1033,117669
201799,314,34100, ,Morristown  TN ,252,252,55429,2,4,289,3,12,600,0,0,0,148,148,22942,2,4,289,3,12,600,0,0,0
201799,316,29020, ,Kokomo  IN ,90,90,15395,1,2,150,0,0,0,0,0,0,90,90,15395,1,2,150,0,0,0,0,0,0
201799,318,29180, ,Lafayette  LA ,1746,1746,361169,3,6,238,5,19,855,0,0,0,1598,1598,343513,3,6,238,3,11,855,0,0,0
201799,320,29200, ,Lafayette-West Lafayette  IN ,567,567,128561,13,26,4680,0,0,0,4,383,50851,494,494,119470,0,0,0,0,0,0,3,378,50457
201799,324,29340, ,Lake Charles  LA ,1052,1052,198075,36,72,6712,5,17,750,28,757,86222,662,662,122252,36,72,6712,5,17,750,28,757,86222
201799,330,29620, ,Lansing-East Lansing  MI ,533,533,137911,5,10,1235,5,20,3385,17,344,36619,417,417,104961,5,10,1235,5,20,3385,9,262,26519
201799,332,29420, ,Lake Havasu City-Kingman  AZ ,889,889,187613,9,18,1526,2,6,227,0,0,0,889,889,187613,9,18,1526,2,6,227,0,0,0
201799,332,29820,C,Las Vegas-Henderson-Paradise  NV ,9812,9812,1431740,21,42,7299,51,171,29253,161,4048,376695,9812,9812,1431740,21,42,7299,51,171,29253,161,4048,376695
201799,336,30460,C,Lexington-Fayette  KY ,1602,1602,295663,32,64,6785,7,26,3320,27,634,46251,818,818,167141,28,56,5965,5,20,2480,0,0,0
201799,338,30620, ,Lima  OH ,66,66,15113,5,10,1164,4,16,1220,22,132,6270,38,38,10596,5,10,1164,4,16,1220,22,132,6270
201799,339,30700, ,Lincoln  NE ,1271,1271,269726,17,34,5939,0,0,0,33,1203,126345,171,171,35545,3,6,1165,0,0,0,0,0,0
201799,340,30780, ,Little Rock-North Little Rock-Conway  AR ,2087,2087,372410,21,42,3357,6,19,1151,33,1067,68460,1746,1746,320452,16,32,2592,6,19,1151,28,1042,67522
201799,340,38220, ,Pine Bluff  AR ,36,36,5574,1,2,140,0,0,0,3,36,1500,36,36,5574,1,2,140,0,0,0,3,36,1500
201799,346,30980, ,Longview  TX ,167,167,26579,6,12,1704,2,8,1300,0,0,0,143,143,23570,6,12,1704,2,8,1300,0,0,0
201799,348,31080,C,Los Angeles-Long Beach-Anaheim  CA ,10587,10587,3926765,637,1274,257621,149,495,103796,524,18728,3559292,10114,10114,3698989,613,1226,242655,145,483,103202,504,18533,3529528
201799,348,37100, ,Oxnard-Thousand Oaks-Ventura  CA ,1070,1070,252730,0,0,0,32,120,18209,87,1375,190619,961,961,225447,0,0,0,19,72,10633,67,923,137108
201799,348,40140, ,Riverside-San Bernardino-Ontario  CA ,10955,10955,2748477,85,170,28939,79,277,38452,156,3274,354713,10262,10262,2565518,85,170,28939,79,277,38452,140,3147,344876
201799,350,21060, ,Elizabethtown-Fort Knox  KY ,415,415,69350,36,72,7244,5,20,1200,0,0,0,415,415,69350,36,72,7244,5,20,1200,0,0,0
201799,350,31140, ,Louisville-Jefferson County  KY-IN ,3446,3446,850512,11,22,2858,14,52,7285,96,2265,162113,3326,3326,827756,11,22,2858,14,52,7285,96,2265,162113
201799,352,31180, ,Lubbock  TX ,1613,1613,353492,3,6,734,1,3,402,104,766,84212,1513,1513,331088,0,0,0,0,0,0,99,700,76649
201799,356,31420, ,Macon  GA ,320,320,60688,0,0,0,0,0,0,0,0,0,285,285,53576,0,0,0,0,0,0,0,0,0
201799,356,47580, ,Warner Robins  GA ,1016,1016,194975,0,0,0,0,0,0,9,180,8814,993,993,192811,0,0,0,0,0,0,9,180,8814
201799,357,27500, ,Janesville-Beloit  WI ,242,242,51234,14,28,3145,0,0,0,6,108,5080,221,221,47777,14,28,3145,0,0,0,6,108,5080
201799,357,31540, ,Madison  WI ,1656,1656,512848,45,90,13386,14,48,6546,75,2838,368441,1524,1524,472225,32,64,10021,4,16,2318,58,2389,321704
201799,358,31740, ,Manhattan  KS ,304,304,77891,1,2,250,1,4,369,4,71,7573,298,298,76932,1,2,250,1,4,369,4,71,7573
201799,359,31860, ,Mankato-North Mankato  MN ,342,342,69843,2,4,324,2,8,680,3,162,12115,338,338,68827,2,4,324,2,8,680,3,162,12115
201799,360,31900, ,Mansfield  OH ,70,70,17885,0,0,0,2,7,400,0,0,0,14,14,2477,0,0,0,1,4,400,0,0,0
201799,365,32580,C,McAllen-Edinburg-Mission  TX ,2698,2698,473520,84,168,9573,172,678,62758,34,753,63848,2539,2539,453733,83,166,9423,170,672,62758,34,753,63848
201799,366,24420, ,Grants Pass  OR ,228,228,53638,11,22,3143,0,0,0,0,0,0,228,228,53638,11,22,3143,0,0,0,0,0,0
201799,366,32780, ,Medford  OR ,724,724,177882,9,18,2321,4,16,2395,5,47,3976,724,724,177882,9,18,2321,4,16,2395,5,47,3976
201799,368,32820, ,Memphis  TN-MS-AR ,3193,3193,657812,23,46,4758,11,44,3722,18,577,58432,3023,3023,637147,23,46,4758,11,44,3722,18,577,58432
201799,370,33100, ,Miami-Fort Lauderdale-West Palm Beach  FL ,6655,6655,2349555,88,176,32815,27,95,21373,258,12797,2162802,6188,6188,2157373,87,174,32115,21,76,18116,214,12243,2039723
201799,370,38940, ,Port St. Lucie  FL ,2087,2087,472740,45,90,11034,18,62,12099,7,48,4585,2087,2087,472740,45,90,11034,18,62,12099,7,48,4585
201799,370,42680, ,Sebastian-Vero Beach  FL ,1112,1112,425014,0,0,0,3,9,950,0,0,0,935,935,384560,0,0,0,3,9,950,0,0,0
201799,372,33260, ,Midland  TX ,766,766,160758,0,0,0,0,0,0,0,0,0,766,766,160758,0,0,0,0,0,0,0,0,0
201799,372,36220,C,Odessa  TX ,492,492,92739,0,0,0,0,0,0,0,0,0,421,421,79164,0,0,0,0,0,0,0,0,0
201799,376,33340,C,Milwaukee-Waukesha-West Allis  WI ,1559,1559,546677,55,110,18445,0,0,0,40,1975,185620,1463,1463,506176,55,110,18445,0,0,0,39,1894,174969
201799,376,39540, ,Racine  WI ,244,244,61523,17,34,5982,0,0,0,0,0,0,119,119,31387,12,24,4631,0,0,0,0,0,0
201799,378,33460, ,Minneapolis-St. Paul-Bloomington  MN-WI ,8782,8782,2589394,64,128,21621,28,108,19851,68,6082,938349,8529,8529,2504184,64,128,21621,27,104,19343,65,6019,931640
201799,378,41060, ,St. Cloud  MN ,514,514,127498,2,4,648,0,0,0,6,301,23509,479,479,116613,1,2,298,0,0,0,6,301,23509
201799,380,19300, ,Daphne-Fairhope-Foley  AL ,2207,2207,449822,46,92,4240,32,98,4035,3,20,2092,2160,2160,443998,46,92,4240,32,98,4035,3,20,2092
201799,380,33660, ,Mobile  AL ,660,660,139828,3,6,676,0,0,0,8,332,26002,627,627,134949,3,6,676,0,0,0,8,332,26002
201799,382,32900, ,Merced  CA ,546,546,131742,2,4,629,0,0,0,0,0,0,466,466,111435,2,4,629,0,0,0,0,0,0
201799,382,33700, ,Modesto  CA ,644,644,146165,4,8,600,0,0,0,1,67,23400,597,597,140678,4,8,600,0,0,0,1,67,23400
201799,384,33740, ,Monroe  LA ,660,660,140034,1,2,160,13,45,6843,9,45,5210,504,504,108789,1,2,160,1,3,240,0,0,0
201799,390,34060, ,Morgantown  WV ,25,25,3262,0,0,0,0,0,0,1,52,4200,21,21,2658,0,0,0,0,0,0,1,52,4200
201799,396,34820, ,Myrtle Beach-Conway-North Myrtle Beach  SC-NC ,7468,7468,1465627,71,142,12635,0,0,0,55,977,90491,6879,6879,1329879,69,138,11498,0,0,0,49,947,87953
201799,400,34980, ,Nashville-Davidson--Murfreesboro--Franklin  TN ,13650,13650,3481510,41,82,9741,27,100,11266,238,6799,580346,13407,13407,3433793,41,82,9741,27,100,11266,238,6799,580346
201799,404,35100, ,New Bern  NC ,295,295,48875,0,0,0,0,0,0,0,0,0,19,19,4910,0,0,0,0,0,0,0,0,0
201799,406,25220, ,Hammond  LA ,796,796,120667,10,20,1288,0,0,0,8,167,13497,796,796,120667,10,20,1288,0,0,0,8,167,13497
201799,406,35380, ,New Orleans-Metairie  LA ,2720,2720,615767,71,142,15335,2,6,672,6,98,24122,2415,2415,540273,51,102,10850,1,3,182,0,0,0
201799,408,10900, ,Allentown-Bethlehem-Easton  PA-NJ ,938,938,205631,11,22,3805,0,0,0,12,158,8689,746,746,167189,11,22,3805,0,0,0,7,114,6773
201799,408,14860,C,Bridgeport-Stamford-Norwalk  CT ,765,765,484802,22,44,7852,11,35,7361,26,875,167480,755,755,469606,22,44,7852,11,35,7361,25,867,166832
201799,408,20700, ,East Stroudsburg  PA ,248,248,61286,0,0,0,0,0,0,0,0,0,235,235,57903,0,0,0,0,0,0,0,0,0
201799,408,28740, ,Kingston  NY ,201,201,61563,4,8,328,2,8,700,16,119,19236,180,180,56251,4,8,328,2,8,700,6,56,3870
201799,408,35300, ,New Haven-Milford  CT ,469,469,99973,8,16,1754,0,0,0,19,265,22483,380,380,85404,6,12,1330,0,0,0,1,14,5396
201799,408,35620, ,New York-Newark-Jersey City  NY-NJ-PA ,11289,11289,3261893,877,1754,240951,342,1139,124184,1129,36396,4600992,9953,9953,2936977,812,1624,224034,317,1056,113839,885,33760,4407896
201799,408,45940,C,Trenton  NJ ,152,152,53146,1,2,87,49,174,6534,16,277,25209,148,148,52254,0,0,0,48,170,6181,15,262,24169
201799,412,35840,C,North Port-Sarasota-Bradenton  FL ,5989,5989,1515153,15,30,5555,52,207,37790,77,1953,298427,5748,5748,1454049,15,30,5555,49,195,35457,74,1912,280651
201799,412,39460, ,Punta Gorda  FL ,1251,1251,309654,19,38,4828,2,8,1272,0,0,0,1251,1251,309654,19,38,4828,2,8,1272,0,0,0
201799,416,36420,C,Oklahoma City  OK ,5132,5132,1161872,107,214,30065,6,19,2350,10,54,5230,4818,4818,1099432,107,214,30065,6,19,2350,10,54,5230
201799,420,36540, ,Omaha-Council Bluffs  NE-IA ,3158,3158,645957,9,18,1920,2,7,1161,55,1772,148003,3152,3152,644380,9,18,1920,2,7,1161,55,1772,148003
201799,422,19660, ,Deltona-Daytona Beach-Ormond Beach  FL ,2908,2908,886693,60,120,25604,0,0,0,1,26,8809,2486,2486,747360,60,120,25604,0,0,0,1,26,8809
201799,422,36740, ,Orlando-Kissimmee-Sanford  FL ,14431,14431,4482802,110,220,33764,43,136,24034,146,4278,502863,13466,13466,4172948,110,220,33764,43,136,24034,133,4053,485078
201799,422,45540, ,The Villages  FL ,1814,1814,504233,0,0,0,0,0,0,0,0,0,1814,1814,504233,0,0,0,0,0,0,0,0,0
201799,425,37620, ,Parkersburg-Vienna  WV ,103,103,15969,15,30,1770,0,0,0,0,0,0,93,93,14488,14,28,1620,0,0,0,0,0,0
201799,426,37860,C,Pensacola-Ferry Pass-Brent  FL ,2584,2584,485537,10,20,832,0,0,0,1,5,910,2584,2584,485537,10,20,832,0,0,0,1,5,910
201799,427,37900, ,Peoria  IL ,247,247,59743,3,6,610,1,4,1200,0,0,0,233,233,57287,3,6,610,1,4,1200,0,0,0
201799,428,12100,C,Atlantic City-Hammonton  NJ ,304,304,71438,1,2,290,0,0,334,34,784,82338,275,275,68703,0,0,0,0,0,334,19,578,59157
201799,428,20100,C,Dover  DE ,1153,1153,178215,7,14,2035,5,20,2296,28,367,34916,1145,1145,176632,7,14,2035,5,20,2296,28,367,34916
201799,428,36140,C,Ocean City  NJ ,542,542,192538,93,186,33798,1,3,388,8,78,9766,528,528,188430,93,186,33798,1,3,388,7,73,9753
201799,428,37980,C,Philadelphia-Camden-Wilmington  PA-NJ-DE-MD ,7233,7233,1371460,171,342,49766,125,429,54008,331,5540,554964,6017,6017,1134412,155,310,43863,98,339,44408,261,4786,480526
201799,428,39740, ,Reading  PA ,399,399,69302,6,12,791,0,0,0,0,0,0,300,300,47703,6,12,791,0,0,0,0,0,0
201799,428,47220,C,Vineland-Bridgeton  NJ ,88,88,7490,0,0,0,0,0,0,0,0,0,38,38,2852,0,0,0,0,0,0,0,0,0
201799,430,38300, ,Pittsburgh  PA ,2988,2988,798640,32,64,8799,39,152,24805,30,1124,123158,2420,2420,656351,18,36,4606,37,144,24280,19,722,90196
201799,430,48260, ,Weirton-Steubenville  WV-OH ,27,27,7217,1,2,120,0,0,0,0,0,0,25,25,6814,1,2,120,0,0,0,0,0,0
201799,438,30340, ,Lewiston-Auburn  ME ,169,169,30079,3,6,450,0,0,0,4,77,7800,144,144,26793,3,6,450,0,0,0,4,77,7800
201799,438,38860, ,Portland-South Portland  ME ,1973,1973,454452,31,62,8833,6,20,1000,35,462,33531,1635,1635,399978,29,58,8469,6,20,1000,34,425,29702
201799,440,10540, ,Albany  OR ,481,481,118383,0,0,0,0,0,0,6,58,5603,337,337,81461,0,0,0,0,0,0,4,48,4766
201799,440,18700, ,Corvallis  OR ,116,116,32987,2,4,800,5,16,2609,0,0,0,116,116,32987,2,4,800,5,16,2609,0,0,0
201799,440,31020, ,Longview  WA ,464,464,61869,10,20,2747,0,0,0,0,0,0,464,464,61869,10,20,2747,0,0,0,0,0,0
201799,440,38900, ,Portland-Vancouver-Hillsboro  OR-WA ,6211,6211,1862798,94,188,36619,22,80,11453,260,9504,1211553,6058,6058,1809690,94,188,36619,22,80,11453,253,9383,1195176
201799,440,41420, ,Salem  OR ,790,790,221695,29,58,10132,3,12,1485,62,695,70862,790,790,221695,29,58,10132,3,12,1485,62,695,70862
201799,444,39380,C,Pueblo  CO ,352,352,60035,3,6,823,0,0,0,2,10,1413,277,277,47118,1,2,319,0,0,0,0,0,0
201799,450,20500,C,Durham-Chapel Hill  NC ,3268,3268,757136,9,18,1819,0,0,0,53,1638,136907,1804,1804,481988,4,8,970,0,0,0,19,757,61037
201799,450,39580,C,Raleigh  NC ,10752,10752,2304305,3,6,863,7,26,2928,101,3396,324897,10550,10550,2268434,3,6,863,7,26,2928,101,3396,324897
201799,452,39660, ,Rapid City  SD ,560,560,112672,13,26,3769,4,16,1240,11,177,17144,554,554,111944,13,26,3769,4,16,1240,11,177,17144
201799,454,39820, ,Redding  CA ,382,382,91780,0,0,0,0,0,0,0,0,0,382,382,91780,0,0,0,0,0,0,0,0,0
201799,456,16180,C,Carson City  NV ,118,118,33193,0,0,0,5,20,2546,0,0,0,118,118,33193,0,0,0,5,20,2546,0,0,0
201799,456,39900,C,Reno  NV ,2091,2091,526197,25,50,1367,2,7,1143,156,2416,245430,2087,2087,525661,25,50,1367,2,7,1143,156,2416,245430
201799,462,40340, ,Rochester  MN ,818,818,212006,3,6,968,0,0,0,24,625,86243,806,806,209753,3,6,968,0,0,0,24,625,86243
201799,464,40380, ,Rochester  NY ,1185,1185,266104,6,12,1952,12,38,5260,36,543,54220,1111,1111,252333,6,12,1952,10,32,4942,28,503,52042
201799,466,40420, ,Rockford  IL ,228,228,31292,2,4,439,1,3,301,0,0,0,228,228,31292,2,4,439,1,3,301,0,0,0
201799,468,40580, ,Rocky Mount  NC ,215,215,31255,0,0,0,0,0,0,0,0,0,50,50,4815,0,0,0,0,0,0,0,0,0
201799,470,40660, ,Rome  GA ,157,157,27237,0,0,0,0,0,0,0,0,0,157,157,27237,0,0,0,0,0,0,0,0,0
201799,472,40900,C,Sacramento--Roseville--Arden-Arcade  CA ,6815,6815,2012218,46,92,12819,0,0,0,122,2596,384384,6799,6799,2008445,46,92,12819,0,0,0,122,2596,384384
201799,472,49700, ,Yuba City  CA ,299,299,75149,0,0,0,1,4,675,0,0,0,240,240,58930,0,0,0,0,0,0,0,0,0
201799,474,13020, ,Bay City  MI ,62,62,16331,0,0,0,2,8,1068,0,0,0,50,50,14202,0,0,0,2,8,1068,0,0,0
201799,474,33220, ,Midland  MI ,118,118,21268,12,24,1199,0,0,0,0,0,0,102,102,18719,12,24,1199,0,0,0,0,0,0
201799,474,40980, ,Saginaw  MI ,182,182,37579,23,46,5345,4,15,850,1,92,6400,156,156,31513,2,4,345,4,15,850,0,0,0
201799,476,41180, ,St. Louis  MO-IL ,5608,5608,1473640,21,42,6206,20,73,8792,83,1572,159111,4781,4781,1210763,21,42,6206,18,67,8073,71,1354,133300
201799,482,36260, ,Ogden-Clearfield  UT ,2514,2514,635746,12,24,3524,83,310,45247,47,686,59720,2317,2317,584457,12,24,3524,69,262,38140,43,666,56522
201799,482,39340, ,Provo-Orem  UT ,5090,5090,1387886,24,48,6519,110,428,31757,100,1679,191269,5073,5073,1381368,24,48,6519,110,428,31757,100,1679,191269
201799,482,41620, ,Salt Lake City  UT ,4918,4918,1163773,24,48,8412,51,176,25835,87,2225,288797,4230,4230,986141,18,36,5936,30,105,14242,71,2123,273456
201799,488,34900, ,Napa  CA ,83,83,36789,11,22,7395,12,36,12102,2,42,9464,83,83,36789,11,22,7395,12,36,12102,2,42,9464
201799,488,41860,C,San Francisco-Oakland-Hayward  CA ,4777,4777,1872862,41,82,22850,64,220,52915,288,11873,2845088,4550,4550,1778046,38,76,21350,56,193,49497,231,11215,2738417
201799,488,41940,C,San Jose-Sunnyvale-Santa Clara  CA ,2592,2592,859873,7,14,2293,21,68,16914,162,5865,996183,2561,2561,838582,7,14,2293,21,68,16914,162,5865,996183
201799,488,42100, ,Santa Cruz-Watsonville  CA ,218,218,43819,2,4,719,7,22,3169,19,163,17463,42,42,10464,2,4,719,1,3,987,1,15,3737
201799,488,42220, ,Santa Rosa  CA ,840,840,220644,4,8,2354,1,3,387,14,327,47420,821,821,216225,4,8,2354,1,3,387,14,327,47420
201799,488,44700, ,Stockton-Lodi  CA ,2107,2107,633183,1,2,172,5,18,2193,48,652,74813,2107,2107,633183,1,2,172,5,18,2193,48,652,74813
201799,488,46700, ,Vallejo-Fairfield  CA ,840,840,231418,0,0,0,0,0,0,7,67,15807,739,739,196855,0,0,0,0,0,0,0,0,0
201799,496,25980, ,Hinesville  GA ,443,443,94634,1,2,109,2,8,324,7,52,2167,433,433,92771,1,2,109,2,8,324,7,52,2167
201799,496,42340, ,Savannah  GA ,1898,1898,420962,4,8,816,0,0,0,19,212,19673,1891,1891,420349,4,8,816,0,0,0,19,212,19673
201799,500,14740,C,Bremerton-Silverdale  WA ,952,952,278064,2,4,679,1,3,552,6,135,11964,952,952,278064,2,4,679,1,3,552,6,135,11964
201799,500,34580, ,Mount Vernon-Anacortes  WA ,534,534,121372,9,18,2552,5,19,1938,10,92,7436,375,375,95250,9,18,2552,5,19,1938,10,92,7436
201799,500,36500, ,Olympia-Tumwater  WA ,950,950,256354,0,0,0,5,15,2399,8,102,11137,950,950,256354,0,0,0,5,15,2399,8,102,11137
201799,500,42660,C,Seattle-Tacoma-Bellevue  WA ,9997,9997,3429128,235,470,93125,178,628,122460,409,16239,2371295,9851,9851,3355641,234,468,92822,178,628,122460,403,16019,2348357
201799,512,43580, ,Sioux City  IA-NE-SD ,383,383,89435,0,0,0,2,6,0,5,84,5871,256,256,55314,0,0,0,0,0,0,5,84,5871
201799,515,21140, ,Elkhart-Goshen  IN ,366,366,81260,1,2,130,1,4,280,16,188,16300,353,353,79635,1,2,130,1,4,280,16,188,16300
201799,515,35660, ,Niles-Benton Harbor  MI ,224,224,74932,0,0,0,0,0,0,2,13,1010,204,204,69607,0,0,0,0,0,0,2,13,1010
201799,515,43780, ,South Bend-Mishawaka  IN-MI ,479,479,126068,0,0,0,0,0,0,46,480,24064,453,453,119032,0,0,0,0,0,0,46,480,24064
201799,518,17660, ,Coeur dAlene  ID ,1415,1415,329843,7,14,2073,1,3,257,32,346,35255,1153,1153,276810,3,6,1025,0,0,0,28,324,33684
201799,518,44060, ,Spokane-Spokane Valley  WA ,1785,1785,449414,61,122,20983,19,69,7151,90,1665,189124,1783,1783,449054,59,118,20723,19,69,7151,90,1665,189124
201799,520,44180, ,Springfield  MO ,1352,1352,288750,50,100,8454,3,11,1125,17,441,48597,1345,1345,287787,38,76,7160,3,11,1125,17,441,48597
201799,521,44140, ,Springfield  MA ,441,441,106079,3,6,1013,0,0,0,3,74,11292,382,382,92841,3,6,1013,0,0,0,2,61,9131
201799,522,44100, ,Springfield  IL ,210,210,54157,24,48,8832,0,0,0,6,64,4257,196,196,51235,24,48,8832,0,0,0,6,64,4257
201799,524,44300, ,State College  PA ,319,319,77674,13,26,4710,0,0,0,2,122,19505,139,139,33282,13,26,4710,0,0,0,2,122,19505
201799,532,45060, ,Syracuse  NY ,557,557,125976,0,0,0,0,0,0,13,602,65790,479,479,109036,0,0,0,0,0,0,7,448,49334
201799,533,45220, ,Tallahassee  FL ,1897,1897,192646,5,10,1108,0,0,0,47,1146,151399,1896,1896,192481,5,10,1108,0,0,0,47,1146,151399
201799,534,45780, ,Toledo  OH ,704,704,184960,2,4,720,27,104,10201,26,159,7493,683,683,182392,2,4,720,27,104,10201,25,154,7093
201799,536,46060,C,Tucson  AZ ,2888,2888,799332,23,46,5493,0,0,0,132,1561,221062,2865,2865,792885,23,46,5493,0,0,0,132,1561,221062
201799,538,46140,C,Tulsa  OK ,3160,3160,680915,22,44,3477,1,4,283,17,436,49057,3150,3150,680043,22,44,3477,1,4,283,17,436,49057
201799,540,46340, ,Tyler  TX ,472,472,136669,13,26,4135,10,38,7378,4,142,12628,383,383,114756,11,22,3455,10,38,7378,4,142,12628
201799,544,47020, ,Victoria  TX ,61,61,9519,0,0,0,0,0,0,0,0,0,57,57,9319,0,0,0,0,0,0,0,0,0
201799,545,47260, ,Virginia Beach-Norfolk-Newport News  VA-NC ,4404,4404,961523,19,38,3969,48,169,23733,74,1571,118317,4044,4044,914168,18,36,3709,47,166,23485,72,1535,116913
201799,546,25260, ,Hanford-Corcoran  CA ,272,272,61658,0,0,0,0,0,0,0,0,0,272,272,61658,0,0,0,0,0,0,0,0,0
201799,546,47300, ,Visalia-Porterville  CA ,1162,1162,252286,14,28,2271,0,0,0,19,124,20196,1162,1162,252286,14,28,2271,0,0,0,19,124,20196
201799,548,12580,C,Baltimore-Columbia-Towson  MD ,5000,5000,1036300,8,16,2259,0,0,0,38,1824,217714,5000,5000,1036300,8,16,2259,0,0,0,38,1824,217714
201799,548,15680,C,California-Lexington Park  MD ,1164,1164,211106,0,0,0,0,0,0,0,0,0,1164,1164,211106,0,0,0,0,0,0,0,0,0
201799,548,16540,C,Chambersburg-Waynesboro  PA ,342,342,57183,4,8,820,1,4,320,10,58,5069,290,290,50324,4,8,820,1,4,320,1,8,194
201799,548,25180, ,Hagerstown-Martinsburg  MD-WV ,1171,1171,230270,1,2,300,0,0,0,6,84,10700,1171,1171,230270,1,2,300,0,0,0,6,84,10700
201799,548,47900, ,Washington-Arlington-Alexandria  DC-VA-MD-WV ,14225,14225,3286376,57,114,10119,4,16,1528,160,12910,1271006,13881,13881,3213777,57,114,10119,4,16,1528,155,12802,1259985
201799,548,49020, ,Winchester  VA-WV ,637,637,139523,2,4,400,14,55,7441,7,192,19055,637,637,139523,2,4,400,14,55,7441,7,192,19055
201799,554,48140, ,Wausau  WI ,291,291,70638,8,16,2175,3,12,1100,19,292,26817,276,276,66167,8,16,2175,3,12,1100,19,292,26817
201799,556,48620, ,Wichita  KS ,1634,1634,303528,154,308,26966,25,86,8945,52,703,37878,1168,1168,194468,86,172,15579,25,86,8945,34,476,21993
201799,558,48700, ,Williamsport  PA ,133,133,24068,2,4,310,0,0,0,0,0,0,106,106,17469,2,4,310,0,0,0,0,0,0
201799,566,49660, ,Youngstown-Warren-Boardman  OH-PA ,310,310,66883,7,14,1428,0,0,0,0,0,0,271,271,57357,7,14,1428,0,0,0,0,0,0
201799,999,10180, ,Abilene  TX ,282,282,60266,18,36,2680,1,4,375,0,0,0,281,281,60038,18,36,2680,1,4,375,0,0,0
201799,999,10500, ,Albany  GA ,411,411,38156,0,0,0,0,0,0,1,5,504,404,404,37227,0,0,0,0,0,0,0,0,0
201799,999,10780, ,Alexandria  LA ,292,292,62556,5,10,747,0,0,0,0,0,0,259,259,52740,5,10,747,0,0,0,0,0,0
201799,999,11020, ,Altoona  PA ,88,88,18970,13,26,2369,0,0,0,0,0,0,85,85,18232,13,26,2369,0,0,0,0,0,0
201799,999,11260,C,Anchorage  AK ,851,851,264475,17,34,4957,16,55,9128,20,208,30901,50,50,13775,17,34,4957,2,8,963,1,36,3709
201799,999,11500, ,Anniston-Oxford-Jacksonville  AL ,69,69,9943,0,0,0,0,0,0,0,0,0,67,67,9749,0,0,0,0,0,0,0,0,0
201799,999,12260, ,Augusta-Richmond County  GA-SC ,2690,2690,502743,1,2,180,15,53,4669,23,593,51389,2166,2166,413552,0,0,0,15,53,4669,11,347,37259
201799,999,12420, ,Austin-Round Rock  TX ,16119,16119,3705112,25,50,6363,28,103,12189,265,10428,731330,15448,15448,3530855,25,50,6363,28,103,12189,264,10423,730663
201799,999,12540, ,Bakersfield  CA ,2378,2378,535156,79,158,19913,14,50,5504,9,54,5247,1138,1138,211877,33,66,9029,13,47,5147,9,54,5247
201799,999,12620, ,Bangor  ME ,250,250,47515,4,8,1649,4,16,2272,5,30,4837,189,189,38004,4,8,1649,4,16,2272,5,30,4837
201799,999,12940,C,Baton Rouge  LA ,3586,3586,738307,13,26,2312,5,16,1199,2,11,2074,2679,2679,559129,12,24,2162,1,4,271,2,11,2074
201799,999,13140, ,Beaumont-Port Arthur  TX ,1140,1140,163835,17,34,3257,18,72,7480,1,56,4752,1138,1138,163355,17,34,3257,18,72,7480,1,56,4752
201799,999,13220,C,Beckley  WV ,83,83,14266,0,0,0,0,0,0,0,0,0,67,67,12476,0,0,0,0,0,0,0,0,0
201799,999,13380, ,Bellingham  WA ,793,793,205233,19,38,6837,5,18,3297,19,407,37857,772,772,199887,19,38,6837,4,14,2636,16,392,36393
201799,999,13740, ,Billings  MT ,992,992,111461,14,28,4528,9,36,3151,2,169,23028,439,439,89715,12,24,3913,9,36,3151,0,0,0
201799,999,13780, ,Binghamton  NY ,128,128,17965,3,6,546,7,27,1808,15,243,25822,116,116,14882,3,6,546,3,11,474,2,123,20294
201799,999,13900, ,Bismarck  ND ,514,514,117642,16,32,5620,3,10,1654,2,76,6802,509,509,116795,16,32,5620,3,10,1654,1,60,4420
201799,999,13980, ,Blacksburg-Christiansburg-Radford  VA ,416,416,84476,0,0,0,1,3,225,22,318,24160,416,416,84476,0,0,0,1,3,225,22,318,24160
201799,999,15260, ,Brunswick  GA ,604,604,169421,0,0,0,1,4,86,2,10,214,32,32,4465,0,0,0,1,4,86,2,10,214
201799,999,15540, ,Burlington-South Burlington  VT ,384,384,94636,24,48,7279,10,37,3693,15,401,45927,358,358,88123,24,48,7279,10,37,3693,12,355,40464
201799,999,16060, ,Carbondale-Marion  IL ,83,83,13152,10,20,1802,7,27,1843,0,0,0,63,63,10256,10,20,1802,6,23,1563,0,0,0
201799,999,16220, ,Casper  WY ,151,151,34591,9,18,1449,1,4,399,4,100,12213,151,151,34591,9,18,1449,1,4,399,4,100,12213
201799,999,16580, ,Champaign-Urbana  IL ,408,408,97964,5,10,1779,2,8,1160,15,412,36687,405,405,97414,5,10,1779,2,8,1160,15,412,36687
201799,999,16700,C,Charleston-North Charleston  SC ,4726,4726,1335180,4,8,1702,0,0,0,87,2533,269969,3762,3762,1166024,4,8,1702,0,0,0,62,1894,246861
201799,999,16820, ,Charlottesville  VA ,963,963,267955,0,0,0,0,0,0,18,313,60996,452,452,118658,0,0,0,0,0,0,8,193,48640
201799,999,16940, ,Cheyenne  WY ,389,389,68303,3,6,955,20,76,6544,6,102,12300,389,389,68303,3,6,955,20,76,6544,6,102,12300
201799,999,17020, ,Chico  CA ,457,457,98697,4,8,1115,1,3,370,16,355,44104,457,457,98697,4,8,1115,1,3,370,16,355,44104
201799,999,17300,C,Clarksville  TN-KY ,1558,1558,227757,26,52,2566,11,43,2675,24,160,8513,1533,1533,225977,26,52,2566,11,43,2675,24,160,8513
201799,999,17780, ,College Station-Bryan  TX ,1155,1155,208511,59,118,11509,8,32,2300,59,1778,142200,1155,1155,208511,59,118,11509,8,32,2300,59,1778,142200
201799,999,17820,C,Colorado Springs  CO ,3852,3852,1507721,2,4,456,1,3,200,27,1106,143129,3852,3852,1507721,2,4,456,1,3,200,27,1106,143129
201799,999,18880,C,Crestview-Fort Walton Beach-Destin  FL ,2076,2076,794003,3,6,1811,26,79,13898,7,310,46123,2068,2068,792011,3,6,1811,26,79,13898,7,310,46123
201799,999,19060, ,Cumberland  MD-WV ,50,50,10012,0,0,0,0,0,0,0,0,0,50,50,10012,0,0,0,0,0,0,0,0,0
201799,999,19180, ,Danville  IL ,54,54,10389,0,0,0,0,0,0,1,50,3500,54,54,10389,0,0,0,0,0,0,1,50,3500
201799,999,19500, ,Decatur  IL ,39,39,8271,0,0,0,0,0,0,0,0,0,39,39,8271,0,0,0,0,0,0,0,0,0
201799,999,20220, ,Dubuque  IA ,221,221,61363,10,20,2335,0,0,0,0,0,0,221,221,61363,10,20,2335,0,0,0,0,0,0
201799,999,20260, ,Duluth  MN-WI ,508,508,106808,2,4,700,0,0,0,3,153,24150,473,473,99309,2,4,700,0,0,0,3,153,24150
201799,999,20940, ,El Centro  CA ,179,179,34645,2,4,304,2,8,725,0,0,0,179,179,34645,2,4,304,2,8,725,0,0,0
201799,999,21420, ,Enid  OK ,59,59,10023,0,0,0,0,0,0,2,36,3500,59,59,10023,0,0,0,0,0,0,2,36,3500
201799,999,21660, ,Eugene  OR ,821,821,189578,7,14,2889,2,7,1038,0,0,0,591,591,131449,7,14,2889,2,7,1038,0,0,0
201799,999,21780, ,Evansville  IN-KY ,618,618,136776,20,40,4075,1,4,760,13,259,9970,618,618,136776,15,30,3625,1,4,760,13,259,9970
201799,999,21820,C,Fairbanks  AK ,7,7,1850,0,0,0,2,8,1100,0,0,0,7,7,1850,0,0,0,2,8,1100,0,0,0
201799,999,22140,C,Farmington  NM ,91,91,21035,0,0,0,0,0,0,0,0,0,91,91,21035,0,0,0,0,0,0,0,0,0
201799,999,22220, ,Fayetteville-Springdale-Rogers  AR-MO ,3528,3528,855528,74,148,19811,16,61,5908,57,992,100326,3337,3337,820198,74,148,19811,16,61,5908,50,943,96815
201799,999,22380, ,Flagstaff  AZ ,434,434,101343,0,0,0,1,3,600,3,260,53819,300,300,69496,0,0,0,1,3,600,3,260,53819
201799,999,22500, ,Florence  SC ,511,511,67046,0,0,0,0,0,0,30,510,44175,498,498,65907,0,0,0,0,0,0,30,510,44175
201799,999,22520, ,Florence-Muscle Shoals  AL ,257,257,31323,0,0,0,0,0,0,18,518,19422,97,97,12866,0,0,0,0,0,0,18,518,19422
201799,999,22540, ,Fond du Lac  WI ,185,185,43395,0,0,0,0,0,0,0,0,0,169,169,42272,0,0,0,0,0,0,0,0,0
201799,999,22660,C,Fort Collins  CO ,2027,2027,522958,10,20,2513,4,15,3535,43,873,131377,2027,2027,522958,10,20,2513,4,15,3535,43,873,131377
201799,999,22900, ,Fort Smith  AR-OK ,380,380,66136,74,148,18104,5,17,1024,22,176,9851,326,326,59342,70,140,17426,1,4,180,22,176,9851
201799,999,23460, ,Gadsden  AL ,112,112,18928,0,0,0,0,0,0,0,0,0,108,108,18548,0,0,0,0,0,0,0,0,0
201799,999,24140, ,Goldsboro  NC ,272,272,47502,4,8,871,0,0,0,0,0,0,272,272,47502,4,8,871,0,0,0,0,0,0
201799,999,24220, ,Grand Forks  ND-MN ,227,227,54709,2,4,700,0,0,0,4,186,16193,209,209,50674,2,4,700,0,0,0,4,186,16193
201799,999,24260, ,Grand Island  NE ,196,196,34817,3,6,663,2,8,1056,2,72,4200,172,172,31113,3,6,663,2,8,1056,2,72,4200
201799,999,24300,C,Grand Junction  CO ,665,665,132857,4,8,1000,1,4,555,2,78,8030,665,665,132857,4,8,1000,1,4,555,2,78,8030
201799,999,24500, ,Great Falls  MT ,197,197,52635,4,8,1248,0,0,0,0,0,0,197,197,52635,4,8,1248,0,0,0,0,0,0
201799,999,25060, ,Gulfport-Biloxi-Pascagoula  MS ,1799,1799,298050,7,14,1446,8,28,2810,13,97,8067,1305,1305,228201,1,2,275,0,0,0,1,5,278
201799,999,25620, ,Hattiesburg  MS ,134,134,25159,0,0,0,0,0,0,0,0,0,134,134,25159,0,0,0,0,0,0,0,0,0
201799,999,25940, ,Hilton Head Island-Bluffton-Beaufort  SC ,2034,2034,718683,0,0,0,0,0,0,15,241,27125,998,998,363017,0,0,0,0,0,0,15,241,27125
201799,999,26140, ,Homosassa Springs  FL ,433,433,92622,11,22,635,0,0,0,10,91,7867,31,31,5754,1,2,90,0,0,0,0,0,0
201799,999,26380, ,Houma-Thibodaux  LA ,431,431,93783,3,6,823,0,0,0,0,0,0,431,431,93783,3,6,823,0,0,0,0,0,0
201799,999,27100, ,Jackson  MI ,183,183,38288,0,0,0,0,0,0,1,10,880,136,136,30892,0,0,0,0,0,0,1,10,880
201799,999,27340,C,Jacksonville  NC ,917,917,131693,11,22,1552,1,4,400,4,62,3090,917,917,131693,11,22,1552,1,4,400,4,62,3090
201799,999,27620, ,Jefferson City  MO ,243,243,45082,4,8,1090,6,20,1979,7,51,6168,239,239,44240,4,8,1090,5,17,1609,0,0,0
201799,999,27980,C,Kahului-Wailuku-Lahaina  HI ,489,489,149498,20,40,9665,4,16,3790,34,316,46997,489,489,149498,20,40,9665,4,16,3790,34,316,46997
201799,999,28420,C,Kennewick-Richland  WA ,1457,1457,421014,32,64,7268,0,0,0,7,288,29660,1457,1457,421014,32,64,7268,0,0,0,7,288,29660
201799,999,28660,C,Killeen-Temple  TX ,1789,1789,319446,131,262,22963,0,0,0,25,405,23533,1771,1771,315252,131,262,22963,0,0,0,23,394,22660
201799,999,29100, ,La Crosse-Onalaska  WI-MN ,278,278,71483,6,12,1925,1,4,265,8,138,11325,270,270,70187,6,12,1925,1,4,265,8,138,11325
201799,999,29460, ,Lakeland-Winter Haven  FL ,4542,4542,866561,26,52,2362,0,0,0,1,10,800,4300,4300,814038,26,52,2362,0,0,0,1,10,800
201799,999,29540, ,Lancaster  PA ,979,979,209274,9,18,2062,14,54,6992,25,385,62451,887,887,188910,9,18,2062,14,54,6992,24,373,53180
201799,999,29700, ,Laredo  TX ,1061,1061,190505,11,22,1536,2,6,385,18,242,23026,461,461,67988,1,2,115,0,0,0,10,158,14596
201799,999,30020, ,Lawton  OK ,82,82,16426,1,2,150,0,0,0,0,0,0,76,76,15271,1,2,150,0,0,0,0,0,0
201799,999,30300, ,Lewiston  ID-WA ,97,97,23365,2,4,507,0,0,0,1,24,2144,97,97,23365,2,4,507,0,0,0,1,24,2144
201799,999,30860, ,Logan  UT-ID ,811,811,168501,0,0,0,33,120,12378,29,442,39000,766,766,160590,0,0,0,5,20,3991,11,278,24272
201799,999,31340, ,Lynchburg  VA ,492,492,100148,3,6,700,3,9,1890,7,263,16426,446,446,88263,3,6,700,3,9,1890,7,263,16426
201799,999,33540,C,Missoula  MT ,395,395,75898,20,40,4118,7,22,1773,25,515,57401,395,395,75898,20,40,4118,7,22,1773,25,515,57401
201799,999,33860, ,Montgomery  AL ,761,761,154133,0,0,0,0,0,0,0,0,0,759,759,153771,0,0,0,0,0,0,0,0,0
201799,999,36100, ,Ocala  FL ,1942,1942,348194,0,0,0,0,0,0,20,304,25798,1942,1942,348194,0,0,0,0,0,0,20,304,25798
201799,999,36980, ,Owensboro  KY ,250,250,23061,7,14,545,0,0,0,0,0,0,250,250,23061,7,14,545,0,0,0,0,0,0
201799,999,37340, ,Palm Bay-Melbourne-Titusville  FL ,2149,2149,668934,5,10,1605,3,12,2480,21,582,65145,2123,2123,658587,5,10,1605,3,12,2480,21,582,65145
201799,999,37460, ,Panama City  FL ,984,984,262327,22,44,6544,3,11,1473,41,747,67395,767,767,202267,22,44,6544,3,11,1473,37,643,54162
201799,999,38060,C,Phoenix-Mesa-Scottsdale  AZ ,20471,20471,5276141,151,302,31595,57,212,37746,283,8327,1157513,20471,20471,5276141,151,302,31595,57,212,37746,283,8327,1157513
201799,999,38340, ,Pittsfield  MA ,90,90,43638,0,0,0,3,11,1591,2,93,15397,34,34,13335,0,0,0,3,11,1591,0,0,0
201799,999,38540, ,Pocatello  ID ,203,203,28533,0,0,0,5,20,903,0,0,0,194,194,27483,0,0,0,5,20,903,0,0,0
201799,999,39140, ,Prescott  AZ ,1493,1493,390316,27,54,7574,3,12,1154,21,417,48380,1419,1419,361860,26,52,7574,3,12,1154,21,417,48380
201799,999,40060, ,Richmond  VA ,4614,4614,955915,3,6,830,48,175,20977,127,2350,126596,4603,4603,954323,3,6,830,48,175,20977,127,2350,126596
201799,999,40220, ,Roanoke  VA ,424,424,99497,1,2,278,0,0,0,3,166,21324,363,363,85866,0,0,0,0,0,0,1,12,683
201799,999,41100, ,St. George  UT ,2315,2315,449688,9,18,1736,43,167,22154,25,709,69291,2235,2235,429460,7,14,1097,19,71,6337,24,702,68330
201799,999,41500, ,Salinas  CA ,534,534,175162,1,2,301,4,13,3606,16,227,35715,534,534,175162,1,2,301,4,13,3606,16,227,35715
201799,999,41540, ,Salisbury  MD-DE ,3032,3032,459479,109,218,26824,23,81,10147,31,274,24888,3031,3031,459306,109,218,26824,23,81,10147,31,274,24888
201799,999,41660,C,San Angelo  TX ,193,193,42008,2,4,660,0,0,0,0,0,0,193,193,42008,2,4,660,0,0,0,0,0,0
201799,999,41700,C,San Antonio-New Braunfels  TX ,7535,7535,1672076,135,270,26033,30,115,10789,212,4596,421436,6975,6975,1591390,135,270,26033,28,109,10789,201,4534,408224
201799,999,41740,C,San Diego-Carlsbad  CA ,4056,4056,1382446,69,138,29508,168,560,94517,209,5687,926444,4050,4050,1382159,69,138,29508,168,560,94517,203,5643,904592
201799,999,42020, ,San Luis Obispo-Paso Robles-Arroyo Grande  CA ,693,693,217121,2,4,465,31,120,14991,30,277,34597,437,437,120081,2,4,465,28,111,13182,22,178,24181
201799,999,42200, ,Santa Maria-Santa Barbara  CA ,832,832,252766,2,4,1090,10,33,5595,24,411,42012,686,686,216051,2,4,1090,10,33,5595,20,352,35356
201799,999,42540, ,Scranton--Wilkes-Barre--Hazleton  PA ,425,425,104763,5,10,1355,7,27,2775,4,118,12188,271,271,67984,4,8,1225,6,23,2275,2,48,5499
201799,999,42700, ,Sebring  FL ,175,175,41530,3,6,743,0,0,0,0,0,0,155,155,34717,3,6,743,0,0,0,0,0,0
201799,999,43100, ,Sheboygan  WI ,154,154,43769,7,14,2590,4,14,2065,19,208,17503,109,109,32726,7,14,2590,4,14,2065,8,96,6800
201799,999,43340, ,Shreveport-Bossier City  LA ,1125,1125,234040,0,0,0,0,0,0,0,0,0,1092,1092,227063,0,0,0,0,0,0,0,0,0
201799,999,43420, ,Sierra Vista-Douglas  AZ ,192,192,33578,1,2,0,0,0,0,1,8,772,187,187,33134,0,0,0,0,0,0,0,0,0
201799,999,43620, ,Sioux Falls  SD ,1533,1533,298336,11,22,3029,17,67,6906,61,1292,121802,1506,1506,291519,11,22,3029,16,64,6906,61,1292,121802
201799,999,44940,C,Sumter  SC ,222,222,30100,0,0,0,0,0,0,0,0,0,222,222,30100,0,0,0,0,0,0,0,0,0
201799,999,45300,C,Tampa-St. Petersburg-Clearwater  FL ,12732,12732,3511233,28,56,7064,7,25,3746,125,5455,619259,12705,12705,3503145,24,48,5944,7,25,3746,118,5420,610694
201799,999,45460, ,Terre Haute  IN ,48,48,6984,12,24,1764,0,0,0,3,203,12925,48,48,6984,12,24,1764,0,0,0,3,203,12925
201799,999,45500, ,Texarkana  TX-AR ,85,85,15868,0,0,0,0,0,0,2,100,2713,85,85,15868,0,0,0,0,0,0,2,100,2713
201799,999,45820, ,Topeka  KS ,327,327,65449,4,8,720,0,0,0,0,0,0,318,318,64203,4,8,720,0,0,0,0,0,0
201799,999,46220, ,Tuscaloosa  AL ,572,572,144155,14,28,6649,18,62,8673,38,507,49111,351,351,83917,2,4,1105,9,30,3872,4,54,4347
201799,999,46520,C,Urban Honolulu  HI ,1028,1028,350184,0,0,0,0,0,0,19,940,154082,1028,1028,350184,0,0,0,0,0,0,19,940,154082
201799,999,46540, ,Utica-Rome  NY ,193,193,39267,1,2,180,1,3,445,7,149,21969,136,136,31882,1,2,180,1,3,445,5,134,19250
201799,999,46660, ,Valdosta  GA ,988,988,180339,5,10,748,0,0,0,5,91,8938,443,443,90616,2,4,350,0,0,0,0,0,0
201799,999,47380, ,Waco  TX ,768,768,166840,22,44,3715,7,28,1500,17,167,15373,703,703,160109,22,44,3715,7,28,1500,17,167,15373
201799,999,47460, ,Walla Walla  WA ,148,148,37946,0,0,0,0,0,0,0,0,0,139,139,36827,0,0,0,0,0,0,0,0,0
201799,999,47940, ,Waterloo-Cedar Falls  IA ,304,304,72529,9,18,1035,0,0,0,14,386,18116,295,295,70261,9,18,1035,0,0,0,13,379,17556
201799,999,48060, ,Watertown-Fort Drum  NY ,141,141,14576,0,0,0,0,0,0,0,0,0,138,138,14412,0,0,0,0,0,0,0,0,0
201799,999,48300, ,Wenatchee  WA ,599,599,128656,6,12,2004,1,4,485,1,14,1370,599,599,128656,6,12,2004,1,4,485,1,14,1370
201799,999,48540, ,Wheeling  WV-OH ,18,18,9536,1,2,25,0,0,0,0,0,0,18,18,9536,1,2,25,0,0,0,0,0,0
201799,999,48660, ,Wichita Falls  TX ,108,108,27022,4,8,890,1,3,353,0,0,0,108,108,27022,4,8,890,1,3,353,0,0,0
201799,999,48900, ,Wilmington  NC ,2193,2193,619194,26,52,5347,0,0,0,20,517,73562,2184,2184,616291,26,52,5347,0,0,0,20,517,73562
201799,999,49420, ,Yakima  WA ,412,412,105614,2,4,629,5,18,1698,0,0,0,385,385,100765,2,4,629,5,18,1698,0,0,0
201799,999,49740, ,Yuma  AZ ,1005,1005,163723,2,4,245,6,24,3118,8,68,8986,993,993,161953,1,2,245,6,24,3118,8,68,8986
