Survey,CSA,CBSA,MONCOV,CBSA,,1-unit,,,2-units,,,3-4 units,,,5+ units,,,1-unit rep,,,2-units rep,,,3-4 units rep,,,5+ units rep
Date,Code,Code,,Name,Bldgs,Units,Value,Bldgs,Units,Value,Bldgs,Units,Value,Bldgs,Units,Value,Bldgs,Units,Value,Bldgs,Units,Value,      Bldgs,Units,Value,Bldgs,Units,Value
 
201899,104,10580,C,Albany-Schenectady-Troy  NY ,1231,1231,333672,15,30,3794,31,121,14754,48,857,214816,1063,1063,284663,13,26,2694,30,118,14754,25,692,196083
201899,104,24020, ,Glens Falls  NY ,225,225,54236,1,2,270,0,0,0,0,0,0,145,145,35450,0,0,0,0,0,0,0,0,0
201899,106,10740,C,Albuquerque  NM ,2086,2086,463816,2,4,450,6,21,2403,13,75,3622,1775,1775,395756,1,2,167,4,15,1900,1,6,747
201899,106,42140,C,Santa Fe  NM ,243,243,63890,0,0,0,0,0,0,6,30,2064,243,243,63890,0,0,0,0,0,0,6,30,2064
201899,108,11100, ,Amarillo  TX ,637,637,159066,6,12,1789,0,0,0,1,101,11428,637,637,159066,6,12,1789,0,0,0,1,101,11428
201899,118,11540, ,Appleton  WI ,781,781,150569,31,62,9011,0,0,0,12,144,12548,781,781,150569,31,62,9011,0,0,0,12,144,12548
201899,118,36780, ,Oshkosh-Neenah  WI ,275,275,75955,3,6,795,0,0,0,9,97,6796,247,247,71603,3,6,795,0,0,0,9,97,6796
201899,120,11700, ,Asheville  NC ,2233,2233,617482,2,4,308,0,0,0,35,568,53472,1796,1796,528585,2,4,308,0,0,0,22,498,34089
201899,122,12020, ,Athens-Clarke County  GA ,729,729,158408,0,0,0,2,8,1510,17,332,42082,654,654,151332,0,0,0,2,8,1510,17,332,42082
201899,122,12060, ,Atlanta-Sandy Springs-Roswell  GA ,26506,26506,5906855,49,98,13347,24,87,18074,253,12750,1584019,25198,25198,5673126,49,98,13347,24,87,18074,244,12637,1575939
201899,122,23580, ,Gainesville  GA ,1159,1159,241449,6,12,1660,10,33,4790,21,574,46977,894,894,181492,6,12,1660,4,12,2543,20,566,45977
201899,140,13460,C,Bend-Redmond  OR ,1818,1818,478707,28,56,9044,1,3,541,6,106,11317,1796,1796,473205,27,54,8650,1,3,541,6,106,11317
201899,142,13820,C,Birmingham-Hoover  AL ,2698,2698,733902,12,24,2968,1,4,223,25,299,28610,2536,2536,699589,11,22,2860,1,4,223,25,299,28610
201899,144,14020,C,Bloomington  IN ,255,255,65910,28,56,7532,0,0,0,7,106,12201,222,222,57396,26,52,7053,0,0,0,5,77,8835
201899,145,14010, ,Bloomington  IL ,114,114,19345,0,0,0,1,4,226,7,102,4815,112,112,19245,0,0,0,1,4,226,7,102,4815
201899,146,14100,C,Bloomsburg-Berwick  PA ,83,83,20652,0,0,0,0,0,0,7,111,12602,75,75,18150,0,0,0,0,0,0,6,106,12154
201899,147,14260,C,Boise City  ID ,6923,6923,1625485,32,64,7400,75,293,31585,117,1637,166279,6353,6353,1471166,27,54,5483,66,259,29335,108,1424,139659
201899,148,12700, ,Barnstable Town  MA ,518,518,223263,5,10,1624,19,69,14439,4,408,42262,403,403,184249,4,8,1352,19,69,14439,1,10,2000
201899,148,14460,C,Boston-Cambridge-Newton  MA-NH ,4930,4930,1550237,273,546,92922,101,343,67783,297,8364,1543068,4361,4361,1387563,206,412,70867,98,333,66947,199,7588,1423398
201899,148,31700, ,Manchester-Nashua  NH ,709,709,152167,31,62,8523,6,22,5037,22,613,41708,497,497,114488,23,46,6633,2,6,407,10,413,28310
201899,148,39300,C,Providence-Warwick  RI-MA ,1553,1553,355491,71,142,17389,18,59,5256,11,209,19839,1320,1320,314956,66,132,16489,18,59,5256,10,204,19464
201899,148,49340, ,Worcester  MA-CT ,1300,1300,296033,51,102,13997,1,3,600,13,364,45115,900,900,205368,41,82,11370,1,3,600,2,78,13934
201899,150,14540, ,Bowling Green  KY ,783,783,158581,7,14,1140,16,60,4122,103,1342,112770,744,744,149833,4,8,690,14,53,3597,103,1342,112770
201899,154,15180, ,Brownsville-Harlingen  TX ,1392,1392,165024,28,56,4587,2,7,381,5,32,3160,1389,1389,164754,28,56,4587,2,7,381,5,32,3160
201899,160,15380,C,Buffalo-Cheektowaga-Niagara Falls  NY ,975,975,275960,12,24,4901,6,22,2200,30,432,69028,894,894,258813,12,24,4901,6,22,2200,17,200,17682
201899,162,15980,C,Cape Coral-Fort Myers  FL ,5803,5803,1298522,266,532,66454,41,159,31948,122,3227,472120,5803,5803,1298522,266,532,66454,41,159,31948,122,3227,472120
201899,162,34940, ,Naples-Immokalee-Marco Island  FL ,3253,3253,961650,4,8,967,20,78,14809,59,1047,361926,3253,3253,961650,4,8,967,20,78,14809,59,1047,361926
201899,164,16020, ,Cape Girardeau  MO-IL ,131,131,20624,7,14,1817,0,0,0,9,671,7049,131,131,20624,7,14,1817,0,0,0,9,671,7049
201899,168,16300, ,Cedar Rapids  IA ,490,490,72802,66,132,12803,2,6,597,11,331,28068,485,485,72173,66,132,12803,2,6,597,11,331,28068
201899,168,26980, ,Iowa City  IA ,511,511,132844,53,106,17525,14,48,8066,19,702,74315,464,464,125094,53,106,17525,14,48,8066,19,702,74315
201899,170,16620, ,Charleston  WV ,106,106,12004,0,0,0,0,0,0,0,0,0,97,97,10546,0,0,0,0,0,0,0,0,0
201899,170,26580, ,Huntington-Ashland  WV-KY-OH ,224,224,45612,5,10,1139,4,15,603,2,11,628,95,95,23003,1,2,231,3,12,404,1,6,177
201899,172,16740, ,Charlotte-Concord-Gastonia  NC-SC ,16407,16407,4225512,59,118,11818,11,44,8608,227,9640,909871,15457,15457,3880708,59,118,11818,11,44,8608,213,9402,883478
201899,174,16860, ,Chattanooga  TN-GA ,1971,1971,394060,34,68,5393,8,30,3580,5,158,17891,1862,1862,374429,29,58,4297,8,30,3580,3,18,900
201899,174,17420, ,Cleveland  TN ,608,608,105066,14,28,2523,11,40,3605,0,0,0,152,152,23614,13,26,2243,11,40,3605,0,0,0
201899,174,19140, ,Dalton  GA ,288,288,42500,2,4,275,4,13,655,1,16,492,288,288,42500,2,4,275,4,13,655,1,16,492
201899,176,16980, ,Chicago-Naperville-Elgin  IL-IN-WI ,8546,8546,2378367,159,318,56462,193,631,128808,293,8186,953039,8046,8046,2244829,147,294,54982,192,628,128298,261,7990,934826
201899,176,28100, ,Kankakee  IL ,101,101,22107,0,0,0,0,0,0,1,56,7600,75,75,17401,0,0,0,0,0,0,0,0,0
201899,176,33140, ,Michigan City-La Porte  IN ,134,134,31550,3,6,600,0,0,0,0,0,0,132,132,31365,3,6,600,0,0,0,0,0,0
201899,178,17140, ,Cincinnati  OH-KY-IN ,4282,4282,1049487,33,66,10896,40,133,19839,83,1595,153439,4036,4036,988780,33,66,10896,39,130,19539,78,1562,149608
201899,184,10420, ,Akron  OH ,1011,1011,387058,4,8,1250,3,12,350,2,179,25810,1004,1004,386113,4,8,1250,3,12,350,2,179,25810
201899,184,15940, ,Canton-Massillon  OH ,413,413,105890,8,16,1720,8,27,1931,12,72,6355,355,355,98613,7,14,1600,3,10,1060,1,14,1900
201899,184,17460, ,Cleveland-Elyria  OH ,2733,2733,689879,28,56,4428,24,89,9422,13,103,9243,2569,2569,666470,17,34,4312,24,89,9422,13,103,9243
201899,190,17860,C,Columbia  MO ,555,555,127560,1,2,426,0,0,0,0,0,0,555,555,127560,1,2,426,0,0,0,0,0,0
201899,192,17900,C,Columbia  SC ,4478,4478,842715,14,28,1366,0,0,0,24,446,27745,1301,1301,256518,14,28,1366,0,0,0,2,10,1686
201899,194,12220,C,Auburn-Opelika  AL ,1036,1036,283969,8,16,2973,10,32,4430,8,47,5393,1019,1019,279923,8,16,2973,10,32,4430,8,47,5393
201899,194,17980, ,Columbus  GA-AL ,747,747,146203,0,0,0,11,35,2154,26,222,38870,404,404,81277,0,0,0,0,0,0,7,82,12571
201899,198,18140, ,Columbus  OH ,4493,4493,1218985,81,162,22361,46,174,20896,205,4611,502670,4321,4321,1181454,80,160,22157,46,174,20896,205,4611,502670
201899,204,18580, ,Corpus Christi  TX ,1711,1711,297564,1,2,243,2,8,1016,1,6,235,1626,1626,281896,1,2,243,2,8,1016,1,6,235
201899,206,19100, ,Dallas-Fort Worth-Arlington  TX ,36832,36832,10210978,177,354,60895,124,484,63266,617,26223,2948568,35470,35470,9869335,176,352,60695,124,484,63266,603,25887,2908576
201899,206,43300, ,Sherman-Denison  TX ,531,531,98237,23,46,4377,4,16,1170,10,164,19720,531,531,98237,23,46,4377,4,16,1170,10,164,19720
201899,209,19340, ,Davenport-Moline-Rock Island  IA-IL ,490,490,108793,0,0,0,4,14,1165,3,55,3909,461,461,105249,0,0,0,0,0,0,2,38,2126
201899,212,19380, ,Dayton  OH ,1138,1138,358945,9,18,2384,0,0,0,22,421,50798,836,836,284801,9,18,2384,0,0,0,22,421,50798
201899,212,44220, ,Springfield  OH ,68,68,18048,0,0,0,0,0,0,0,0,0,68,68,18048,0,0,0,0,0,0,0,0,0
201899,216,14500, ,Boulder  CO ,899,899,361903,6,12,2251,9,30,5101,84,2013,254124,842,842,346688,4,8,1593,7,24,4405,81,1990,250131
201899,216,19740,C,Denver-Aurora-Lakewood  CO ,11808,11808,3342067,100,200,35457,48,158,24963,241,9563,1384988,11703,11703,3307443,100,200,35457,44,146,22941,237,9478,1372918
201899,216,24540, ,Greeley  CO ,3194,3194,808971,4,8,1422,18,65,11159,43,840,63898,2896,2896,727671,4,8,1422,16,59,9482,36,782,57645
201899,218,11180, ,Ames  IA ,273,273,68300,5,10,2000,1,3,435,12,340,34950,269,269,67785,5,10,2000,1,3,435,12,340,34950
201899,218,19780, ,Des Moines-West Des Moines  IA ,3233,3233,866970,33,66,5250,0,0,0,37,1624,178050,3203,3203,860305,33,66,5250,0,0,0,34,1609,176669
201899,220,11460, ,Ann Arbor  MI ,652,652,174457,5,10,1968,7,27,4097,12,116,13308,480,480,131534,3,6,1356,6,24,3489,9,101,11658
201899,220,19820, ,Detroit-Warren-Dearborn  MI ,6131,6131,1745455,30,60,9639,46,171,26276,78,801,130733,5790,5790,1668938,30,60,9639,37,139,23733,73,773,128099
201899,220,22420, ,Flint  MI ,435,435,93347,4,8,590,5,20,3618,5,167,10270,416,416,89767,4,8,590,5,20,3618,5,167,10270
201899,220,33780, ,Monroe  MI ,265,265,56193,1,2,440,1,4,340,6,221,16600,246,246,52033,1,2,440,1,4,340,6,221,16600
201899,222,20020, ,Dothan  AL ,359,359,85265,0,0,0,0,0,0,2,55,8600,316,316,77957,0,0,0,0,0,0,2,55,8600
201899,232,20740, ,Eau Claire  WI ,486,486,119360,48,96,12402,14,56,5714,12,124,9554,479,479,117542,48,96,12402,14,56,5714,12,124,9554
201899,236,21300, ,Elmira  NY ,25,25,5548,5,10,998,0,0,0,3,151,23460,15,15,2319,2,4,280,0,0,0,3,151,23460
201899,238,21340,C,El Paso  TX ,1751,1751,388650,77,154,18307,8,30,3235,48,481,84004,1750,1750,388531,77,154,18307,8,30,3235,48,481,84004
201899,238,29740,C,Las Cruces  NM ,843,843,191545,1,2,79,0,0,0,15,120,7380,832,832,188389,1,2,79,0,0,0,15,120,7380
201899,240,21500, ,Erie  PA ,176,176,36460,3,6,1080,1,4,285,7,119,8260,176,176,36460,3,6,1080,1,4,285,7,119,8260
201899,244,22020, ,Fargo  ND-MN ,1080,1080,260720,2,4,695,2,8,1400,35,1221,129875,1071,1071,258074,2,4,695,2,8,1400,35,1221,129875
201899,246,22180,C,Fayetteville  NC ,803,803,161224,8,16,2545,0,0,0,0,0,0,803,803,161224,8,16,2545,0,0,0,0,0,0
201899,258,23060, ,Fort Wayne  IN ,1343,1343,342179,27,54,4687,1,4,608,30,483,55753,1343,1343,342179,27,54,4687,1,4,608,30,483,55753
201899,260,23420,C,Fresno  CA ,2213,2213,632757,24,48,9755,10,35,3091,61,633,58550,1812,1812,518871,2,4,413,6,23,2594,21,335,29050
201899,260,31460, ,Madera  CA ,503,503,122117,0,0,0,0,0,0,0,0,0,503,503,122117,0,0,0,0,0,0,0,0,0
201899,264,23540, ,Gainesville  FL ,753,753,206826,1,2,137,1,3,362,7,811,27614,470,470,152733,1,2,137,1,3,362,0,0,0
201899,266,24340, ,Grand Rapids-Wyoming  MI ,2749,2749,736884,44,88,17703,32,114,14827,49,903,122403,2609,2609,704450,44,88,17703,31,111,14527,46,878,119968
201899,266,34740, ,Muskegon  MI ,221,221,46741,0,0,0,0,0,0,1,12,1179,197,197,41891,0,0,0,0,0,0,1,12,1179
201899,267,24580, ,Green Bay  WI ,766,766,207834,11,22,3620,0,0,0,41,413,33770,668,668,186374,11,22,3620,0,0,0,29,348,27750
201899,268,15500, ,Burlington  NC ,1084,1084,166316,2,4,450,0,0,0,21,331,29210,1084,1084,166316,2,4,450,0,0,0,21,331,29210
201899,268,24660,C,Greensboro-High Point  NC ,1949,1949,474563,11,22,925,1,4,415,9,249,24448,1949,1949,474563,11,22,925,1,4,415,9,249,24448
201899,268,49180, ,Winston-Salem  NC ,3123,3123,611808,1,2,142,0,0,0,15,374,22119,3105,3105,609169,1,2,142,0,0,0,15,374,22119
201899,273,24860, ,Greenville-Anderson-Mauldin  SC ,5254,5254,1620101,6,12,1694,3,11,870,35,1153,114277,5243,5243,1618557,6,12,1694,3,11,870,30,1128,113395
201899,273,43900, ,Spartanburg  SC ,2685,2685,445607,0,0,0,0,0,0,0,0,0,2631,2631,433854,0,0,0,0,0,0,0,0,0
201899,274,24780, ,Greenville  NC ,610,610,121686,59,118,13516,16,59,4138,11,363,38915,401,401,80813,34,68,7214,16,59,4138,3,54,2978
201899,276,23900,C,Gettysburg  PA ,224,224,49540,0,0,0,0,0,0,0,0,0,185,185,41563,0,0,0,0,0,0,0,0,0
201899,276,25420,C,Harrisburg-Carlisle  PA ,1344,1344,272464,1,2,110,18,65,9749,36,602,69675,1260,1260,251346,1,2,110,18,65,9749,36,602,69675
201899,276,30140, ,Lebanon  PA ,278,278,55064,6,12,1628,1,3,295,1,6,630,245,245,49312,6,12,1628,1,3,295,1,6,630
201899,276,49620, ,York-Hanover  PA ,788,788,154074,21,42,5293,16,60,5623,2,26,2160,761,761,148972,21,42,5293,16,60,5623,2,26,2160
201899,277,25500,C,Harrisonburg  VA ,450,450,122894,0,0,0,0,0,0,1,33,3300,450,450,122894,0,0,0,0,0,0,1,33,3300
201899,277,44420, ,Staunton-Waynesboro  VA ,232,232,45931,1,2,101,4,15,1069,3,68,7066,232,232,45931,1,2,101,4,15,1069,3,68,7066
201899,278,25540,C,Hartford-West Hartford-East Hartford  CT ,807,807,165111,7,14,1614,4,14,1486,58,752,64667,692,692,140272,5,10,1268,4,14,1486,25,560,48802
201899,278,35980, ,Norwich-New London  CT ,297,297,65122,6,12,1752,0,0,0,8,357,37465,240,240,55258,0,0,0,0,0,0,8,357,37465
201899,280,25860, ,Hickory-Lenoir-Morganton  NC ,893,893,208263,18,36,2715,0,0,0,29,407,26295,791,791,182302,18,36,2715,0,0,0,16,342,22359
201899,284,26300, ,Hot Springs  AR ,51,51,10262,0,0,0,0,0,0,4,40,4636,51,51,10262,0,0,0,0,0,0,4,40,4636
201899,288,26420, ,Houston-The Woodlands-Sugar Land  TX ,40321,40321,7233086,127,254,28640,27,106,13202,410,16607,1897523,32807,32807,6949135,126,252,28456,26,103,12752,385,16465,1890335
201899,290,19460, ,Decatur  AL ,152,152,27606,0,0,0,0,0,0,0,0,0,143,143,25860,0,0,0,0,0,0,0,0,0
201899,290,26620,C,Huntsville  AL ,2870,2870,441620,0,0,0,9,36,14208,6,35,2511,2828,2828,433803,0,0,0,9,36,14208,6,35,2511
201899,292,26820, ,Idaho Falls  ID ,990,990,149821,1,2,122,9,35,2212,2,10,844,975,975,147022,1,2,122,9,35,2212,2,10,844
201899,294,18020, ,Columbus  IN ,170,170,37313,0,0,0,0,0,0,0,0,0,170,170,37313,0,0,0,0,0,0,0,0,0
201899,294,26900, ,Indianapolis-Carmel-Anderson  IN ,7291,7291,2102958,59,118,16047,3,9,848,46,1476,159821,7159,7159,2077395,58,116,15910,3,9,848,46,1476,159821
201899,294,34620, ,Muncie  IN ,52,52,7440,0,0,0,0,0,0,0,0,0,51,51,7182,0,0,0,0,0,0,0,0,0
201899,296,27060, ,Ithaca  NY ,155,155,34856,12,24,2454,0,0,0,37,626,74476,129,129,29429,0,0,0,0,0,0,25,260,25997
201899,297,27180, ,Jackson  TN ,280,280,53907,0,0,0,0,0,0,0,0,0,280,280,53907,0,0,0,0,0,0,0,0,0
201899,298,27140, ,Jackson  MS ,1325,1325,316738,2,4,745,3,12,2340,0,0,0,1260,1260,305565,2,4,745,3,12,2340,0,0,0
201899,300,27260,C,Jacksonville  FL ,10755,10755,2728090,15,30,3315,24,89,15783,138,4576,466065,10497,10497,2653213,15,30,3315,24,89,15783,135,4561,462546
201899,304,27740, ,Johnson City  TN ,458,458,91326,8,16,650,0,0,0,6,161,17439,328,328,73807,6,12,590,0,0,0,6,161,17439
201899,304,28700, ,Kingsport-Bristol-Bristol  TN-VA ,503,503,87732,15,30,3254,2,6,925,3,17,1018,364,364,72172,3,6,580,2,6,925,1,6,400
201899,306,27780, ,Johnstown  PA ,66,66,16414,0,0,0,0,0,0,0,0,0,66,66,16414,0,0,0,0,0,0,0,0,0
201899,308,27860, ,Jonesboro  AR ,551,551,80056,38,76,4531,33,117,5878,12,99,5354,325,325,46283,22,44,2318,6,23,1225,6,48,2000
201899,309,27900, ,Joplin  MO ,457,457,64966,18,36,3682,8,32,2257,15,115,11345,376,376,56104,16,32,3463,8,32,2257,3,24,1093
201899,310,12980, ,Battle Creek  MI ,54,54,11040,0,0,0,0,0,0,0,0,0,42,42,7767,0,0,0,0,0,0,0,0,0
201899,310,28020, ,Kalamazoo-Portage  MI ,471,471,124171,17,34,6128,0,0,0,3,74,7451,458,458,120806,17,34,6128,0,0,0,3,74,7451
201899,312,28140, ,Kansas City  MO-KS ,5608,5608,1472870,129,258,36209,109,388,55283,125,4014,479773,5546,5546,1457495,129,258,36209,109,388,55283,124,4009,479289
201899,312,29940, ,Lawrence  KS ,419,419,99104,6,12,1058,0,0,0,23,392,25989,354,354,81365,0,0,0,0,0,0,23,392,25989
201899,312,41140, ,St. Joseph  MO-KS ,85,85,16966,4,8,1245,0,0,0,0,0,0,56,56,10401,4,8,1245,0,0,0,0,0,0
201899,314,28940, ,Knoxville  TN ,3690,3690,756622,4,8,872,11,44,6010,26,671,69018,3260,3260,696313,3,6,772,11,44,6010,14,489,57048
201899,314,34100, ,Morristown  TN ,286,286,67392,0,0,0,4,16,800,0,0,0,158,158,29594,0,0,0,0,0,0,0,0,0
201899,316,29020, ,Kokomo  IN ,277,277,38012,11,22,2790,0,0,0,1,50,6000,277,277,38012,11,22,2790,0,0,0,1,50,6000
201899,318,29180, ,Lafayette  LA ,1657,1657,354905,0,0,0,6,24,1402,1,6,420,792,792,192671,0,0,0,3,12,1402,1,6,420
201899,320,29200, ,Lafayette-West Lafayette  IN ,499,499,113609,1,2,278,1,4,550,21,1313,201824,469,469,109728,1,2,278,1,4,550,15,1248,195470
201899,324,29340, ,Lake Charles  LA ,1063,1063,190206,24,48,3370,4,16,200,11,264,25685,501,501,76266,24,48,3370,4,16,200,11,264,25685
201899,330,29620, ,Lansing-East Lansing  MI ,453,453,116644,2,4,534,2,8,867,17,360,42120,379,379,97126,2,4,534,2,8,867,17,360,42120
201899,332,29420, ,Lake Havasu City-Kingman  AZ ,945,945,198260,29,58,4398,4,15,1200,0,0,0,945,945,198260,29,58,4398,4,15,1200,0,0,0
201899,332,29820,C,Las Vegas-Henderson-Paradise  NV ,9721,9721,2073056,11,22,3130,10,30,3779,153,2271,166521,9721,9721,2073056,11,22,3130,10,30,3779,153,2271,166521
201899,336,30460,C,Lexington-Fayette  KY ,1404,1404,288517,32,64,8957,7,24,3255,48,1280,63411,985,985,219078,30,60,8352,5,18,2460,30,891,35123
201899,338,30620, ,Lima  OH ,76,76,18207,5,10,788,0,0,0,0,0,0,49,49,13339,5,10,788,0,0,0,0,0,0
201899,339,30700, ,Lincoln  NE ,1117,1117,262302,14,28,3724,2,7,1122,18,652,77940,1088,1088,256149,14,28,3724,2,7,1122,18,652,77940
201899,340,30780, ,Little Rock-North Little Rock-Conway  AR ,1819,1819,360736,29,58,5163,1,3,450,18,294,25494,1379,1379,284330,20,40,3797,1,3,450,6,196,22738
201899,340,38220, ,Pine Bluff  AR ,20,20,2278,5,10,490,0,0,0,0,0,0,12,12,1303,5,10,490,0,0,0,0,0,0
201899,346,30980, ,Longview  TX ,183,183,30271,1,2,150,0,0,0,3,74,4980,159,159,27731,1,2,150,0,0,0,3,74,4980
201899,348,31080,C,Los Angeles-Long Beach-Anaheim  CA ,10042,10042,3507156,764,1528,307236,157,522,108602,506,17432,3425041,9447,9447,3172707,733,1466,288142,148,495,106227,463,16865,3325596
201899,348,37100, ,Oxnard-Thousand Oaks-Ventura  CA ,625,625,188350,13,26,5153,9,31,7010,39,522,85366,474,474,133746,13,26,5153,9,31,7010,35,424,72661
201899,348,40140, ,Riverside-San Bernardino-Ontario  CA ,11591,11591,3080304,83,166,25194,73,279,42882,233,2773,390477,11420,11420,3032575,83,166,25194,73,279,42882,221,2689,384273
201899,350,21060, ,Elizabethtown-Fort Knox  KY ,390,390,76045,17,34,4442,0,0,0,5,34,2176,390,390,76045,17,34,4442,0,0,0,5,34,2176
201899,350,31140, ,Louisville-Jefferson County  KY-IN ,3104,3104,858192,5,10,1273,8,30,2426,101,2369,313747,2935,2935,820407,5,10,1273,8,30,2426,101,2369,313747
201899,352,31180, ,Lubbock  TX ,1402,1402,317447,3,6,859,1,4,250,5,69,7049,1393,1393,315890,3,6,859,1,4,250,5,69,7049
201899,356,31420, ,Macon  GA ,391,391,44908,0,0,0,0,0,0,1,6,500,272,272,26890,0,0,0,0,0,0,1,6,500
201899,356,47580, ,Warner Robins  GA ,895,895,173521,0,0,0,3,9,843,53,474,33552,824,824,164118,0,0,0,2,6,843,53,474,33552
201899,357,27500, ,Janesville-Beloit  WI ,310,310,70352,15,30,5262,0,0,0,0,0,0,310,310,70352,15,30,5262,0,0,0,0,0,0
201899,357,31540, ,Madison  WI ,1623,1623,548980,57,114,20198,19,70,9330,49,1845,269003,1543,1543,524255,56,112,19918,14,55,7095,33,1503,236944
201899,358,31740, ,Manhattan  KS ,233,233,65745,0,0,0,2,8,763,0,0,0,230,230,65225,0,0,0,2,8,763,0,0,0
201899,359,31860, ,Mankato-North Mankato  MN ,273,273,65855,3,6,648,2,8,795,4,200,23623,273,273,65855,3,6,648,2,8,795,4,200,23623
201899,360,31900, ,Mansfield  OH ,61,61,16720,0,0,0,6,19,2219,0,0,0,7,7,1862,0,0,0,5,15,2219,0,0,0
201899,365,32580,C,McAllen-Edinburg-Mission  TX ,2959,2959,424975,305,610,35390,88,344,32153,17,729,66845,2655,2655,380686,298,596,34511,69,270,25308,15,653,59941
201899,366,24420, ,Grants Pass  OR ,204,204,52012,10,20,2537,1,3,466,0,0,0,204,204,52012,10,20,2537,1,3,466,0,0,0
201899,366,32780, ,Medford  OR ,681,681,164933,7,14,1513,0,0,0,23,238,26158,581,581,139699,7,14,1513,0,0,0,23,238,26158
201899,368,32820, ,Memphis  TN-MS-AR ,3185,3185,679534,1,2,108,0,0,0,12,1305,131887,3002,3002,655887,1,2,108,0,0,0,11,1300,131530
201899,370,33100, ,Miami-Fort Lauderdale-West Palm Beach  FL ,7022,7022,2447504,121,242,42123,105,386,39831,289,11903,1763361,6448,6448,2215910,119,238,41198,96,355,34517,261,11645,1625431
201899,370,38940, ,Port St. Lucie  FL ,2974,2974,717660,61,122,18106,14,50,16646,57,824,113677,2959,2959,694563,61,122,18106,14,50,16646,57,824,113677
201899,370,42680, ,Sebastian-Vero Beach  FL ,1312,1312,508444,0,0,0,6,18,1104,4,42,10710,1312,1312,508444,0,0,0,6,18,1104,4,42,10710
201899,372,33260, ,Midland  TX ,1227,1227,309416,0,0,0,0,0,0,0,0,0,1227,1227,309416,0,0,0,0,0,0,0,0,0
201899,372,36220,C,Odessa  TX ,716,716,143224,12,24,1782,0,0,0,0,0,0,716,716,143224,12,24,1782,0,0,0,0,0,0
201899,376,33340,C,Milwaukee-Waukesha-West Allis  WI ,1712,1712,597564,74,148,28497,1,3,980,39,1906,176479,1654,1654,578835,74,148,28497,1,3,980,38,1853,173905
201899,376,39540, ,Racine  WI ,282,282,84624,12,24,4285,0,0,0,5,73,5594,282,282,84624,12,24,4285,0,0,0,5,73,5594
201899,378,33460, ,Minneapolis-St. Paul-Bloomington  MN-WI ,8985,8985,2720407,55,110,19462,30,115,22788,125,8996,1544029,8745,8745,2640385,55,110,19462,30,115,22788,125,8996,1544029
201899,378,41060, ,St. Cloud  MN ,532,532,139610,0,0,0,0,0,0,6,238,24785,348,348,94052,0,0,0,0,0,0,6,238,24785
201899,380,19300, ,Daphne-Fairhope-Foley  AL ,2459,2459,502078,3,6,393,3,12,1871,28,570,110903,2303,2303,463283,3,6,393,3,12,1871,28,570,110903
201899,380,33660, ,Mobile  AL ,763,763,174968,0,0,0,0,0,0,2,20,2700,722,722,168603,0,0,0,0,0,0,2,20,2700
201899,382,32900, ,Merced  CA ,630,630,143449,0,0,0,0,0,0,0,0,0,266,266,61101,0,0,0,0,0,0,0,0,0
201899,382,33700, ,Modesto  CA ,684,684,132317,5,10,750,0,0,0,1,65,22701,411,411,92961,0,0,0,0,0,0,0,0,0
201899,384,33740, ,Monroe  LA ,425,425,86906,5,10,405,6,23,3616,6,32,3705,199,199,44232,5,10,405,0,0,0,0,0,0
201899,390,34060, ,Morgantown  WV ,21,21,5743,0,0,0,0,0,0,1,245,27000,17,17,5005,0,0,0,0,0,0,1,245,27000
201899,396,34820, ,Myrtle Beach-Conway-North Myrtle Beach  SC-NC ,6741,6741,1401813,6,12,1826,1,4,635,42,689,64359,5698,5698,1155953,5,10,1257,1,4,635,37,664,62417
201899,400,34980, ,Nashville-Davidson--Murfreesboro--Franklin  TN ,13470,13470,3463617,11,22,2808,20,77,6007,135,5590,464297,12967,12967,3265175,11,22,2808,18,71,5533,135,5590,464297
201899,404,35100, ,New Bern  NC ,389,389,66399,0,0,0,0,0,0,0,0,0,184,184,38468,0,0,0,0,0,0,0,0,0
201899,406,25220, ,Hammond  LA ,932,932,148755,9,18,1358,0,0,0,16,372,35989,887,887,142111,9,18,1358,0,0,0,16,372,35989
201899,406,35380, ,New Orleans-Metairie  LA ,3046,3046,709484,87,174,17577,6,22,5143,12,622,127037,2684,2684,620910,59,118,11727,6,22,5143,6,566,113253
201899,408,10900, ,Allentown-Bethlehem-Easton  PA-NJ ,1082,1082,239567,1,2,63,0,0,0,13,162,14664,1063,1063,234796,1,2,63,0,0,0,10,144,14014
201899,408,14860,C,Bridgeport-Stamford-Norwalk  CT ,753,753,460916,15,30,6840,9,27,4260,16,287,59574,658,658,358819,15,30,6840,9,27,4260,12,259,45307
201899,408,20700, ,East Stroudsburg  PA ,186,186,46920,0,0,0,0,0,0,0,0,0,183,183,46090,0,0,0,0,0,0,0,0,0
201899,408,28740, ,Kingston  NY ,193,193,57126,1,2,210,1,4,497,10,53,12927,174,174,51809,1,2,210,1,4,497,0,0,0
201899,408,35300, ,New Haven-Milford  CT ,406,406,86808,24,48,5066,6,18,1751,22,694,71657,322,322,72968,22,44,4642,6,18,1751,8,526,61427
201899,408,35620, ,New York-Newark-Jersey City  NY-NJ-PA ,11077,11077,3047133,841,1682,230844,319,1061,160319,1120,35872,4611490,9714,9714,2688122,775,1550,213909,285,953,149835,850,33213,4335353
201899,408,45940,C,Trenton  NJ ,180,180,36065,5,12,638,10,36,2550,20,273,15733,172,172,32376,4,10,551,2,7,1097,16,235,12612
201899,412,35840,C,North Port-Sarasota-Bradenton  FL ,6383,6383,1590696,18,36,6201,25,93,15527,133,3777,421825,4196,4196,1111683,17,34,6126,7,26,5300,108,3325,384605
201899,412,39460, ,Punta Gorda  FL ,1932,1932,500996,47,94,12552,1,3,718,1,39,14910,1932,1932,500996,47,94,12552,1,3,718,1,39,14910
201899,416,36420,C,Oklahoma City  OK ,5430,5430,1256858,115,230,23573,11,39,4002,3,31,2189,4731,4731,1116881,107,214,21960,11,39,4002,0,0,0
201899,420,36540, ,Omaha-Council Bluffs  NE-IA ,2791,2791,584135,15,30,4633,9,35,3404,45,1932,112711,2765,2765,577529,15,30,4633,9,35,3404,45,1932,112711
201899,422,19660, ,Deltona-Daytona Beach-Ormond Beach  FL ,3382,3382,982006,82,164,26211,1,4,820,11,309,59079,3170,3170,917792,82,164,26211,1,4,820,11,309,59079
201899,422,36740, ,Orlando-Kissimmee-Sanford  FL ,16455,16455,4123007,123,246,33146,15,59,6999,309,12122,1156872,16376,16376,4097041,123,246,33146,15,59,6999,307,12112,1155948
201899,422,45540,C,The Villages  FL ,2076,2076,552266,0,0,0,0,0,0,0,0,0,2076,2076,552266,0,0,0,0,0,0,0,0,0
201899,425,37620, ,Parkersburg-Vienna  WV ,87,87,18015,3,6,760,9,32,3245,0,0,0,74,74,16147,1,2,160,9,32,3245,0,0,0
201899,426,37860,C,Pensacola-Ferry Pass-Brent  FL ,2528,2528,499773,2,4,1000,0,0,0,6,36,360,2528,2528,499773,2,4,1000,0,0,0,6,36,360
201899,427,37900, ,Peoria  IL ,228,228,56700,4,8,1664,0,0,0,2,98,12700,209,209,52938,4,8,1664,0,0,0,2,98,12700
201899,428,12100,C,Atlantic City-Hammonton  NJ ,349,349,90212,1,2,290,0,0,0,18,482,41380,335,335,85738,0,0,0,0,0,0,6,214,5779
201899,428,20100,C,Dover  DE ,1321,1321,197568,7,14,1708,1,3,677,14,121,12173,1301,1301,193361,7,14,1708,1,3,677,11,106,10710
201899,428,36140,C,Ocean City  NJ ,449,449,180345,74,148,25404,4,12,80,2,34,8746,423,423,170771,74,148,25404,4,12,80,2,34,8746
201899,428,37980,C,Philadelphia-Camden-Wilmington  PA-NJ-DE-MD ,6875,6875,1304421,145,290,48569,180,616,71963,259,5375,716367,5842,5842,1132470,107,214,35274,133,453,53190,195,4507,621583
201899,428,39740, ,Reading  PA ,380,380,84057,0,0,0,1,4,588,6,216,18840,379,379,83956,0,0,0,1,4,588,6,216,18840
201899,428,47220,C,Vineland-Bridgeton  NJ ,70,70,7232,0,0,0,1,4,100,0,0,0,57,57,6160,0,0,0,1,4,100,0,0,0
201899,430,38300, ,Pittsburgh  PA ,2977,2977,830525,27,54,7941,23,89,11975,40,917,104638,2727,2727,769309,15,30,4428,21,81,11449,33,697,86599
201899,430,48260, ,Weirton-Steubenville  WV-OH ,24,24,6377,1,2,100,0,0,0,0,0,0,22,22,5594,1,2,100,0,0,0,0,0,0
201899,438,30340, ,Lewiston-Auburn  ME ,177,177,36723,3,6,550,0,0,0,6,117,15016,147,147,31278,3,6,550,0,0,0,6,117,15016
201899,438,38860, ,Portland-South Portland  ME ,1952,1952,485239,46,92,15682,6,21,2812,34,559,57879,1602,1602,422302,39,78,13849,6,21,2812,33,510,52808
201899,440,10540, ,Albany  OR ,446,446,112599,1,2,367,0,0,0,9,92,9710,407,407,104938,1,2,367,0,0,0,4,67,7617
201899,440,18700, ,Corvallis  OR ,103,103,31780,2,4,539,5,17,3252,38,498,58669,103,103,31780,2,4,539,5,17,3252,38,498,58669
201899,440,31020, ,Longview  WA ,294,294,63510,4,8,1499,4,16,2843,0,0,0,280,280,60452,4,8,1499,4,16,2843,0,0,0
201899,440,38900, ,Portland-Vancouver-Hillsboro  OR-WA ,6869,6869,1958974,73,146,27899,33,117,21562,211,7048,898509,6623,6623,1865544,73,146,27899,33,117,21562,200,6938,882513
201899,440,41420, ,Salem  OR ,1168,1168,317641,40,80,13090,10,36,3160,36,400,49324,1148,1148,311919,30,60,9709,7,26,1836,36,400,49324
201899,444,39380,C,Pueblo  CO ,479,479,74234,0,0,0,0,0,0,0,0,0,479,479,74234,0,0,0,0,0,0,0,0,0
201899,450,20500,C,Durham-Chapel Hill  NC ,3289,3289,763369,34,68,6189,0,0,0,50,2059,204434,1264,1264,375818,27,54,4999,0,0,0,5,737,97159
201899,450,39580,C,Raleigh  NC ,11160,11160,2355117,37,74,6170,7,27,4344,128,4689,499729,11074,11074,2343129,37,74,6170,6,24,4179,128,4689,499729
201899,452,39660, ,Rapid City  SD ,532,532,105320,12,24,3168,5,20,1990,13,258,32197,503,503,99561,12,24,3168,5,20,1990,13,258,32197
201899,454,39820, ,Redding  CA ,306,306,78562,0,0,0,0,0,0,0,0,0,168,168,42543,0,0,0,0,0,0,0,0,0
201899,456,16180,C,Carson City  NV ,180,180,46921,0,0,0,0,0,0,8,130,12980,180,180,46921,0,0,0,0,0,0,8,130,12980
201899,456,39900,C,Reno  NV ,2255,2255,616671,10,20,2563,5,20,2166,119,2155,245223,2255,2255,616671,10,20,2563,5,20,2166,119,2155,245223
201899,462,40340, ,Rochester  MN ,690,690,184237,8,16,2928,0,0,0,23,1110,188449,639,639,175312,8,16,2928,0,0,0,23,1110,188449
201899,464,40380, ,Rochester  NY ,1176,1176,251913,9,18,2182,10,36,3962,65,976,81202,1084,1084,236343,9,18,2182,8,30,3644,59,946,79524
201899,466,40420, ,Rockford  IL ,209,209,26084,23,46,6278,3,10,988,0,0,0,207,207,25984,23,46,6278,3,10,988,0,0,0
201899,468,40580, ,Rocky Mount  NC ,235,235,36261,0,0,0,0,0,0,0,0,0,49,49,6456,0,0,0,0,0,0,0,0,0
201899,470,40660,C,Rome  GA ,198,198,32749,0,0,0,3,12,1152,0,0,0,198,198,32749,0,0,0,3,12,1152,0,0,0
201899,472,40900,C,Sacramento--Roseville--Arden-Arcade  CA ,6393,6393,1892554,22,44,7725,3,11,1744,53,1425,191956,6378,6378,1888634,22,44,7725,3,11,1744,53,1425,191956
201899,472,49700, ,Yuba City  CA ,470,470,119037,3,6,576,0,0,0,0,0,0,470,470,119037,3,6,576,0,0,0,0,0,0
201899,474,13020, ,Bay City  MI ,85,85,29838,0,0,0,0,0,0,0,0,0,78,78,28315,0,0,0,0,0,0,0,0,0
201899,474,33220, ,Midland  MI ,84,84,16106,2,4,432,0,0,0,0,0,0,69,69,13558,2,4,432,0,0,0,0,0,0
201899,474,40980, ,Saginaw  MI ,179,179,34917,28,56,6540,6,24,1200,1,74,5148,147,147,27493,3,6,588,6,24,1200,0,0,0
201899,476,41180, ,St. Louis  MO-IL ,5242,5242,1408177,35,70,9412,20,72,8849,63,1954,209176,5020,5020,1358711,35,70,9412,16,60,7411,57,1924,206128
201899,482,36260, ,Ogden-Clearfield  UT ,2816,2816,719536,6,12,1974,61,224,29707,37,620,67045,2728,2728,696790,6,12,1974,61,224,29707,37,620,67045
201899,482,39340, ,Provo-Orem  UT ,5516,5516,1516891,7,14,2274,15,57,9569,68,1254,155121,5479,5479,1505147,7,14,2274,15,57,9569,67,1248,153661
201899,482,41620, ,Salt Lake City  UT ,5391,5391,1337047,129,258,31940,66,239,33070,162,2862,368386,4764,4764,1194959,126,252,30823,60,219,30130,156,2685,344863
201899,488,34900, ,Napa  CA ,102,102,42363,0,0,0,2,8,1600,17,159,34118,53,53,29620,0,0,0,2,8,1600,17,159,34118
201899,488,41860,C,San Francisco-Oakland-Hayward  CA ,4048,4048,1662779,77,154,34311,77,259,70274,219,12960,2596478,3600,3600,1489781,72,144,31056,70,238,64568,170,12317,2465609
201899,488,41940,C,San Jose-Sunnyvale-Santa Clara  CA ,2466,2466,901144,11,22,5518,6,20,4950,117,6236,1111822,2232,2232,842852,11,22,5518,6,20,4950,117,6236,1111822
201899,488,42100, ,Santa Cruz-Watsonville  CA ,238,238,41334,2,4,710,9,30,3445,19,154,14386,49,49,5175,2,4,710,0,0,0,0,0,0
201899,488,42220, ,Santa Rosa  CA ,3169,3169,1045855,15,30,6262,14,52,12094,3,28,1645,3151,3151,1043130,15,30,6262,14,52,12094,3,28,1645
201899,488,44700, ,Stockton-Lodi  CA ,2920,2920,940996,43,86,16371,2,8,758,42,266,45679,2920,2920,940996,43,86,16371,2,8,758,42,266,45679
201899,488,46700, ,Vallejo-Fairfield  CA ,954,954,238449,1,2,370,0,0,0,3,34,2940,942,942,235079,1,2,370,0,0,0,1,24,1400
201899,496,25980, ,Hinesville  GA ,398,398,86467,0,0,0,0,0,0,0,0,0,398,398,86467,0,0,0,0,0,0,0,0,0
201899,496,42340, ,Savannah  GA ,2080,2080,448044,2,4,585,2,8,680,50,1066,179235,2080,2080,448044,2,4,585,2,8,680,50,1066,179235
201899,500,14740,C,Bremerton-Silverdale  WA ,903,903,286243,11,22,3601,3,9,3147,13,215,34686,853,853,273813,11,22,3601,3,9,3147,13,215,34686
201899,500,34580, ,Mount Vernon-Anacortes  WA ,542,542,127960,10,20,2525,1,3,289,1,20,1327,370,370,99701,10,20,2525,1,3,289,1,20,1327
201899,500,36500, ,Olympia-Tumwater  WA ,912,912,248163,3,6,930,13,39,5937,21,793,77488,912,912,248163,3,6,930,13,39,5937,21,793,77488
201899,500,42660,C,Seattle-Tacoma-Bellevue  WA ,9134,9134,3224959,316,632,130265,237,824,160323,388,17596,1999027,8696,8696,3019771,315,630,129961,235,818,159322,383,17555,1995225
201899,512,43580, ,Sioux City  IA-NE-SD ,327,327,85035,6,12,1550,5,16,300,7,113,10119,209,209,51984,6,12,1550,1,4,300,7,113,10119
201899,515,21140, ,Elkhart-Goshen  IN ,351,351,96206,0,0,0,0,0,0,0,0,0,351,351,96206,0,0,0,0,0,0,0,0,0
201899,515,35660, ,Niles-Benton Harbor  MI ,237,237,84533,1,2,110,0,0,0,3,63,7417,185,185,66883,1,2,110,0,0,0,3,63,7417
201899,515,43780, ,South Bend-Mishawaka  IN-MI ,419,419,129028,0,0,0,1,3,1137,16,316,33493,409,409,126980,0,0,0,1,3,1137,13,268,31973
201899,518,17660, ,Coeur dAlene  ID ,1658,1658,392561,10,20,4070,3,12,1008,23,520,53920,1606,1606,382100,8,16,3546,3,12,1008,22,515,53563
201899,518,44060, ,Spokane-Spokane Valley  WA ,1944,1944,483931,101,202,34911,19,63,7964,50,965,110918,1562,1562,385290,94,188,32537,11,37,4740,26,530,59755
201899,520,44180, ,Springfield  MO ,1333,1333,316289,31,62,8279,0,0,0,15,558,72232,1021,1021,243379,21,42,6423,0,0,0,15,558,72232
201899,521,44140, ,Springfield  MA ,492,492,124836,15,30,3496,1,3,264,3,134,23546,369,369,99321,15,30,3496,1,3,264,3,134,23546
201899,522,44100, ,Springfield  IL ,193,193,53386,18,36,8492,0,0,0,12,277,22531,176,176,49474,18,36,8492,0,0,0,12,277,22531
201899,524,44300, ,State College  PA ,265,265,74200,19,38,7225,1,4,480,1,21,1500,264,264,73950,19,38,7225,1,4,480,1,21,1500
201899,532,45060, ,Syracuse  NY ,570,570,121170,1,2,90,5,19,2671,5,147,20327,505,505,105792,1,2,90,5,19,2671,5,147,20327
201899,533,45220, ,Tallahassee  FL ,2073,2073,201070,7,14,1551,0,0,0,42,1114,139967,497,497,90290,0,0,0,0,0,0,0,0,0
201899,534,45780, ,Toledo  OH ,785,785,196654,13,26,2240,17,65,6260,20,220,13727,762,762,193860,13,26,2240,17,65,6260,19,215,13327
201899,536,46060,C,Tucson  AZ ,3240,3240,894437,11,22,3240,5,20,2483,56,1122,164973,3240,3240,894437,11,22,3240,5,20,2483,56,1122,164973
201899,538,46140,C,Tulsa  OK ,2845,2845,635728,19,38,12781,4,16,1094,28,513,49453,2816,2816,631894,19,38,12781,4,16,1094,28,513,49453
201899,540,46340, ,Tyler  TX ,478,478,132898,51,102,12889,23,75,13751,1,5,735,469,469,131779,51,102,12889,23,75,13751,1,5,735
201899,544,47020, ,Victoria  TX ,70,70,14816,0,0,0,0,0,0,0,0,0,70,70,14816,0,0,0,0,0,0,0,0,0
201899,545,47260, ,Virginia Beach-Norfolk-Newport News  VA-NC ,4168,4168,921763,15,30,3703,14,52,8585,58,1354,105184,3868,3868,889197,15,30,3703,14,52,8585,57,1334,103510
201899,546,25260, ,Hanford-Corcoran  CA ,294,294,79924,1,2,278,15,56,4200,0,0,0,294,294,79924,1,2,278,15,56,4200,0,0,0
201899,546,47300, ,Visalia-Porterville  CA ,1206,1206,259018,11,22,1853,2,8,1188,40,292,30364,1206,1206,259018,11,22,1853,2,8,1188,40,292,30364
201899,548,12580,C,Baltimore-Columbia-Towson  MD ,5361,5361,1090403,3,6,947,0,0,0,58,3920,556409,5361,5361,1090403,3,6,947,0,0,0,58,3920,556409
201899,548,15680,C,California-Lexington Park  MD ,871,871,177750,0,0,0,0,0,0,6,60,1183,871,871,177750,0,0,0,0,0,0,6,60,1183
201899,548,16540,C,Chambersburg-Waynesboro  PA ,349,349,73955,2,4,581,0,0,0,7,70,8033,346,346,73171,2,4,581,0,0,0,7,70,8033
201899,548,25180, ,Hagerstown-Martinsburg  MD-WV ,1363,1363,281038,3,6,685,0,0,0,1,24,1700,1361,1361,280888,3,6,685,0,0,0,1,24,1700
201899,548,47900, ,Washington-Arlington-Alexandria  DC-VA-MD-WV ,13588,13588,3277995,47,94,12622,11,38,24413,187,12037,1356817,13310,13310,3185672,47,94,12622,11,38,24413,182,11912,1350190
201899,548,49020, ,Winchester  VA-WV ,605,605,140556,2,4,800,15,57,6949,28,268,32257,585,585,133535,2,4,800,13,49,5891,24,138,18214
201899,554,48140, ,Wausau  WI ,274,274,64338,11,22,2623,3,12,1260,0,0,0,273,273,63848,11,22,2623,3,12,1260,0,0,0
201899,556,48620, ,Wichita  KS ,1223,1223,255159,228,456,39610,17,62,12556,12,217,14124,592,592,144563,149,298,26432,13,50,11606,2,72,3978
201899,558,48700, ,Williamsport  PA ,103,103,26825,4,8,1220,2,6,510,3,23,1955,103,103,26825,4,8,1220,2,6,510,3,23,1955
201899,566,49660, ,Youngstown-Warren-Boardman  OH-PA ,366,366,81096,4,8,960,0,0,0,0,0,0,359,359,79889,4,8,960,0,0,0,0,0,0
201899,999,10180, ,Abilene  TX ,335,335,73056,11,22,1811,0,0,0,0,0,0,334,334,72829,11,22,1811,0,0,0,0,0,0
201899,999,10500, ,Albany  GA ,170,170,22277,0,0,0,1,3,135,3,15,1511,148,148,19231,0,0,0,0,0,0,0,0,0
201899,999,10780, ,Alexandria  LA ,289,289,64223,8,16,1022,0,0,0,0,0,0,245,245,52353,8,16,1022,0,0,0,0,0,0
201899,999,11020, ,Altoona  PA ,101,101,20721,0,0,0,0,0,0,0,0,0,101,101,20721,0,0,0,0,0,0,0,0,0
201899,999,11260,C,Anchorage  AK ,938,938,290469,31,62,10601,14,51,8696,20,208,32244,69,69,18238,31,62,10601,1,3,359,1,42,6000
201899,999,11500, ,Anniston-Oxford-Jacksonville  AL ,66,66,10158,0,0,0,1,4,800,0,0,0,55,55,8399,0,0,0,1,4,800,0,0,0
201899,999,12260, ,Augusta-Richmond County  GA-SC ,2584,2584,515387,1,2,180,9,33,2264,18,248,14015,2172,2172,444417,0,0,0,9,33,2264,11,88,4216
201899,999,12420, ,Austin-Round Rock  TX ,17030,17030,4098877,50,100,9981,17,65,12454,371,12840,1094362,15312,15312,3747092,50,100,9981,17,65,12454,371,12840,1094362
201899,999,12540, ,Bakersfield  CA ,2073,2073,436309,54,108,13742,18,65,7192,25,206,31233,1935,1935,431488,15,30,2939,2,7,841,15,154,26179
201899,999,12620, ,Bangor  ME ,228,228,43315,3,6,468,4,15,751,1,12,1809,178,178,36073,3,6,468,4,15,751,1,12,1809
201899,999,12940,C,Baton Rouge  LA ,3509,3509,719710,6,12,1170,0,0,0,10,401,40338,3359,3359,689253,5,10,1095,0,0,0,10,401,40338
201899,999,13140, ,Beaumont-Port Arthur  TX ,1200,1200,171594,30,60,6739,1,4,417,6,140,12583,705,705,144362,28,56,6499,1,4,417,6,140,12583
201899,999,13220,C,Beckley  WV ,86,86,14793,0,0,0,0,0,0,0,0,0,85,85,14665,0,0,0,0,0,0,0,0,0
201899,999,13380, ,Bellingham  WA ,767,767,201599,38,76,12134,13,42,6335,34,579,59952,767,767,201599,38,76,12134,13,42,6335,34,579,59952
201899,999,13740, ,Billings  MT ,1158,1158,140407,10,20,3329,0,0,0,11,298,28339,576,576,117438,8,16,2715,0,0,0,9,136,6264
201899,999,13780, ,Binghamton  NY ,93,93,17535,0,0,0,4,16,1333,16,206,16273,70,70,13252,0,0,0,0,0,0,1,48,8994
201899,999,13900, ,Bismarck  ND ,383,383,87198,13,26,4872,4,15,2672,4,109,13716,333,333,72362,13,26,4872,4,15,2672,3,96,11780
201899,999,13980, ,Blacksburg-Christiansburg-Radford  VA ,435,435,87133,2,4,290,0,0,0,7,127,8827,313,313,57068,2,4,290,0,0,0,0,0,0
201899,999,15260, ,Brunswick  GA ,640,640,180635,0,0,0,0,0,0,1,12,1034,11,11,2167,0,0,0,0,0,0,1,12,1034
201899,999,15540, ,Burlington-South Burlington  VT ,447,447,110742,27,54,9011,17,60,6091,19,603,66503,379,379,94256,26,52,8744,17,60,6091,17,590,65248
201899,999,16060, ,Carbondale-Marion  IL ,196,196,26681,3,6,460,4,16,1110,4,20,1139,178,178,23908,3,6,460,3,12,830,4,20,1139
201899,999,16220, ,Casper  WY ,140,140,31105,10,20,1756,1,4,470,1,10,1221,135,135,29619,10,20,1756,1,4,470,0,0,0
201899,999,16580, ,Champaign-Urbana  IL ,345,345,86343,8,16,2703,17,65,10492,38,1080,143460,345,345,86343,8,16,2703,17,65,10492,38,1080,143460
201899,999,16700,C,Charleston-North Charleston  SC ,4787,4787,1412155,0,0,0,4,16,1270,77,2199,154095,3746,3746,1228560,0,0,0,4,16,1270,47,1446,125365
201899,999,16820, ,Charlottesville  VA ,1028,1028,276867,9,18,897,0,0,0,22,569,64889,930,930,246471,9,18,897,0,0,0,20,526,60055
201899,999,16940, ,Cheyenne  WY ,391,391,73439,0,0,0,15,51,4526,8,97,8221,391,391,73439,0,0,0,15,51,4526,8,97,8221
201899,999,17020, ,Chico  CA ,595,595,128665,11,22,2459,3,12,1467,7,74,8573,569,569,121980,11,22,2459,3,12,1467,7,74,8573
201899,999,17300,C,Clarksville  TN-KY ,1516,1516,241693,9,18,1282,30,116,6587,22,153,9454,1444,1444,231662,9,18,1282,30,116,6587,22,153,9454
201899,999,17780, ,College Station-Bryan  TX ,1023,1023,195487,9,18,2620,3,11,2055,28,804,73110,1023,1023,195487,9,18,2620,3,11,2055,28,804,73110
201899,999,17820,C,Colorado Springs  CO ,4229,4229,1612595,4,8,2068,6,24,3163,61,1473,212870,4229,4229,1612595,4,8,2068,6,24,3163,61,1473,212870
201899,999,18880,C,Crestview-Fort Walton Beach-Destin  FL ,2087,2087,839353,2,4,612,49,156,26257,14,138,37568,2087,2087,839353,2,4,612,49,156,26257,14,138,37568
201899,999,19060, ,Cumberland  MD-WV ,67,67,13372,0,0,0,0,0,0,0,0,0,67,67,13372,0,0,0,0,0,0,0,0,0
201899,999,19180, ,Danville  IL ,11,11,1670,1,2,100,3,12,2000,1,40,2500,10,10,1570,1,2,100,3,12,2000,1,40,2500
201899,999,19500, ,Decatur  IL ,35,35,8898,1,2,300,0,0,0,0,0,0,35,35,8898,1,2,300,0,0,0,0,0,0
201899,999,20220, ,Dubuque  IA ,228,228,74177,10,20,2619,1,3,500,3,71,6725,224,224,72953,10,20,2619,1,3,500,3,71,6725
201899,999,20260, ,Duluth  MN-WI ,535,535,112170,4,8,1087,1,4,701,11,189,19633,492,492,101075,4,8,1087,1,4,701,11,189,19633
201899,999,20940, ,El Centro  CA ,274,274,51909,1,2,170,0,0,0,12,124,8337,274,274,51909,1,2,170,0,0,0,12,124,8337
201899,999,21420, ,Enid  OK ,43,43,8124,0,0,0,0,0,0,0,0,0,43,43,8124,0,0,0,0,0,0,0,0,0
201899,999,21660, ,Eugene  OR ,814,814,196511,30,60,9091,2,8,1089,34,507,61289,581,581,136230,30,60,9091,2,8,1089,34,507,61289
201899,999,21780, ,Evansville  IN-KY ,536,536,122060,21,42,4992,2,8,1010,1,10,400,536,536,122060,15,30,4452,2,8,1010,1,10,400
201899,999,21820,C,Fairbanks  AK ,13,13,3483,0,0,0,0,0,0,0,0,0,13,13,3483,0,0,0,0,0,0,0,0,0
201899,999,22140,C,Farmington  NM ,67,67,15385,2,4,394,0,0,0,0,0,0,64,64,14822,2,4,394,0,0,0,0,0,0
201899,999,22220, ,Fayetteville-Springdale-Rogers  AR-MO ,3836,3836,943992,45,90,9172,27,100,13750,68,1544,166884,3391,3391,851414,45,90,9172,27,100,13750,51,1278,144623
201899,999,22380, ,Flagstaff  AZ ,657,657,127884,2,4,555,1,4,1500,0,0,0,657,657,127884,2,4,555,1,4,1500,0,0,0
201899,999,22500, ,Florence  SC ,521,521,77085,5,10,819,1,3,453,3,28,1844,508,508,75180,5,10,819,1,3,453,3,28,1844
201899,999,22520, ,Florence-Muscle Shoals  AL ,254,254,30642,3,6,220,3,12,640,8,63,2605,80,80,10508,3,6,220,3,12,640,8,63,2605
201899,999,22540, ,Fond du Lac  WI ,149,149,39927,0,0,0,0,0,0,3,126,4573,145,145,39467,0,0,0,0,0,0,3,126,4573
201899,999,22660,C,Fort Collins  CO ,1679,1679,468723,24,48,7938,7,26,4079,48,1191,165060,1679,1679,468723,24,48,7938,7,26,4079,48,1191,165060
201899,999,22900, ,Fort Smith  AR-OK ,399,399,65606,75,150,16838,14,49,2502,0,0,0,339,339,58109,70,140,15993,10,37,2002,0,0,0
201899,999,23460, ,Gadsden  AL ,104,104,16901,0,0,0,0,0,0,0,0,0,66,66,9539,0,0,0,0,0,0,0,0,0
201899,999,24140, ,Goldsboro  NC ,269,269,50068,3,6,660,0,0,0,0,0,0,268,268,49768,3,6,660,0,0,0,0,0,0
201899,999,24220, ,Grand Forks  ND-MN ,254,254,62278,5,10,2412,0,0,0,2,91,6735,213,213,53870,3,6,1712,0,0,0,2,91,6735
201899,999,24260, ,Grand Island  NE ,166,166,34557,5,10,995,4,13,1176,3,16,1230,138,138,30155,5,10,995,4,13,1176,2,11,938
201899,999,24300,C,Grand Junction  CO ,822,822,128485,4,8,938,0,0,0,0,0,0,822,822,128485,4,8,938,0,0,0,0,0,0
201899,999,24500,C,Great Falls  MT ,132,132,33852,0,0,0,0,0,0,1,12,968,132,132,33852,0,0,0,0,0,0,1,12,968
201899,999,25060, ,Gulfport-Biloxi-Pascagoula  MS ,1921,1921,336863,9,18,2638,9,31,3111,24,189,11951,1354,1354,255401,3,6,1348,0,0,0,11,88,3400
201899,999,25620, ,Hattiesburg  MS ,102,102,18895,2,4,360,0,0,0,0,0,0,102,102,18895,2,4,360,0,0,0,0,0,0
201899,999,25940, ,Hilton Head Island-Bluffton-Beaufort  SC ,2308,2308,803526,0,0,0,1,4,1303,2,24,4300,1139,1139,402234,0,0,0,1,4,1303,2,24,4300
201899,999,26140, ,Homosassa Springs  FL ,884,884,178006,0,0,0,0,0,0,0,0,0,884,884,178006,0,0,0,0,0,0,0,0,0
201899,999,26380, ,Houma-Thibodaux  LA ,475,475,114771,11,22,1660,2,8,698,0,0,0,475,475,114771,11,22,1660,2,8,698,0,0,0
201899,999,27100, ,Jackson  MI ,156,156,31861,0,0,0,4,16,850,0,0,0,110,110,24574,0,0,0,4,16,850,0,0,0
201899,999,27340,C,Jacksonville  NC ,1018,1018,151931,9,18,1377,0,0,0,0,0,0,1010,1010,150771,8,16,1253,0,0,0,0,0,0
201899,999,27620, ,Jefferson City  MO ,225,225,43008,8,16,2355,2,8,607,0,0,0,156,156,32705,8,16,2355,2,8,607,0,0,0
201899,999,27980,C,Kahului-Wailuku-Lahaina  HI ,372,372,131905,14,28,9676,7,28,7256,33,410,91552,372,372,131905,14,28,9676,7,28,7256,33,410,91552
201899,999,28420,C,Kennewick-Richland  WA ,1558,1558,459687,22,44,7603,3,9,1510,10,290,29184,1541,1541,454346,22,44,7603,3,9,1510,10,290,29184
201899,999,28660,C,Killeen-Temple  TX ,2070,2070,376393,136,272,21275,0,0,0,6,118,9602,2069,2069,375984,136,272,21275,0,0,0,6,118,9602
201899,999,29100, ,La Crosse-Onalaska  WI-MN ,191,191,53712,15,30,4230,1,4,580,12,369,43378,190,190,53503,15,30,4230,1,4,580,11,364,43005
201899,999,29460, ,Lakeland-Winter Haven  FL ,5331,5331,1092544,0,0,0,0,0,0,0,0,0,5326,5326,1092019,0,0,0,0,0,0,0,0,0
201899,999,29540, ,Lancaster  PA ,966,966,195915,20,40,7445,7,28,3427,23,217,33109,954,954,192962,20,40,7445,7,28,3427,23,217,33109
201899,999,29700, ,Laredo  TX ,1078,1078,150195,38,76,2769,11,34,1326,27,187,13120,1078,1078,150195,38,76,2769,11,34,1326,27,187,13120
201899,999,30020, ,Lawton  OK ,68,68,13582,0,0,0,0,0,0,0,0,0,62,62,12389,0,0,0,0,0,0,0,0,0
201899,999,30300, ,Lewiston  ID-WA ,108,108,26513,6,12,1925,0,0,0,0,0,0,80,80,20024,6,12,1925,0,0,0,0,0,0
201899,999,30860, ,Logan  UT-ID ,712,712,186487,1,2,315,39,143,12026,50,354,40632,629,629,172965,1,2,315,5,20,1710,30,196,26443
201899,999,31340, ,Lynchburg  VA ,271,271,57447,5,10,1110,2,6,1000,11,143,10004,260,260,54594,5,10,1110,2,6,1000,11,143,10004
201899,999,33540,C,Missoula  MT ,459,459,98812,16,32,4391,10,38,2836,8,160,14555,459,459,98812,16,32,4391,10,38,2836,8,160,14555
201899,999,33860, ,Montgomery  AL ,654,654,138587,0,0,0,0,0,0,0,0,0,654,654,138587,0,0,0,0,0,0,0,0,0
201899,999,36100, ,Ocala  FL ,2726,2726,428749,17,34,1910,17,57,2580,0,0,0,2726,2726,428749,17,34,1910,17,57,2580,0,0,0
201899,999,36980, ,Owensboro  KY ,231,231,23066,1,2,173,0,0,0,2,25,2800,231,231,23066,1,2,173,0,0,0,2,25,2800
201899,999,37340, ,Palm Bay-Melbourne-Titusville  FL ,2362,2362,776288,3,6,881,1,4,2810,23,586,80750,2332,2332,764357,3,6,881,1,4,2810,23,586,80750
201899,999,37460, ,Panama City  FL ,1104,1104,308848,47,94,13233,5,19,2686,37,451,46169,545,545,155174,20,40,5180,2,7,1080,7,47,7609
201899,999,38060,C,Phoenix-Mesa-Scottsdale  AZ ,23526,23526,6294098,233,466,47800,60,203,38940,223,7148,1069304,22450,22450,5984830,232,464,47559,59,200,38454,199,6822,1021625
201899,999,38340, ,Pittsfield  MA ,87,87,46407,0,0,0,0,0,0,4,175,35004,37,37,22617,0,0,0,0,0,0,2,53,14806
201899,999,38540, ,Pocatello  ID ,372,372,44615,2,4,462,7,28,1540,0,0,0,371,371,44495,2,4,462,7,28,1540,0,0,0
201899,999,39140, ,Prescott  AZ ,1696,1696,446465,28,56,8121,5,18,1731,18,309,32989,1696,1696,446465,28,56,8121,5,18,1731,18,309,32989
201899,999,40060, ,Richmond  VA ,4498,4498,881258,129,258,13422,32,121,14264,31,1184,91035,4451,4451,874904,129,258,13422,32,121,14264,31,1184,91035
201899,999,40220, ,Roanoke  VA ,432,432,101116,1,2,120,0,0,0,1,81,8136,400,400,95653,0,0,0,0,0,0,0,0,0
201899,999,41100, ,St. George  UT ,2351,2351,474859,9,18,1587,63,238,30680,25,282,28093,2277,2277,457292,9,18,1587,34,122,11568,24,275,27132
201899,999,41500, ,Salinas  CA ,571,571,187469,3,6,1032,4,14,3220,8,141,33553,485,485,148529,3,6,1032,4,14,3220,7,134,32696
201899,999,41540, ,Salisbury  MD-DE ,3271,3271,492221,63,126,17444,25,95,8985,22,150,16775,3271,3271,492221,63,126,17444,25,95,8985,22,150,16775
201899,999,41660,C,San Angelo  TX ,262,262,56755,0,0,0,0,0,0,0,0,0,262,262,56755,0,0,0,0,0,0,0,0,0
201899,999,41700,C,San Antonio-New Braunfels  TX ,8013,8013,1695288,53,106,8998,5,18,1618,151,3360,295982,7272,7272,1584280,52,104,8815,4,14,1270,136,2961,262113
201899,999,41740,C,San Diego-Carlsbad  CA ,3489,3489,1142662,76,152,30160,152,526,96177,282,5667,941177,3475,3475,1137269,76,152,30160,148,514,95702,281,5657,939777
201899,999,42020, ,San Luis Obispo-Paso Robles-Arroyo Grande  CA ,692,692,221713,2,4,284,21,75,12139,33,279,36170,273,273,62430,2,4,284,16,60,9125,21,174,25123
201899,999,42200, ,Santa Maria-Santa Barbara  CA ,631,631,170852,60,120,7840,5,16,1751,12,161,24418,587,587,161063,60,120,7840,5,16,1751,12,161,24418
201899,999,42540, ,Scranton--Wilkes-Barre--Hazleton  PA ,487,487,115811,7,14,1875,5,20,620,3,32,1600,484,484,115073,7,14,1875,5,20,620,3,32,1600
201899,999,42700, ,Sebring  FL ,211,211,50986,5,10,1848,13,50,2250,0,0,0,211,211,50986,5,10,1848,13,50,2250,0,0,0
201899,999,43100, ,Sheboygan  WI ,177,177,47067,3,6,1179,0,0,0,1,8,680,177,177,47067,3,6,1179,0,0,0,1,8,680
201899,999,43340, ,Shreveport-Bossier City  LA ,1219,1219,232444,0,0,0,0,0,0,0,0,0,1186,1186,224905,0,0,0,0,0,0,0,0,0
201899,999,43420, ,Sierra Vista-Douglas  AZ ,212,212,38459,0,0,0,0,0,0,3,15,1448,209,209,38004,0,0,0,0,0,0,0,0,0
201899,999,43620, ,Sioux Falls  SD ,1380,1380,290394,8,16,2218,14,54,4930,49,938,94100,1351,1351,284138,7,14,1918,12,46,4511,49,938,94100
201899,999,44940,C,Sumter  SC ,279,279,35594,0,0,0,0,0,0,0,0,0,279,279,35594,0,0,0,0,0,0,0,0,0
201899,999,45300,C,Tampa-St. Petersburg-Clearwater  FL ,14228,14228,4168473,33,66,9234,22,72,9338,92,3086,432837,14201,14201,4159943,30,60,8394,22,72,9338,83,3041,419712
201899,999,45460, ,Terre Haute  IN ,85,85,10334,9,18,1352,0,0,0,1,27,2340,63,63,8110,9,18,1352,0,0,0,1,27,2340
201899,999,45500, ,Texarkana  TX-AR ,83,83,17411,4,8,265,0,0,0,2,100,2850,20,20,3439,4,8,265,0,0,0,2,100,2850
201899,999,45820, ,Topeka  KS ,330,330,66393,13,26,3065,0,0,0,0,0,0,327,327,66085,13,26,3065,0,0,0,0,0,0
201899,999,46220, ,Tuscaloosa  AL ,578,578,145284,6,12,2850,11,40,5969,23,417,78360,344,344,86535,0,0,0,2,7,1353,3,117,49300
201899,999,46520,C,Urban Honolulu  HI ,983,983,366640,0,0,0,0,0,0,32,1427,279200,983,983,366640,0,0,0,0,0,0,32,1427,279200
201899,999,46540, ,Utica-Rome  NY ,183,183,33954,2,4,380,0,0,0,3,88,19200,144,144,27136,1,2,200,0,0,0,3,88,19200
201899,999,46660, ,Valdosta  GA ,1039,1039,185256,2,4,313,0,0,0,5,83,8152,463,463,90696,1,2,180,0,0,0,0,0,0
201899,999,47380, ,Waco  TX ,764,764,161747,19,38,3910,1,3,375,1,45,3600,744,744,160060,19,38,3910,1,3,375,1,45,3600
201899,999,47460, ,Walla Walla  WA ,225,225,57477,0,0,0,0,0,0,0,0,0,215,215,56477,0,0,0,0,0,0,0,0,0
201899,999,47940, ,Waterloo-Cedar Falls  IA ,261,261,64384,2,4,775,0,0,0,8,70,7529,232,232,57125,2,4,775,0,0,0,7,65,7129
201899,999,48060, ,Watertown-Fort Drum  NY ,138,138,14606,0,0,0,0,0,0,0,0,0,135,135,14442,0,0,0,0,0,0,0,0,0
201899,999,48300, ,Wenatchee  WA ,626,626,142978,5,10,1530,0,0,0,8,171,15736,607,607,139853,5,10,1530,0,0,0,8,171,15736
201899,999,48540, ,Wheeling  WV-OH ,9,9,1435,2,4,300,1,3,270,1,100,12500,8,8,1327,2,4,300,1,3,270,1,100,12500
201899,999,48660, ,Wichita Falls  TX ,117,117,26725,4,8,420,0,0,0,8,195,17999,117,117,26725,4,8,420,0,0,0,8,195,17999
201899,999,48900, ,Wilmington  NC ,1868,1868,521252,16,32,7005,5,20,1956,16,530,77891,1290,1290,405914,12,24,4802,5,20,1956,14,473,69781
201899,999,49420, ,Yakima  WA ,480,480,111572,16,32,4670,14,51,7210,2,15,1609,452,452,106541,16,32,4670,14,51,7210,2,15,1609
201899,999,49740, ,Yuma  AZ ,1011,1011,160289,2,4,262,0,0,0,0,0,0,1011,1011,160289,2,4,262,0,0,0,0,0,0
