Survey,CSA,CBSA,MONCOV,CBSA,,1-unit,,,2-units,,,3-4 units,,,5+ units,,,1-unit rep,,,2-units rep,,,3-4 units rep,,,5+ units rep
Date,Code,Code,,Name,Bldgs,Units,Value,Bldgs,Units,Value,Bldgs,Units,Value,Bldgs,Units,Value,Bldgs,Units,Value,Bldgs,Units,Value,      Bldgs,Units,Value,Bldgs,Units,Value
 
200999,102,18700, ,Corvallis  OR ,96,96,23688,0,0,0,0,0,0,0,0,0,96,96,23688,0,0,0,0,0,0,0,0,0
200999,104,10580, ,Albany-Schenectady-Troy  NY ,1109,1109,250581,14,28,2860,16,63,5398,17,180,7461,998,998,236075,13,26,2770,16,63,5398,17,180,7461
200999,104,24020, ,Glens Falls  NY ,282,282,41370,6,12,1426,2,7,363,2,24,1200,259,259,39235,6,12,1426,1,4,250,2,24,1200
200999,112,11180, ,Ames  IA ,122,122,25604,0,0,0,0,0,0,0,0,0,107,107,22467,0,0,0,0,0,0,0,0,0
200999,118,11540, ,Appleton  WI ,421,421,79328,32,64,7123,0,0,0,4,32,1500,391,391,71366,32,64,7123,0,0,0,4,32,1500
200999,118,36780, ,Oshkosh-Neenah  WI ,263,263,47693,8,16,1899,1,4,352,13,118,10898,240,240,43948,8,16,1899,1,4,352,13,118,10898
200999,120,11700, ,Asheville  NC ,1171,1171,252305,2,4,665,2,6,1000,17,284,13550,1038,1038,224431,2,4,665,0,0,0,17,284,13550
200999,122,12060,C,Atlanta-Sandy Springs-Marietta  GA ,5421,5421,938871,4,8,1959,28,110,12066,36,994,105936,5177,5177,893030,4,8,1959,28,110,12066,34,984,104190
200999,122,23580, ,Gainesville  GA ,237,237,37996,1,2,150,0,0,0,0,0,0,237,237,37996,1,2,150,0,0,0,0,0,0
200999,132,12940, ,Baton Rouge  LA ,2834,2834,444789,4,8,632,2,7,582,6,72,5866,2543,2543,412139,3,6,551,1,4,362,6,72,5866
200999,140,13460,C,Bend  OR ,348,348,96423,1,2,350,0,0,0,1,26,2767,348,348,96423,1,2,350,0,0,0,1,26,2767
200999,142,13820,C,Birmingham-Hoover  AL ,1683,1683,282759,9,18,1130,15,50,5257,7,56,4086,1656,1656,279073,9,18,1130,15,50,5257,7,56,4086
200999,148,14460,C,Boston-Cambridge-Quincy  MA-NH ,3073,3073,774396,96,192,24750,47,163,24844,133,2048,233718,2632,2632,683323,87,174,22921,41,145,22772,74,1698,202283
200999,148,31700, ,Manchester-Nashua  NH ,321,321,66315,4,8,909,22,88,6901,12,96,9862,288,288,60515,4,8,909,22,88,6901,8,75,8499
200999,148,49340, ,Worcester  MA ,973,973,166153,6,12,1317,15,45,3648,15,389,23122,712,712,122904,3,6,728,15,45,3648,12,374,22467
200999,154,15180, ,Brownsville-Harlingen  TX ,939,939,98960,18,36,3485,15,59,3131,5,71,19982,907,907,93440,17,34,2635,13,52,2518,3,20,772
200999,160,15380, ,Buffalo-Niagara Falls  NY ,993,993,198075,25,50,3940,1,4,415,5,320,25298,957,957,191386,25,50,3940,1,4,415,4,220,22003
200999,164,16020, ,Cape Girardeau-Jackson  MO-IL ,66,66,9800,8,16,1625,0,0,0,6,72,4613,66,66,9800,8,16,1625,0,0,0,6,72,4613
200999,172,16740,C,Charlotte-Gastonia-Concord  NC-SC ,4426,4426,888015,20,40,3497,8,32,2618,101,2593,204821,3282,3282,606877,20,40,3497,8,32,2618,92,2547,201242
200999,174,16860, ,Chattanooga  TN-GA ,994,994,145593,26,52,3407,4,13,515,9,67,7581,770,770,114807,17,34,2582,1,4,245,1,23,3500
200999,174,17420, ,Cleveland  TN ,262,262,38399,9,18,1017,18,71,3468,0,0,0,262,262,38399,9,18,1017,18,71,3468,0,0,0
200999,176,16980,C,Chicago-Naperville-Joliet  IL-IN-WI ,4383,4383,1096825,51,102,12694,52,167,30711,85,1445,254719,3999,3999,1015519,45,90,11109,52,167,30711,61,1235,238388
200999,176,28100, ,Kankakee-Bradley  IL ,94,94,19970,1,2,240,0,0,0,0,0,0,94,94,19970,1,2,240,0,0,0,0,0,0
200999,176,33140, ,Michigan City-La Porte  IN ,114,114,22126,0,0,0,0,0,0,2,24,900,114,114,22126,0,0,0,0,0,0,2,24,900
200999,178,17140,C,Cincinnati-Middletown  OH-KY-IN ,3109,3109,534242,17,34,2848,20,77,7249,26,295,24482,3061,3061,525495,13,26,2076,20,77,7249,26,295,24482
200999,184,10420, ,Akron  OH ,670,670,110215,2,4,339,6,18,1196,9,49,1731,605,605,103181,2,4,339,3,9,990,0,0,0
200999,184,17460,C,Cleveland-Elyria-Mentor  OH ,1809,1809,336442,3,6,613,9,32,3835,22,222,10822,1634,1634,311076,3,6,613,7,26,3562,16,192,7640
200999,192,17900,C,Columbia  SC ,2583,2583,367069,0,0,0,0,0,0,46,915,63685,1691,1691,260074,0,0,0,0,0,0,33,734,53468
200999,194,12220,C,Auburn-Opelika  AL ,650,650,127322,2,4,431,2,8,1037,51,591,53115,650,650,127322,2,4,431,2,8,1037,51,591,53115
200999,194,17980, ,Columbus  GA-AL ,881,881,143055,4,8,583,6,19,863,20,300,20139,513,513,95652,2,4,252,0,0,0,9,208,13163
200999,198,18140,C,Columbus  OH ,2574,2574,548378,16,32,6405,43,161,16505,93,1292,77980,2478,2478,529052,16,32,6405,43,161,16505,93,1292,77980
200999,204,18580, ,Corpus Christi  TX ,1049,1049,131497,3,6,220,1,4,233,17,91,9494,961,961,114950,3,6,220,0,0,0,15,80,8648
200999,206,19100,C,Dallas-Fort Worth-Arlington  TX ,14141,14141,3060171,99,198,21705,26,98,6891,234,5933,489735,13742,13742,2998017,99,198,21705,26,98,6891,222,5779,482361
200999,212,19380, ,Dayton  OH ,770,770,163084,2,4,540,0,0,0,8,74,10324,759,759,161161,2,4,540,0,0,0,8,74,10324
200999,212,44220, ,Springfield  OH ,69,69,10350,0,0,0,0,0,0,0,0,0,69,69,10350,0,0,0,0,0,0,0,0,0
200999,216,14500, ,Boulder  CO ,136,136,43254,3,6,730,5,17,2183,14,186,18768,136,136,43254,3,6,730,5,17,2183,14,186,18768
200999,216,19740,C,Denver-Aurora-Broomfield  CO ,2723,2723,650954,46,92,14164,5,18,2482,32,1279,124081,2711,2711,647882,46,92,14164,5,18,2482,32,1279,124081
200999,218,19780,C,Des Moines-West Des Moines  IA ,1799,1799,355042,5,10,1405,8,29,4861,26,640,58735,1784,1784,352318,5,10,1405,8,29,4861,26,640,58735
200999,220,11460, ,Ann Arbor  MI ,210,210,40739,1,2,98,0,0,0,8,41,3104,145,145,32793,1,2,98,0,0,0,1,6,990
200999,220,19820,C,Detroit-Warren-Livonia  MI ,1261,1261,285742,1,2,306,12,37,3431,2,33,4961,1147,1147,271159,1,2,306,9,28,2716,2,33,4961
200999,220,22420, ,Flint  MI ,83,83,13998,1,2,94,0,0,0,2,64,6125,83,83,13998,1,2,94,0,0,0,2,64,6125
200999,220,33780, ,Monroe  MI ,80,80,14415,0,0,0,0,0,0,0,0,0,61,61,10174,0,0,0,0,0,0,0,0,0
200999,222,20020, ,Dothan  AL ,281,281,53677,0,0,0,2,8,1088,8,48,4352,276,276,53028,0,0,0,2,8,1088,8,48,4352
200999,232,20740, ,Eau Claire  WI ,311,311,47063,30,60,4868,6,24,1200,1,26,850,299,299,44587,30,60,4868,6,24,1200,1,26,850
200999,244,22020, ,Fargo  ND-MN ,803,803,123704,1,2,320,0,0,0,20,873,22579,802,802,123621,1,2,320,0,0,0,20,873,22579
200999,252,22540, ,Fond du Lac  WI ,118,118,22510,1,2,330,1,4,441,8,80,6380,110,110,21371,1,2,330,1,4,441,8,80,6380
200999,258,23060,C,Fort Wayne  IN ,764,764,132728,0,0,0,3,11,1680,9,109,6570,764,764,132728,0,0,0,3,11,1680,9,109,6570
200999,260,23420, ,Fresno  CA ,2068,2068,350060,2,4,473,14,50,7120,15,106,6953,1830,1830,312843,2,4,473,9,34,5685,14,101,6494
200999,260,31460, ,Madera-Chowchilla  CA ,68,68,12890,2,4,367,12,48,3534,0,0,0,68,68,12890,2,4,367,12,48,3534,0,0,0
200999,266,24340,C,Grand Rapids-Wyoming  MI ,767,767,132479,3,6,818,1,4,360,1,15,1000,642,642,118166,3,6,818,1,4,360,1,15,1000
200999,266,26100, ,Holland-Grand Haven  MI ,361,361,70673,2,4,518,0,0,0,8,43,3132,307,307,63910,2,4,518,0,0,0,2,13,512
200999,266,34740, ,Muskegon-Norton Shores  MI ,67,67,12014,6,12,1129,0,0,0,2,14,875,52,52,9609,6,12,1129,0,0,0,1,6,330
200999,268,15500, ,Burlington  NC ,441,441,57576,0,0,0,0,0,0,5,120,1920,441,441,57576,0,0,0,0,0,0,5,120,1920
200999,268,24660,C,Greensboro-High Point  NC ,1363,1363,253766,7,14,1670,9,36,1851,46,662,33710,999,999,169328,7,14,1670,9,36,1851,46,662,33710
200999,268,49180, ,Winston-Salem  NC ,836,836,127018,5,10,843,1,3,98,38,317,11728,836,836,127018,5,10,843,1,3,98,38,317,11728
200999,273,11340, ,Anderson  SC ,280,280,47242,0,0,0,0,0,0,0,0,0,280,280,47242,0,0,0,0,0,0,0,0,0
200999,273,24860,C,Greenville  SC ,1449,1449,278412,13,26,1486,4,15,2201,7,51,5682,1347,1347,265788,13,26,1486,4,15,2201,7,51,5682
200999,273,43900, ,Spartanburg  SC ,606,606,68170,0,0,0,0,0,0,1,28,1429,547,547,59611,0,0,0,0,0,0,1,28,1429
200999,274,25060, ,Gulfport-Biloxi  MS ,1930,1930,240564,55,110,7779,40,151,12437,38,645,50505,1869,1869,232303,53,106,7379,40,151,12437,28,404,31486
200999,274,37700, ,Pascagoula  MS ,758,758,109082,23,46,3187,2,8,577,0,0,0,758,758,109082,23,46,3187,2,8,577,0,0,0
200999,276,25420, ,Harrisburg-Carlisle  PA ,1199,1199,204778,11,22,1997,0,0,0,22,301,11385,1182,1182,202393,11,22,1997,0,0,0,22,301,11385
200999,276,30140, ,Lebanon  PA ,353,353,54752,0,0,0,0,0,0,0,0,0,353,353,54752,0,0,0,0,0,0,0,0,0
200999,278,25540, ,Hartford-West Hartford-East Hartford  CT ,1011,1011,180328,7,14,1092,5,18,2025,27,295,22072,957,957,172070,7,14,1092,5,18,2025,16,237,21320
200999,288,26420,C,Houston-Sugar Land-Baytown  TX ,22369,22369,3566712,114,228,19554,5,20,1409,235,4709,281919,21483,21483,3412842,111,222,19074,5,20,1409,219,4628,278937
200999,290,19460, ,Decatur  AL ,93,93,13999,0,0,0,0,0,0,0,0,0,93,93,13999,0,0,0,0,0,0,0,0,0
200999,290,26620, ,Huntsville  AL ,2293,2293,279356,1,2,190,3,9,853,43,684,40264,2275,2275,276672,1,2,190,3,9,853,43,684,40264
200999,292,26820, ,Idaho Falls  ID ,316,316,43158,2,4,281,1,4,511,0,0,0,316,316,43158,2,4,281,1,4,511,0,0,0
200999,294,11300, ,Anderson  IN ,61,61,15198,4,8,317,0,0,0,0,0,0,33,33,8322,1,2,225,0,0,0,0,0,0
200999,294,18020, ,Columbus  IN ,125,125,23110,0,0,0,0,0,0,0,0,0,123,123,22885,0,0,0,0,0,0,0,0,0
200999,294,26900,C,Indianapolis-Carmel  IN ,3601,3601,643706,33,66,6943,20,65,4876,133,1868,141504,3522,3522,633134,33,66,6943,15,50,4876,132,1849,140491
200999,296,27060, ,Ithaca  NY ,100,100,17110,6,12,815,0,0,0,3,15,1672,69,69,12026,6,12,815,0,0,0,0,0,0
200999,297,27180, ,Jackson  TN ,253,253,33366,0,0,0,0,0,0,0,0,0,253,253,33366,0,0,0,0,0,0,0,0,0
200999,298,27140, ,Jackson  MS ,1182,1182,214014,3,6,505,0,0,0,0,0,0,1167,1167,211974,2,4,425,0,0,0,0,0,0
200999,304,27740, ,Johnson City  TN ,478,478,65787,2,4,200,0,0,0,3,23,792,478,478,65787,2,4,200,0,0,0,3,23,792
200999,304,28700, ,Kingsport-Bristol-Bristol  TN-VA ,489,489,62961,8,16,1246,4,13,546,5,36,2353,486,486,62727,8,16,1246,4,13,546,5,36,2353
200999,308,27860, ,Jonesboro  AR ,427,427,42112,0,0,0,5,19,650,0,0,0,424,424,41869,0,0,0,4,16,650,0,0,0
200999,312,28140,C,Kansas City  MO-KS ,1858,1858,400245,23,46,3465,26,99,7653,70,1403,79870,1809,1809,393428,22,44,3356,25,96,7308,70,1403,79870
200999,314,28940, ,Knoxville  TN ,1367,1367,203663,22,44,2886,3,11,869,25,505,22595,1329,1329,198487,22,44,2886,2,7,632,24,500,22450
200999,316,29020, ,Kokomo  IN ,19,19,2738,1,2,300,0,0,0,1,60,3500,11,11,1536,1,2,300,0,0,0,1,60,3500
200999,318,29180, ,Lafayette  LA ,766,766,103495,2,4,341,0,0,0,9,57,2785,417,417,57298,0,0,0,0,0,0,0,0,0
200999,320,29140, ,Lafayette  IN ,453,453,80449,0,0,0,1,4,360,2,29,1700,453,453,80449,0,0,0,1,4,360,2,29,1700
200999,324,29340, ,Lake Charles  LA ,782,782,112758,23,46,3102,0,0,0,2,335,7861,733,733,106335,22,44,3007,0,0,0,2,335,7861
200999,330,29620, ,Lansing-East Lansing  MI ,249,249,51026,1,2,299,0,0,0,0,0,0,198,198,41251,1,2,299,0,0,0,0,0,0
200999,332,29820,C,Las Vegas-Paradise  NV ,3777,3777,431533,6,12,1429,91,277,20902,94,1622,100468,3770,3770,429483,6,12,1429,91,277,20902,94,1622,100468
200999,336,30460, ,Lexington-Fayette  KY ,1279,1279,175199,9,18,2211,2,8,1100,9,328,18045,1279,1279,175199,9,18,2211,2,8,1100,9,328,18045
200999,338,30620, ,Lima  OH ,57,57,10463,2,4,160,1,3,284,0,0,0,44,44,8239,0,0,0,0,0,0,0,0,0
200999,340,30780, ,Little Rock-North Little Rock  AR ,1781,1781,283542,18,36,2769,12,46,2936,90,1186,43473,1721,1721,278095,18,36,2769,12,46,2936,90,1186,43473
200999,340,38220, ,Pine Bluff  AR ,53,53,6763,8,16,945,0,0,0,2,20,1065,53,53,6763,8,16,945,0,0,0,2,20,1065
200999,346,30980, ,Longview  TX ,171,171,27278,1,2,50,0,0,0,5,26,1369,53,53,6293,1,2,50,0,0,0,1,6,450
200999,348,31100,C,Los Angeles-Long Beach-Santa Ana  CA ,3609,3609,1173654,215,430,68842,59,200,35170,157,3042,455631,3498,3498,1128808,210,420,67537,58,197,34875,143,2972,447448
200999,348,37100, ,Oxnard-Thousand Oaks-Ventura  CA ,204,204,74364,0,0,0,21,65,12599,13,83,9293,145,145,59995,0,0,0,15,45,9008,1,5,918
200999,348,40140,C,Riverside-San Bernardino-Ontario  CA ,4887,4887,1178940,5,10,1319,17,58,9498,99,1380,131459,4836,4836,1171576,5,10,1319,17,58,9498,96,1355,129650
200999,350,21060, ,Elizabethtown  KY ,383,383,48374,7,14,1106,13,47,2212,2,16,600,344,344,43349,5,10,906,7,27,1285,2,16,600
200999,350,31140,C,Louisville-Jefferson County  KY-IN ,2154,2154,355288,11,22,1825,21,69,5139,16,165,6873,2097,2097,346574,11,22,1825,17,57,4754,16,165,6873
200999,352,31180, ,Lubbock  TX ,786,786,152203,8,16,1507,1,3,309,10,226,15154,723,723,141383,8,16,1507,0,0,0,9,214,14060
200999,356,31420, ,Macon  GA ,302,302,31183,1,2,60,0,0,0,0,0,0,300,300,31017,1,2,60,0,0,0,0,0,0
200999,356,47580, ,Warner Robins  GA ,615,615,96359,0,0,0,0,0,0,6,100,3140,605,605,94156,0,0,0,0,0,0,6,100,3140
200999,358,31540,C,Madison  WI ,779,779,174709,9,18,2133,7,26,2558,15,580,60594,760,760,171529,5,10,1376,5,20,2062,10,555,58981
200999,360,31900, ,Mansfield  OH ,47,47,8770,2,4,465,0,0,0,1,22,882,47,47,8770,2,4,465,0,0,0,1,22,882
200999,372,33260,C,Midland  TX ,330,330,38271,0,0,0,0,0,0,0,0,0,330,330,38271,0,0,0,0,0,0,0,0,0
200999,372,36220,C,Odessa  TX ,220,220,32931,0,0,0,0,0,0,0,0,0,220,220,32931,0,0,0,0,0,0,0,0,0
200999,376,33340,C,Milwaukee-Waukesha-West Allis  WI ,875,875,252154,25,50,7219,6,24,3030,15,478,37102,863,863,248891,25,50,7219,6,24,3030,14,473,36852
200999,376,39540, ,Racine  WI ,194,194,42735,0,0,0,0,0,0,3,149,12450,194,194,42735,0,0,0,0,0,0,3,149,12450
200999,378,33460,C,Minneapolis-St. Paul-Bloomington  MN-WI ,3629,3629,883403,9,18,3805,13,51,7067,39,972,116724,3574,3574,873404,9,18,3805,13,51,7067,39,972,116724
200999,378,41060, ,St. Cloud  MN ,288,288,52778,1,2,130,2,7,0,5,240,15711,250,250,46579,1,2,130,0,0,0,5,240,15711
200999,380,33660, ,Mobile  AL ,1217,1217,129103,4,8,397,10,39,2085,81,1371,73542,1194,1194,125140,4,8,397,10,39,2085,80,1366,73229
200999,384,33740, ,Monroe  LA ,255,255,41070,4,8,501,1,3,120,2,10,766,57,57,7345,3,6,450,0,0,0,0,0,0
200999,388,33860, ,Montgomery  AL ,437,437,63101,0,0,0,0,0,0,1,30,734,366,366,49263,0,0,0,0,0,0,1,30,734
200999,392,34100, ,Morristown  TN ,209,209,35149,3,6,285,1,4,125,0,0,0,185,185,32707,3,6,285,1,4,125,0,0,0
200999,396,34820, ,Myrtle Beach-North Myrtle Beach-Conway  SC ,1457,1457,209682,0,0,0,0,0,0,19,254,42568,1347,1347,182466,0,0,0,0,0,0,7,88,5570
200999,400,34980,C,Nashville-Davidson--Murfreesboro  TN ,3957,3957,753806,13,26,2703,5,18,1404,51,932,84171,3850,3850,729621,12,24,2653,5,18,1404,51,932,84171
200999,406,35380,C,New Orleans-Metairie-Kenner  LA ,2190,2190,351134,165,330,19744,2,7,600,8,305,30100,2190,2190,351134,165,330,19744,2,7,600,8,305,30100
200999,408,14860, ,Bridgeport-Stamford-Norwalk  CT ,476,476,242902,17,34,4071,7,25,2457,24,664,53495,385,385,150604,17,34,4071,7,25,2457,24,664,53495
200999,408,28740, ,Kingston  NY ,171,171,41199,9,18,875,1,3,250,6,95,5926,171,171,41199,9,18,875,1,3,250,6,95,5926
200999,408,35300, ,New Haven-Milford  CT ,393,393,68397,6,12,1160,3,9,1257,16,95,7114,349,349,62560,6,12,1160,3,9,1257,4,29,3053
200999,408,35620,C,New York-Northern New Jersey-Long Island  NY-NJ-PA ,6496,6496,1710084,539,1078,115485,209,674,74611,396,8459,1051517,5323,5323,1452720,512,1024,110618,204,659,73167,287,7859,996484
200999,408,39100, ,Poughkeepsie-Newburgh-Middletown  NY ,671,671,127227,3,6,430,1,3,309,11,225,14633,608,608,116357,3,6,430,1,3,309,6,200,13357
200999,408,45940,C,Trenton-Ewing  NJ ,178,178,45444,4,8,449,0,0,0,6,83,1058,162,162,39242,4,8,449,0,0,0,6,83,1058
200999,416,36420,C,Oklahoma City  OK ,3119,3119,536639,27,54,5196,12,45,3319,23,234,9506,2106,2106,392386,17,34,3612,12,45,3319,15,174,6080
200999,420,36540,C,Omaha-Council Bluffs  NE-IA ,3081,3081,441370,8,16,1150,3,9,684,15,358,28481,3078,3078,440956,8,16,1150,3,9,684,14,353,27873
200999,422,19660,C,Deltona-Daytona Beach-Ormond Beach  FL ,586,586,153790,3,6,821,0,0,0,11,74,7250,537,537,145525,3,6,821,0,0,0,0,0,0
200999,422,36740,C,Orlando-Kissimmee  FL ,3707,3707,785479,13,26,3359,10,35,5296,35,719,81306,3702,3702,783238,13,26,3359,10,35,5296,33,709,80529
200999,422,37380, ,Palm Coast  FL ,168,168,39284,0,0,0,0,0,0,0,0,0,168,168,39284,0,0,0,0,0,0,0,0,0
200999,426,37900, ,Peoria  IL ,537,537,125050,13,26,2977,2,8,601,1,7,252,520,520,120931,13,26,2977,2,8,601,0,0,0
200999,428,37980,C,Philadelphia-Camden-Wilmington  PA-NJ-DE-MD ,4963,4963,848909,87,174,15467,40,133,12366,123,1823,208102,4508,4508,777584,87,174,15467,40,133,12366,90,1657,200844
200999,428,47220,C,Vineland-Millville-Bridgeton  NJ ,222,222,25600,0,0,0,1,3,343,3,37,2066,179,179,19624,0,0,0,0,0,0,2,32,1400
200999,430,38300,C,Pittsburgh  PA ,2681,2681,560653,35,70,7503,14,51,5823,21,231,35767,2555,2555,537987,34,68,7313,11,42,4964,21,231,35767
200999,438,30340, ,Lewiston-Auburn  ME ,153,153,21773,7,14,1265,0,0,0,0,0,0,123,123,16864,7,14,1265,0,0,0,0,0,0
200999,438,38860, ,Portland-South Portland-Biddeford  ME ,1123,1123,211059,10,20,2367,14,53,6178,2,11,1265,965,965,178220,10,20,2367,14,53,6178,2,11,1265
200999,442,38940,C,Port St. Lucie  FL ,360,360,75123,1,2,312,2,8,2415,2,14,2740,360,360,75123,1,2,312,2,8,2415,2,14,2740
200999,442,42680,C,Sebastian-Vero Beach  FL ,275,275,97018,0,0,0,0,0,0,10,52,1937,275,275,97018,0,0,0,0,0,0,10,52,1937
200999,450,20500,C,Durham-Chapel Hill  NC ,1324,1324,282424,2,4,305,11,44,2098,60,1285,97639,1324,1324,282424,2,4,305,11,44,2098,60,1285,97639
200999,450,39580,C,Raleigh-Cary  NC ,4377,4377,774324,8,16,2207,0,0,0,7,501,32807,4371,4371,773476,8,16,2207,0,0,0,7,501,32807
200999,456,39900,C,Reno-Sparks  NV ,497,497,108304,0,0,0,1,4,366,24,272,34124,497,497,108304,0,0,0,1,4,366,24,272,34124
200999,464,40380, ,Rochester  NY ,1157,1157,255963,16,32,3323,16,61,8702,22,375,38315,1098,1098,246908,16,32,3323,16,61,8702,19,328,36328
200999,466,40420, ,Rockford  IL ,220,220,37660,1,2,205,0,0,0,0,0,0,187,187,32967,0,0,0,0,0,0,0,0,0
200999,472,40900,C,Sacramento--Arden-Arcade--Roseville  CA ,2415,2415,579838,1,2,358,11,34,3362,23,259,27626,2396,2396,575287,1,2,358,11,34,3362,23,259,27626
200999,472,49700, ,Yuba City  CA ,169,169,36393,1,2,215,0,0,0,0,0,0,156,156,33712,1,2,215,0,0,0,0,0,0
200999,474,13020, ,Bay City  MI ,68,68,10268,0,0,0,0,0,0,0,0,0,56,56,8700,0,0,0,0,0,0,0,0,0
200999,474,40980, ,Saginaw-Saginaw Township North  MI ,88,88,15234,0,0,0,2,8,320,1,20,1200,87,87,15159,0,0,0,2,8,320,1,20,1200
200999,476,41180,C,St. Louis  MO-IL ,4050,4050,816131,41,82,7753,46,170,15136,60,860,75983,3503,3503,651811,41,82,7753,44,163,14444,48,792,67940
200999,480,41540, ,Salisbury  MD ,184,184,25668,1,2,79,0,0,0,14,139,15549,149,149,22052,1,2,79,0,0,0,4,84,8038
200999,482,36260, ,Ogden-Clearfield  UT ,1478,1478,288207,4,8,740,19,75,9124,4,30,2485,1476,1476,287798,4,8,740,19,75,9124,4,30,2485
200999,482,41620,C,Salt Lake City  UT ,1627,1627,314345,6,12,1348,16,54,7203,132,2999,278394,1480,1480,288728,0,0,0,15,50,6699,113,2850,267384
200999,488,34900, ,Napa  CA ,125,125,53827,3,6,1008,0,0,0,0,0,0,123,123,52838,3,6,1008,0,0,0,0,0,0
200999,488,41860,C,San Francisco-Oakland-Fremont  CA ,2271,2271,696274,32,64,15813,25,85,20392,64,1130,207486,2133,2133,653992,32,64,15813,25,85,20392,44,1028,197110
200999,488,41940,C,San Jose-Sunnyvale-Santa Clara  CA ,642,642,244036,14,28,5815,2,7,1027,25,417,65633,642,642,244036,14,28,5815,2,7,1027,25,417,65633
200999,488,42100, ,Santa Cruz-Watsonville  CA ,132,132,31724,0,0,0,0,0,0,1,17,1311,105,105,27991,0,0,0,0,0,0,0,0,0
200999,488,42220, ,Santa Rosa-Petaluma  CA ,371,371,95407,0,0,0,0,0,0,12,71,13485,358,358,92827,0,0,0,0,0,0,12,71,13485
200999,488,46700, ,Vallejo-Fairfield  CA ,586,586,126390,0,0,0,0,0,0,0,0,0,559,559,120447,0,0,0,0,0,0,0,0,0
200999,492,42140,C,Santa Fe  NM ,102,102,13602,0,0,0,0,0,0,0,0,0,0,0,0,0,0,0,0,0,0,0,0,0
200999,494,14600,C,Bradenton-Sarasota-Venice  FL ,1317,1317,274970,8,16,2074,9,36,4694,25,394,41053,1317,1317,274970,8,16,2074,9,36,4694,25,394,41053
200999,494,39460,C,Punta Gorda  FL ,286,286,63228,1,2,259,2,8,1627,0,0,0,286,286,63228,1,2,259,2,8,1627,0,0,0
200999,496,25980, ,Hinesville-Fort Stewart  GA ,135,135,28057,0,0,0,0,0,0,14,252,25538,135,135,28057,0,0,0,0,0,0,14,252,25538
200999,496,42340, ,Savannah  GA ,1241,1241,175611,13,26,1598,0,0,0,24,338,17409,1122,1122,164809,13,26,1598,0,0,0,24,338,17409
200999,500,14740, ,Bremerton-Silverdale  WA ,552,552,105547,5,10,1189,0,0,0,0,0,0,552,552,105547,5,10,1189,0,0,0,0,0,0
200999,500,34580, ,Mount Vernon-Anacortes  WA ,251,251,44839,2,4,423,0,0,0,2,35,6477,251,251,44839,2,4,423,0,0,0,2,35,6477
200999,500,36500, ,Olympia  WA ,1083,1083,220287,20,40,5405,36,126,17104,12,68,9594,1081,1081,219993,20,40,5405,36,126,17104,12,68,9594
200999,500,42660,C,Seattle-Tacoma-Bellevue  WA ,5036,5036,1160370,176,352,50312,87,291,39859,77,1740,174818,4998,4998,1148146,176,352,50312,85,285,39181,75,1713,172097
200999,508,43340, ,Shreveport-Bossier City  LA ,1028,1028,180557,1,2,90,0,0,0,13,234,14248,990,990,176034,1,2,90,0,0,0,11,211,12869
200999,512,43580, ,Sioux City  IA-NE-SD ,175,175,41684,13,26,3181,1,4,275,0,0,0,167,167,40101,13,26,3181,1,4,275,0,0,0
200999,515,21140, ,Elkhart-Goshen  IN ,137,137,25194,0,0,0,0,0,0,3,48,2116,137,137,25194,0,0,0,0,0,0,3,48,2116
200999,515,43780, ,South Bend-Mishawaka  IN-MI ,299,299,61668,1,2,309,3,10,1581,3,37,4541,295,295,61094,1,2,309,3,10,1581,3,37,4541
200999,532,45060, ,Syracuse  NY ,784,784,119798,4,8,676,13,48,3476,17,193,10585,704,704,107705,4,8,676,13,48,3476,17,193,10585
200999,534,45780, ,Toledo  OH ,477,477,86133,2,4,204,0,0,0,25,188,17194,477,477,86133,2,4,204,0,0,0,25,188,17194
200999,538,46140,C,Tulsa  OK ,2680,2680,453539,30,60,4685,0,0,0,18,600,45362,2672,2672,452787,30,60,4685,0,0,0,18,600,45362
200999,540,46340, ,Tyler  TX ,160,160,28732,0,0,0,3,9,450,8,40,1848,21,21,4218,0,0,0,0,0,0,0,0,0
200999,548,12580,C,Baltimore-Towson  MD ,3099,3099,585016,1,2,175,7,23,2233,68,1991,418259,3099,3099,585016,1,2,175,7,23,2233,68,1991,418259
200999,548,47900,C,Washington-Arlington-Alexandria  DC-VA-MD-WV ,8954,8954,1699875,122,244,26221,3,12,1024,80,3119,304954,8893,8893,1689306,122,244,26221,3,12,1024,75,3059,293084
200999,548,49020, ,Winchester  VA-WV ,341,341,57532,1,2,230,0,0,0,2,18,1200,341,341,57532,1,2,230,0,0,0,2,18,1200
200999,554,48140, ,Wausau  WI ,203,203,35218,11,22,2020,0,0,0,6,80,4301,149,149,24545,11,22,2020,0,0,0,6,80,4301
200999,556,48620, ,Wichita  KS ,1372,1372,190576,58,116,8694,3,11,867,30,377,16786,1309,1309,181144,54,108,8074,3,11,867,29,372,16451
200999,558,48700, ,Williamsport  PA ,112,112,19333,3,6,549,0,0,0,0,0,0,108,108,18452,3,6,549,0,0,0,0,0,0
200999,564,49620, ,York-Hanover  PA ,1082,1082,186678,0,0,0,3,12,947,9,79,6775,908,908,149294,0,0,0,3,12,947,9,79,6775
200999,566,49660, ,Youngstown-Warren-Boardman  OH-PA ,281,281,55748,3,6,240,2,8,800,1,23,2446,266,266,52690,3,6,240,2,8,800,1,23,2446
200999,999,10180, ,Abilene  TX ,214,214,37941,0,0,0,0,0,0,0,0,0,213,213,37871,0,0,0,0,0,0,0,0,0
200999,999,10500, ,Albany  GA ,183,183,20946,8,16,1201,3,9,458,1,5,188,33,33,4378,0,0,0,0,0,0,0,0,0
200999,999,10740,C,Albuquerque  NM ,1519,1519,264075,0,0,0,9,30,3432,11,143,11114,517,517,85471,0,0,0,0,0,0,0,0,0
200999,999,10780, ,Alexandria  LA ,348,348,53116,24,48,4645,0,0,0,0,0,0,348,348,53116,24,48,4645,0,0,0,0,0,0
200999,999,10900,C,Allentown-Bethlehem-Easton  PA-NJ ,1401,1401,208293,0,0,0,5,15,2055,23,232,16532,1346,1346,199303,0,0,0,5,15,2055,17,202,13078
200999,999,11020, ,Altoona  PA ,103,103,17853,5,10,1023,3,12,728,0,0,0,75,75,13112,5,10,1023,3,12,728,0,0,0
200999,999,11100, ,Amarillo  TX ,606,606,143515,2,4,387,2,8,603,3,24,3558,606,606,143515,2,4,387,2,8,603,3,24,3558
200999,999,11260,C,Anchorage  AK ,297,297,85609,27,54,10527,10,39,5674,5,161,16610,291,291,84949,27,54,10527,10,39,5674,5,161,16610
200999,999,11500, ,Anniston-Oxford  AL ,139,139,18150,3,6,240,1,3,386,1,46,3248,137,137,17925,3,6,240,1,3,386,1,46,3248
200999,999,12020, ,Athens-Clarke County  GA ,277,277,51375,7,14,1693,2,6,90,0,0,0,219,219,44048,7,14,1693,2,6,90,0,0,0
200999,999,12100,C,Atlantic City-Hammonton  NJ ,486,486,63051,2,4,251,3,11,243,2,11,1305,416,416,55832,2,4,251,2,8,203,2,11,1305
200999,999,12260, ,Augusta-Richmond County  GA-SC ,2167,2167,332886,0,0,0,3,12,716,15,98,5920,2010,2010,315975,0,0,0,3,12,716,14,93,5831
200999,999,12420,C,Austin-Round Rock  TX ,6678,6678,1077709,10,20,1977,3,11,825,67,2049,173411,5808,5808,942514,8,16,1652,3,11,825,55,1912,165197
200999,999,12540, ,Bakersfield  CA ,1585,1585,288230,7,14,985,2,7,374,9,171,8630,1583,1583,288050,7,14,985,2,7,374,9,171,8630
200999,999,12620, ,Bangor  ME ,279,279,39790,7,14,1600,2,7,610,3,66,5458,222,222,34436,7,14,1600,2,7,610,2,61,5009
200999,999,12700, ,Barnstable Town  MA ,337,337,109875,2,4,665,0,0,0,5,36,4181,270,270,94462,2,4,665,0,0,0,0,0,0
200999,999,12980, ,Battle Creek  MI ,36,36,6000,0,0,0,0,0,0,0,0,0,33,33,5502,0,0,0,0,0,0,0,0,0
200999,999,13140, ,Beaumont-Port Arthur  TX ,1650,1650,169499,3,6,470,2,8,323,24,465,29117,1618,1618,165891,3,6,470,2,8,323,24,465,29117
200999,999,13380, ,Bellingham  WA ,426,426,86721,4,8,1133,3,10,854,1,16,2770,426,426,86721,4,8,1133,3,10,854,1,16,2770
200999,999,13740, ,Billings  MT ,459,459,56792,1,2,102,1,3,0,1,65,5140,459,459,56792,1,2,102,0,0,0,1,65,5140
200999,999,13780, ,Binghamton  NY ,155,155,27393,2,4,160,0,0,0,4,46,2640,148,148,26374,2,4,160,0,0,0,4,46,2640
200999,999,13900, ,Bismarck  ND ,431,431,76753,1,2,288,3,11,1414,2,71,3500,431,431,76753,1,2,288,3,11,1414,2,71,3500
200999,999,13980, ,Blacksburg-Christiansburg-Radford  VA ,349,349,56639,2,4,592,2,8,806,7,49,2200,349,349,56639,2,4,592,2,8,806,7,49,2200
200999,999,14020, ,Bloomington  IN ,236,236,38931,8,16,1592,1,4,293,6,50,3437,236,236,38931,8,16,1592,1,4,293,6,50,3437
200999,999,14060, ,Bloomington-Normal  IL ,304,304,56927,4,8,670,0,0,0,16,190,10211,296,296,55664,3,6,520,0,0,0,15,183,9975
200999,999,14260,C,Boise City-Nampa  ID ,1769,1769,325866,3,6,545,32,121,5253,1,8,1061,1749,1749,323251,3,6,545,31,118,5078,1,8,1061
200999,999,14540, ,Bowling Green  KY ,284,284,37928,6,12,1085,5,16,300,4,41,1580,284,284,37928,6,12,1085,5,16,300,4,41,1580
200999,999,15260, ,Brunswick  GA ,394,394,90830,0,0,0,0,0,0,0,0,0,12,12,1871,0,0,0,0,0,0,0,0,0
200999,999,15540, ,Burlington-South Burlington  VT ,282,282,57493,12,24,2570,20,67,7879,7,220,15598,229,229,49647,12,24,2570,20,67,7879,7,220,15598
200999,999,15940, ,Canton-Massillon  OH ,296,296,50715,3,6,621,0,0,0,9,58,2707,258,258,46576,3,6,621,0,0,0,1,18,800
200999,999,15980,C,Cape Coral-Fort Myers  FL ,906,906,223480,4,8,905,4,16,4208,2,14,1504,891,891,218545,4,8,905,4,16,4208,2,14,1504
200999,999,16180,C,Carson City  NV ,18,18,3163,0,0,0,0,0,0,0,0,0,18,18,3163,0,0,0,0,0,0,0,0,0
200999,999,16220, ,Casper  WY ,341,341,55087,0,0,0,0,0,0,4,71,3820,341,341,55087,0,0,0,0,0,0,4,71,3820
200999,999,16300, ,Cedar Rapids  IA ,699,699,76847,37,74,5867,47,176,12471,22,251,18693,694,694,76119,37,74,5867,47,176,12471,22,251,18693
200999,999,16580, ,Champaign-Urbana  IL ,369,369,70158,4,8,1488,5,18,996,13,125,12457,365,365,69521,4,8,1488,5,18,996,13,125,12457
200999,999,16620, ,Charleston  WV ,300,300,39002,5,10,1782,5,19,1263,2,27,873,207,207,29270,1,2,169,5,19,1263,1,7,457
200999,999,16700,C,Charleston-North Charleston-Summerville  SC ,2732,2732,500388,1,2,167,1,4,143,15,211,11811,2412,2412,449768,0,0,0,1,4,143,4,49,3694
200999,999,16820, ,Charlottesville  VA ,584,584,134768,14,28,3110,0,0,0,4,54,3724,490,490,105202,12,24,2610,0,0,0,2,44,2908
200999,999,16940, ,Cheyenne  WY ,169,169,28317,1,2,140,0,0,0,10,216,17898,169,169,28317,1,2,140,0,0,0,10,216,17898
200999,999,17020, ,Chico  CA ,306,306,54609,1,2,252,1,4,426,4,48,4109,306,306,54609,1,2,252,1,4,426,4,48,4109
200999,999,17300, ,Clarksville  TN-KY ,1275,1275,147200,7,14,1012,23,85,4795,10,84,2915,1273,1273,147000,7,14,1012,23,85,4795,10,84,2915
200999,999,17660, ,Coeur dAlene  ID ,761,761,140605,8,16,1791,1,4,500,6,80,7319,761,761,140605,8,16,1791,1,4,500,6,80,7319
200999,999,17780, ,College Station-Bryan  TX ,727,727,107143,3,6,337,4,15,524,2,88,6400,719,719,106190,3,6,337,3,12,524,2,88,6400
200999,999,17820,C,Colorado Springs  CO ,1353,1353,425507,4,8,1479,0,0,0,1,8,795,1353,1353,425507,4,8,1479,0,0,0,1,8,795
200999,999,17860, ,Columbia  MO ,522,522,81559,16,32,2885,0,0,0,5,78,4630,522,522,81559,16,32,2885,0,0,0,5,78,4630
200999,999,19060, ,Cumberland  MD-WV ,124,124,21527,1,2,80,5,20,1645,7,53,4486,124,124,21527,1,2,80,5,20,1645,7,53,4486
200999,999,19140,C,Dalton  GA ,129,129,16024,0,0,0,1,3,143,1,6,491,108,108,13472,0,0,0,0,0,0,1,6,491
200999,999,19180, ,Danville  IL ,10,10,1002,0,0,0,0,0,0,0,0,0,8,8,835,0,0,0,0,0,0,0,0,0
200999,999,19260, ,Danville  VA ,83,83,11500,0,0,0,0,0,0,8,44,2897,16,16,3179,0,0,0,0,0,0,3,19,1421
200999,999,19340, ,Davenport-Moline-Rock Island  IA-IL ,371,371,66853,8,16,2005,1,4,180,12,336,28718,339,339,61564,8,16,2005,1,4,180,12,336,28718
200999,999,19500, ,Decatur  IL ,93,93,21754,0,0,0,0,0,0,0,0,0,93,93,21754,0,0,0,0,0,0,0,0,0
200999,999,20100,C,Dover  DE ,722,722,91570,1,2,198,1,4,364,8,78,5058,652,652,83473,1,2,198,1,4,364,4,54,3547
200999,999,20220, ,Dubuque  IA ,315,315,59698,9,18,1686,0,0,0,3,102,8407,315,315,59698,9,18,1686,0,0,0,3,102,8407
200999,999,20260, ,Duluth  MN-WI ,460,460,69122,5,10,868,0,0,0,13,82,7116,421,421,63133,3,6,430,0,0,0,5,42,3136
200999,999,20940, ,El Centro  CA ,184,184,32860,1,2,125,1,4,373,1,6,206,180,180,32367,1,2,125,1,4,373,1,6,206
200999,999,21300, ,Elmira  NY ,40,40,5606,0,0,0,0,0,0,1,32,4006,34,34,5006,0,0,0,0,0,0,1,32,4006
200999,999,21340, ,El Paso  TX ,2640,2640,411310,0,0,0,19,76,3081,69,475,53028,2640,2640,411310,0,0,0,19,76,3081,69,475,53028
200999,999,21500, ,Erie  PA ,383,383,49750,0,0,0,2,7,635,7,83,4330,383,383,49750,0,0,0,2,7,635,7,83,4330
200999,999,21660, ,Eugene-Springfield  OR ,428,428,90718,12,24,3285,2,8,1140,9,156,9596,428,428,90718,12,24,3285,2,8,1140,9,156,9596
200999,999,21780, ,Evansville  IN-KY ,530,530,74989,8,16,1370,7,25,1581,23,147,18473,368,368,54297,6,12,830,6,22,1525,10,82,6194
200999,999,21820,C,Fairbanks  AK ,34,34,6328,0,0,0,0,0,0,0,0,0,2,2,465,0,0,0,0,0,0,0,0,0
200999,999,22140,C,Farmington  NM ,208,208,36588,0,0,0,4,12,470,1,14,900,208,208,36588,0,0,0,4,12,470,1,14,900
200999,999,22180, ,Fayetteville  NC ,1798,1798,274510,11,22,2109,0,0,0,51,844,63514,1798,1798,274510,11,22,2109,0,0,0,51,844,63514
200999,999,22220, ,Fayetteville-Springdale-Rogers  AR-MO ,1067,1067,204770,20,40,4231,4,13,1671,53,631,50767,1049,1049,202095,20,40,4231,4,13,1671,52,622,50092
200999,999,22380, ,Flagstaff  AZ ,128,128,30348,0,0,0,8,32,3130,19,322,20094,128,128,30348,0,0,0,8,32,3130,19,322,20094
200999,999,22500, ,Florence  SC ,301,301,37116,24,48,2447,0,0,0,0,0,0,258,258,31347,24,48,2447,0,0,0,0,0,0
200999,999,22520, ,Florence-Muscle Shoals  AL ,133,133,15433,1,2,74,5,19,649,3,27,1040,72,72,8317,1,2,74,5,19,649,3,27,1040
200999,999,22660,C,Fort Collins-Loveland  CO ,361,361,82786,1,2,474,4,15,2376,3,73,6658,361,361,82786,1,2,474,4,15,2376,3,73,6658
200999,999,22900, ,Fort Smith  AR-OK ,569,569,64642,85,170,10741,1,4,340,16,151,6250,529,529,59813,83,166,10401,0,0,0,16,151,6250
200999,999,23020, ,Fort Walton Beach-Crestview-Destin  FL ,410,410,78673,0,0,0,0,0,0,0,0,0,410,410,78673,0,0,0,0,0,0,0,0,0
200999,999,23460, ,Gadsden  AL ,128,128,16330,0,0,0,0,0,0,0,0,0,118,118,14450,0,0,0,0,0,0,0,0,0
200999,999,23540, ,Gainesville  FL ,384,384,58729,0,0,0,0,0,0,12,145,8878,339,339,53864,0,0,0,0,0,0,0,0,0
200999,999,24140, ,Goldsboro  NC ,259,259,35360,0,0,0,0,0,0,0,0,0,259,259,35360,0,0,0,0,0,0,0,0,0
200999,999,24220, ,Grand Forks  ND-MN ,166,166,34299,3,6,616,0,0,0,4,153,12985,162,162,33813,3,6,616,0,0,0,4,153,12985
200999,999,24300,C,Grand Junction  CO ,363,363,68455,1,2,268,0,0,0,0,0,0,363,363,68455,1,2,268,0,0,0,0,0,0
200999,999,24500, ,Great Falls  MT ,143,143,29043,4,8,546,1,4,311,3,32,2522,143,143,29043,4,8,546,1,4,311,3,32,2522
200999,999,24540,C,Greeley  CO ,718,718,145185,0,0,0,0,0,0,8,43,1244,668,668,133706,0,0,0,0,0,0,0,0,0
200999,999,24580, ,Green Bay  WI ,607,607,91550,3,6,720,0,0,0,21,224,9430,605,605,91137,3,6,720,0,0,0,21,224,9430
200999,999,24780, ,Greenville  NC ,389,389,55071,62,124,11137,0,0,0,9,72,5096,389,389,55071,62,124,11137,0,0,0,9,72,5096
200999,999,25180, ,Hagerstown-Martinsburg  MD-WV ,659,659,112642,3,6,390,0,0,0,3,36,1800,658,658,112552,3,6,390,0,0,0,3,36,1800
200999,999,25260, ,Hanford-Corcoran  CA ,194,194,28836,0,0,0,0,0,0,0,0,0,194,194,28836,0,0,0,0,0,0,0,0,0
200999,999,25500,C,Harrisonburg  VA ,469,469,61709,6,12,750,0,0,0,7,139,8902,439,439,56928,6,12,750,0,0,0,6,126,8122
200999,999,25620, ,Hattiesburg  MS ,98,98,11365,0,0,0,1,4,40,1,6,40,97,97,11315,0,0,0,1,4,40,1,6,40
200999,999,25860, ,Hickory-Lenoir-Morganton  NC ,589,589,110236,6,12,1008,0,0,0,0,0,0,589,589,110236,6,12,1008,0,0,0,0,0,0
200999,999,26180,C,Honolulu  HI ,862,862,265509,4,8,720,5,20,2579,5,146,19237,862,862,265509,4,8,720,5,20,2579,5,146,19237
200999,999,26300, ,Hot Springs  AR ,38,38,4173,0,0,0,0,0,0,0,0,0,0,0,0,0,0,0,0,0,0,0,0,0
200999,999,26380, ,Houma-Bayou Cane-Thibodaux  LA ,527,527,123077,14,28,1809,0,0,0,0,0,0,508,508,119226,11,22,1303,0,0,0,0,0,0
200999,999,26580, ,Huntington-Ashland  WV-KY-OH ,110,110,17346,8,16,1225,5,18,1511,2,49,1490,60,60,9691,7,14,1075,2,8,470,1,12,750
200999,999,26980, ,Iowa City  IA ,617,617,119467,6,12,1530,3,12,1040,8,88,8969,599,599,116948,6,12,1530,3,12,1040,7,74,7789
200999,999,27100, ,Jackson  MI ,64,64,8736,0,0,0,0,0,0,3,63,3620,25,25,2917,0,0,0,0,0,0,1,40,2000
200999,999,27260,C,Jacksonville  FL ,3323,3323,659797,11,22,2105,1,4,792,60,1317,124992,3288,3288,653329,11,22,2105,1,4,792,60,1317,124992
200999,999,27340, ,Jacksonville  NC ,1519,1519,165898,10,20,1775,1,4,185,28,593,23347,1519,1519,165898,10,20,1775,1,4,185,28,593,23347
200999,999,27500, ,Janesville  WI ,157,157,29569,8,16,927,0,0,0,6,40,2000,131,131,25202,8,16,927,0,0,0,6,40,2000
200999,999,27620, ,Jefferson City  MO ,203,203,36304,3,6,335,6,20,1901,3,84,8088,203,203,36304,3,6,335,6,20,1901,3,84,8088
200999,999,27780, ,Johnstown  PA ,94,94,17526,0,0,0,0,0,0,0,0,0,91,91,17205,0,0,0,0,0,0,0,0,0
200999,999,27900, ,Joplin  MO ,153,153,16283,6,12,701,0,0,0,6,53,3925,127,127,14565,6,12,701,0,0,0,5,48,3612
200999,999,28020, ,Kalamazoo-Portage  MI ,385,385,75452,1,2,112,1,3,280,1,11,1387,318,318,66989,1,2,112,1,3,280,1,11,1387
200999,999,28420, ,Kennewick-Pasco-Richland  WA ,1080,1080,302162,3,6,829,0,0,0,1,5,197,909,909,262958,1,2,239,0,0,0,0,0,0
200999,999,28660, ,Killeen-Temple-Fort Hood  TX ,2022,2022,274136,37,74,4900,2,8,366,14,236,20901,2000,2000,271130,37,74,4900,2,8,366,14,236,20901
200999,999,29100, ,La Crosse  WI-MN ,258,258,41591,0,0,0,0,0,0,4,91,4700,179,179,27606,0,0,0,0,0,0,4,91,4700
200999,999,29420, ,Lake Havasu City-Kingman  AZ ,261,261,51038,0,0,0,2,6,331,0,0,0,261,261,51038,0,0,0,2,6,331,0,0,0
200999,999,29460,C,Lakeland-Winter Haven  FL ,1135,1135,200805,0,0,0,0,0,0,0,0,0,1085,1085,191894,0,0,0,0,0,0,0,0,0
200999,999,29540, ,Lancaster  PA ,990,990,162708,28,56,6810,13,50,3819,15,166,9604,989,989,162482,28,56,6810,13,50,3819,15,166,9604
200999,999,29700,C,Laredo  TX ,668,668,88750,3,6,292,22,84,8076,3,28,1445,668,668,88750,3,6,292,22,84,8076,3,28,1445
200999,999,29740,C,Las Cruces  NM ,854,854,149830,0,0,0,0,0,0,36,285,15598,854,854,149830,0,0,0,0,0,0,36,285,15598
200999,999,29940, ,Lawrence  KS ,186,186,33153,0,0,0,0,0,0,13,156,10355,171,171,29561,0,0,0,0,0,0,13,156,10355
200999,999,30020, ,Lawton  OK ,347,347,56079,5,10,850,1,4,300,17,280,17900,342,342,55461,5,10,850,1,4,300,17,280,17900
200999,999,30300, ,Lewiston  ID-WA ,71,71,12670,5,10,1610,0,0,0,0,0,0,52,52,8790,3,6,954,0,0,0,0,0,0
200999,999,30700, ,Lincoln  NE ,682,682,111264,2,4,320,0,0,0,2,42,3070,678,678,110614,2,4,320,0,0,0,2,42,3070
200999,999,30860, ,Logan  UT-ID ,428,428,74938,28,56,5650,5,17,1775,6,32,3491,415,415,72998,28,56,5650,3,11,1275,2,12,1823
200999,999,31020, ,Longview  WA ,147,147,30547,0,0,0,0,0,0,0,0,0,137,137,28415,0,0,0,0,0,0,0,0,0
200999,999,31340, ,Lynchburg  VA ,645,645,113133,2,4,179,6,24,1850,6,54,2900,645,645,113133,2,4,179,6,24,1850,6,54,2900
200999,999,31740, ,Manhattan  KS ,503,503,92151,4,8,696,11,44,3760,19,446,24729,503,503,92151,4,8,696,11,44,3760,19,446,24729
200999,999,31860, ,Mankato-North Mankato  MN ,247,247,42391,2,4,548,0,0,0,1,12,835,246,246,42279,2,4,548,0,0,0,1,12,835
200999,999,32580,C,McAllen-Edinburg-Mission  TX ,2784,2784,263292,22,44,2371,39,150,7633,21,178,6008,2691,2691,256644,22,44,2371,33,129,6937,21,178,6008
200999,999,32780, ,Medford  OR ,317,317,58323,2,4,439,0,0,0,0,0,0,317,317,58323,2,4,439,0,0,0,0,0,0
200999,999,32820,C,Memphis  TN-MS-AR ,1570,1570,255692,0,0,0,0,0,0,16,464,34355,1344,1344,223399,0,0,0,0,0,0,16,464,34355
200999,999,32900, ,Merced  CA ,94,94,20481,0,0,0,0,0,0,1,5,429,82,82,17908,0,0,0,0,0,0,0,0,0
200999,999,33100,C,Miami-Fort Lauderdale-Pompano Beach  FL ,2289,2289,561744,26,52,5500,43,166,13251,60,1368,179195,2056,2056,518174,23,46,4930,39,154,11280,50,1318,174177
200999,999,33540,C,Missoula  MT ,207,207,27708,7,14,848,1,4,108,0,0,0,207,207,27708,7,14,848,1,4,108,0,0,0
200999,999,33700, ,Modesto  CA ,279,279,50749,0,0,0,0,0,0,10,85,7472,275,275,50242,0,0,0,0,0,0,10,85,7472
200999,999,34060, ,Morgantown  WV ,36,36,6059,0,0,0,0,0,0,1,12,600,30,30,5465,0,0,0,0,0,0,1,12,600
200999,999,34620, ,Muncie  IN ,44,44,7703,0,0,0,0,0,0,0,0,0,20,20,2998,0,0,0,0,0,0,0,0,0
200999,999,34940,C,Naples-Marco Island  FL ,630,630,252682,0,0,0,28,112,26883,12,202,33377,630,630,252682,0,0,0,28,112,26883,12,202,33377
200999,999,35660, ,Niles-Benton Harbor  MI ,104,104,32236,0,0,0,0,0,0,2,16,1565,104,104,32236,0,0,0,0,0,0,2,16,1565
200999,999,35980, ,Norwich-New London  CT ,259,259,55812,4,8,1005,2,7,202,22,153,9528,232,232,51592,4,8,1005,2,7,202,22,153,9528
200999,999,36100,C,Ocala  FL ,370,370,78485,9,18,1663,0,0,0,1,6,350,370,370,78485,9,18,1663,0,0,0,1,6,350
200999,999,36140,C,Ocean City  NJ ,266,266,75517,24,48,8702,0,0,0,2,114,10151,240,240,71569,24,48,8702,0,0,0,2,114,10151
200999,999,36980, ,Owensboro  KY ,245,245,22020,2,4,170,0,0,0,0,0,0,244,244,21850,2,4,170,0,0,0,0,0,0
200999,999,37340,C,Palm Bay-Melbourne-Titusville  FL ,883,883,219532,0,0,0,1,4,636,8,108,14047,874,874,217868,0,0,0,1,4,636,8,108,14047
200999,999,37460, ,Panama City-Lynn Haven-Panama City Beach  FL ,262,262,41656,5,10,865,2,8,911,9,72,5040,262,262,41656,5,10,865,2,8,911,9,72,5040
200999,999,37620, ,Parkersburg-Marietta-Vienna  WV-OH ,133,133,17639,1,2,100,0,0,0,1,6,175,133,133,17639,1,2,100,0,0,0,1,6,175
200999,999,37860,C,Pensacola-Ferry Pass-Brent  FL ,962,962,168583,3,6,551,0,0,0,12,74,6765,962,962,168583,3,6,551,0,0,0,12,74,6765
200999,999,38060,C,Phoenix-Mesa-Scottsdale  AZ ,8598,8598,1805462,4,8,1124,17,52,5970,14,614,82934,8598,8598,1805462,4,8,1124,17,52,5970,14,614,82934
200999,999,38340, ,Pittsfield  MA ,126,126,39750,1,2,770,2,6,365,3,39,4000,95,95,34350,1,2,770,2,6,365,3,39,4000
200999,999,38540, ,Pocatello  ID ,161,161,21077,0,0,0,0,0,0,0,0,0,157,157,20667,0,0,0,0,0,0,0,0,0
200999,999,38900,C,Portland-Vancouver-Beaverton  OR-WA ,3011,3011,684062,14,28,3314,15,56,6714,68,925,101709,2989,2989,679322,14,28,3314,15,56,6714,68,925,101709
200999,999,39140, ,Prescott  AZ ,348,348,72704,0,0,0,0,0,0,4,140,16807,348,348,72704,0,0,0,0,0,0,4,140,16807
200999,999,39300, ,Providence-New Bedford-Fall River  RI-MA ,1158,1158,225951,50,100,7776,15,46,5500,10,133,13069,1085,1085,215317,49,98,7676,12,37,3625,10,133,13069
200999,999,39340, ,Provo-Orem  UT ,1260,1260,254002,18,36,5988,23,84,11285,18,144,14615,1255,1255,252173,18,36,5988,23,84,11285,18,144,14615
200999,999,39380,C,Pueblo  CO ,184,184,30332,1,2,214,3,12,1065,21,179,10475,184,184,30332,1,2,214,3,12,1065,21,179,10475
200999,999,39660, ,Rapid City  SD ,422,422,62650,9,18,1453,1,4,300,1,6,340,422,422,62650,9,18,1453,1,4,300,1,6,340
200999,999,39740, ,Reading  PA ,372,372,63242,0,0,0,0,0,0,4,28,1345,372,372,63242,0,0,0,0,0,0,4,28,1345
200999,999,39820, ,Redding  CA ,217,217,41814,7,14,1605,3,12,576,0,0,0,217,217,41814,7,14,1605,3,12,576,0,0,0
200999,999,40060,C,Richmond  VA ,2682,2682,429510,3,6,550,19,74,6541,23,534,31024,2682,2682,429510,3,6,550,19,74,6541,23,534,31024
200999,999,40220, ,Roanoke  VA ,447,447,83690,1,2,279,0,0,0,0,0,0,429,429,80960,1,2,279,0,0,0,0,0,0
200999,999,40340, ,Rochester  MN ,418,418,84599,1,2,305,2,8,674,11,142,12482,418,418,84599,1,2,305,2,8,674,11,142,12482
200999,999,40580, ,Rocky Mount  NC ,265,265,36862,1,2,120,1,4,148,0,0,0,260,260,36525,1,2,120,1,4,148,0,0,0
200999,999,40660, ,Rome  GA ,72,72,10525,2,4,312,1,3,215,4,32,2830,72,72,10525,2,4,312,1,3,215,4,32,2830
200999,999,41100, ,St. George  UT ,591,591,91054,0,0,0,0,0,0,1,7,350,568,568,87537,0,0,0,0,0,0,1,7,350
200999,999,41140, ,St. Joseph  MO-KS ,110,110,18911,15,30,3410,0,0,0,1,12,1400,110,110,18911,15,30,3410,0,0,0,1,12,1400
200999,999,41420, ,Salem  OR ,510,510,112253,5,10,1281,5,18,2014,29,297,26281,471,471,104941,4,8,981,5,18,2014,28,292,25496
200999,999,41500, ,Salinas  CA ,113,113,33189,7,14,1725,9,35,4072,2,32,3636,111,111,32749,7,14,1725,9,35,4072,2,32,3636
200999,999,41660,C,San Angelo  TX ,181,181,29086,0,0,0,0,0,0,12,335,9300,181,181,29086,0,0,0,0,0,0,12,335,9300
200999,999,41700,C,San Antonio  TX ,5486,5486,1018287,10,20,1625,17,60,5099,26,358,28577,4849,4849,920459,10,20,1625,17,60,5099,22,338,24314
200999,999,41740,C,San Diego-Carlsbad-San Marcos  CA ,1778,1778,550525,23,46,8963,18,65,12122,81,1057,116249,1778,1778,550525,23,46,8963,18,65,12122,81,1057,116249
200999,999,41780, ,Sandusky  OH ,43,43,8517,0,0,0,1,4,500,0,0,0,38,38,7434,0,0,0,1,4,500,0,0,0
200999,999,42020, ,San Luis Obispo-Paso Robles  CA ,321,321,87793,9,18,5010,2,7,949,4,48,5972,321,321,87793,9,18,5010,2,7,949,4,48,5972
200999,999,42060, ,Santa Barbara-Santa Maria  CA ,186,186,76165,1,2,301,4,13,3649,2,25,4425,133,133,61363,0,0,0,3,10,3149,1,7,1382
200999,999,42540, ,Scranton--Wilkes-Barre  PA ,647,647,118164,6,12,1405,4,15,1118,2,34,5182,583,583,106709,6,12,1405,3,12,930,2,34,5182
200999,999,43100, ,Sheboygan  WI ,77,77,18468,5,10,1284,0,0,0,7,72,5165,63,63,15545,4,8,1085,0,0,0,7,72,5165
200999,999,43300, ,Sherman-Denison  TX ,108,108,15780,1,2,90,1,3,118,0,0,0,108,108,15780,1,2,90,1,3,118,0,0,0
200999,999,43620, ,Sioux Falls  SD ,962,962,131484,12,24,2998,25,99,8118,25,492,32906,958,958,131083,12,24,2998,25,99,8118,25,492,32906
200999,999,44060, ,Spokane  WA ,809,809,135778,14,28,3218,6,21,2700,34,928,63845,809,809,135778,14,28,3218,6,21,2700,34,928,63845
200999,999,44100, ,Springfield  IL ,313,313,56058,32,64,7761,0,0,0,2,15,1069,258,258,49029,30,60,7261,0,0,0,1,10,600
200999,999,44140, ,Springfield  MA ,524,524,112258,28,56,4521,3,11,1128,2,38,6077,422,422,85334,28,56,4521,3,11,1128,1,31,5575
200999,999,44180, ,Springfield  MO ,693,693,127066,19,38,3235,0,0,0,20,465,19189,586,586,108701,17,34,3005,0,0,0,4,64,2420
200999,999,44300, ,State College  PA ,275,275,56781,7,14,2330,3,12,1158,6,37,2958,259,259,52989,7,14,2330,3,12,1158,5,32,2551
200999,999,44700,C,Stockton  CA ,792,792,163265,0,0,0,0,0,0,0,0,0,792,792,163265,0,0,0,0,0,0,0,0,0
200999,999,44940,C,Sumter  SC ,385,385,43890,0,0,0,8,32,3256,0,0,0,385,385,43890,0,0,0,8,32,3256,0,0,0
200999,999,45220, ,Tallahassee  FL ,595,595,87682,6,12,1253,1,4,803,11,284,16129,595,595,87682,6,12,1253,1,4,803,11,284,16129
200999,999,45300,C,Tampa-St. Petersburg-Clearwater  FL ,3923,3923,886848,25,50,7098,11,33,2319,122,2956,252146,3922,3922,886300,25,50,7098,11,33,2319,122,2956,252146
200999,999,45460, ,Terre Haute  IN ,124,124,19475,3,6,500,0,0,0,0,0,0,123,123,19405,3,6,500,0,0,0,0,0,0
200999,999,45500, ,Texarkana  TX-Texarkana  AR ,218,218,23578,16,32,1689,1,4,300,1,48,2500,215,215,23290,16,32,1689,1,4,300,1,48,2500
200999,999,45820, ,Topeka  KS ,343,343,57612,1,2,300,8,30,2985,7,114,9870,320,320,54219,1,2,300,8,30,2985,7,114,9870
200999,999,46060,C,Tucson  AZ ,1934,1934,391153,6,12,998,4,16,1471,20,167,13654,1824,1824,367547,6,12,998,4,16,1471,18,152,12693
200999,999,46220, ,Tuscaloosa  AL ,360,360,64425,2,4,642,2,6,550,17,319,23445,252,252,45327,1,2,333,2,6,550,6,160,14235
200999,999,46540, ,Utica-Rome  NY ,319,319,57034,1,2,296,3,11,4116,2,82,20983,239,239,46272,1,2,296,3,11,4116,2,82,20983
200999,999,46660, ,Valdosta  GA ,545,545,53807,0,0,0,0,0,0,22,352,23057,545,545,53807,0,0,0,0,0,0,22,352,23057
200999,999,47020, ,Victoria  TX ,106,106,17184,0,0,0,0,0,0,0,0,0,60,60,10049,0,0,0,0,0,0,0,0,0
200999,999,47260,C,Virginia Beach-Norfolk-Newport News  VA-NC ,2999,2999,564840,7,14,1103,1,3,369,102,2286,116008,2952,2952,556386,7,14,1103,1,3,369,99,2267,115193
200999,999,47300, ,Visalia-Porterville  CA ,993,993,174749,1,2,136,1,3,294,8,99,8951,993,993,174749,1,2,136,1,3,294,8,99,8951
200999,999,47380, ,Waco  TX ,424,424,67526,18,36,2270,9,36,3745,2,178,11925,415,415,64362,18,36,2270,9,36,3745,2,178,11925
200999,999,47940, ,Waterloo-Cedar Falls  IA ,346,346,63627,7,14,1525,0,0,0,0,0,0,346,346,63627,7,14,1525,0,0,0,0,0,0
200999,999,48260, ,Weirton-Steubenville  WV-OH ,37,37,5932,0,0,0,0,0,0,0,0,0,30,30,5022,0,0,0,0,0,0,0,0,0
200999,999,48300, ,Wenatchee-East Wenatchee  WA ,331,331,57782,6,12,1354,4,12,896,0,0,0,331,331,57782,6,12,1354,4,12,896,0,0,0
200999,999,48540, ,Wheeling  WV-OH ,17,17,3152,0,0,0,0,0,0,0,0,0,15,15,3019,0,0,0,0,0,0,0,0,0
200999,999,48660, ,Wichita Falls  TX ,172,172,29037,18,36,3504,0,0,0,0,0,0,172,172,29037,18,36,3504,0,0,0,0,0,0
200999,999,48900,C,Wilmington  NC ,1527,1527,283658,1,2,239,1,4,145,13,280,41939,1426,1426,265803,0,0,0,1,4,145,11,238,38051
200999,999,49420, ,Yakima  WA ,426,426,74800,7,14,1439,1,3,464,3,65,6501,405,405,71715,6,12,1229,1,3,464,3,65,6501
200999,999,49740, ,Yuma  AZ ,689,689,83627,0,0,0,3,12,981,8,48,3925,680,680,82098,0,0,0,3,12,981,8,48,3925
