Survey,CSA,CBSA,MONCOV,CBSA,,1-unit,,,2-units,,,3-4 units,,,5+ units,,,1-unit rep,,,2-units rep,,,3-4 units rep,,,5+ units rep
Date,Code,Code,,Name,Bldgs,Units,Value,Bldgs,Units,Value,Bldgs,Units,Value,Bldgs,Units,Value,Bldgs,Units,Value,Bldgs,Units,Value,      Bldgs,Units,Value,Bldgs,Units,Value
 
202112,104,10580,C,Albany-Schenectady-Troy  NY ,1367,1367,406091,20,40,8237,25,95,12323,46,1191,186027,1158,1158,346482,16,32,6969,23,89,11368,29,718,90359
202112,104,24020, ,Glens Falls  NY ,251,251,64710,0,0,0,0,0,0,11,128,37187,151,151,40158,0,0,0,0,0,0,11,128,37187
202112,106,10740,C,Albuquerque  NM ,2535,2535,645001,26,52,9669,6,24,2602,52,1410,101148,2380,2380,605701,26,52,9669,6,24,2602,36,1314,97148
202112,106,42140,C,Santa Fe  NM ,240,240,64083,0,0,0,0,0,0,44,699,79559,0,0,0,0,0,0,0,0,0,0,0,0
202112,107,11020, ,Altoona  PA ,0,0,0,0,0,0,0,0,0,0,0,0,0,0,0,0,0,0,0,0,0,0,0,0
202112,108,11100, ,Amarillo  TX ,542,542,128894,16,32,4110,0,0,0,0,0,0,542,542,128894,16,32,4110,0,0,0,0,0,0
202112,118,11540, ,Appleton  WI ,458,458,164032,39,78,15610,0,0,0,58,598,54922,458,458,164032,39,78,15610,0,0,0,58,598,54922
202112,118,36780, ,Oshkosh-Neenah  WI ,272,272,84682,21,42,7090,0,0,0,31,459,43488,272,272,84682,21,42,7090,0,0,0,31,459,43488
202112,120,11700, ,Asheville  NC ,2405,2405,782178,4,8,1381,0,0,0,46,982,108981,827,827,286274,3,6,940,0,0,0,4,64,3761
202112,122,12020, ,Athens-Clarke County  GA ,365,365,122390,12,24,2497,12,46,5875,48,922,101154,365,365,122390,12,24,2497,12,46,5875,48,922,101154
202112,122,12060, ,Atlanta-Sandy Springs-Alpharetta  GA ,31766,31766,7542484,38,76,12288,44,152,31971,289,7302,1083403,27082,27082,6490658,35,70,11533,24,82,19512,219,6200,885893
202112,122,23580, ,Gainesville  GA ,952,952,224746,2,4,387,9,31,4413,24,601,74547,229,229,51726,1,2,175,9,31,4413,24,601,74547
202112,122,40660,C,Rome  GA ,204,204,61657,0,0,0,0,0,0,0,0,0,204,204,61657,0,0,0,0,0,0,0,0,0
202112,140,13460,C,Bend  OR ,1734,1734,568986,56,112,16125,9,32,3537,43,859,107590,1734,1734,568986,56,112,16125,9,32,3537,43,859,107590
202112,142,13820,C,Birmingham-Hoover  AL ,3417,3417,1000917,2,4,2823,1,3,300,6,544,43666,2594,2594,720551,2,4,2823,1,3,300,6,544,43666
202112,144,14020,C,Bloomington  IN ,254,254,69969,6,12,1500,3,10,1444,37,1810,198625,254,254,69969,6,12,1500,3,10,1444,37,1810,198625
202112,145,14010, ,Bloomington  IL ,163,163,37145,8,16,1168,0,0,0,5,62,3830,95,95,20899,0,0,0,0,0,0,5,62,3830
202112,146,14100,C,Bloomsburg-Berwick  PA ,90,90,26574,0,0,0,0,0,0,2,72,6532,54,54,17470,0,0,0,0,0,0,2,72,6532
202112,147,14260,C,Boise City  ID ,8337,8337,2161583,36,72,14324,146,581,66827,179,3201,421424,8092,8092,2107265,35,70,13994,145,577,66367,168,2776,359434
202112,148,12700, ,Barnstable Town  MA ,91,91,46883,1,2,250,0,0,0,0,0,0,23,23,12965,1,2,250,0,0,0,0,0,0
202112,148,14460,C,Boston-Cambridge-Newton  MA-NH ,4920,4920,1713248,274,548,121782,106,347,66292,613,10634,1758207,2564,2564,1057657,188,376,85490,76,254,50597,145,6517,1224497
202112,148,31700, ,Manchester-Nashua  NH ,361,361,87396,18,36,6126,0,0,0,2,32,6000,175,175,54300,8,16,3132,0,0,0,2,32,6000
202112,148,39300,C,Providence-Warwick  RI-MA ,1805,1805,442671,103,206,26612,25,95,9713,17,215,20155,997,997,257867,68,136,18726,20,79,8228,4,32,2659
202112,148,49340, ,Worcester  MA-CT ,168,168,45521,0,0,0,0,0,0,1,6,108,115,115,32154,0,0,0,0,0,0,0,0,0
202112,150,14540, ,Bowling Green  KY ,1090,1090,243182,6,12,1200,0,0,0,95,1050,96809,1090,1090,243182,6,12,1200,0,0,0,95,1050,96809
202112,154,15180, ,Brownsville-Harlingen  TX ,1289,1289,149905,37,74,6352,10,32,3569,14,168,14717,393,393,55434,4,8,462,2,8,271,2,12,547
202112,160,15380,C,Buffalo-Cheektowaga  NY ,978,978,366190,28,56,10054,11,43,21260,40,474,81273,869,869,341499,27,54,9954,10,39,20976,21,211,22546
202112,162,15540, ,Burlington-South Burlington  VT ,292,292,94748,26,52,10629,1,4,523,15,323,37846,112,112,36990,7,14,2737,1,4,523,5,163,22366
202112,163,15980,C,Cape Coral-Fort Myers  FL ,11016,11016,2406205,284,568,62586,19,75,21282,68,1735,181543,11016,11016,2406205,284,568,62586,19,75,21282,68,1735,181543
202112,163,34940, ,Naples-Marco Island  FL ,4123,4123,1289507,7,14,4858,45,169,29852,73,2203,426608,4123,4123,1289507,7,14,4858,45,169,29852,73,2203,426608
202112,164,16020, ,Cape Girardeau  MO-IL ,0,0,0,0,0,0,0,0,0,0,0,0,0,0,0,0,0,0,0,0,0,0,0,0
202112,168,16300, ,Cedar Rapids  IA ,388,388,72906,32,64,9214,2,8,1237,12,250,23207,388,388,72906,32,64,9214,2,8,1237,12,250,23207
202112,168,26980, ,Iowa City  IA ,391,391,108680,8,16,3179,8,29,6924,11,340,59322,365,365,104847,6,12,2578,8,29,6924,11,340,59322
202112,170,16620, ,Charleston  WV ,187,187,21682,1,2,180,0,0,0,1,40,4755,176,176,20495,1,2,180,0,0,0,1,40,4755
202112,170,26580, ,Huntington-Ashland  WV-KY-OH ,243,243,45920,1,2,600,1,4,230,0,0,0,53,53,11840,1,2,600,1,4,230,0,0,0
202112,172,16740, ,Charlotte-Concord-Gastonia  NC-SC ,19061,19061,4947651,21,42,6246,18,70,11838,267,9136,936466,16293,16293,4134978,20,40,6025,17,67,11314,249,8560,866524
202112,174,16860, ,Chattanooga  TN-GA ,1991,1991,447311,48,96,7196,24,82,6806,44,1021,77615,1416,1416,318714,4,8,875,16,57,5356,16,477,23300
202112,174,17420, ,Cleveland  TN ,500,500,118007,1,2,320,6,23,1946,0,0,0,253,253,73293,1,2,320,6,23,1946,0,0,0
202112,176,16980, ,Chicago-Naperville-Elgin  IL-IN-WI ,10058,10058,3102776,131,262,49432,218,720,131058,267,7480,845275,8290,8290,2533240,121,242,45613,205,671,125181,203,6941,762397
202112,176,28100, ,Kankakee  IL ,16,16,5221,0,0,0,0,0,0,0,0,0,16,16,5221,0,0,0,0,0,0,0,0,0
202112,176,33140, ,Michigan City-La Porte  IN ,127,127,41453,0,0,0,0,0,0,0,0,0,0,0,0,0,0,0,0,0,0,0,0,0
202112,178,17140, ,Cincinnati  OH-KY-IN ,5366,5366,1533641,30,60,8711,35,120,20676,126,2886,291371,4791,4791,1379235,27,54,8062,35,120,20676,126,2886,291371
202112,184,10420, ,Akron  OH ,650,650,191218,5,10,1018,25,99,4474,19,102,5669,650,650,191218,5,10,1018,25,99,4474,19,102,5669
202112,184,15940, ,Canton-Massillon  OH ,465,465,136798,12,24,3862,21,73,6422,50,308,33590,408,408,130145,12,24,3862,13,48,5141,37,231,27675
202112,184,17460, ,Cleveland-Elyria  OH ,2920,2920,929789,11,22,1313,22,73,9341,14,296,34158,2269,2269,797381,0,0,0,17,58,8304,10,260,28140
202112,190,17860, ,Columbia  MO ,830,830,245707,1,2,265,0,0,0,8,189,23223,822,822,243833,1,2,265,0,0,0,8,189,23223
202112,192,17900,C,Columbia  SC ,5851,5851,1300839,12,24,2927,0,0,0,28,1004,166511,3228,3228,614683,12,24,2927,0,0,0,6,872,146581
202112,194,12220,C,Auburn-Opelika  AL ,1487,1487,412303,21,42,8378,7,28,3216,19,294,37517,1058,1058,308517,16,32,6729,7,28,3216,7,101,11237
202112,194,17980, ,Columbus  GA-AL ,714,714,150542,7,14,796,0,0,0,16,379,59665,714,714,150542,7,14,796,0,0,0,16,379,59665
202112,198,18140, ,Columbus  OH ,6658,6658,2173480,39,78,13832,31,115,13598,243,5116,495143,6020,6020,2004233,38,76,13332,20,78,8354,216,4967,481588
202112,204,18580, ,Corpus Christi  TX ,1658,1658,388802,0,0,0,0,0,0,0,0,0,1470,1470,350967,0,0,0,0,0,0,0,0,0
202112,206,19100, ,Dallas-Fort Worth-Arlington  TX ,49931,49931,13089256,406,812,87118,91,351,28664,548,25815,3008094,40531,40531,10613353,282,564,54898,49,191,12680,332,16854,1996434
202112,209,19340, ,Davenport-Moline-Rock Island  IA-IL ,303,303,87991,5,10,1719,17,61,9940,5,42,4410,198,198,64453,5,10,1719,17,61,9940,5,42,4410
202112,212,19430, ,Dayton-Kettering  OH ,1189,1189,399229,6,12,1227,4,12,3140,22,197,30975,791,791,310191,2,4,605,4,12,3140,22,197,30975
202112,212,44220, ,Springfield  OH ,189,189,53737,2,4,128,0,0,0,1,6,489,189,189,53737,2,4,128,0,0,0,1,6,489
202112,216,14500, ,Boulder  CO ,295,295,173696,10,20,7943,9,29,6654,27,851,173144,259,259,132718,4,8,1994,3,9,1569,10,488,79799
202112,216,19740,C,Denver-Aurora-Lakewood  CO ,12975,12975,3871695,302,604,117429,70,259,51917,356,16166,2177625,12399,12399,3675000,293,586,113156,70,259,51917,325,14628,1959403
202112,216,24540, ,Greeley  CO ,3454,3454,959916,87,174,34764,56,196,40313,61,1028,144712,1730,1730,458825,86,172,34264,45,162,32201,33,696,101286
202112,218,11180, ,Ames  IA ,91,91,31489,0,0,0,0,0,0,4,110,11001,91,91,31489,0,0,0,0,0,0,4,110,11001
202112,218,19780, ,Des Moines-West Des Moines  IA ,4804,4804,1389043,42,84,18412,24,83,18663,54,1942,268485,4574,4574,1315008,40,80,17302,24,83,18663,35,1796,253789
202112,220,11460, ,Ann Arbor  MI ,500,500,147788,13,26,7885,22,80,12857,2,15,5050,362,362,108270,13,26,7885,19,71,11034,1,10,4500
202112,220,19820, ,Detroit-Warren-Dearborn  MI ,5682,5682,1776275,50,100,21854,48,171,21101,139,2662,614087,4556,4556,1517470,50,100,21854,29,107,15443,104,2043,551936
202112,220,22420, ,Flint  MI ,236,236,67124,0,0,0,32,110,22709,0,0,0,157,157,44212,0,0,0,0,0,0,0,0,0
202112,220,33780, ,Monroe  MI ,9,9,2516,0,0,0,2,8,720,0,0,0,9,9,2516,0,0,0,2,8,720,0,0,0
202112,222,20020, ,Dothan  AL ,289,289,85951,1,2,165,0,0,0,0,0,0,289,289,85951,1,2,165,0,0,0,0,0,0
202112,232,20740, ,Eau Claire  WI ,438,438,144984,92,184,32626,2,8,1509,32,610,78933,433,433,143629,92,184,32626,2,8,1509,32,610,78933
202112,236,21300, ,Elmira  NY ,1,1,200,0,0,0,0,0,0,0,0,0,1,1,200,0,0,0,0,0,0,0,0,0
202112,238,21340,C,El Paso  TX ,2655,2655,620752,58,116,14875,6,19,2508,20,199,23395,158,158,32845,0,0,0,0,0,0,0,0,0
202112,238,29740,C,Las Cruces  NM ,1239,1239,325125,2,4,608,0,0,0,12,95,7418,336,336,102980,0,0,0,0,0,0,0,0,0
202112,240,21500, ,Erie  PA ,62,62,18679,2,4,512,1,4,300,1,11,150,60,60,18377,2,4,512,1,4,300,1,11,150
202112,244,22020, ,Fargo  ND-MN ,1233,1233,380693,1,2,400,0,0,0,19,1058,140802,875,875,276922,0,0,0,0,0,0,19,1058,140802
202112,246,22180, ,Fayetteville  NC ,1845,1845,318628,0,0,0,0,0,0,12,252,31270,1023,1023,206845,0,0,0,0,0,0,12,252,31270
202112,258,23060,C,Fort Wayne  IN ,1799,1799,511731,76,152,13714,3,11,1471,2,16,1657,1799,1799,511731,76,152,13714,3,11,1471,2,16,1657
202112,260,23420,C,Fresno  CA ,2773,2773,831702,38,76,11224,3,9,1031,64,645,89679,404,404,108744,0,0,0,0,0,0,3,36,3400
202112,260,31460, ,Madera  CA ,1004,1004,273710,0,0,0,2,8,1324,2,26,1467,1004,1004,273710,0,0,0,2,8,1324,2,26,1467
202112,264,23540, ,Gainesville  FL ,746,746,215364,0,0,0,0,0,0,12,1087,37012,0,0,0,0,0,0,0,0,0,0,0,0
202112,266,24340, ,Grand Rapids-Kentwood  MI ,1765,1765,516890,27,54,12686,26,91,15313,38,780,88829,1437,1437,437884,26,52,12246,22,79,14177,13,380,43058
202112,266,34740, ,Muskegon  MI ,18,18,3889,8,16,2208,0,0,0,0,0,0,18,18,3889,8,16,2208,0,0,0,0,0,0
202112,267,24580, ,Green Bay  WI ,731,731,235752,17,34,7391,0,0,0,46,476,42284,554,554,180174,15,30,6596,0,0,0,23,344,31878
202112,268,15500, ,Burlington  NC ,1142,1142,159594,0,0,0,7,25,3729,6,116,9645,1142,1142,159594,0,0,0,7,25,3729,6,116,9645
202112,268,24660,C,Greensboro-High Point  NC ,2506,2506,632991,18,36,5227,0,0,0,47,1335,229100,1573,1573,317454,18,36,5227,0,0,0,47,1335,229100
202112,268,49180, ,Winston-Salem  NC ,2356,2356,501648,0,0,0,0,0,0,9,49,1932,2138,2138,446504,0,0,0,0,0,0,0,0,0
202112,272,24780, ,Greenville  NC ,397,397,92747,12,24,3468,0,0,0,18,446,47179,397,397,92747,12,24,3468,0,0,0,18,446,47179
202112,273,24860, ,Greenville-Anderson  SC ,8741,8741,2026973,96,192,12139,3,12,560,57,1509,123100,8324,8324,1889080,96,192,12139,3,12,560,56,1504,123059
202112,273,43900, ,Spartanburg  SC ,3393,3393,550536,0,0,0,0,0,0,13,220,26389,0,0,0,0,0,0,0,0,0,0,0,0
202112,276,23900,C,Gettysburg  PA ,438,438,127475,0,0,0,0,0,0,0,0,0,438,438,127475,0,0,0,0,0,0,0,0,0
202112,276,25420,C,Harrisburg-Carlisle  PA ,1296,1296,324531,14,28,4439,11,40,5752,13,178,21289,970,970,252906,13,26,4331,11,40,5752,4,93,10474
202112,276,30140, ,Lebanon  PA ,197,197,38610,0,0,0,0,0,0,2,10,1035,0,0,0,0,0,0,0,0,0,0,0,0
202112,276,49620, ,York-Hanover  PA ,290,290,52635,0,0,0,0,0,0,0,0,0,257,257,44263,0,0,0,0,0,0,0,0,0
202112,277,25500,C,Harrisonburg  VA ,628,628,187609,3,6,1190,0,0,0,2,21,2029,628,628,187609,3,6,1190,0,0,0,2,21,2029
202112,277,44420, ,Staunton  VA ,200,200,54604,0,0,0,0,0,0,1,48,4970,200,200,54604,0,0,0,0,0,0,1,48,4970
202112,278,25540,C,Hartford-East Hartford-Middletown  CT ,957,957,242734,20,40,3848,8,31,4334,55,482,40146,715,715,183199,3,6,1396,8,31,4334,9,134,14509
202112,278,35980, ,Norwich-New London  CT ,149,149,35533,4,8,1046,0,0,0,4,28,4677,82,82,22636,2,4,560,0,0,0,4,28,4677
202112,279,25620, ,Hattiesburg  MS ,47,47,13514,0,0,0,0,0,0,0,0,0,0,0,0,0,0,0,0,0,0,0,0,0
202112,284,26300, ,Hot Springs  AR ,78,78,21597,0,0,0,0,0,0,1,252,16000,78,78,21597,0,0,0,0,0,0,1,252,16000
202112,288,26420, ,Houston-The Woodlands-Sugar Land  TX ,52399,52399,11964809,435,870,94041,16,58,9138,506,15726,1526409,46843,46843,10593654,435,870,94041,15,55,8913,480,15368,1494311
202112,290,19460, ,Decatur  AL ,209,209,56698,0,0,0,0,0,0,0,0,0,209,209,56698,0,0,0,0,0,0,0,0,0
202112,290,26620,C,Huntsville  AL ,4267,4267,843949,4,8,655,8,26,2407,89,1917,228897,853,853,276417,3,6,486,8,26,2407,17,582,62567
202112,292,26820, ,Idaho Falls  ID ,1416,1416,287681,2,4,383,11,44,5141,0,0,0,1403,1403,284869,2,4,383,11,44,5141,0,0,0
202112,294,18020, ,Columbus  IN ,231,231,63407,0,0,0,0,0,0,0,0,0,231,231,63407,0,0,0,0,0,0,0,0,0
202112,294,26900, ,Indianapolis-Carmel-Anderson  IN ,9805,9805,3281799,161,322,62294,20,78,22014,92,2880,347085,9635,9635,3227357,161,322,62294,20,78,22014,92,2880,347085
202112,294,34620, ,Muncie  IN ,18,18,4139,0,0,0,0,0,0,0,0,0,18,18,4139,0,0,0,0,0,0,0,0,0
202112,296,27060, ,Ithaca  NY ,14,14,4462,3,6,960,0,0,0,2,10,1200,0,0,0,0,0,0,0,0,0,0,0,0
202112,297,27180, ,Jackson  TN ,191,191,46751,0,0,0,0,0,0,0,0,0,0,0,0,0,0,0,0,0,0,0,0,0
202112,298,27140, ,Jackson  MS ,1293,1293,342454,1,2,247,0,0,0,0,0,0,1241,1241,330804,0,0,0,0,0,0,0,0,0
202112,300,27260,C,Jacksonville  FL ,16521,16521,3681457,55,110,10816,56,221,20862,158,5873,608354,16415,16415,3648667,54,108,10301,56,221,20862,158,5873,608354
202112,304,27740, ,Johnson City  TN ,241,241,52642,3,6,363,0,0,0,0,0,0,241,241,52642,3,6,363,0,0,0,0,0,0
202112,304,28700, ,Kingsport-Bristol  TN-VA ,15,15,3602,1,2,276,0,0,0,1,5,500,2,2,290,1,2,276,0,0,0,1,5,500
202112,306,27780, ,Johnstown  PA ,5,5,1058,0,0,0,0,0,0,0,0,0,5,5,1058,0,0,0,0,0,0,0,0,0
202112,308,27860, ,Jonesboro  AR ,611,611,96361,39,78,5366,47,161,8342,16,96,5452,78,78,12910,0,0,0,0,0,0,0,0,0
202112,309,27900, ,Joplin  MO ,266,266,43607,7,14,1802,2,7,760,9,246,18650,266,266,43607,7,14,1802,2,7,760,9,246,18650
202112,310,12980, ,Battle Creek  MI ,30,30,6620,0,0,0,0,0,0,0,0,0,9,9,2828,0,0,0,0,0,0,0,0,0
202112,310,28020, ,Kalamazoo-Portage  MI ,108,108,41841,0,0,0,0,0,0,0,0,0,108,108,41841,0,0,0,0,0,0,0,0,0
202112,312,28140, ,Kansas City  MO-KS ,7038,7038,2194347,165,330,64910,101,385,56227,98,3481,436880,6143,6143,1915122,158,316,61558,98,376,55332,96,3470,436055
202112,312,29940, ,Lawrence  KS ,187,187,58314,0,0,0,2,6,1200,12,248,18564,187,187,58314,0,0,0,2,6,1200,12,248,18564
202112,312,41140, ,St. Joseph  MO-KS ,3,3,800,0,0,0,0,0,0,0,0,0,3,3,800,0,0,0,0,0,0,0,0,0
202112,313,28420,C,Kennewick-Richland  WA ,1931,1931,596114,33,66,10172,20,79,9676,5,116,13017,768,768,252108,22,44,7299,20,79,9676,3,106,12105
202112,313,47460, ,Walla Walla  WA ,109,109,28919,5,10,1528,0,0,0,4,96,10724,97,97,27719,5,10,1528,0,0,0,4,96,10724
202112,315,28940, ,Knoxville  TN ,4163,4163,1035684,8,16,3395,7,24,3123,63,1280,155887,2125,2125,598031,4,8,1864,2,8,1200,43,964,131150
202112,316,29020, ,Kokomo  IN ,167,167,39822,1,2,320,0,0,0,0,0,0,167,167,39822,1,2,320,0,0,0,0,0,0
202112,318,29180, ,Lafayette  LA ,2880,2880,610236,0,0,0,1,4,800,0,0,0,1367,1367,240232,0,0,0,0,0,0,0,0,0
202112,320,29200, ,Lafayette-West Lafayette  IN ,492,492,136061,0,0,0,0,0,0,27,660,74167,31,31,11303,0,0,0,0,0,0,6,118,16763
202112,324,29340, ,Lake Charles  LA ,892,892,154995,16,32,2455,0,0,0,0,0,0,337,337,50009,14,28,2262,0,0,0,0,0,0
202112,332,29820,C,Las Vegas-Henderson-Paradise  NV ,12156,12156,3317503,69,138,19171,174,594,84613,187,3419,340335,12116,12116,3303616,69,138,19171,174,594,84613,187,3419,340335
202112,336,30460,C,Lexington-Fayette  KY ,1675,1675,423365,3,6,838,17,55,7893,47,1139,105889,617,617,193842,0,0,0,1,4,400,18,220,16289
202112,338,30620, ,Lima  OH ,5,5,1374,0,0,0,0,0,0,0,0,0,5,5,1374,0,0,0,0,0,0,0,0,0
202112,339,30700, ,Lincoln  NE ,1207,1207,279314,19,38,5356,0,0,0,19,905,102482,48,48,13055,0,0,0,0,0,0,0,0,0
202112,340,30780, ,Little Rock-North Little Rock-Conway  AR ,2704,2704,578017,70,140,19105,42,161,30573,37,918,68835,1888,1888,459775,33,66,12874,42,161,30573,19,642,51862
202112,340,38220, ,Pine Bluff  AR ,21,21,3622,0,0,0,0,0,0,0,0,0,0,0,0,0,0,0,0,0,0,0,0,0
202112,348,31080,C,Los Angeles-Long Beach-Anaheim  CA ,10933,10933,3249766,640,1280,295697,153,516,143870,564,18085,3251567,8330,8330,2451361,565,1130,256929,109,371,110229,450,16922,3049750
202112,348,37100, ,Oxnard-Thousand Oaks-Ventura  CA ,201,201,57911,17,34,8775,15,48,12236,31,813,135137,132,132,37323,7,14,3444,0,0,0,1,8,1792
202112,348,40140, ,Riverside-San Bernardino-Ontario  CA ,11591,11591,2985097,116,232,38063,85,286,46862,245,3181,445745,8859,8859,2326442,113,226,36648,82,274,44828,198,2859,410203
202112,350,21060, ,Elizabethtown-Fort Knox  KY ,468,468,104409,23,46,6057,0,0,0,2,12,720,468,468,104409,23,46,6057,0,0,0,2,12,720
202112,350,31140, ,Louisville-Jefferson County  KY-IN ,4155,4155,1113627,29,58,9547,7,23,3835,53,1310,121097,2450,2450,720256,15,30,5173,4,14,2035,29,858,83399
202112,352,31180, ,Lubbock  TX ,2722,2722,647757,219,438,63892,0,0,0,26,261,19260,2702,2702,643557,219,438,63892,0,0,0,22,241,17823
202112,356,31420, ,Macon-Bibb County  GA ,407,407,83632,0,0,0,0,0,0,0,0,0,0,0,0,0,0,0,0,0,0,0,0,0
202112,356,47580, ,Warner Robins  GA ,1175,1175,246445,1,2,207,15,60,6105,4,24,1777,960,960,191647,1,2,207,15,60,6105,4,24,1777
202112,357,27500, ,Janesville-Beloit  WI ,267,267,69919,20,40,5950,2,8,1400,4,176,27342,154,154,38873,20,40,5950,2,8,1400,4,176,27342
202112,357,31540, ,Madison  WI ,1760,1760,731943,99,198,47270,6,24,3600,107,5235,700888,1528,1528,660152,88,176,41112,6,24,3600,106,5228,699450
202112,359,31860, ,Mankato  MN ,146,146,41183,6,12,3225,4,15,3990,10,89,8513,14,14,4839,3,6,1200,0,0,0,0,0,0
202112,365,32580,C,McAllen-Edinburg-Mission  TX ,4440,4440,873052,172,344,27217,170,672,47684,20,241,13891,3337,3337,697905,133,266,23589,168,664,47274,19,233,13516
202112,366,32780, ,Medford  OR ,578,578,165337,8,16,4481,9,36,4302,14,206,25981,578,578,165337,8,16,4481,9,36,4302,14,206,25981
202112,368,32820, ,Memphis  TN-MS-AR ,4292,4292,944449,1,2,518,6,24,3659,14,895,141572,3711,3711,824173,1,2,518,6,24,3659,14,895,141572
202112,370,33100, ,Miami-Fort Lauderdale-Pompano Beach  FL ,8338,8338,3398629,133,266,42079,51,178,23552,279,16568,3036099,7214,7214,2894137,133,266,42079,49,170,22912,225,15697,2927630
202112,370,38940, ,Port St. Lucie  FL ,5555,5555,1304815,108,216,25463,5,17,4919,66,1246,152660,5555,5555,1304815,108,216,25463,5,17,4919,66,1246,152660
202112,370,42680, ,Sebastian-Vero Beach  FL ,1220,1220,493014,4,8,1122,5,15,1010,0,0,0,1220,1220,493014,4,8,1122,5,15,1010,0,0,0
202112,372,33260, ,Midland  TX ,858,858,174724,0,0,0,0,0,0,0,0,0,858,858,174724,0,0,0,0,0,0,0,0,0
202112,372,36220,C,Odessa  TX ,1373,1373,326871,1,2,224,0,0,0,1,31,3716,0,0,0,0,0,0,0,0,0,0,0,0
202112,376,33340,C,Milwaukee-Waukesha  WI ,1759,1759,761691,166,332,79228,8,31,6157,34,836,120544,1205,1205,561935,154,308,72848,8,31,6157,29,787,113441
202112,376,39540, ,Racine  WI ,123,123,51314,6,12,3520,0,0,0,3,60,6177,118,118,49589,6,12,3520,0,0,0,3,60,6177
202112,378,33460, ,Minneapolis-St. Paul-Bloomington  MN-WI ,11595,11595,3827118,108,216,40642,61,227,50305,225,13704,2159750,10596,10596,3539178,104,208,38290,53,203,45052,193,12446,1976101
202112,378,41060, ,St. Cloud  MN ,9,9,2920,0,0,0,0,0,0,0,0,0,0,0,0,0,0,0,0,0,0,0,0,0
202112,380,19300, ,Daphne-Fairhope-Foley  AL ,2795,2795,676312,0,0,0,0,0,0,18,313,19726,1958,1958,527305,0,0,0,0,0,0,11,270,17122
202112,380,33660, ,Mobile  AL ,911,911,211273,0,0,0,0,0,0,2,52,7280,911,911,211273,0,0,0,0,0,0,2,52,7280
202112,384,33740, ,Monroe  LA ,373,373,85726,7,14,519,13,43,6760,20,127,15266,272,272,64805,0,0,0,0,0,0,8,64,7972
202112,388,33860, ,Montgomery  AL ,956,956,235395,2,4,211,5,19,1678,0,0,0,703,703,193476,0,0,0,0,0,0,0,0,0
202112,390,34060, ,Morgantown  WV ,4,4,1893,0,0,0,0,0,0,0,0,0,4,4,1893,0,0,0,0,0,0,0,0,0
202112,396,34820, ,Myrtle Beach-Conway-North Myrtle Beach  SC-NC ,9506,9506,1946534,102,204,33174,7,23,2926,43,665,59109,6709,6709,1202138,102,204,33174,7,23,2926,31,605,56109
202112,400,34980, ,Nashville-Davidson--Murfreesboro--Franklin  TN ,16222,16222,4802033,42,84,11127,46,171,26016,257,13992,1199181,14983,14983,4598273,42,84,11127,45,168,25866,245,13755,1178304
202112,406,25220, ,Hammond  LA ,847,847,155268,3,6,525,0,0,0,0,0,0,0,0,0,0,0,0,0,0,0,0,0,0
202112,406,35380, ,New Orleans-Metairie  LA ,3986,3986,986701,159,318,35142,6,18,3670,28,924,137530,2814,2814,689991,20,40,3877,0,0,0,15,360,35800
202112,408,14860,C,Bridgeport-Stamford-Norwalk  CT ,730,730,459902,24,48,7901,2,7,990,32,501,71070,496,496,295482,14,28,6106,2,7,990,13,332,23323
202112,408,20700, ,East Stroudsburg  PA ,169,169,56550,0,0,0,2,8,1356,4,48,4320,120,120,42672,0,0,0,2,8,1356,0,0,0
202112,408,28740, ,Kingston  NY ,57,57,16121,1,2,200,0,0,0,3,18,4390,47,47,10934,1,2,200,0,0,0,0,0,0
202112,408,35300, ,New Haven-Milford  CT ,244,244,48318,12,24,3616,0,0,0,21,441,33862,74,74,18354,8,16,2876,0,0,0,2,278,23402
202112,408,35620,C,New York-Newark-Jersey City  NY-NJ-PA ,13067,13067,3735019,796,1592,200724,308,1028,100697,1416,42348,4783873,8985,8985,2730336,580,1160,146792,230,780,82875,829,30306,3459430
202112,408,39100, ,Poughkeepsie-Newburgh-Middletown  NY ,257,257,99813,4,8,2184,5,16,3371,42,1233,161894,99,99,25495,1,2,304,0,0,0,17,676,89141
202112,408,45940,C,Trenton-Princeton  NJ ,313,313,45829,1,2,20,0,0,0,35,294,12500,223,223,32597,1,2,20,0,0,0,22,222,7356
202112,412,35840,C,North Port-Sarasota-Bradenton  FL ,12104,12104,3345126,126,252,38166,16,62,8960,112,3504,525708,12104,12104,3345126,126,252,38166,16,62,8960,112,3504,525708
202112,412,39460, ,Punta Gorda  FL ,3289,3289,946051,129,258,39020,23,92,26222,31,720,121722,3289,3289,946051,129,258,39020,23,92,26222,31,720,121722
202112,416,36420,C,Oklahoma City  OK ,7743,7743,1993273,154,308,25937,4,16,5400,11,198,24072,1868,1868,637759,54,108,9882,1,4,750,0,0,0
202112,420,36540, ,Omaha-Council Bluffs  NE-IA ,3663,3663,785530,28,56,6227,18,63,7664,97,2524,215214,3439,3439,717794,20,40,3455,18,63,7664,97,2524,215214
202112,422,19660, ,Deltona-Daytona Beach-Ormond Beach  FL ,5102,5102,1358391,205,410,65301,1,3,277,10,264,30887,4887,4887,1282911,205,410,65301,1,3,277,3,130,14321
202112,422,29460, ,Lakeland-Winter Haven  FL ,9382,9382,2093544,19,38,3737,5,19,1933,81,2417,254328,7488,7488,1587641,19,38,3737,5,19,1933,81,2417,254328
202112,422,36740, ,Orlando-Kissimmee-Sanford  FL ,17705,17705,4624436,84,168,30279,53,201,26130,280,12459,1374099,15643,15643,4056909,84,168,30279,53,201,26130,252,12018,1332831
202112,422,45540,C,The Villages  FL ,4007,4007,1068638,0,0,0,0,0,0,36,604,135189,3996,3996,1066545,0,0,0,0,0,0,36,604,135189
202112,425,37620, ,Parkersburg-Vienna  WV ,86,86,16870,0,0,0,0,0,0,0,0,0,86,86,16870,0,0,0,0,0,0,0,0,0
202112,426,37860,C,Pensacola-Ferry Pass-Brent  FL ,3101,3101,674597,341,682,58144,6,21,1022,13,247,23771,3101,3101,674597,341,682,58144,6,21,1022,13,247,23771
202112,428,12100,C,Atlantic City-Hammonton  NJ ,562,562,176311,1,2,630,2,6,831,16,240,21244,484,484,158825,1,2,630,2,6,831,0,0,0
202112,428,20100,C,Dover  DE ,1682,1682,254462,25,50,4927,0,0,0,10,168,15122,406,406,65396,25,50,4927,0,0,0,9,147,11677
202112,428,36140,C,Ocean City  NJ ,687,687,251871,100,200,40366,9,30,2672,3,15,1365,569,569,230169,84,168,38109,6,21,1991,1,5,745
202112,428,37980,C,Philadelphia-Camden-Wilmington  PA-NJ-DE-MD ,8971,8971,1880541,452,904,142175,335,1125,147108,690,26449,3882356,6761,6761,1495864,443,886,139657,310,1035,136830,561,24993,3741321
202112,428,39740, ,Reading  PA ,45,45,8754,0,0,0,0,0,0,4,24,1100,21,21,2728,0,0,0,0,0,0,4,24,1100
202112,428,47220,C,Vineland-Bridgeton  NJ ,129,129,14496,0,0,0,0,0,0,1,63,6316,128,128,14495,0,0,0,0,0,0,1,63,6316
202112,429,38060,C,Phoenix-Mesa-Chandler  AZ ,35188,35188,9037652,505,1010,118758,83,292,56736,412,15433,2157813,31969,31969,8329800,492,984,115016,83,292,56736,388,13675,1868494
202112,430,38300, ,Pittsburgh  PA ,1395,1395,438495,12,24,3771,10,31,4414,28,659,86303,804,804,295427,2,4,1466,0,0,0,9,48,7535
202112,430,48260, ,Weirton-Steubenville  WV-OH ,0,0,0,0,0,0,0,0,0,0,0,0,0,0,0,0,0,0,0,0,0,0,0,0
202112,438,30340, ,Lewiston-Auburn  ME ,80,80,15685,4,8,1070,0,0,0,1,35,6105,52,52,9729,2,4,720,0,0,0,1,35,6105
202112,438,38860, ,Portland-South Portland  ME ,1811,1811,563350,76,152,26675,14,44,6446,44,738,98912,982,982,320363,55,110,19655,6,20,4446,34,688,94253
202112,440,10540, ,Albany-Lebanon  OR ,452,452,105846,7,14,2633,1,3,514,36,335,39455,130,130,31423,6,12,2169,0,0,0,12,164,20583
202112,440,18700, ,Corvallis  OR ,144,144,38419,1,2,362,3,9,1627,0,0,0,144,144,38419,1,2,362,3,9,1627,0,0,0
202112,440,31020, ,Longview  WA ,255,255,71654,1,2,266,0,0,0,0,0,0,0,0,0,0,0,0,0,0,0,0,0,0
202112,440,38900, ,Portland-Vancouver-Hillsboro  OR-WA ,7954,7954,2349748,90,180,31734,78,288,31241,170,6535,1330151,7342,7342,2178757,90,180,31734,76,280,29817,154,5821,1248886
202112,440,41420, ,Salem  OR ,678,678,193084,7,14,3379,1,3,574,45,517,57938,239,239,71488,3,6,1364,0,0,0,2,30,4055
202112,444,39380,C,Pueblo  CO ,742,742,120065,0,0,0,0,0,0,0,0,0,742,742,120065,0,0,0,0,0,0,0,0,0
202112,450,20500,C,Durham-Chapel Hill  NC ,3772,3772,1125984,14,28,3730,5,16,3370,45,2422,309900,1140,1140,401953,2,4,438,1,4,896,5,388,33736
202112,450,39580,C,Raleigh-Cary  NC ,14227,14227,3397805,19,38,6442,4,16,2071,138,7368,1112820,11271,11271,2799833,19,38,6442,4,16,2071,138,7368,1112820
202112,452,39660, ,Rapid City  SD ,604,604,156719,0,0,0,10,40,4555,35,838,94232,604,604,156719,0,0,0,10,40,4555,35,838,94232
202112,454,39820, ,Redding  CA ,153,153,54611,0,0,0,0,0,0,2,48,5400,153,153,54611,0,0,0,0,0,0,2,48,5400
202112,456,16180,C,Carson City  NV ,203,203,53627,0,0,0,5,15,1909,13,89,8886,0,0,0,0,0,0,0,0,0,0,0,0
202112,456,39900,C,Reno  NV ,2708,2708,741240,40,80,9707,21,71,10233,132,2472,316029,595,595,145276,11,22,3642,2,8,2085,4,51,7921
202112,462,40340, ,Rochester  MN ,304,304,100959,2,4,683,1,4,538,2,372,47000,304,304,100959,2,4,683,1,4,538,2,372,47000
202112,464,40380, ,Rochester  NY ,1107,1107,317016,26,52,9143,25,85,9709,34,322,31818,825,825,243699,21,42,7286,23,79,9154,31,305,30088
202112,466,40420, ,Rockford  IL ,146,146,27258,9,18,2417,0,0,0,1,8,655,146,146,27258,9,18,2417,0,0,0,1,8,655
202112,472,40900,C,Sacramento-Roseville-Folsom  CA ,9208,9208,2849779,51,102,15976,23,90,17164,100,2705,401715,9039,9039,2801309,48,96,14515,23,90,17164,85,2559,354671
202112,474,13020, ,Bay City  MI ,11,11,2671,0,0,0,0,0,0,0,0,0,2,2,614,0,0,0,0,0,0,0,0,0
202112,474,33220, ,Midland  MI ,63,63,8660,9,18,2115,0,0,0,0,0,0,63,63,8660,9,18,2115,0,0,0,0,0,0
202112,474,40980, ,Saginaw  MI ,46,46,12025,0,0,0,2,7,700,0,0,0,45,45,11675,0,0,0,2,7,700,0,0,0
202112,476,41180, ,St. Louis  MO-IL ,5704,5704,1666077,56,112,16275,12,43,7551,121,2988,326613,4341,4341,1183480,46,92,13748,9,33,5898,75,1788,203351
202112,480,41540, ,Salisbury  MD-DE ,4714,4714,722944,131,262,30494,2,7,1470,8,171,13048,4636,4636,708011,131,262,30494,2,7,1470,8,171,13048
202112,482,36260, ,Ogden-Clearfield  UT ,3755,3755,1008474,8,16,3727,29,98,18597,89,2667,368399,3207,3207,856728,5,10,2674,11,38,7333,67,2328,326723
202112,482,39340, ,Provo-Orem  UT ,7719,7719,2305831,38,76,14349,67,250,40021,240,3445,468424,6145,6145,1841141,29,58,8325,62,230,37156,234,3409,462943
202112,482,41620, ,Salt Lake City  UT ,5339,5339,1419354,97,194,25084,77,270,46811,131,5682,857785,4420,4420,1111985,58,116,17046,50,182,30339,55,1545,290294
202112,484,41700,C,San Antonio-New Braunfels  TX ,13910,13910,3285787,70,140,17735,26,103,13820,314,8076,1096373,12828,12828,3058178,70,140,17735,26,103,13820,302,8016,1083587
202112,488,32900, ,Merced  CA ,98,98,25783,0,0,0,0,0,0,0,0,0,38,38,8307,0,0,0,0,0,0,0,0,0
202112,488,33700, ,Modesto  CA ,49,49,12333,1,2,353,0,0,0,0,0,0,49,49,12333,1,2,353,0,0,0,0,0,0
202112,488,41860,C,San Francisco-Oakland-Berkeley  CA ,4264,4264,1422276,125,250,70770,25,91,29732,267,8919,2253252,3616,3616,1152303,97,194,44019,25,91,29732,194,7940,2013889
202112,488,41940,C,San Jose-Sunnyvale-Santa Clara  CA ,2427,2427,838515,17,34,11676,2,8,2166,53,2388,411518,1950,1950,655631,17,34,11676,2,8,2166,41,2038,341061
202112,488,42100, ,Santa Cruz-Watsonville  CA ,168,168,36091,1,2,440,0,0,0,0,0,0,34,34,11683,0,0,0,0,0,0,0,0,0
202112,488,42220, ,Santa Rosa-Petaluma  CA ,1058,1058,296993,16,32,4382,3,11,2098,46,1296,341022,832,832,251171,16,32,4382,3,11,2098,37,1250,333355
202112,488,44700, ,Stockton  CA ,2671,2671,832304,1,2,304,0,0,0,27,403,49113,849,849,308211,0,0,0,0,0,0,4,88,11417
202112,488,46700, ,Vallejo  CA ,868,868,271262,1,2,485,0,0,0,23,220,47120,838,838,264522,1,2,485,0,0,0,23,220,47120
202112,496,25980, ,Hinesville  GA ,488,488,104222,0,0,0,0,0,0,0,0,0,488,488,104222,0,0,0,0,0,0,0,0,0
202112,496,42340, ,Savannah  GA ,2678,2678,690340,2,4,1182,8,28,5656,26,441,38523,2127,2127,561016,2,4,1182,7,25,5106,26,441,38523
202112,500,14740,C,Bremerton-Silverdale-Port Orchard  WA ,1116,1116,353040,18,36,9477,5,16,3481,54,1047,114932,628,628,200785,11,22,7698,5,16,3481,38,658,73649
202112,500,34580, ,Mount Vernon-Anacortes  WA ,219,219,71850,4,8,1510,9,34,8487,11,178,18016,219,219,71850,4,8,1510,9,34,8487,11,178,18016
202112,500,36500, ,Olympia-Lacey-Tumwater  WA ,748,748,178687,13,26,3921,15,56,8561,64,1220,132061,615,615,148986,13,26,3921,15,56,8561,52,1152,129169
202112,500,42660,C,Seattle-Tacoma-Bellevue  WA ,8872,8872,3015465,367,734,170255,252,861,188985,376,20500,3069477,7237,7237,2389292,361,722,166840,241,823,181435,303,18206,2722321
202112,508,43340,C,Shreveport-Bossier City  LA ,1079,1079,245482,0,0,0,0,0,0,0,0,0,814,814,177438,0,0,0,0,0,0,0,0,0
202112,515,21140, ,Elkhart-Goshen  IN ,271,271,84661,0,0,0,0,0,0,0,0,0,271,271,84661,0,0,0,0,0,0,0,0,0
202112,515,35660, ,Niles  MI ,21,21,9758,0,0,0,0,0,0,0,0,0,21,21,9758,0,0,0,0,0,0,0,0,0
202112,515,43780, ,South Bend-Mishawaka  IN-MI ,355,355,130154,0,0,0,1,3,1200,0,0,0,354,354,129854,0,0,0,1,3,1200,0,0,0
202112,518,17660, ,Coeur dAlene  ID ,1358,1358,370206,14,28,8073,11,37,11839,41,710,78488,1358,1358,370206,14,28,8073,11,37,11839,41,710,78488
202112,518,44060, ,Spokane-Spokane Valley  WA ,1895,1895,503496,104,208,38555,25,86,12762,64,1211,152614,1441,1441,386060,95,190,36452,21,74,11211,41,971,123304
202112,522,44100, ,Springfield  IL ,152,152,22310,39,78,14114,0,0,0,2,16,2156,0,0,0,0,0,0,0,0,0,0,0,0
202112,524,44300, ,State College  PA ,319,319,102114,8,16,2517,0,0,0,3,358,74736,103,103,32236,8,16,2517,0,0,0,3,358,74736
202112,532,45060, ,Syracuse  NY ,270,270,64390,1,2,161,2,7,927,4,50,3442,240,240,58302,0,0,0,2,7,927,4,50,3442
202112,534,45780, ,Toledo  OH ,779,779,236276,16,32,4110,4,16,1674,17,445,28211,755,755,232803,16,32,4110,4,16,1674,13,278,17700
202112,536,46060,C,Tucson  AZ ,5116,5116,1577738,25,50,5942,0,0,0,59,909,136421,3971,3971,1286731,0,0,0,0,0,0,0,0,0
202112,538,46140,C,Tulsa  OK ,4354,4354,1038072,44,88,7512,9,32,4236,38,446,37667,4264,4264,1018804,44,88,7512,9,32,4236,23,333,28975
202112,540,46340, ,Tyler  TX ,433,433,103018,19,38,4752,15,50,6669,2,12,1495,433,433,103018,19,38,4752,15,50,6669,2,12,1495
202112,545,47260, ,Virginia Beach-Norfolk-Newport News  VA-NC ,4634,4634,1152707,22,44,6667,19,71,12126,60,2550,263804,4320,4320,1126467,22,44,6667,19,71,12126,60,2550,263804
202112,548,12580,C,Baltimore-Columbia-Towson  MD ,4791,4791,1088232,1,2,525,1,4,2684,55,3211,479260,4589,4589,1060392,1,2,525,1,4,2684,39,1679,160747
202112,548,15680,C,California-Lexington Park  MD ,353,353,112069,0,0,0,0,0,0,1,6,1998,353,353,112069,0,0,0,0,0,0,1,6,1998
202112,548,16540,C,Chambersburg-Waynesboro  PA ,337,337,81535,10,20,3709,0,0,0,5,25,3213,308,308,74414,10,20,3709,0,0,0,1,5,625
202112,548,25180, ,Hagerstown-Martinsburg  MD-WV ,1614,1614,403008,12,24,3985,0,0,0,2,18,1185,1553,1553,390932,12,24,3985,0,0,0,2,18,1185
202112,548,47900, ,Washington-Arlington-Alexandria  DC-VA-MD-WV ,13390,13390,3545734,27,54,5463,11,41,5809,273,13590,1655527,12181,12181,3227592,21,42,4443,11,41,5809,210,12390,1490097
202112,548,49020, ,Winchester  VA-WV ,791,791,210577,0,0,0,5,15,244,1,5,827,791,791,210577,0,0,0,5,15,244,1,5,827
202112,554,48140, ,Wausau-Weston  WI ,232,232,64547,3,6,1670,0,0,0,6,213,30091,67,67,19585,3,6,1670,0,0,0,6,213,30091
202112,556,48620, ,Wichita  KS ,1077,1077,382151,205,410,41177,5,20,3200,0,0,0,992,992,351235,191,382,38475,5,20,3200,0,0,0
202112,558,48700, ,Williamsport  PA ,6,6,1882,0,0,0,0,0,0,0,0,0,6,6,1882,0,0,0,0,0,0,0,0,0
202112,566,49660, ,Youngstown-Warren-Boardman  OH-PA ,292,292,62026,5,10,1268,1,3,381,0,0,0,292,292,62026,5,10,1268,1,3,381,0,0,0
202112,999,10180, ,Abilene  TX ,492,492,105974,44,88,8617,0,0,0,7,289,33135,492,492,105974,44,88,8617,0,0,0,7,289,33135
202112,999,10500, ,Albany  GA ,186,186,22381,0,0,0,0,0,0,12,189,27064,164,164,17199,0,0,0,0,0,0,0,0,0
202112,999,10780, ,Alexandria  LA ,254,254,64613,0,0,0,0,0,0,0,0,0,160,160,39848,0,0,0,0,0,0,0,0,0
202112,999,10900, ,Allentown-Bethlehem-Easton  PA-NJ ,633,633,171930,5,10,1764,0,0,0,13,318,42829,471,471,150608,0,0,0,0,0,0,13,318,42829
202112,999,11260,C,Anchorage  AK ,877,877,277205,5,10,1678,14,52,8912,22,244,37001,32,32,8662,5,10,1678,1,3,459,0,0,0
202112,999,11500, ,Anniston-Oxford  AL ,40,40,6663,0,0,0,0,0,0,0,0,0,35,35,6263,0,0,0,0,0,0,0,0,0
202112,999,12260, ,Augusta-Richmond County  GA-SC ,4038,4038,877039,0,0,0,30,109,9902,4,27,1591,985,985,257375,0,0,0,30,109,9902,1,8,500
202112,999,12420, ,Austin-Round Rock-Georgetown  TX ,24438,24438,5883704,252,504,58044,80,291,46552,537,25539,3088977,20114,20114,4887946,237,474,55184,47,175,36114,533,25517,3086895
202112,999,12540, ,Bakersfield  CA ,1635,1635,336296,13,26,1552,3,11,576,4,54,7517,469,469,59353,12,24,1259,1,4,127,0,0,0
202112,999,12620, ,Bangor  ME ,126,126,33510,14,28,4678,5,20,2671,0,0,0,68,68,17559,11,22,3828,4,16,2121,0,0,0
202112,999,12940, ,Baton Rouge  LA ,4342,4342,993692,2,4,564,0,0,0,0,0,0,1959,1959,526242,1,2,321,0,0,0,0,0,0
202112,999,13140, ,Beaumont-Port Arthur  TX ,1003,1003,207249,4,8,814,8,32,2864,0,0,0,1003,1003,207249,4,8,814,8,32,2864,0,0,0
202112,999,13220,C,Beckley  WV ,106,106,19676,1,2,175,0,0,0,0,0,0,95,95,18469,1,2,175,0,0,0,0,0,0
202112,999,13380, ,Bellingham  WA ,778,778,217613,16,32,6666,14,48,7920,27,931,101978,317,317,91662,9,18,3839,10,36,5727,25,921,100992
202112,999,13740, ,Billings  MT ,530,530,134244,42,84,14494,0,0,0,7,296,45835,530,530,134244,42,84,14494,0,0,0,7,296,45835
202112,999,13780, ,Binghamton  NY ,0,0,0,0,0,0,0,0,0,0,0,0,0,0,0,0,0,0,0,0,0,0,0,0
202112,999,13900, ,Bismarck  ND ,407,407,118698,116,232,43359,0,0,0,4,127,15250,341,341,97335,116,232,43359,0,0,0,4,127,15250
202112,999,13980, ,Blacksburg-Christiansburg  VA ,73,73,20405,0,0,0,0,0,0,2,24,1752,73,73,20405,0,0,0,0,0,0,2,24,1752
202112,999,15260, ,Brunswick  GA ,586,586,210859,6,12,1805,0,0,0,4,20,10783,0,0,0,0,0,0,0,0,0,0,0,0
202112,999,16220,C,Casper  WY ,140,140,36761,2,4,253,3,12,1356,10,119,16807,38,38,7452,0,0,0,2,8,861,1,66,11528
202112,999,16580, ,Champaign-Urbana  IL ,77,77,23835,0,0,0,0,0,0,6,229,28300,77,77,23835,0,0,0,0,0,0,6,229,28300
202112,999,16700,C,Charleston-North Charleston  SC ,5882,5882,1796183,8,16,1020,3,11,4869,98,2375,189089,2671,2671,905448,8,16,1020,3,11,4869,53,937,78353
202112,999,16820, ,Charlottesville  VA ,828,828,271226,9,18,3110,0,0,0,17,293,28716,0,0,0,0,0,0,0,0,0,0,0,0
202112,999,16940, ,Cheyenne  WY ,496,496,105172,8,16,1612,25,94,7644,9,127,13773,496,496,105172,8,16,1612,25,94,7644,9,127,13773
202112,999,17020, ,Chico  CA ,257,257,55932,2,4,721,5,15,2087,33,746,78964,257,257,55932,2,4,721,5,15,2087,33,746,78964
202112,999,17300,C,Clarksville  TN-KY ,2217,2217,411126,11,22,2674,37,143,20796,169,1730,115518,2182,2182,407912,11,22,2674,37,143,20796,169,1730,115518
202112,999,17780, ,College Station-Bryan  TX ,1738,1738,336784,7,14,2014,2,7,947,20,514,45301,1738,1738,336784,7,14,2014,2,7,947,20,514,45301
202112,999,17820,C,Colorado Springs  CO ,5072,5072,1912764,156,312,34413,8,24,4560,105,3925,669110,4972,4972,1885778,156,312,34413,8,24,4560,105,3925,669110
202112,999,18880,C,Crestview-Fort Walton Beach-Destin  FL ,3411,3411,1451871,20,40,9722,17,63,11436,21,378,46230,3411,3411,1451871,20,40,9722,17,63,11436,21,378,46230
202112,999,19060, ,Cumberland  MD-WV ,33,33,8054,0,0,0,0,0,0,0,0,0,33,33,8054,0,0,0,0,0,0,0,0,0
202112,999,19180, ,Danville  IL ,3,3,620,0,0,0,0,0,0,0,0,0,2,2,565,0,0,0,0,0,0,0,0,0
202112,999,19500, ,Decatur  IL ,17,17,5219,1,2,400,0,0,0,0,0,0,17,17,5219,1,2,400,0,0,0,0,0,0
202112,999,20220, ,Dubuque  IA ,83,83,28362,1,2,280,0,0,0,2,160,41913,83,83,28362,1,2,280,0,0,0,2,160,41913
202112,999,20260, ,Duluth  MN-WI ,104,104,25399,0,0,0,0,0,0,3,18,1050,104,104,25399,0,0,0,0,0,0,3,18,1050
202112,999,20940, ,El Centro  CA ,202,202,38264,0,0,0,2,8,858,6,48,6375,48,48,9205,0,0,0,2,8,858,6,48,6375
202112,999,21420, ,Enid  OK ,35,35,11007,0,0,0,0,0,0,0,0,0,35,35,11007,0,0,0,0,0,0,0,0,0
202112,999,21660, ,Eugene-Springfield  OR ,823,823,218758,19,38,6888,3,11,2260,27,1058,184940,233,233,63920,3,6,710,0,0,0,1,8,715
202112,999,21780, ,Evansville  IN-KY ,979,979,275636,41,82,16064,4,16,2045,11,200,13611,665,665,207740,23,46,8688,4,16,2045,2,36,1400
202112,999,21820,C,Fairbanks  AK ,18,18,5302,0,0,0,5,18,2732,0,0,0,18,18,5302,0,0,0,5,18,2732,0,0,0
202112,999,22140,C,Farmington  NM ,97,97,25463,0,0,0,0,0,0,0,0,0,97,97,25463,0,0,0,0,0,0,0,0,0
202112,999,22220, ,Fayetteville-Springdale-Rogers  AR-MO ,5667,5667,1543061,85,170,26379,40,135,18638,67,1160,111104,4199,4199,1213388,60,120,17858,18,60,9395,2,87,8680
202112,999,22380, ,Flagstaff  AZ ,488,488,169090,0,0,0,4,14,5343,10,437,27207,488,488,169090,0,0,0,4,14,5343,10,437,27207
202112,999,22500, ,Florence  SC ,604,604,108680,4,8,660,3,9,725,7,79,7639,604,604,108680,4,8,660,3,9,725,7,79,7639
202112,999,22520, ,Florence-Muscle Shoals  AL ,273,273,33631,0,0,0,0,0,0,4,28,2321,86,86,11350,0,0,0,0,0,0,4,28,2321
202112,999,22540, ,Fond du Lac  WI ,54,54,16403,1,2,840,1,4,795,5,74,5868,26,26,8100,1,2,840,0,0,0,0,0,0
202112,999,22660,C,Fort Collins  CO ,2149,2149,698215,4,8,1243,0,0,0,44,1064,135133,2149,2149,698215,4,8,1243,0,0,0,44,1064,135133
202112,999,22900, ,Fort Smith  AR-OK ,371,371,61864,70,140,13642,5,16,1270,2,16,1500,312,312,55846,69,138,13472,1,4,250,2,16,1500
202112,999,23460, ,Gadsden  AL ,35,35,6258,0,0,0,0,0,0,0,0,0,35,35,6258,0,0,0,0,0,0,0,0,0
202112,999,24220, ,Grand Forks  ND-MN ,146,146,38776,0,0,0,0,0,0,0,0,0,146,146,38776,0,0,0,0,0,0,0,0,0
202112,999,24260, ,Grand Island  NE ,100,100,23963,5,10,1493,0,0,0,13,124,20369,100,100,23963,5,10,1493,0,0,0,13,124,20369
202112,999,24300,C,Grand Junction  CO ,925,925,148714,6,12,1044,5,15,1623,15,330,27615,0,0,0,0,0,0,0,0,0,0,0,0
202112,999,24500,C,Great Falls  MT ,200,200,46626,12,24,6596,0,0,0,4,48,2400,200,200,46626,12,24,6596,0,0,0,4,48,2400
202112,999,25060, ,Gulfport-Biloxi  MS ,2348,2348,479411,6,12,1303,14,48,4837,29,277,16128,999,999,223464,0,0,0,1,3,320,15,168,6900
202112,999,25860, ,Hickory-Lenoir-Morganton  NC ,13,13,1956,2,4,720,0,0,0,16,97,5404,0,0,0,0,0,0,0,0,0,0,0,0
202112,999,25940, ,Hilton Head Island-Bluffton  SC ,1349,1349,447670,0,0,0,0,0,0,0,0,0,858,858,214148,0,0,0,0,0,0,0,0,0
202112,999,26140, ,Homosassa Springs  FL ,954,954,195962,10,20,545,0,0,0,12,60,5187,0,0,0,0,0,0,0,0,0,0,0,0
202112,999,26380, ,Houma-Thibodaux  LA ,498,498,112229,11,22,1711,3,9,785,0,0,0,321,321,64430,0,0,0,0,0,0,0,0,0
202112,999,27100, ,Jackson  MI ,10,10,2396,0,0,0,0,0,0,0,0,0,10,10,2396,0,0,0,0,0,0,0,0,0
202112,999,27340,C,Jacksonville  NC ,1555,1555,290258,6,12,2238,2,6,1199,4,24,1344,1555,1555,290258,6,12,2238,2,6,1199,4,24,1344
202112,999,27980,C,Kahului-Wailuku-Lahaina  HI ,396,396,198137,9,18,2619,4,13,39457,64,453,155993,396,396,198137,9,18,2619,4,13,39457,64,453,155993
202112,999,28660,C,Killeen-Temple  TX ,2448,2448,530258,266,532,45839,0,0,0,59,1170,130016,2197,2197,479423,185,370,32870,0,0,0,59,1170,130016
202112,999,29100, ,La Crosse-Onalaska  WI-MN ,202,202,70794,33,66,12969,1,4,320,12,365,38805,202,202,70794,33,66,12969,1,4,320,12,365,38805
202112,999,29420, ,Lake Havasu City-Kingman  AZ ,1531,1531,334916,35,70,6903,5,16,700,2,10,1679,1531,1531,334916,35,70,6903,5,16,700,2,10,1679
202112,999,29540, ,Lancaster  PA ,59,59,16415,5,10,1765,2,6,757,0,0,0,41,41,11157,5,10,1765,2,6,757,0,0,0
202112,999,29620, ,Lansing-East Lansing  MI ,123,123,43891,0,0,0,0,0,0,17,124,15094,26,26,7634,0,0,0,0,0,0,0,0,0
202112,999,29700, ,Laredo  TX ,1462,1462,234823,21,42,3708,9,28,3561,14,152,9881,0,0,0,0,0,0,0,0,0,0,0,0
202112,999,30020, ,Lawton  OK ,50,50,12993,0,0,0,0,0,0,0,0,0,2,2,440,0,0,0,0,0,0,0,0,0
202112,999,30300, ,Lewiston  ID-WA ,0,0,0,0,0,0,0,0,0,0,0,0,0,0,0,0,0,0,0,0,0,0,0,0
202112,999,30860, ,Logan  UT-ID ,245,245,71506,0,0,0,0,0,0,11,127,14285,245,245,71506,0,0,0,0,0,0,11,127,14285
202112,999,30980, ,Longview  TX ,225,225,48550,6,12,1171,0,0,0,2,88,14521,225,225,48550,6,12,1171,0,0,0,2,88,14521
202112,999,31340, ,Lynchburg  VA ,205,205,46374,1,2,284,3,9,1810,11,138,8268,173,173,39871,0,0,0,0,0,0,2,40,5727
202112,999,31740, ,Manhattan  KS ,240,240,74949,2,4,910,0,0,0,0,0,0,81,81,24304,2,4,910,0,0,0,0,0,0
202112,999,33540,C,Missoula  MT ,436,436,89719,16,32,5166,4,14,1344,43,1316,168374,436,436,89719,16,32,5166,4,14,1344,43,1316,168374
202112,999,36100, ,Ocala  FL ,5625,5625,1161234,4,8,707,1,4,522,21,576,44650,5625,5625,1161234,4,8,707,1,4,522,21,576,44650
202112,999,36980, ,Owensboro  KY ,398,398,38136,0,0,0,0,0,0,0,0,0,388,388,36118,0,0,0,0,0,0,0,0,0
202112,999,37340, ,Palm Bay-Melbourne-Titusville  FL ,4127,4127,1350927,12,24,5968,0,0,0,18,667,83391,4127,4127,1350927,12,24,5968,0,0,0,18,667,83391
202112,999,37460, ,Panama City  FL ,1135,1135,442612,11,22,5080,0,0,0,12,273,46792,1135,1135,442612,11,22,5080,0,0,0,12,273,46792
202112,999,37900, ,Peoria  IL ,60,60,17352,0,0,0,0,0,0,0,0,0,2,2,754,0,0,0,0,0,0,0,0,0
202112,999,38340, ,Pittsfield  MA ,7,7,3285,0,0,0,0,0,0,0,0,0,0,0,0,0,0,0,0,0,0,0,0,0
202112,999,38540, ,Pocatello  ID ,361,361,80346,7,14,1529,28,111,9614,0,0,0,145,145,23423,3,6,505,18,72,5570,0,0,0
202112,999,39150, ,Prescott Valley-Prescott  AZ ,1495,1495,484452,51,102,14115,1,4,504,11,274,39898,917,917,289576,51,102,14115,0,0,0,11,274,39898
202112,999,40060, ,Richmond  VA ,5935,5935,1302221,199,398,40913,15,49,6614,68,3197,254293,5542,5542,1245551,199,398,40913,15,49,6614,52,3068,242250
202112,999,41100, ,St. George  UT ,2425,2425,489710,0,0,0,0,0,0,5,78,8557,2356,2356,476128,0,0,0,0,0,0,5,78,8557
202112,999,41500, ,Salinas  CA ,199,199,42569,2,4,455,0,0,0,11,231,32546,199,199,42569,2,4,455,0,0,0,11,231,32546
202112,999,41660,C,San Angelo  TX ,333,333,71863,0,0,0,0,0,0,0,0,0,333,333,71863,0,0,0,0,0,0,0,0,0
202112,999,41740,C,San Diego-Chula Vista-Carlsbad  CA ,3232,3232,902869,57,114,19377,85,300,63090,214,5712,1108234,3055,3055,848132,54,108,18216,78,273,58065,210,5666,1103374
202112,999,42020, ,San Luis Obispo-Paso Robles  CA ,228,228,97419,0,0,0,1,3,117,0,0,0,0,0,0,0,0,0,0,0,0,0,0,0
202112,999,42200, ,Santa Maria-Santa Barbara  CA ,126,126,64668,3,6,1680,0,0,0,3,48,4511,126,126,64668,3,6,1680,0,0,0,3,48,4511
202112,999,42540, ,Scranton--Wilkes-Barre  PA ,54,54,11769,1,2,113,0,0,0,1,19,2061,46,46,9755,1,2,113,0,0,0,1,19,2061
202112,999,43100, ,Sheboygan  WI ,21,21,8914,0,0,0,0,0,0,0,0,0,8,8,3501,0,0,0,0,0,0,0,0,0
202112,999,43420, ,Sierra Vista-Douglas  AZ ,399,399,50213,0,0,0,0,0,0,0,0,0,389,389,49320,0,0,0,0,0,0,0,0,0
202112,999,43580, ,Sioux City  IA-NE-SD ,148,148,43277,0,0,0,9,27,500,0,0,0,15,15,5431,0,0,0,1,3,500,0,0,0
202112,999,43620, ,Sioux Falls  SD ,1788,1788,405416,18,36,5270,40,153,24177,114,1882,227876,1780,1780,404384,18,36,5270,40,153,24177,114,1882,227876
202112,999,44140, ,Springfield  MA ,22,22,7116,0,0,0,0,0,0,0,0,0,8,8,4036,0,0,0,0,0,0,0,0,0
202112,999,44180, ,Springfield  MO ,741,741,240000,7,14,2198,1,4,720,26,813,41183,741,741,240000,7,14,2198,1,4,720,26,813,41183
202112,999,44940, ,Sumter  SC ,384,384,60875,2,4,460,0,0,410,0,0,0,384,384,60875,2,4,460,0,0,410,0,0,0
202112,999,45220, ,Tallahassee  FL ,1383,1383,268557,10,20,2216,0,0,0,46,1293,165458,485,485,91325,0,0,0,0,0,0,0,0,0
202112,999,45300,C,Tampa-St. Petersburg-Clearwater  FL ,19300,19300,4992349,31,62,10820,8,30,29287,185,5434,765207,18982,18982,4914666,25,50,9140,8,30,29287,164,5329,739512
202112,999,45460, ,Terre Haute  IN ,33,33,6585,11,22,2605,0,0,0,0,0,0,33,33,6585,11,22,2605,0,0,0,0,0,0
202112,999,45500, ,Texarkana  TX-AR ,32,32,7564,0,0,0,0,0,0,0,0,0,0,0,0,0,0,0,0,0,0,0,0,0
202112,999,45820, ,Topeka  KS ,315,315,85571,0,0,0,3,9,900,5,289,35924,313,313,85508,0,0,0,3,9,900,5,289,35924
202112,999,46220, ,Tuscaloosa  AL ,576,576,157219,3,6,1425,32,115,8665,15,604,100065,175,175,55652,0,0,0,0,0,0,0,0,0
202112,999,46300, ,Twin Falls  ID ,759,759,159356,17,34,5932,18,71,7691,4,81,8683,313,313,67418,0,0,0,7,28,2162,0,0,0
202112,999,46520,C,Urban Honolulu  HI ,938,938,347951,19,38,7392,5,17,4816,11,446,108192,938,938,347951,19,38,7392,5,17,4816,11,446,108192
202112,999,46540, ,Utica-Rome  NY ,17,17,2682,0,0,0,1,4,210,0,0,0,8,8,855,0,0,0,1,4,210,0,0,0
202112,999,46660, ,Valdosta  GA ,1314,1314,247233,8,16,1060,0,0,0,0,0,0,603,603,127316,0,0,0,0,0,0,0,0,0
202112,999,47300, ,Visalia  CA ,1296,1296,315004,19,38,2880,4,16,1901,8,156,26689,1296,1296,315004,19,38,2880,4,16,1901,8,156,26689
202112,999,47380, ,Waco  TX ,661,661,56486,31,62,5231,0,0,0,2,14,1319,661,661,56486,31,62,5231,0,0,0,2,14,1319
202112,999,47940, ,Waterloo-Cedar Falls  IA ,92,92,28920,0,0,0,0,0,0,0,0,0,92,92,28920,0,0,0,0,0,0,0,0,0
202112,999,48060, ,Watertown-Fort Drum  NY ,164,164,33183,0,0,0,0,0,0,0,0,0,10,10,2220,0,0,0,0,0,0,0,0,0
202112,999,48300, ,Wenatchee  WA ,672,672,164609,5,10,1988,1,4,649,10,99,13070,338,338,101603,4,8,1588,1,4,649,10,99,13070
202112,999,48540, ,Wheeling  WV-OH ,3,3,1071,0,0,0,0,0,0,2,84,12691,3,3,1071,0,0,0,0,0,0,2,84,12691
202112,999,48660, ,Wichita Falls  TX ,15,15,1648,1,2,85,0,0,0,0,0,0,14,14,1430,1,2,85,0,0,0,0,0,0
202112,999,48900, ,Wilmington  NC ,1580,1580,537534,36,72,15130,3,12,5687,45,1561,204205,0,0,0,0,0,0,0,0,0,0,0,0
202112,999,49420, ,Yakima  WA ,569,569,147003,21,42,6387,9,35,4254,13,238,19991,569,569,147003,21,42,6387,9,35,4254,13,238,19991
202112,999,49740, ,Yuma  AZ ,1039,1039,186237,1,2,202,1,3,188,20,190,9774,1039,1039,186237,1,2,202,1,3,188,20,190,9774
