Survey,CSA,CBSA,MONCOV,CBSA,,1-unit,,,2-units,,,3-4 units,,,5+ units,,,1-unit rep,,,2-units rep,,,3-4 units rep,,,5+ units rep
Date,Code,Code,,Name,Bldgs,Units,Value,Bldgs,Units,Value,Bldgs,Units,Value,Bldgs,Units,Value,Bldgs,Units,Value,Bldgs,Units,Value,      Bldgs,Units,Value,Bldgs,Units,Value
 
202110,104,10580,C,Albany-Schenectady-Troy  NY ,1189,1189,350696,16,32,6770,11,40,5087,45,1058,147518,855,855,258939,13,26,5626,2,6,640,30,924,136431
202110,104,24020, ,Glens Falls  NY ,210,210,55049,0,0,0,0,0,0,11,128,37187,127,127,34658,0,0,0,0,0,0,11,128,37187
202110,106,10740,C,Albuquerque  NM ,2203,2203,558821,26,52,9669,6,24,2602,45,1101,82915,2070,2070,524880,26,52,9669,6,24,2602,33,1025,79748
202110,106,42140,C,Santa Fe  NM ,197,197,52402,0,0,0,0,0,0,38,612,67355,197,197,52402,0,0,0,0,0,0,38,612,67355
202110,107,11020, ,Altoona  PA ,0,0,0,0,0,0,0,0,0,0,0,0,0,0,0,0,0,0,0,0,0,0,0,0
202110,108,11100, ,Amarillo  TX ,450,450,106883,8,16,2055,0,0,0,0,0,0,450,450,106883,8,16,2055,0,0,0,0,0,0
202110,118,11540, ,Appleton  WI ,408,408,143475,32,64,12085,0,0,0,58,598,54922,408,408,143475,32,64,12085,0,0,0,58,598,54922
202110,118,36780, ,Oshkosh-Neenah  WI ,235,235,74926,21,42,7090,0,0,0,31,459,43488,235,235,74926,21,42,7090,0,0,0,31,459,43488
202110,120,11700, ,Asheville  NC ,1996,1996,664340,3,6,940,0,0,0,36,778,90009,647,647,240882,3,6,940,0,0,0,0,0,0
202110,122,12020, ,Athens-Clarke County  GA ,306,306,103666,8,16,1620,12,46,5875,40,761,87602,306,306,103666,8,16,1620,12,46,5875,40,761,87602
202110,122,12060, ,Atlanta-Sandy Springs-Alpharetta  GA ,27283,27283,6437807,34,68,11421,41,142,30646,220,4385,667104,23143,23143,5469355,33,66,11211,37,130,29180,192,4216,639194
202110,122,23580, ,Gainesville  GA ,807,807,188400,1,2,175,3,10,1433,16,433,53057,189,189,40504,1,2,175,3,10,1433,16,433,53057
202110,122,40660,C,Rome  GA ,171,171,58447,0,0,0,0,0,0,0,0,0,171,171,58447,0,0,0,0,0,0,0,0,0
202110,140,13460,C,Bend  OR ,1556,1556,494239,45,90,13159,5,16,1453,39,701,85055,1115,1115,384386,28,56,8217,3,9,540,24,550,67258
202110,142,13820,C,Birmingham-Hoover  AL ,3076,3076,877093,1,2,2600,1,3,300,6,544,43666,1819,1819,439065,1,2,2600,1,3,300,6,544,43666
202110,144,14020,C,Bloomington  IN ,204,204,55836,6,12,1500,3,10,1444,21,1157,119977,0,0,0,0,0,0,0,0,0,0,0,0
202110,145,14010, ,Bloomington  IL ,124,124,26772,7,14,1022,0,0,0,5,62,3830,124,124,26772,7,14,1022,0,0,0,5,62,3830
202110,146,14100,C,Bloomsburg-Berwick  PA ,78,78,23332,0,0,0,0,0,0,1,48,4445,40,40,13725,0,0,0,0,0,0,1,48,4445
202110,147,14260,C,Boise City  ID ,7017,7017,1837236,31,62,11805,136,542,63677,145,2572,316190,6371,6371,1603428,30,60,11439,136,542,63677,144,2567,315275
202110,148,12700, ,Barnstable Town  MA ,77,77,37441,1,2,250,0,0,0,0,0,0,58,58,29717,1,2,250,0,0,0,0,0,0
202110,148,14460,C,Boston-Cambridge-Newton  MA-NH ,4174,4174,1434713,194,388,87931,79,258,48568,508,8385,1313561,1930,1930,802910,111,222,51185,58,192,36998,108,3912,781068
202110,148,31700, ,Manchester-Nashua  NH ,301,301,73766,11,22,4016,0,0,0,2,32,6000,174,174,52926,5,10,2197,0,0,0,2,32,6000
202110,148,39300,C,Providence-Warwick  RI-MA ,1493,1493,365245,72,144,19078,23,87,9063,13,151,12745,644,644,176437,29,58,11295,17,67,6868,3,26,2299
202110,148,49340, ,Worcester  MA-CT ,139,139,38974,0,0,0,0,0,0,0,0,0,88,88,25343,0,0,0,0,0,0,0,0,0
202110,150,14540, ,Bowling Green  KY ,940,940,206410,6,12,1200,0,0,0,73,858,83809,940,940,206410,6,12,1200,0,0,0,73,858,83809
202110,154,15180, ,Brownsville-Harlingen  TX ,1127,1127,111596,34,68,5915,9,29,3157,12,142,12574,0,0,0,0,0,0,0,0,0,0,0,0
202110,160,15380,C,Buffalo-Cheektowaga  NY ,869,869,326818,20,40,6715,9,35,20176,36,384,60000,734,734,293970,17,34,5815,9,35,20176,18,162,17816
202110,162,15540, ,Burlington-South Burlington  VT ,254,254,81930,21,42,8700,2,7,978,20,145,16647,73,73,22087,4,8,2006,1,4,523,0,0,0
202110,163,15980,C,Cape Coral-Fort Myers  FL ,9351,9351,2050121,226,452,49132,17,67,19129,58,1497,142889,9342,9342,2037524,226,452,49132,17,67,19129,58,1497,142889
202110,163,34940, ,Naples-Marco Island  FL ,3544,3544,1108583,7,14,4858,34,128,22402,64,1945,400799,3544,3544,1108583,7,14,4858,34,128,22402,64,1945,400799
202110,164,16020, ,Cape Girardeau  MO-IL ,0,0,0,0,0,0,0,0,0,0,0,0,0,0,0,0,0,0,0,0,0,0,0,0
202110,168,16300, ,Cedar Rapids  IA ,331,331,59031,31,62,8814,2,8,1237,12,250,23207,331,331,59031,31,62,8814,2,8,1237,12,250,23207
202110,168,26980, ,Iowa City  IA ,328,328,88522,5,10,1799,7,25,5990,9,206,29322,306,306,85381,4,8,1498,7,25,5990,9,206,29322
202110,170,16620, ,Charleston  WV ,168,168,18647,1,2,180,0,0,0,1,40,4755,136,136,16853,1,2,180,0,0,0,1,40,4755
202110,170,26580, ,Huntington-Ashland  WV-KY-OH ,215,215,41434,1,2,600,1,4,230,0,0,0,47,47,10600,1,2,600,1,4,230,0,0,0
202110,172,16740, ,Charlotte-Concord-Gastonia  NC-SC ,16310,16310,4280305,18,36,5332,17,67,11314,242,8531,892772,12289,12289,3063473,17,34,5111,17,67,11314,219,7950,823695
202110,174,16860, ,Chattanooga  TN-GA ,1659,1659,373577,41,82,6186,22,76,6458,33,774,66498,1168,1168,263859,4,8,875,16,57,5356,10,320,21200
202110,174,17420, ,Cleveland  TN ,425,425,102683,0,0,0,5,19,1287,0,0,0,213,213,64316,0,0,0,5,19,1287,0,0,0
202110,176,16980, ,Chicago-Naperville-Elgin  IL-IN-WI ,8447,8447,2576450,121,242,43875,193,634,118289,239,6529,753295,6799,6799,2118725,105,210,38502,167,544,105219,153,5682,644005
202110,176,28100, ,Kankakee  IL ,15,15,4903,0,0,0,0,0,0,0,0,0,15,15,4903,0,0,0,0,0,0,0,0,0
202110,176,33140, ,Michigan City-La Porte  IN ,107,107,34893,0,0,0,0,0,0,0,0,0,0,0,0,0,0,0,0,0,0,0,0,0
202110,178,17140, ,Cincinnati  OH-KY-IN ,4556,4556,1299766,20,40,5759,33,112,18634,109,2373,230809,3904,3904,1130503,18,36,5409,33,112,18634,85,1974,191373
202110,184,10420, ,Akron  OH ,514,514,281797,6,12,1178,4,12,701,5,25,761,166,166,46776,4,8,864,0,0,0,0,0,0
202110,184,15940, ,Canton-Massillon  OH ,402,402,115276,12,24,3862,20,70,6268,40,255,28591,345,345,107004,11,22,3442,13,48,5141,29,191,23675
202110,184,17460, ,Cleveland-Elyria  OH ,2501,2501,796922,11,22,1595,20,65,8402,10,267,26901,2152,2152,724441,6,12,1542,16,53,7572,8,244,25742
202110,190,17860, ,Columbia  MO ,712,712,212441,1,2,265,0,0,0,7,181,22246,706,706,211036,1,2,265,0,0,0,7,181,22246
202110,192,17900,C,Columbia  SC ,5066,5066,1119084,11,22,2867,0,0,0,22,715,112872,2806,2806,532282,11,22,2867,0,0,0,4,603,95876
202110,194,12220,C,Auburn-Opelika  AL ,1315,1315,364563,17,34,6711,7,28,3216,22,358,47045,280,280,86063,0,0,0,0,0,0,4,72,9577
202110,194,17980, ,Columbus  GA-AL ,611,611,125853,7,14,796,0,0,0,16,379,59665,608,608,125142,7,14,796,0,0,0,16,379,59665
202110,198,18140, ,Columbus  OH ,5728,5728,1877178,27,54,10782,23,86,11091,177,3586,358152,5151,5151,1725504,26,52,10282,15,58,7459,152,3428,343759
202110,204,18580, ,Corpus Christi  TX ,1364,1364,319714,0,0,0,0,0,0,0,0,0,1364,1364,319714,0,0,0,0,0,0,0,0,0
202110,206,19100, ,Dallas-Fort Worth-Arlington  TX ,43012,43012,11166371,360,720,72440,58,223,22633,486,21839,2479313,35050,35050,9046927,256,512,45831,47,183,16902,309,14311,1637715
202110,209,19340, ,Davenport-Moline-Rock Island  IA-IL ,267,267,73895,4,8,1335,15,53,8740,5,42,4410,117,117,42763,4,8,1335,15,53,8740,5,42,4410
202110,212,19430, ,Dayton-Kettering  OH ,1024,1024,343786,5,10,1071,3,9,2250,22,197,30975,684,684,267813,2,4,605,3,9,2250,22,197,30975
202110,212,44220, ,Springfield  OH ,172,172,48320,0,0,0,0,0,0,1,6,489,172,172,48320,0,0,0,0,0,0,1,6,489
202110,216,14500, ,Boulder  CO ,268,268,148464,10,20,7882,5,17,4176,23,561,122903,162,162,90717,0,0,0,0,0,0,7,222,38222
202110,216,19740,C,Denver-Aurora-Lakewood  CO ,10870,10870,3219046,271,542,100756,58,216,43379,296,12587,1646845,9976,9976,2915265,200,400,64648,49,185,36547,268,11878,1544286
202110,216,24540, ,Greeley  CO ,2794,2794,796413,50,100,21406,44,154,33345,51,785,111430,1254,1254,356807,30,60,14403,33,120,25802,24,418,60880
202110,218,11180, ,Ames  IA ,83,83,28555,0,0,0,0,0,0,4,110,11001,83,83,28555,0,0,0,0,0,0,4,110,11001
202110,218,19780, ,Des Moines-West Des Moines  IA ,4086,4086,1173343,32,64,13606,19,63,15027,44,1687,238591,3944,3944,1129444,32,64,13606,19,63,15027,29,1570,226790
202110,220,11460, ,Ann Arbor  MI ,427,427,126059,13,26,7885,20,74,11670,1,5,550,310,310,92462,13,26,7885,18,68,10454,0,0,0
202110,220,19820, ,Detroit-Warren-Dearborn  MI ,4894,4894,1525555,41,82,18858,42,148,18748,125,2055,250682,4144,4144,1344801,40,80,18578,25,93,13719,111,1775,224090
202110,220,22420, ,Flint  MI ,201,201,56932,0,0,0,26,90,18582,0,0,0,134,134,37452,0,0,0,0,0,0,0,0,0
202110,220,33780, ,Monroe  MI ,9,9,2516,0,0,0,2,8,720,0,0,0,9,9,2516,0,0,0,2,8,720,0,0,0
202110,222,20020, ,Dothan  AL ,250,250,74479,1,2,165,0,0,0,0,0,0,250,250,74479,1,2,165,0,0,0,0,0,0
202110,232,20740, ,Eau Claire  WI ,375,375,122834,86,172,30378,2,8,1509,31,572,73533,371,371,121832,86,172,30378,2,8,1509,31,572,73533
202110,236,21300, ,Elmira  NY ,1,1,200,0,0,0,0,0,0,0,0,0,1,1,200,0,0,0,0,0,0,0,0,0
202110,238,21340,C,El Paso  TX ,2270,2270,530384,50,100,12903,5,16,2116,16,173,20279,84,84,17991,0,0,0,0,0,0,0,0,0
202110,238,29740,C,Las Cruces  NM ,1055,1055,277190,2,4,608,0,0,0,10,75,6012,288,288,88747,0,0,0,0,0,0,0,0,0
202110,240,21500, ,Erie  PA ,55,55,17158,1,2,352,1,4,300,1,11,150,53,53,16856,1,2,352,1,4,300,1,11,150
202110,244,22020, ,Fargo  ND-MN ,1104,1104,336813,1,2,400,0,0,0,16,757,101782,826,826,257055,0,0,0,0,0,0,16,757,101782
202110,246,22180, ,Fayetteville  NC ,1553,1553,276211,0,0,0,0,0,0,11,228,28280,853,853,181563,0,0,0,0,0,0,11,228,28280
202110,258,23060,C,Fort Wayne  IN ,1585,1585,450148,76,152,13714,3,11,1471,2,16,1657,1585,1585,450148,76,152,13714,3,11,1471,2,16,1657
202110,260,23420,C,Fresno  CA ,2390,2390,712048,32,64,9548,2,6,806,48,479,61407,860,860,245675,0,0,0,1,3,396,8,138,15920
202110,260,31460, ,Madera  CA ,881,881,239984,0,0,0,0,0,0,0,0,0,881,881,239984,0,0,0,0,0,0,0,0,0
202110,264,23540, ,Gainesville  FL ,646,646,186691,0,0,0,0,0,0,10,899,30611,0,0,0,0,0,0,0,0,0,0,0,0
202110,266,24340, ,Grand Rapids-Kentwood  MI ,1520,1520,445904,24,48,10941,17,57,9978,31,701,79504,1217,1217,372208,23,46,10501,14,48,8932,10,357,39493
202110,266,34740, ,Muskegon  MI ,12,12,2393,8,16,2208,0,0,0,0,0,0,12,12,2393,8,16,2208,0,0,0,0,0,0
202110,267,24580, ,Green Bay  WI ,637,637,204376,13,26,5404,0,0,0,31,265,20943,377,377,121357,8,16,3630,0,0,0,11,153,12100
202110,268,15500, ,Burlington  NC ,969,969,133480,0,0,0,7,25,3729,6,116,9645,969,969,133480,0,0,0,7,25,3729,6,116,9645
202110,268,24660,C,Greensboro-High Point  NC ,2107,2107,535146,18,36,5227,0,0,0,24,699,141889,1308,1308,265574,18,36,5227,0,0,0,24,699,141889
202110,268,49180, ,Winston-Salem  NC ,1936,1936,407990,0,0,0,0,0,0,7,38,1499,1751,1751,360534,0,0,0,0,0,0,0,0,0
202110,272,24780, ,Greenville  NC ,338,338,73663,6,12,1528,0,0,0,17,410,43759,22,22,4969,0,0,0,0,0,0,0,0,0
202110,273,24860, ,Greenville-Anderson  SC ,7641,7641,1764098,58,116,5641,3,12,560,43,926,83057,6949,6949,1511691,55,110,4898,3,12,560,33,704,60962
202110,273,43900, ,Spartanburg  SC ,2922,2922,474245,0,0,0,0,0,0,13,220,26389,0,0,0,0,0,0,0,0,0,0,0,0
202110,276,23900,C,Gettysburg  PA ,371,371,105405,0,0,0,0,0,0,0,0,0,371,371,105405,0,0,0,0,0,0,0,0,0
202110,276,25420,C,Harrisburg-Carlisle  PA ,1121,1121,272963,12,24,3769,10,36,4952,11,155,18733,794,794,197224,11,22,3661,10,36,4952,8,138,16745
202110,276,30140, ,Lebanon  PA ,164,164,32294,0,0,0,0,0,0,1,5,517,0,0,0,0,0,0,0,0,0,0,0,0
202110,276,49620, ,York-Hanover  PA ,266,266,46215,0,0,0,0,0,0,0,0,0,235,235,38381,0,0,0,0,0,0,0,0,0
202110,277,25500,C,Harrisonburg  VA ,547,547,179045,3,6,1190,0,0,0,2,21,2029,547,547,179045,3,6,1190,0,0,0,2,21,2029
202110,277,44420, ,Staunton  VA ,170,170,46021,0,0,0,0,0,0,1,48,4970,170,170,46021,0,0,0,0,0,0,1,48,4970
202110,278,25540,C,Hartford-East Hartford-Middletown  CT ,799,799,204018,12,24,1785,7,27,3798,47,379,33042,480,480,122393,10,20,1017,6,23,3267,4,98,10120
202110,278,35980, ,Norwich-New London  CT ,113,113,28082,4,8,1046,0,0,0,3,23,3827,56,56,17082,2,4,560,0,0,0,3,23,3827
202110,279,25620, ,Hattiesburg  MS ,38,38,10360,0,0,0,0,0,0,0,0,0,38,38,10360,0,0,0,0,0,0,0,0,0
202110,284,26300, ,Hot Springs  AR ,73,73,19462,0,0,0,0,0,0,1,252,16000,73,73,19462,0,0,0,0,0,0,1,252,16000
202110,288,26420, ,Houston-The Woodlands-Sugar Land  TX ,44342,44342,10083075,324,648,67304,18,65,9627,377,12246,1212013,39714,39714,8962379,324,648,67304,16,59,9252,347,11934,1182117
202110,290,19460, ,Decatur  AL ,182,182,48140,0,0,0,0,0,0,0,0,0,124,124,36700,0,0,0,0,0,0,0,0,0
202110,290,26620,C,Huntsville  AL ,3890,3890,722290,10,20,1666,8,26,2407,23,618,66770,675,675,218508,3,6,486,8,26,2407,17,582,62567
202110,292,26820, ,Idaho Falls  ID ,1191,1191,237306,2,4,383,11,44,5141,0,0,0,1181,1181,235026,2,4,383,11,44,5141,0,0,0
202110,294,18020, ,Columbus  IN ,206,206,57486,0,0,0,0,0,0,0,0,0,206,206,57486,0,0,0,0,0,0,0,0,0
202110,294,26900, ,Indianapolis-Carmel-Anderson  IN ,8283,8283,2775160,149,298,56998,19,74,20776,65,1806,221778,7999,7999,2686272,145,290,56323,19,74,20776,65,1806,221778
202110,294,34620, ,Muncie  IN ,18,18,4139,0,0,0,0,0,0,0,0,0,18,18,4139,0,0,0,0,0,0,0,0,0
202110,296,27060, ,Ithaca  NY ,11,11,3560,2,4,640,0,0,0,2,10,1200,0,0,0,0,0,0,0,0,0,0,0,0
202110,297,27180, ,Jackson  TN ,164,164,39882,0,0,0,0,0,0,0,0,0,0,0,0,0,0,0,0,0,0,0,0,0
202110,298,27140, ,Jackson  MS ,1093,1093,295270,1,2,247,0,0,0,0,0,0,931,931,263531,0,0,0,0,0,0,0,0,0
202110,300,27260,C,Jacksonville  FL ,13809,13809,3057548,22,44,6518,55,217,20098,156,5801,602260,12464,12464,2681136,21,42,6003,55,217,20098,151,5700,601118
202110,304,27740, ,Johnson City  TN ,180,180,42777,3,6,363,0,0,0,0,0,0,180,180,42777,3,6,363,0,0,0,0,0,0
202110,304,28700, ,Kingsport-Bristol  TN-VA ,13,13,3076,1,2,276,0,0,0,1,5,500,2,2,290,1,2,276,0,0,0,1,5,500
202110,306,27780, ,Johnstown  PA ,5,5,1058,0,0,0,0,0,0,0,0,0,4,4,967,0,0,0,0,0,0,0,0,0
202110,308,27860, ,Jonesboro  AR ,532,532,83743,32,64,4403,39,135,6993,14,81,4605,76,76,12360,0,0,0,0,0,0,0,0,0
202110,309,27900, ,Joplin  MO ,237,237,39323,6,12,1359,0,0,0,9,246,18650,237,237,39323,6,12,1359,0,0,0,9,246,18650
202110,310,12980, ,Battle Creek  MI ,27,27,5784,0,0,0,0,0,0,0,0,0,27,27,5784,0,0,0,0,0,0,0,0,0
202110,310,28020, ,Kalamazoo-Portage  MI ,91,91,35253,0,0,0,0,0,0,0,0,0,91,91,35253,0,0,0,0,0,0,0,0,0
202110,312,28140, ,Kansas City  MO-KS ,5829,5829,1823649,135,270,52661,76,292,43452,85,2851,356227,5341,5341,1646222,128,256,49309,76,292,43452,85,2851,356227
202110,312,29940, ,Lawrence  KS ,154,154,48189,0,0,0,2,6,1200,12,248,18564,154,154,48189,0,0,0,2,6,1200,12,248,18564
202110,312,41140, ,St. Joseph  MO-KS ,3,3,800,0,0,0,0,0,0,0,0,0,3,3,800,0,0,0,0,0,0,0,0,0
202110,313,28420,C,Kennewick-Richland  WA ,1645,1645,510562,13,26,3817,20,79,9676,5,133,15988,488,488,158348,6,12,1910,19,75,9101,0,0,0
202110,313,47460, ,Walla Walla  WA ,99,99,26477,5,10,1528,0,0,0,4,96,10724,88,88,25377,5,10,1528,0,0,0,4,96,10724
202110,315,28940, ,Knoxville  TN ,3414,3414,862434,4,8,1166,4,15,2039,50,982,124228,3253,3253,835539,4,8,1166,3,12,1739,40,872,116875
202110,316,29020, ,Kokomo  IN ,153,153,36937,1,2,320,0,0,0,0,0,0,153,153,36937,1,2,320,0,0,0,0,0,0
202110,318,29180, ,Lafayette  LA ,2516,2516,522733,0,0,0,1,4,800,0,0,0,1545,1545,272455,0,0,0,0,0,0,0,0,0
202110,320,29200, ,Lafayette-West Lafayette  IN ,424,424,117189,0,0,0,0,0,0,17,420,43246,26,26,9265,0,0,0,0,0,0,1,10,800
202110,324,29340, ,Lake Charles  LA ,747,747,129613,15,30,2380,0,0,0,0,0,0,273,273,39900,13,26,2187,0,0,0,0,0,0
202110,332,29820,C,Las Vegas-Henderson-Paradise  NV ,10015,10015,2737083,40,80,10991,155,518,75353,150,2750,270060,9981,9981,2724807,40,80,10991,155,518,75353,150,2750,270060
202110,336,30460,C,Lexington-Fayette  KY ,1444,1444,363394,3,6,838,14,45,6422,36,821,81136,542,542,166799,0,0,0,1,4,400,11,64,6909
202110,338,30620, ,Lima  OH ,5,5,1374,0,0,0,0,0,0,0,0,0,5,5,1374,0,0,0,0,0,0,0,0,0
202110,339,30700, ,Lincoln  NE ,1037,1037,240103,15,30,4231,0,0,0,16,745,84323,46,46,12530,0,0,0,0,0,0,0,0,0
202110,340,30780, ,Little Rock-North Little Rock-Conway  AR ,2297,2297,474347,60,120,10428,5,18,2225,27,657,44618,1970,1970,440003,56,112,9728,5,18,2225,27,657,44618
202110,340,38220, ,Pine Bluff  AR ,17,17,3123,0,0,0,0,0,0,0,0,0,8,8,1770,0,0,0,0,0,0,0,0,0
202110,348,31080,C,Los Angeles-Long Beach-Anaheim  CA ,9434,9434,2801995,519,1038,241991,131,441,115901,463,15401,2800920,7888,7888,2163332,479,958,218100,100,343,94707,371,14241,2589485
202110,348,37100, ,Oxnard-Thousand Oaks-Ventura  CA ,175,175,50577,13,26,7005,12,39,9771,26,678,108819,127,127,33978,5,10,2760,0,0,0,22,408,56575
202110,348,40140, ,Riverside-San Bernardino-Ontario  CA ,9900,9900,2526648,96,192,32150,72,245,44325,196,2516,307347,8744,8744,2259517,71,142,18975,60,202,34967,114,1739,226898
202110,350,21060, ,Elizabethtown-Fort Knox  KY ,393,393,88670,20,40,5262,0,0,0,2,12,720,317,317,73555,19,38,5062,0,0,0,2,12,720
202110,350,31140, ,Louisville-Jefferson County  KY-IN ,3437,3437,922284,22,44,7732,6,19,2885,48,1171,104090,1605,1605,455097,11,22,4333,3,10,1085,22,706,64416
202110,352,31180, ,Lubbock  TX ,2261,2261,523993,135,270,37882,0,0,0,37,394,32162,202,202,62854,0,0,0,0,0,0,0,0,0
202110,356,31420, ,Macon-Bibb County  GA ,347,347,71356,0,0,0,0,0,0,0,0,0,0,0,0,0,0,0,0,0,0,0,0,0
202110,356,47580, ,Warner Robins  GA ,975,975,201832,1,2,207,15,60,6105,4,24,1777,975,975,201832,1,2,207,15,60,6105,4,24,1777
202110,357,27500, ,Janesville-Beloit  WI ,213,213,55586,20,40,5950,2,8,1400,3,144,26062,117,117,29221,20,40,5950,2,8,1400,3,144,26062
202110,357,31540, ,Madison  WI ,1502,1502,612805,98,196,45535,7,27,4211,96,4038,579144,1152,1152,509953,59,118,29901,6,24,3600,82,3577,509737
202110,359,31860, ,Mankato  MN ,120,120,34858,6,12,3225,4,15,3990,7,53,4267,112,112,31613,3,6,2025,4,15,3990,7,53,4267
202110,365,32580,C,McAllen-Edinburg-Mission  TX ,3832,3832,751864,136,272,22831,150,592,41872,16,196,12461,3157,3157,654528,106,212,19515,143,565,40257,15,188,12011
202110,366,32780, ,Medford  OR ,511,511,145906,6,12,2507,7,28,3350,10,106,13384,511,511,145906,6,12,2507,7,28,3350,10,106,13384
202110,368,32820, ,Memphis  TN-MS-AR ,3615,3615,796065,0,0,0,3,12,613,14,895,141572,2985,2985,673349,0,0,0,3,12,613,14,895,141572
202110,370,33100, ,Miami-Fort Lauderdale-Pompano Beach  FL ,7250,7250,2899581,114,228,36296,37,132,17885,238,12411,2296117,6321,6321,2461594,111,222,36096,35,126,15591,199,11688,2214708
202110,370,38940, ,Port St. Lucie  FL ,4753,4753,1118656,108,216,25463,5,17,4919,60,1170,137653,4753,4753,1118656,108,216,25463,5,17,4919,60,1170,137653
202110,370,42680, ,Sebastian-Vero Beach  FL ,1094,1094,432275,4,8,1122,5,15,1010,0,0,0,1094,1094,432275,4,8,1122,5,15,1010,0,0,0
202110,372,33260, ,Midland  TX ,690,690,138490,0,0,0,0,0,0,0,0,0,690,690,138490,0,0,0,0,0,0,0,0,0
202110,372,36220,C,Odessa  TX ,840,840,197629,0,0,0,0,0,0,5,147,17619,0,0,0,0,0,0,0,0,0,0,0,0
202110,376,33340,C,Milwaukee-Waukesha  WI ,1517,1517,648295,137,274,66763,8,31,6157,36,895,128564,981,981,415604,109,218,56690,8,31,6157,26,761,111440
202110,376,39540, ,Racine  WI ,110,110,45107,2,4,800,0,0,0,1,20,2059,106,106,43757,2,4,800,0,0,0,1,20,2059
202110,378,33460, ,Minneapolis-St. Paul-Bloomington  MN-WI ,9723,9723,3182561,96,192,34867,52,193,42212,189,12114,1802784,8727,8727,2845032,89,178,31633,44,167,36644,164,11287,1673998
202110,378,41060, ,St. Cloud  MN ,7,7,2259,0,0,0,0,0,0,0,0,0,0,0,0,0,0,0,0,0,0,0,0,0
202110,380,19300, ,Daphne-Fairhope-Foley  AL ,2260,2260,542845,0,0,0,0,0,0,18,326,21047,1583,1583,424349,0,0,0,0,0,0,11,270,17122
202110,380,33660, ,Mobile  AL ,787,787,181333,0,0,0,0,0,0,2,52,7280,779,779,179238,0,0,0,0,0,0,2,52,7280
202110,384,33740, ,Monroe  LA ,298,298,68147,6,12,445,11,36,5660,18,116,13992,0,0,0,0,0,0,0,0,0,0,0,0
202110,388,33860, ,Montgomery  AL ,802,802,195504,0,0,0,4,15,1306,1,5,420,568,568,156705,0,0,0,0,0,0,0,0,0
202110,390,34060, ,Morgantown  WV ,3,3,1648,0,0,0,0,0,0,0,0,0,3,3,1648,0,0,0,0,0,0,0,0,0
202110,396,34820, ,Myrtle Beach-Conway-North Myrtle Beach  SC-NC ,8295,8295,1657524,63,126,32678,7,23,2926,41,655,58609,5573,5573,965960,63,126,32678,7,23,2926,30,589,55659
202110,400,34980, ,Nashville-Davidson--Murfreesboro--Franklin  TN ,13766,13766,4016574,39,78,10503,44,163,24192,186,10873,863621,12368,12368,3761761,39,78,10503,43,160,24042,177,10663,844276
202110,406,25220, ,Hammond  LA ,687,687,129421,3,6,525,0,0,0,0,0,0,669,669,126085,0,0,0,0,0,0,0,0,0
202110,406,35380, ,New Orleans-Metairie  LA ,3496,3496,843752,134,268,29542,5,15,3080,26,824,119668,2567,2567,614586,17,34,3317,0,0,0,15,360,35800
202110,408,14860,C,Bridgeport-Stamford-Norwalk  CT ,636,636,400293,15,30,5243,2,7,990,26,407,59246,410,410,220191,9,18,4305,2,7,990,9,153,15066
202110,408,20700, ,East Stroudsburg  PA ,143,143,47614,0,0,0,2,8,1356,4,48,4320,129,129,43322,0,0,0,2,8,1356,4,48,4320
202110,408,28740, ,Kingston  NY ,46,46,13655,1,2,200,0,0,0,3,18,4390,32,32,7445,1,2,200,0,0,0,0,0,0
202110,408,35300, ,New Haven-Milford  CT ,207,207,40880,8,16,2040,0,0,0,17,395,30920,92,92,21314,4,8,1300,0,0,0,2,278,23402
202110,408,35620,C,New York-Newark-Jersey City  NY-NJ-PA ,10871,10871,3096975,689,1378,175632,253,836,85212,1129,32166,3508989,7852,7852,2270511,519,1038,138812,187,622,62992,684,23167,2532102
202110,408,39100, ,Poughkeepsie-Newburgh-Middletown  NY ,220,220,88425,3,6,2109,2,7,1736,29,960,123639,106,106,27138,1,2,304,0,0,0,14,624,82681
202110,408,45940,C,Trenton-Princeton  NJ ,245,245,38471,1,2,20,0,0,0,26,243,11067,162,162,23360,1,2,20,0,0,0,12,120,5661
202110,412,35840,C,North Port-Sarasota-Bradenton  FL ,10390,10390,2830194,104,208,27823,15,58,8285,94,2708,442703,10335,10335,2814356,104,208,27823,15,58,8285,94,2708,442703
202110,412,39460, ,Punta Gorda  FL ,2683,2683,762425,104,208,31111,18,71,19966,15,343,57737,0,0,0,0,0,0,0,0,0,0,0,0
202110,416,36420,C,Oklahoma City  OK ,6610,6610,1690940,128,256,21438,4,16,5400,9,171,22230,2428,2428,740459,41,82,7532,2,8,1500,9,171,22230
202110,420,36540, ,Omaha-Council Bluffs  NE-IA ,3086,3086,662327,16,32,4815,1,4,725,96,2418,205134,2799,2799,577653,9,18,2229,1,4,725,86,2333,196971
202110,422,19660, ,Deltona-Daytona Beach-Ormond Beach  FL ,4347,4347,1145926,164,328,51927,1,3,277,5,98,12116,4164,4164,1081579,164,328,51927,1,3,277,0,0,0
202110,422,29460, ,Lakeland-Winter Haven  FL ,7904,7904,1748173,15,30,2998,5,19,1933,68,2052,221930,6285,6285,1315627,15,30,2998,5,19,1933,68,2052,221930
202110,422,36740, ,Orlando-Kissimmee-Sanford  FL ,15006,15006,4022503,79,158,28401,37,144,20912,262,11685,1414771,13296,13296,3549009,79,158,28401,37,144,20912,240,11320,1380776
202110,422,45540,C,The Villages  FL ,3325,3325,894344,0,0,0,0,0,0,34,588,131645,3316,3316,892630,0,0,0,0,0,0,34,588,131645
202110,425,37620, ,Parkersburg-Vienna  WV ,78,78,14821,0,0,0,0,0,0,0,0,0,78,78,14821,0,0,0,0,0,0,0,0,0
202110,426,37860,C,Pensacola-Ferry Pass-Brent  FL ,2544,2544,602418,402,804,72524,6,21,1022,110,844,36069,2544,2544,602418,402,804,72524,6,21,1022,110,844,36069
202110,428,12100,C,Atlantic City-Hammonton  NJ ,465,465,138932,0,0,0,2,6,831,13,167,14271,409,409,126549,0,0,0,2,6,831,3,60,1013
202110,428,20100,C,Dover  DE ,1432,1432,216282,24,48,4794,0,0,0,9,147,11677,352,352,55982,24,48,4794,0,0,0,9,147,11677
202110,428,36140,C,Ocean City  NJ ,569,569,203439,82,164,33235,8,27,2207,1,5,745,515,515,188825,80,160,32865,8,27,2207,1,5,745
202110,428,37980,C,Philadelphia-Camden-Wilmington  PA-NJ-DE-MD ,7355,7355,1491312,357,714,107300,199,670,82468,434,10911,1445426,3528,3528,749080,37,74,13659,15,55,6907,90,1538,189424
202110,428,39740, ,Reading  PA ,29,29,5841,0,0,0,0,0,0,4,24,1100,11,11,1309,0,0,0,0,0,0,4,24,1100
202110,428,47220,C,Vineland-Bridgeton  NJ ,108,108,11668,0,0,0,0,0,0,0,0,0,101,101,11386,0,0,0,0,0,0,0,0,0
202110,429,38060,C,Phoenix-Mesa-Chandler  AZ ,30013,30013,7672579,390,780,100348,62,215,38926,316,11676,1643839,27083,27083,7175612,381,762,98011,62,215,38926,297,10303,1416244
202110,430,38300, ,Pittsburgh  PA ,1167,1167,363591,11,22,3590,8,25,3457,24,498,65623,672,672,244194,2,4,1466,0,0,0,8,43,6648
202110,430,48260, ,Weirton-Steubenville  WV-OH ,0,0,0,0,0,0,0,0,0,0,0,0,0,0,0,0,0,0,0,0,0,0,0,0
202110,438,30340, ,Lewiston-Auburn  ME ,65,65,13325,3,6,920,0,0,0,2,40,6540,37,37,7597,0,0,0,0,0,0,1,35,6105
202110,438,38860, ,Portland-South Portland  ME ,1570,1570,489000,64,128,22403,12,38,5736,36,545,78135,627,627,207981,30,60,9562,5,17,3986,28,505,74400
202110,440,10540, ,Albany-Lebanon  OR ,363,363,82653,13,26,4653,2,6,880,34,310,35775,15,15,3675,0,0,0,0,0,0,1,5,725
202110,440,18700, ,Corvallis  OR ,124,124,32735,1,2,362,3,9,1627,0,0,0,124,124,32735,1,2,362,3,9,1627,0,0,0
202110,440,31020, ,Longview  WA ,212,212,61175,0,0,0,0,0,0,0,0,0,212,212,61175,0,0,0,0,0,0,0,0,0
202110,440,38900, ,Portland-Vancouver-Hillsboro  OR-WA ,6954,6954,2040766,88,176,31235,70,258,26857,147,5614,1190943,4400,4400,1301392,53,106,18851,48,189,19670,84,2437,624053
202110,440,41420, ,Salem  OR ,603,603,175683,5,10,2247,2,6,956,49,534,59401,210,210,62492,2,4,828,0,0,0,0,0,0
202110,444,39380,C,Pueblo  CO ,650,650,105048,0,0,0,0,0,0,0,0,0,650,650,105048,0,0,0,0,0,0,0,0,0
202110,450,20500,C,Durham-Chapel Hill  NC ,3226,3226,984889,14,28,3730,5,16,3370,38,1995,261722,2550,2550,722194,8,16,2264,1,3,353,27,1262,184437
202110,450,39580,C,Raleigh-Cary  NC ,12213,12213,2922249,19,38,6442,4,16,2071,112,5691,852049,12153,12153,2910037,19,38,6442,4,16,2071,112,5691,852049
202110,452,39660, ,Rapid City  SD ,527,527,134385,0,0,0,10,40,4555,30,673,75548,527,527,134385,0,0,0,10,40,4555,30,673,75548
202110,454,39820, ,Redding  CA ,136,136,49062,0,0,0,0,0,0,2,48,5400,136,136,49062,0,0,0,0,0,0,2,48,5400
202110,456,16180,C,Carson City  NV ,173,173,45724,0,0,0,4,12,1527,11,70,6989,0,0,0,0,0,0,0,0,0,0,0,0
202110,456,39900,C,Reno  NV ,2313,2313,632232,32,64,7669,18,61,8921,108,1957,251048,508,508,123105,8,16,2652,2,8,2085,4,51,7921
202110,462,40340, ,Rochester  MN ,272,272,88060,0,0,0,0,0,0,1,192,23000,272,272,88060,0,0,0,0,0,0,1,192,23000
202110,464,40380, ,Rochester  NY ,979,979,273941,22,44,7436,21,72,8201,29,323,31462,663,663,199475,18,36,6003,19,66,7646,25,265,25078
202110,466,40420, ,Rockford  IL ,132,132,24951,9,18,2417,0,0,0,1,8,655,132,132,24951,9,18,2417,0,0,0,1,8,655
202110,472,40900,C,Sacramento-Roseville-Folsom  CA ,7826,7826,2388824,48,96,15566,16,62,10706,85,1990,274111,7660,7660,2336518,46,92,14592,16,62,10706,73,1881,239251
202110,474,13020, ,Bay City  MI ,10,10,2443,0,0,0,0,0,0,0,0,0,2,2,614,0,0,0,0,0,0,0,0,0
202110,474,33220, ,Midland  MI ,57,57,7561,7,14,1595,0,0,0,0,0,0,57,57,7561,7,14,1595,0,0,0,0,0,0
202110,474,40980, ,Saginaw  MI ,34,34,9010,0,0,0,0,0,0,0,0,0,33,33,8660,0,0,0,0,0,0,0,0,0
202110,476,41180, ,St. Louis  MO-IL ,4809,4809,1399939,30,60,8861,9,32,5608,91,2128,227089,3649,3649,985515,24,48,7562,8,29,5365,69,1821,198293
202110,480,41540, ,Salisbury  MD-DE ,4049,4049,621645,119,238,26359,1,3,270,8,171,13048,3958,3958,604674,119,238,26359,1,3,270,8,171,13048
202110,482,36260, ,Ogden-Clearfield  UT ,3202,3202,868790,8,16,3727,26,89,16780,66,2062,294554,2653,2653,699295,2,4,1416,1,4,380,38,1603,230305
202110,482,39340, ,Provo-Orem  UT ,6638,6638,1958140,33,66,12842,49,181,35020,205,3039,410086,6571,6571,1919540,24,48,6818,49,181,35020,205,3039,410086
202110,482,41620, ,Salt Lake City  UT ,4644,4644,1229436,88,176,23146,63,222,38343,102,4604,709648,3968,3968,1015423,66,132,18463,37,135,22104,51,1597,292674
202110,484,41700,C,San Antonio-New Braunfels  TX ,12268,12268,2895341,55,110,13882,26,103,13820,295,7128,999185,11389,11389,2703260,55,110,13882,26,103,13820,164,4157,721259
202110,488,32900, ,Merced  CA ,89,89,23451,0,0,0,0,0,0,0,0,0,38,38,8307,0,0,0,0,0,0,0,0,0
202110,488,33700, ,Modesto  CA ,32,32,8111,1,2,353,0,0,0,0,0,0,0,0,0,0,0,0,0,0,0,0,0,0
202110,488,41860,C,San Francisco-Oakland-Berkeley  CA ,3726,3726,1240987,108,216,60931,25,84,26487,231,7090,1770311,2901,2901,907228,86,172,39517,15,54,18399,155,5987,1478841
202110,488,41940,C,San Jose-Sunnyvale-Santa Clara  CA ,2002,2002,717277,14,28,9516,1,4,1202,45,1736,288587,1335,1335,466166,11,22,7886,1,4,1202,23,1206,182444
202110,488,42100, ,Santa Cruz-Watsonville  CA ,99,99,21108,0,0,0,0,0,0,0,0,0,30,30,9271,0,0,0,0,0,0,0,0,0
202110,488,42220, ,Santa Rosa-Petaluma  CA ,907,907,251558,11,22,2987,3,11,2098,25,625,229387,714,714,212004,11,22,2987,3,11,2098,18,590,223554
202110,488,44700, ,Stockton  CA ,2243,2243,693702,1,2,304,0,0,0,23,336,40907,1176,1176,361627,0,0,0,0,0,0,4,88,11417
202110,488,46700, ,Vallejo  CA ,726,726,227543,1,2,485,0,0,0,23,220,47120,726,726,227543,1,2,485,0,0,0,23,220,47120
202110,496,25980, ,Hinesville  GA ,402,402,91794,0,0,0,0,0,0,0,0,0,402,402,91794,0,0,0,0,0,0,0,0,0
202110,496,42340, ,Savannah  GA ,2330,2330,599877,2,4,1182,7,25,5106,26,441,38523,1799,1799,475371,2,4,1182,7,25,5106,26,441,38523
202110,500,14740,C,Bremerton-Silverdale-Port Orchard  WA ,919,919,292949,12,24,5016,5,16,3481,52,1005,109621,919,919,292949,12,24,5016,5,16,3481,52,1005,109621
202110,500,34580, ,Mount Vernon-Anacortes  WA ,173,173,58294,4,8,1510,7,28,7500,4,24,4812,129,129,45616,4,8,1510,7,28,7500,4,24,4812
202110,500,36500, ,Olympia-Lacey-Tumwater  WA ,650,650,152357,3,6,1347,14,52,7753,31,556,62906,539,539,127619,3,6,1347,14,52,7753,21,502,60609
202110,500,42660,C,Seattle-Tacoma-Bellevue  WA ,7636,7636,2617601,315,630,146458,224,770,171933,326,15905,2209811,6215,6215,2077637,308,616,143207,218,750,168572,255,12783,1743042
202110,508,43340,C,Shreveport-Bossier City  LA ,854,854,194188,0,0,0,0,0,0,0,0,0,506,506,110557,0,0,0,0,0,0,0,0,0
202110,515,21140, ,Elkhart-Goshen  IN ,237,237,69242,0,0,0,0,0,0,0,0,0,237,237,69242,0,0,0,0,0,0,0,0,0
202110,515,35660, ,Niles  MI ,21,21,9725,0,0,0,0,0,0,0,0,0,13,13,7544,0,0,0,0,0,0,0,0,0
202110,515,43780, ,South Bend-Mishawaka  IN-MI ,296,296,110560,0,0,0,1,3,1200,0,0,0,296,296,110560,0,0,0,1,3,1200,0,0,0
202110,518,17660, ,Coeur dAlene  ID ,1202,1202,314231,11,22,6966,7,25,3667,40,686,75910,925,925,248689,6,12,5033,4,16,3041,29,473,52703
202110,518,44060, ,Spokane-Spokane Valley  WA ,1557,1557,380742,96,192,34912,24,83,12226,54,1132,145029,552,552,146189,78,156,30039,19,68,10212,27,763,96755
202110,522,44100, ,Springfield  IL ,59,59,20996,36,72,12382,0,0,0,7,43,3531,0,0,0,0,0,0,0,0,0,0,0,0
202110,524,44300, ,State College  PA ,234,234,76587,8,16,2517,0,0,0,0,0,0,69,69,22709,8,16,2517,0,0,0,0,0,0
202110,532,45060, ,Syracuse  NY ,234,234,55518,0,0,0,2,7,927,4,50,3442,216,216,51264,0,0,0,2,7,927,4,50,3442
202110,534,45780, ,Toledo  OH ,649,649,196768,5,10,1560,5,20,2017,18,403,27243,403,403,122318,5,10,1560,0,0,0,6,54,8100
202110,536,46060,C,Tucson  AZ ,4404,4404,1344849,21,42,4990,0,0,0,49,715,107315,3424,3424,1095641,0,0,0,0,0,0,0,0,0
202110,538,46140,C,Tulsa  OK ,3730,3730,867982,44,88,7512,9,32,4236,30,361,27104,3400,3400,774045,43,86,7265,9,32,4236,17,268,19951
202110,540,46340, ,Tyler  TX ,357,357,84835,16,32,3982,8,27,3568,0,0,0,357,357,84835,16,32,3982,8,27,3568,0,0,0
202110,545,47260, ,Virginia Beach-Norfolk-Newport News  VA-NC ,4067,4067,997619,20,40,6027,14,52,7959,53,2180,214519,3518,3518,910865,20,40,6027,14,52,7959,51,2164,212041
202110,548,12580,C,Baltimore-Columbia-Towson  MD ,4133,4133,940977,1,2,525,0,0,0,45,2882,404140,3944,3944,909439,0,0,0,0,0,0,34,1586,142233
202110,548,15680,C,California-Lexington Park  MD ,308,308,93609,5,10,1338,0,0,0,1,6,1998,55,55,21011,0,0,0,0,0,0,1,6,1998
202110,548,16540,C,Chambersburg-Waynesboro  PA ,283,283,67410,10,20,3709,0,0,0,4,20,2564,258,258,61350,10,20,3709,0,0,0,1,5,625
202110,548,25180, ,Hagerstown-Martinsburg  MD-WV ,1383,1383,343132,8,16,2385,0,0,0,2,18,1185,1252,1252,319220,8,16,2385,0,0,0,2,18,1185
202110,548,47900, ,Washington-Arlington-Alexandria  DC-VA-MD-WV ,11568,11568,3023181,26,52,5293,10,37,5270,236,11065,1299145,10313,10313,2690191,21,42,4443,10,37,5270,179,10006,1150418
202110,548,49020, ,Winchester  VA-WV ,646,646,168218,0,0,0,5,15,244,1,5,827,646,646,168218,0,0,0,5,15,244,1,5,827
202110,554,48140, ,Wausau-Weston  WI ,199,199,54422,3,6,1670,0,0,0,6,213,30091,129,129,37442,3,6,1670,0,0,0,6,213,30091
202110,556,48620, ,Wichita  KS ,869,869,307746,163,326,31978,5,20,3200,0,0,0,869,869,307746,163,326,31978,5,20,3200,0,0,0
202110,558,48700, ,Williamsport  PA ,6,6,1882,0,0,0,0,0,0,0,0,0,6,6,1882,0,0,0,0,0,0,0,0,0
202110,566,49660, ,Youngstown-Warren-Boardman  OH-PA ,248,248,52001,5,10,1282,1,3,381,0,0,0,163,163,36860,2,4,610,0,0,0,0,0,0
202110,999,10180, ,Abilene  TX ,421,421,90531,37,74,7240,0,0,0,7,289,33135,421,421,90531,37,74,7240,0,0,0,7,289,33135
202110,999,10500, ,Albany  GA ,149,149,19179,0,0,0,0,0,0,10,158,22704,131,131,14985,0,0,0,0,0,0,0,0,0
202110,999,10780, ,Alexandria  LA ,215,215,53607,0,0,0,0,0,0,0,0,0,135,135,32529,0,0,0,0,0,0,0,0,0
202110,999,10900, ,Allentown-Bethlehem-Easton  PA-NJ ,494,494,131150,4,8,1730,0,0,0,13,318,42829,333,333,106567,0,0,0,0,0,0,13,318,42829
202110,999,11260,C,Anchorage  AK ,759,759,239433,4,8,1366,13,47,7982,18,189,28739,13,13,2830,0,0,0,1,3,459,0,0,0
202110,999,11500, ,Anniston-Oxford  AL ,34,34,5718,0,0,0,0,0,0,0,0,0,29,29,5318,0,0,0,0,0,0,0,0,0
202110,999,12260, ,Augusta-Richmond County  GA-SC ,3449,3449,742154,0,0,0,16,56,4894,3,19,1091,1667,1667,396939,0,0,0,16,56,4894,0,0,0
202110,999,12420, ,Austin-Round Rock-Georgetown  TX ,20895,20895,4767220,221,442,50465,52,185,35579,359,21298,2768152,16329,16329,3730373,207,414,47793,45,161,33442,358,21293,2767690
202110,999,12540, ,Bakersfield  CA ,1429,1429,302304,13,26,1552,3,11,576,5,45,6275,410,410,50097,12,24,1259,1,4,127,0,0,0
202110,999,12620, ,Bangor  ME ,113,113,29592,12,24,4097,5,20,2671,0,0,0,65,65,16683,10,20,3510,4,16,2121,0,0,0
202110,999,12940, ,Baton Rouge  LA ,3738,3738,852453,1,2,321,0,0,0,0,0,0,2457,2457,618313,1,2,321,0,0,0,0,0,0
202110,999,13140, ,Beaumont-Port Arthur  TX ,870,870,177643,4,8,814,8,32,2864,0,0,0,870,870,177643,4,8,814,8,32,2864,0,0,0
202110,999,13220,C,Beckley  WV ,86,86,15191,1,2,175,0,0,0,0,0,0,77,77,14205,1,2,175,0,0,0,0,0,0
202110,999,13380, ,Bellingham  WA ,663,663,188736,15,30,6038,11,36,6002,25,885,94181,271,271,77587,8,16,3189,7,24,3809,23,875,93196
202110,999,13740, ,Billings  MT ,467,467,116303,35,70,12432,0,0,0,1,5,1329,467,467,116303,35,70,12432,0,0,0,1,5,1329
202110,999,13780, ,Binghamton  NY ,0,0,0,0,0,0,0,0,0,0,0,0,0,0,0,0,0,0,0,0,0,0,0,0
202110,999,13900, ,Bismarck  ND ,366,366,107385,99,198,37981,0,0,0,4,127,15250,270,270,79403,99,198,37981,0,0,0,4,127,15250
202110,999,13980, ,Blacksburg-Christiansburg  VA ,67,67,18209,0,0,0,0,0,0,2,24,1752,67,67,18209,0,0,0,0,0,0,2,24,1752
202110,999,15260, ,Brunswick  GA ,517,517,188358,3,6,903,0,0,0,2,10,5391,0,0,0,0,0,0,0,0,0,0,0,0
202110,999,16220,C,Casper  WY ,117,117,30561,1,2,126,3,12,1356,8,105,15412,62,62,14233,0,0,0,2,8,861,1,66,11528
202110,999,16580, ,Champaign-Urbana  IL ,73,73,21666,0,0,0,0,0,0,5,212,26814,73,73,21666,0,0,0,0,0,0,5,212,26814
202110,999,16700,C,Charleston-North Charleston  SC ,5059,5059,1539370,4,8,500,2,7,1705,72,1869,141679,2118,2118,675980,4,8,500,2,7,1705,33,733,59203
202110,999,16820, ,Charlottesville  VA ,702,702,233333,7,14,2428,0,0,0,13,212,20775,0,0,0,0,0,0,0,0,0,0,0,0
202110,999,16940, ,Cheyenne  WY ,425,425,89173,7,14,1437,21,79,6390,8,120,13267,425,425,89173,7,14,1437,21,79,6390,8,120,13267
202110,999,17020, ,Chico  CA ,217,217,46763,2,4,721,5,15,2087,31,678,72067,217,217,46763,2,4,721,5,15,2087,31,678,72067
202110,999,17300,C,Clarksville  TN-KY ,1936,1936,356639,9,18,1820,34,132,19620,159,1661,110013,1907,1907,354016,9,18,1820,34,132,19620,159,1661,110013
202110,999,17780, ,College Station-Bryan  TX ,1468,1468,283185,4,8,1005,2,7,947,7,214,22236,1461,1461,281730,4,8,1005,2,7,947,7,214,22236
202110,999,17820,C,Colorado Springs  CO ,4453,4453,1675385,86,172,18762,0,0,0,79,2779,449304,4451,4451,1675182,86,172,18762,0,0,0,79,2779,449304
202110,999,18880,C,Crestview-Fort Walton Beach-Destin  FL ,2969,2969,1244948,11,22,6835,16,59,10805,18,356,41929,2772,2772,1191939,8,16,5743,16,59,10805,18,356,41929
202110,999,19060, ,Cumberland  MD-WV ,33,33,8054,0,0,0,0,0,0,0,0,0,33,33,8054,0,0,0,0,0,0,0,0,0
202110,999,19180, ,Danville  IL ,2,2,565,0,0,0,0,0,0,0,0,0,2,2,565,0,0,0,0,0,0,0,0,0
202110,999,19500, ,Decatur  IL ,17,17,5219,1,2,400,0,0,0,0,0,0,17,17,5219,1,2,400,0,0,0,0,0,0
202110,999,20220, ,Dubuque  IA ,56,56,21494,1,2,280,0,0,0,2,160,41913,34,34,15287,1,2,280,0,0,0,2,160,41913
202110,999,20260, ,Duluth  MN-WI ,95,95,22870,0,0,0,0,0,0,3,18,1050,95,95,22870,0,0,0,0,0,0,3,18,1050
202110,999,20940, ,El Centro  CA ,163,163,30789,0,0,0,2,8,858,6,48,6375,38,38,7254,0,0,0,2,8,858,6,48,6375
202110,999,21420, ,Enid  OK ,27,27,8237,0,0,0,0,0,0,0,0,0,27,27,8237,0,0,0,0,0,0,0,0,0
202110,999,21660, ,Eugene-Springfield  OR ,681,681,180514,13,26,4522,3,11,2260,21,959,172187,211,211,56945,3,6,710,0,0,0,1,8,715
202110,999,21780, ,Evansville  IN-KY ,829,829,230463,37,74,14489,4,16,2045,7,128,9530,563,563,172628,22,44,8388,4,16,2045,0,0,0
202110,999,21820,C,Fairbanks  AK ,18,18,5302,0,0,0,5,18,2732,0,0,0,18,18,5302,0,0,0,5,18,2732,0,0,0
202110,999,22140,C,Farmington  NM ,79,79,21589,0,0,0,0,0,0,0,0,0,79,79,21589,0,0,0,0,0,0,0,0,0
202110,999,22220, ,Fayetteville-Springdale-Rogers  AR-MO ,4916,4916,1325991,61,122,18406,33,114,15904,60,1070,102147,3963,3963,1109564,60,120,18056,32,111,15438,35,770,77806
202110,999,22380, ,Flagstaff  AZ ,451,451,153502,0,0,0,2,6,343,10,437,27207,451,451,153502,0,0,0,2,6,343,10,437,27207
202110,999,22500, ,Florence  SC ,522,522,95799,5,10,934,3,9,725,11,124,11424,0,0,0,0,0,0,0,0,0,0,0,0
202110,999,22520, ,Florence-Muscle Shoals  AL ,232,232,28499,0,0,0,0,0,0,4,28,2321,71,71,9292,0,0,0,0,0,0,4,28,2321
202110,999,22540, ,Fond du Lac  WI ,48,48,14246,1,2,840,1,4,795,5,74,5868,48,48,14246,1,2,840,1,4,795,5,74,5868
202110,999,22660,C,Fort Collins  CO ,1869,1869,605497,4,8,1243,0,0,0,38,1006,127192,1869,1869,605497,4,8,1243,0,0,0,38,1006,127192
202110,999,22900, ,Fort Smith  AR-OK ,309,309,51710,51,102,10327,4,13,1015,2,16,1500,258,258,46508,50,100,10157,1,4,250,2,16,1500
202110,999,23460, ,Gadsden  AL ,29,29,4994,0,0,0,0,0,0,0,0,0,0,0,0,0,0,0,0,0,0,0,0,0
202110,999,24220, ,Grand Forks  ND-MN ,142,142,37844,0,0,0,0,0,0,0,0,0,142,142,37844,0,0,0,0,0,0,0,0,0
202110,999,24260, ,Grand Island  NE ,89,89,21039,4,8,1181,0,0,0,4,34,4169,89,89,21039,4,8,1181,0,0,0,4,34,4169
202110,999,24300,C,Grand Junction  CO ,793,793,126435,5,10,802,5,15,1623,13,273,23052,793,793,126435,5,10,802,5,15,1623,13,273,23052
202110,999,24500,C,Great Falls  MT ,172,172,37666,4,8,2129,0,0,0,4,48,2400,172,172,37666,4,8,2129,0,0,0,4,48,2400
202110,999,25060, ,Gulfport-Biloxi  MS ,2014,2014,405907,5,10,1118,11,39,3933,27,258,14520,1043,1043,250689,1,2,257,1,3,320,15,168,6900
202110,999,25860, ,Hickory-Lenoir-Morganton  NC ,11,11,1655,2,4,720,0,0,0,13,79,4401,0,0,0,0,0,0,0,0,0,0,0,0
202110,999,25940, ,Hilton Head Island-Bluffton  SC ,1138,1138,381691,0,0,0,0,0,0,0,0,0,710,710,177964,0,0,0,0,0,0,0,0,0
202110,999,26140, ,Homosassa Springs  FL ,813,813,167033,9,18,491,0,0,0,10,50,4323,0,0,0,0,0,0,0,0,0,0,0,0
202110,999,26380, ,Houma-Thibodaux  LA ,421,421,93642,9,18,1400,3,9,785,0,0,0,270,270,52840,0,0,0,0,0,0,0,0,0
202110,999,27100, ,Jackson  MI ,10,10,2396,0,0,0,0,0,0,0,0,0,10,10,2396,0,0,0,0,0,0,0,0,0
202110,999,27340,C,Jacksonville  NC ,1377,1377,253447,6,12,2238,2,6,1199,4,24,1344,1377,1377,253447,6,12,2238,2,6,1199,4,24,1344
202110,999,27980,C,Kahului-Wailuku-Lahaina  HI ,313,313,150977,6,12,2046,4,13,39457,39,253,131706,313,313,150977,6,12,2046,4,13,39457,39,253,131706
202110,999,28660,C,Killeen-Temple  TX ,1972,1972,414407,242,484,41344,0,0,0,43,794,91531,869,869,225014,104,208,19290,0,0,0,9,216,22108
202110,999,29100, ,La Crosse-Onalaska  WI-MN ,176,176,63419,31,62,12169,0,0,0,10,288,29780,176,176,63419,31,62,12169,0,0,0,10,288,29780
202110,999,29420, ,Lake Havasu City-Kingman  AZ ,1293,1293,280262,24,48,5496,3,9,473,2,10,1679,1293,1293,280262,24,48,5496,3,9,473,2,10,1679
202110,999,29540, ,Lancaster  PA ,55,55,14645,5,10,1765,1,3,594,0,0,0,36,36,9386,5,10,1765,1,3,594,0,0,0
202110,999,29620, ,Lansing-East Lansing  MI ,110,110,29023,0,0,0,0,0,0,15,116,14147,36,36,9707,0,0,0,0,0,0,0,0,0
202110,999,29700, ,Laredo  TX ,1251,1251,203493,21,42,3708,7,22,2744,12,123,8108,0,0,0,0,0,0,0,0,0,0,0,0
202110,999,30020, ,Lawton  OK ,41,41,10508,0,0,0,0,0,0,0,0,0,0,0,0,0,0,0,0,0,0,0,0,0
202110,999,30300, ,Lewiston  ID-WA ,0,0,0,0,0,0,0,0,0,0,0,0,0,0,0,0,0,0,0,0,0,0,0,0
202110,999,30860, ,Logan  UT-ID ,201,201,59939,0,0,0,0,0,0,8,109,11764,201,201,59939,0,0,0,0,0,0,8,109,11764
202110,999,30980, ,Longview  TX ,194,194,41808,6,12,1171,0,0,0,1,28,8400,194,194,41808,6,12,1171,0,0,0,1,28,8400
202110,999,31340, ,Lynchburg  VA ,183,183,40958,1,2,284,3,9,1810,9,115,7671,155,155,35199,0,0,0,0,0,0,2,40,5727
202110,999,31740, ,Manhattan  KS ,200,200,62196,2,4,910,0,0,0,0,0,0,64,64,18390,2,4,910,0,0,0,0,0,0
202110,999,33540,C,Missoula  MT ,381,381,78643,17,34,4030,4,15,1017,35,1233,134231,381,381,78643,17,34,4030,4,15,1017,35,1233,134231
202110,999,36100, ,Ocala  FL ,4817,4817,987011,3,6,454,1,4,522,6,144,9146,4817,4817,987011,3,6,454,1,4,522,6,144,9146
202110,999,36980, ,Owensboro  KY ,333,333,32213,0,0,0,0,0,0,0,0,0,324,324,30396,0,0,0,0,0,0,0,0,0
202110,999,37340, ,Palm Bay-Melbourne-Titusville  FL ,3385,3385,1074030,12,24,5968,0,0,0,13,317,31621,3356,3356,1061370,12,24,5968,0,0,0,13,317,31621
202110,999,37460, ,Panama City  FL ,964,964,372511,8,16,3826,0,0,0,14,303,47340,137,137,46011,3,6,1574,0,0,0,5,30,12734
202110,999,37900, ,Peoria  IL ,51,51,15073,0,0,0,0,0,0,0,0,0,2,2,754,0,0,0,0,0,0,0,0,0
202110,999,38340, ,Pittsfield  MA ,6,6,2976,0,0,0,0,0,0,0,0,0,0,0,0,0,0,0,0,0,0,0,0,0
202110,999,38540, ,Pocatello  ID ,314,314,68506,6,12,1268,28,111,9614,0,0,0,232,232,60064,3,6,505,18,72,5570,0,0,0
202110,999,39150, ,Prescott Valley-Prescott  AZ ,1301,1301,416837,47,94,12703,1,4,504,5,64,10210,1301,1301,416837,47,94,12703,1,4,504,5,64,10210
202110,999,40060, ,Richmond  VA ,5185,5185,1140851,162,324,34634,15,49,6614,44,2037,143315,4876,4876,1096859,162,324,34634,15,49,6614,32,1928,133442
202110,999,41100, ,St. George  UT ,2141,2141,428731,0,0,0,0,0,0,4,54,5947,2082,2082,417151,0,0,0,0,0,0,4,54,5947
202110,999,41500, ,Salinas  CA ,171,171,36812,2,4,455,0,0,0,5,130,16911,171,171,36812,2,4,455,0,0,0,5,130,16911
202110,999,41660,C,San Angelo  TX ,293,293,63163,0,0,0,0,0,0,0,0,0,293,293,63163,0,0,0,0,0,0,0,0,0
202110,999,41740,C,San Diego-Chula Vista-Carlsbad  CA ,2715,2715,761113,46,92,16025,59,212,44532,174,4873,874544,2566,2566,721912,45,90,15325,54,193,40307,168,4769,864516
202110,999,42020, ,San Luis Obispo-Paso Robles  CA ,185,185,82171,0,0,0,1,3,117,0,0,0,0,0,0,0,0,0,0,0,0,0,0,0
202110,999,42200, ,Santa Maria-Santa Barbara  CA ,118,118,56975,3,6,1680,0,0,0,3,48,4511,118,118,56975,3,6,1680,0,0,0,3,48,4511
202110,999,42540, ,Scranton--Wilkes-Barre  PA ,50,50,10743,0,0,0,0,0,0,1,19,2061,43,43,8981,0,0,0,0,0,0,1,19,2061
202110,999,43100, ,Sheboygan  WI ,13,13,5707,0,0,0,0,0,0,0,0,0,2,2,1141,0,0,0,0,0,0,0,0,0
202110,999,43420, ,Sierra Vista-Douglas  AZ ,328,328,44754,0,0,0,0,0,0,0,0,0,46,46,7812,0,0,0,0,0,0,0,0,0
202110,999,43580, ,Sioux City  IA-NE-SD ,129,129,37755,0,0,0,7,21,0,0,0,0,14,14,5031,0,0,0,0,0,0,0,0,0
202110,999,43620, ,Sioux Falls  SD ,1619,1619,363602,16,32,4594,31,118,19146,98,1694,198202,1614,1614,363046,16,32,4594,31,118,19146,98,1694,198202
202110,999,44140, ,Springfield  MA ,18,18,5642,0,0,0,0,0,0,0,0,0,5,5,2486,0,0,0,0,0,0,0,0,0
202110,999,44180, ,Springfield  MO ,624,624,196509,4,8,1395,1,4,720,24,567,36183,624,624,196509,4,8,1395,1,4,720,24,567,36183
202110,999,44940, ,Sumter  SC ,290,290,45838,0,0,0,0,0,410,0,0,0,290,290,45838,0,0,0,0,0,410,0,0,0
202110,999,45220, ,Tallahassee  FL ,1155,1155,220808,9,18,1994,0,0,0,39,1068,136703,387,387,69224,0,0,0,0,0,0,0,0,0
202110,999,45300,C,Tampa-St. Petersburg-Clearwater  FL ,16613,16613,4267955,27,54,9847,8,30,29287,169,4554,669286,16406,16406,4230405,22,44,8447,8,30,29287,151,4464,646733
202110,999,45460, ,Terre Haute  IN ,31,31,6164,10,20,2229,0,0,0,0,0,0,12,12,2115,2,4,630,0,0,0,0,0,0
202110,999,45500, ,Texarkana  TX-AR ,28,28,6634,0,0,0,0,0,0,0,0,0,0,0,0,0,0,0,0,0,0,0,0,0
202110,999,45820, ,Topeka  KS ,273,273,73283,0,0,0,3,9,900,3,265,33986,272,272,73252,0,0,0,3,9,900,3,265,33986
202110,999,46220, ,Tuscaloosa  AL ,484,484,133783,2,4,950,24,88,6880,13,509,82883,151,151,48518,0,0,0,0,0,0,0,0,0
202110,999,46300, ,Twin Falls  ID ,684,684,139297,17,34,6135,18,71,7691,4,79,8522,263,263,55524,0,0,0,7,28,2162,0,0,0
202110,999,46520,C,Urban Honolulu  HI ,761,761,298220,19,38,7392,0,0,0,13,506,120901,0,0,0,0,0,0,0,0,0,0,0,0
202110,999,46540, ,Utica-Rome  NY ,15,15,2343,0,0,0,0,0,0,0,0,0,15,15,2343,0,0,0,0,0,0,0,0,0
202110,999,46660, ,Valdosta  GA ,1116,1116,209763,7,14,928,0,0,0,0,0,0,508,508,107301,0,0,0,0,0,0,0,0,0
202110,999,47300, ,Visalia  CA ,1074,1074,274662,17,34,2580,4,16,1901,8,156,26689,1074,1074,274662,17,34,2580,4,16,1901,8,156,26689
202110,999,47380, ,Waco  TX ,571,571,48275,28,56,4574,0,0,0,2,14,1319,571,571,48275,28,56,4574,0,0,0,2,14,1319
202110,999,47940, ,Waterloo-Cedar Falls  IA ,85,85,27026,0,0,0,0,0,0,0,0,0,85,85,27026,0,0,0,0,0,0,0,0,0
202110,999,48060, ,Watertown-Fort Drum  NY ,139,139,28121,0,0,0,0,0,0,0,0,0,10,10,2220,0,0,0,0,0,0,0,0,0
202110,999,48300, ,Wenatchee  WA ,578,578,140729,5,10,1988,0,0,0,8,89,11449,293,293,87144,4,8,1588,0,0,0,8,89,11449
202110,999,48540, ,Wheeling  WV-OH ,3,3,1071,0,0,0,0,0,0,1,38,5401,3,3,1071,0,0,0,0,0,0,1,38,5401
202110,999,48660, ,Wichita Falls  TX ,14,14,1603,1,2,85,0,0,0,0,0,0,14,14,1603,1,2,85,0,0,0,0,0,0
202110,999,48900, ,Wilmington  NC ,1346,1346,460390,34,68,14264,3,12,5687,38,1250,165252,0,0,0,0,0,0,0,0,0,0,0,0
202110,999,49420, ,Yakima  WA ,521,521,134432,21,42,6387,5,19,2196,2,22,2236,521,521,134432,21,42,6387,5,19,2196,2,22,2236
202110,999,49740, ,Yuma  AZ ,940,940,167949,1,2,202,1,3,188,20,190,9774,940,940,167949,1,2,202,1,3,188,20,190,9774
