Survey,CSA,CBSA,MONCOV,CBSA,,1-unit,,,2-units,,,3-4 units,,,5+ units,,,1-unit rep,,,2-units rep,,,3-4 units rep,,,5+ units rep
Date,Code,Code,,Name,Bldgs,Units,Value,Bldgs,Units,Value,Bldgs,Units,Value,Bldgs,Units,Value,Bldgs,Units,Value,Bldgs,Units,Value,      Bldgs,Units,Value,Bldgs,Units,Value
 
202111,104,10580,C,Albany-Schenectady-Troy  NY ,1263,1263,376509,18,36,7570,24,91,11898,49,1221,187197,1036,1036,313337,17,34,7020,22,85,11048,34,1094,176642
202111,104,24020, ,Glens Falls  NY ,228,228,59932,0,0,0,0,0,0,11,128,37187,137,137,37583,0,0,0,0,0,0,11,128,37187
202111,106,10740,C,Albuquerque  NM ,2351,2351,599155,26,52,9669,6,24,2602,47,1111,83332,2207,2207,562534,26,52,9669,6,24,2602,33,1025,79748
202111,106,42140,C,Santa Fe  NM ,218,218,58107,0,0,0,0,0,0,41,651,72826,0,0,0,0,0,0,0,0,0,0,0,0
202111,107,11020, ,Altoona  PA ,0,0,0,0,0,0,0,0,0,0,0,0,0,0,0,0,0,0,0,0,0,0,0,0
202111,108,11100, ,Amarillo  TX ,495,495,117414,8,16,2055,0,0,0,3,28,3322,0,0,0,0,0,0,0,0,0,0,0,0
202111,118,11540, ,Appleton  WI ,439,439,154202,37,74,14835,0,0,0,58,598,54922,439,439,154202,37,74,14835,0,0,0,58,598,54922
202111,118,36780, ,Oshkosh-Neenah  WI ,250,250,79074,21,42,7090,0,0,0,31,459,43488,250,250,79074,21,42,7090,0,0,0,31,459,43488
202111,120,11700, ,Asheville  NC ,2169,2169,724671,3,6,940,0,0,0,37,800,93420,709,709,264270,3,6,940,0,0,0,0,0,0
202111,122,12020, ,Athens-Clarke County  GA ,344,344,114967,8,16,1620,12,46,5875,45,865,97192,344,344,114967,8,16,1620,12,46,5875,45,865,97192
202111,122,12060, ,Atlanta-Sandy Springs-Alpharetta  GA ,29437,29437,6951238,35,70,11678,41,142,30646,234,6043,913881,25003,25003,5971697,34,68,11468,37,130,29180,202,5853,882746
202111,122,23580, ,Gainesville  GA ,865,865,204295,1,2,175,7,25,3573,22,591,73147,196,196,44196,1,2,175,7,25,3573,22,591,73147
202111,122,40660,C,Rome  GA ,185,185,60943,0,0,0,0,0,0,0,0,0,185,185,60943,0,0,0,0,0,0,0,0,0
202111,140,13460,C,Bend  OR ,1682,1682,540654,49,98,13883,5,16,1453,41,799,99680,1199,1199,420919,32,64,8941,3,9,540,25,630,79838
202111,142,13820,C,Birmingham-Hoover  AL ,3230,3230,934289,2,4,2823,1,3,300,6,544,43666,2662,2662,783764,2,4,2823,1,3,300,6,544,43666
202111,144,14020,C,Bloomington  IN ,220,220,60223,6,12,1500,3,10,1444,22,1173,122727,215,215,58856,6,12,1500,3,10,1444,22,1173,122727
202111,145,14010, ,Bloomington  IL ,157,157,35653,7,14,1022,0,0,0,5,62,3830,157,157,35653,7,14,1022,0,0,0,5,62,3830
202111,146,14100,C,Bloomsburg-Berwick  PA ,83,83,24560,0,0,0,0,0,0,1,48,4445,39,39,10997,0,0,0,0,0,0,1,48,4445
202111,147,14260,C,Boise City  ID ,7656,7656,1984349,31,62,11805,142,566,66106,164,2849,356440,7395,7395,1926391,29,58,11109,139,554,64871,148,2395,291098
202111,148,12700, ,Barnstable Town  MA ,82,82,39988,1,2,250,0,0,0,0,0,0,20,20,8990,1,2,250,0,0,0,0,0,0
202111,148,14460,C,Boston-Cambridge-Newton  MA-NH ,4547,4547,1567633,217,434,97860,92,300,56410,557,8839,1371433,2303,2303,910226,116,232,54392,66,219,39523,128,4214,873432
202111,148,31700, ,Manchester-Nashua  NH ,328,328,79964,14,28,5058,0,0,0,2,32,6000,161,161,50168,6,12,2651,0,0,0,2,32,6000
202111,148,39300,C,Providence-Warwick  RI-MA ,1654,1654,405097,87,174,22733,24,90,9286,16,207,17547,912,912,238928,48,96,15679,17,67,6868,6,87,7440
202111,148,49340, ,Worcester  MA-CT ,154,154,42460,0,0,0,0,0,0,0,0,0,61,61,18372,0,0,0,0,0,0,0,0,0
202111,150,14540, ,Bowling Green  KY ,1006,1006,222631,6,12,1200,0,0,0,73,858,83809,1006,1006,222631,6,12,1200,0,0,0,73,858,83809
202111,154,15180, ,Brownsville-Harlingen  TX ,1217,1217,120818,35,70,6056,9,29,3157,13,154,13563,0,0,0,0,0,0,0,0,0,0,0,0
202111,160,15380,C,Buffalo-Cheektowaga  NY ,938,938,348782,24,48,8404,10,39,20460,39,414,65138,816,816,320290,23,46,8304,9,35,20176,18,162,17816
202111,162,15540, ,Burlington-South Burlington  VT ,275,275,88841,23,46,9604,1,4,523,13,191,22855,149,149,52156,6,12,3086,1,4,523,2,44,8500
202111,163,15980,C,Cape Coral-Fort Myers  FL ,10309,10309,2255546,248,496,54728,19,75,21282,60,1511,145458,10309,10309,2255546,248,496,54728,19,75,21282,60,1511,145458
202111,163,34940, ,Naples-Marco Island  FL ,3826,3826,1203389,7,14,4858,41,153,27896,68,2087,418393,3826,3826,1203389,7,14,4858,41,153,27896,68,2087,418393
202111,164,16020, ,Cape Girardeau  MO-IL ,0,0,0,0,0,0,0,0,0,0,0,0,0,0,0,0,0,0,0,0,0,0,0,0
202111,168,16300, ,Cedar Rapids  IA ,370,370,69004,31,62,8814,2,8,1237,12,250,23207,370,370,69004,31,62,8814,2,8,1237,12,250,23207
202111,168,26980, ,Iowa City  IA ,361,361,98798,6,12,2099,8,29,6924,11,340,59322,337,337,95381,4,8,1498,8,29,6924,11,340,59322
202111,170,16620, ,Charleston  WV ,184,184,20805,1,2,180,0,0,0,1,40,4755,149,149,18852,1,2,180,0,0,0,1,40,4755
202111,170,26580, ,Huntington-Ashland  WV-KY-OH ,230,230,44192,1,2,600,1,4,230,0,0,0,6,6,902,0,0,0,0,0,0,0,0,0
202111,172,16740, ,Charlotte-Concord-Gastonia  NC-SC ,17709,17709,4628475,18,36,5416,17,67,11314,250,8770,906548,14133,14133,3462697,18,36,5416,17,67,11314,237,8586,885661
202111,174,16860, ,Chattanooga  TN-GA ,1848,1848,414807,43,86,6475,23,79,6632,35,817,70806,1316,1316,295875,4,8,875,16,57,5356,10,320,21200
202111,174,17420, ,Cleveland  TN ,458,458,108690,0,0,0,5,19,1287,0,0,0,0,0,0,0,0,0,0,0,0,0,0,0
202111,176,16980, ,Chicago-Naperville-Elgin  IL-IN-WI ,9197,9197,2851015,132,264,48112,211,699,128607,277,7397,827677,7815,7815,2474690,116,232,42753,189,621,117760,212,6993,769462
202111,176,28100, ,Kankakee  IL ,15,15,4903,0,0,0,0,0,0,0,0,0,15,15,4903,0,0,0,0,0,0,0,0,0
202111,176,33140, ,Michigan City-La Porte  IN ,118,118,38896,0,0,0,0,0,0,0,0,0,78,78,27185,0,0,0,0,0,0,0,0,0
202111,178,17140, ,Cincinnati  OH-KY-IN ,4962,4962,1415135,23,46,6958,35,120,20676,122,2736,278214,4212,4212,1191849,22,44,6659,35,120,20676,103,2381,242418
202111,184,10420, ,Akron  OH ,560,560,168428,5,10,1018,25,99,4474,13,66,4619,560,560,168428,5,10,1018,25,99,4474,13,66,4619
202111,184,15940, ,Canton-Massillon  OH ,432,432,124111,12,24,3862,21,73,6422,49,301,33052,380,380,118042,12,24,3862,13,48,5141,37,231,27675
202111,184,17460, ,Cleveland-Elyria  OH ,2714,2714,866268,11,22,1595,21,69,9076,13,291,30200,2344,2344,789653,6,12,1542,17,57,8246,11,268,29040
202111,190,17860, ,Columbia  MO ,765,765,220093,1,2,265,0,0,0,7,181,22246,758,758,218453,1,2,265,0,0,0,7,181,22246
202111,192,17900,C,Columbia  SC ,5453,5453,1211961,12,24,2927,0,0,0,26,994,165044,3069,3069,591148,12,24,2927,0,0,0,6,872,146581
202111,194,12220,C,Auburn-Opelika  AL ,1418,1418,392289,17,34,6711,7,28,3216,27,447,59875,300,300,92327,0,0,0,0,0,0,4,72,9577
202111,194,17980, ,Columbus  GA-AL ,711,711,140004,7,14,796,0,0,0,17,422,66351,379,379,83351,7,14,796,0,0,0,0,0,0
202111,198,18140, ,Columbus  OH ,6208,6208,2032282,33,66,12927,24,89,11409,217,4388,405767,5562,5562,1862375,32,64,12427,15,58,7459,190,4240,392916
202111,204,18580, ,Corpus Christi  TX ,1485,1485,348038,0,0,0,0,0,0,0,0,0,1305,1305,311491,0,0,0,0,0,0,0,0,0
202111,206,19100, ,Dallas-Fort Worth-Arlington  TX ,46544,46544,12169908,382,764,81001,63,241,25386,520,24473,2848354,37223,37223,9793701,285,570,55211,52,202,19648,347,16429,1930065
202111,209,19340, ,Davenport-Moline-Rock Island  IA-IL ,293,293,82957,4,8,1335,16,57,9280,5,42,4410,128,128,49156,4,8,1335,16,57,9280,5,42,4410
202111,212,19430, ,Dayton-Kettering  OH ,1117,1117,376879,6,12,1227,3,9,2250,22,197,30975,748,748,294373,2,4,605,3,9,2250,22,197,30975
202111,212,44220, ,Springfield  OH ,180,180,50432,0,0,0,0,0,0,1,6,489,180,180,50432,0,0,0,0,0,0,1,6,489
202111,216,14500, ,Boulder  CO ,289,289,165380,11,22,8313,6,20,4879,26,613,131423,173,173,103304,0,0,0,0,0,0,7,222,38222
202111,216,19740,C,Denver-Aurora-Lakewood  CO ,11936,11936,3536972,283,566,105605,62,230,46252,325,13891,1766864,10596,10596,3168007,276,552,102102,48,179,37093,274,12606,1588362
202111,216,24540, ,Greeley  CO ,3082,3082,881169,52,104,22397,45,157,34080,54,822,115986,1174,1174,333441,32,64,15551,34,124,26633,29,445,64152
202111,218,11180, ,Ames  IA ,88,88,30282,0,0,0,0,0,0,4,110,11001,88,88,30282,0,0,0,0,0,0,4,110,11001
202111,218,19780, ,Des Moines-West Des Moines  IA ,4451,4451,1282256,36,72,15341,20,67,15969,50,1898,262180,4293,4293,1232994,35,70,14811,20,67,15969,33,1768,249087
202111,220,11460, ,Ann Arbor  MI ,459,459,135241,13,26,7885,21,77,12277,1,5,550,331,331,98604,13,26,7885,18,68,10454,0,0,0
202111,220,19820, ,Detroit-Warren-Dearborn  MI ,5354,5354,1674106,47,94,20198,43,152,19066,130,2422,585434,4393,4393,1424029,47,94,20198,25,93,13719,114,2122,558282
202111,220,22420, ,Flint  MI ,223,223,62669,0,0,0,29,100,20645,0,0,0,150,150,41473,0,0,0,0,0,0,0,0,0
202111,220,33780, ,Monroe  MI ,9,9,2516,0,0,0,2,8,720,0,0,0,9,9,2516,0,0,0,2,8,720,0,0,0
202111,222,20020, ,Dothan  AL ,265,265,79286,1,2,165,0,0,0,0,0,0,265,265,79286,1,2,165,0,0,0,0,0,0
202111,232,20740, ,Eau Claire  WI ,423,423,139434,89,178,31380,2,8,1509,31,572,73533,419,419,138432,89,178,31380,2,8,1509,31,572,73533
202111,236,21300, ,Elmira  NY ,1,1,200,0,0,0,0,0,0,0,0,0,1,1,200,0,0,0,0,0,0,0,0,0
202111,238,21340,C,El Paso  TX ,2469,2469,577586,53,106,13642,5,16,2116,18,185,21717,144,144,31071,0,0,0,0,0,0,0,0,0
202111,238,29740,C,Las Cruces  NM ,1136,1136,298229,2,4,608,0,0,0,11,84,6645,302,302,93187,0,0,0,0,0,0,0,0,0
202111,240,21500, ,Erie  PA ,59,59,18009,2,4,512,1,4,300,1,11,150,57,57,17707,2,4,512,1,4,300,1,11,150
202111,244,22020, ,Fargo  ND-MN ,1218,1218,375645,1,2,400,24,96,14170,17,829,107482,1173,1173,358650,1,2,400,24,96,14170,17,829,107482
202111,246,22180, ,Fayetteville  NC ,1702,1702,300951,0,0,0,0,0,0,4,60,7353,942,942,197876,0,0,0,0,0,0,4,60,7353
202111,258,23060,C,Fort Wayne  IN ,1646,1646,467523,76,152,13714,3,11,1471,2,16,1657,1646,1646,467523,76,152,13714,3,11,1471,2,16,1657
202111,260,23420,C,Fresno  CA ,2534,2534,758728,35,70,10386,2,6,806,59,589,82014,1078,1078,298351,0,0,0,1,3,396,16,210,31288
202111,260,31460, ,Madera  CA ,948,948,258355,0,0,0,2,8,1324,2,26,1467,948,948,258355,0,0,0,2,8,1324,2,26,1467
202111,264,23540, ,Gainesville  FL ,695,695,200792,0,0,0,0,0,0,11,988,33641,0,0,0,0,0,0,0,0,0,0,0,0
202111,266,24340, ,Grand Rapids-Kentwood  MI ,1642,1642,478437,24,48,10941,22,76,13423,35,735,84298,1536,1536,444999,24,48,10941,21,73,12556,22,592,68639
202111,266,34740, ,Muskegon  MI ,13,13,3007,8,16,2208,0,0,0,0,0,0,13,13,3007,8,16,2208,0,0,0,0,0,0
202111,267,24580, ,Green Bay  WI ,694,694,224442,14,28,5819,0,0,0,35,307,23844,530,530,172728,13,26,5421,0,0,0,14,190,14658
202111,268,15500, ,Burlington  NC ,1050,1050,143567,0,0,0,7,25,3729,6,116,9645,1050,1050,143567,0,0,0,7,25,3729,6,116,9645
202111,268,24660,C,Greensboro-High Point  NC ,2303,2303,582044,18,36,5227,0,0,0,39,1059,194471,1438,1438,289849,18,36,5227,0,0,0,39,1059,194471
202111,268,49180, ,Winston-Salem  NC ,2110,2110,449125,0,0,0,0,0,0,8,43,1696,1909,1909,397941,0,0,0,0,0,0,0,0,0
202111,272,24780, ,Greenville  NC ,370,370,86912,5,10,1315,0,0,0,18,446,47179,370,370,86912,5,10,1315,0,0,0,18,446,47179
202111,273,24860, ,Greenville-Anderson  SC ,8164,8164,1909808,62,124,6623,3,12,560,55,1413,110767,8108,8108,1899445,62,124,6623,3,12,560,55,1413,110767
202111,273,43900, ,Spartanburg  SC ,3152,3152,511500,0,0,0,0,0,0,13,220,26389,0,0,0,0,0,0,0,0,0,0,0,0
202111,276,23900,C,Gettysburg  PA ,415,415,119938,0,0,0,0,0,0,0,0,0,415,415,119938,0,0,0,0,0,0,0,0,0
202111,276,25420,C,Harrisburg-Carlisle  PA ,1201,1201,298112,12,24,3769,11,40,5752,11,155,18733,904,904,227585,11,22,3661,11,40,5752,10,150,18239
202111,276,30140, ,Lebanon  PA ,179,179,35165,0,0,0,0,0,0,1,5,517,0,0,0,0,0,0,0,0,0,0,0,0
202111,276,49620, ,York-Hanover  PA ,282,282,50305,0,0,0,0,0,0,0,0,0,258,258,44193,0,0,0,0,0,0,0,0,0
202111,277,25500,C,Harrisonburg  VA ,595,595,182012,3,6,1190,0,0,0,2,21,2029,595,595,182012,3,6,1190,0,0,0,2,21,2029
202111,277,44420, ,Staunton  VA ,192,192,52546,0,0,0,0,0,0,1,48,4970,192,192,52546,0,0,0,0,0,0,1,48,4970
202111,278,25540,C,Hartford-East Hartford-Middletown  CT ,872,872,222642,20,40,3828,8,31,4334,50,405,34878,585,585,149579,19,38,3628,6,23,3267,6,80,6744
202111,278,35980, ,Norwich-New London  CT ,126,126,30652,4,8,1046,0,0,0,4,28,4677,65,65,18905,2,4,560,0,0,0,4,28,4677
202111,279,25620, ,Hattiesburg  MS ,43,43,12512,0,0,0,0,0,0,0,0,0,43,43,12512,0,0,0,0,0,0,0,0,0
202111,284,26300, ,Hot Springs  AR ,77,77,20997,0,0,0,0,0,0,1,252,16000,77,77,20997,0,0,0,0,0,0,1,252,16000
202111,288,26420, ,Houston-The Woodlands-Sugar Land  TX ,48278,48278,10984356,343,686,71862,16,58,9138,444,13037,1305373,43083,43083,9711343,343,686,71862,15,55,8913,412,12696,1272664
202111,290,19460, ,Decatur  AL ,200,200,52749,0,0,0,0,0,0,0,0,0,138,138,40556,0,0,0,0,0,0,0,0,0
202111,290,26620,C,Huntsville  AL ,3882,3882,767983,3,6,486,8,26,2407,88,1910,228080,2129,2129,347817,3,6,486,8,26,2407,88,1910,228080
202111,292,26820, ,Idaho Falls  ID ,1303,1303,257160,2,4,383,11,44,5141,0,0,0,1291,1291,254529,2,4,383,11,44,5141,0,0,0
202111,294,18020, ,Columbus  IN ,220,220,60632,0,0,0,0,0,0,0,0,0,220,220,60632,0,0,0,0,0,0,0,0,0
202111,294,26900, ,Indianapolis-Carmel-Anderson  IN ,9013,9013,3024430,151,302,57777,19,74,20776,80,2202,264460,8038,8038,2652655,146,292,56923,19,74,20776,78,2082,250706
202111,294,34620, ,Muncie  IN ,20,20,4488,0,0,0,0,0,0,1,5,627,0,0,0,0,0,0,0,0,0,0,0,0
202111,296,27060, ,Ithaca  NY ,13,13,4131,2,4,640,0,0,0,2,10,1200,0,0,0,0,0,0,0,0,0,0,0,0
202111,297,27180, ,Jackson  TN ,177,177,43189,0,0,0,0,0,0,0,0,0,0,0,0,0,0,0,0,0,0,0,0,0
202111,298,27140, ,Jackson  MS ,1170,1170,315557,1,2,247,0,0,0,0,0,0,1035,1035,280657,0,0,0,0,0,0,0,0,0
202111,300,27260,C,Jacksonville  FL ,14950,14950,3318937,53,106,10317,55,217,20098,156,5801,602260,14733,14733,3253159,52,104,9802,55,217,20098,156,5801,602260
202111,304,27740, ,Johnson City  TN ,189,189,44754,3,6,363,0,0,0,0,0,0,189,189,44754,3,6,363,0,0,0,0,0,0
202111,304,28700, ,Kingsport-Bristol  TN-VA ,14,14,3339,1,2,276,0,0,0,1,5,500,2,2,290,1,2,276,0,0,0,1,5,500
202111,306,27780, ,Johnstown  PA ,5,5,1058,0,0,0,0,0,0,0,0,0,5,5,1058,0,0,0,0,0,0,0,0,0
202111,308,27860, ,Jonesboro  AR ,570,570,89692,35,70,4816,42,144,7460,15,88,5000,77,77,12510,0,0,0,0,0,0,0,0,0
202111,309,27900, ,Joplin  MO ,244,244,40504,6,12,1359,0,0,0,9,246,18650,244,244,40504,6,12,1359,0,0,0,9,246,18650
202111,310,12980, ,Battle Creek  MI ,28,28,6063,0,0,0,0,0,0,0,0,0,9,9,2828,0,0,0,0,0,0,0,0,0
202111,310,28020, ,Kalamazoo-Portage  MI ,109,109,40058,0,0,0,0,0,0,0,0,0,43,43,11729,0,0,0,0,0,0,0,0,0
202111,312,28140, ,Kansas City  MO-KS ,6380,6380,1996121,148,296,55751,91,350,50476,95,3209,406829,5386,5386,1689831,141,282,52399,89,344,49866,91,3159,401899
202111,312,29940, ,Lawrence  KS ,170,170,53466,0,0,0,2,6,1200,13,258,19496,0,0,0,0,0,0,0,0,0,0,0,0
202111,312,41140, ,St. Joseph  MO-KS ,3,3,800,0,0,0,0,0,0,0,0,0,3,3,800,0,0,0,0,0,0,0,0,0
202111,313,28420,C,Kennewick-Richland  WA ,1794,1794,557618,13,26,3673,20,79,9676,4,111,12704,901,901,301479,7,14,2351,20,79,9676,3,106,12105
202111,313,47460, ,Walla Walla  WA ,103,103,27250,5,10,1528,0,0,0,4,96,10724,92,92,26150,5,10,1528,0,0,0,4,96,10724
202111,315,28940, ,Knoxville  TN ,3893,3893,964882,5,10,2121,4,15,2039,57,1164,145987,3699,3699,931490,4,8,1864,2,8,1200,39,884,124150
202111,316,29020, ,Kokomo  IN ,158,158,37978,1,2,320,0,0,0,0,0,0,158,158,37978,1,2,320,0,0,0,0,0,0
202111,318,29180, ,Lafayette  LA ,2694,2694,563798,0,0,0,1,4,800,0,0,0,1556,1556,273019,0,0,0,0,0,0,0,0,0
202111,320,29200, ,Lafayette-West Lafayette  IN ,460,460,127295,0,0,0,0,0,0,24,585,65668,30,30,10878,0,0,0,0,0,0,6,118,16763
202111,324,29340, ,Lake Charles  LA ,823,823,142161,15,30,2380,0,0,0,0,0,0,310,310,45074,13,26,2187,0,0,0,0,0,0
202111,332,29820,C,Las Vegas-Henderson-Paradise  NV ,11025,11025,3010664,64,128,16721,164,554,79113,182,3389,338647,10988,10988,2997868,64,128,16721,164,554,79113,182,3389,338647
202111,336,30460,C,Lexington-Fayette  KY ,1557,1557,394629,3,6,838,15,48,6861,40,914,89217,580,580,182166,0,0,0,1,4,400,13,80,7689
202111,338,30620, ,Lima  OH ,6,6,1747,0,0,0,0,0,0,0,0,0,0,0,0,0,0,0,0,0,0,0,0,0
202111,339,30700, ,Lincoln  NE ,1123,1123,259971,17,34,4794,0,0,0,17,814,92154,48,48,13055,0,0,0,0,0,0,0,0,0
202111,340,30780, ,Little Rock-North Little Rock-Conway  AR ,2512,2512,532960,62,124,11568,5,18,2225,35,873,65544,1609,1609,406722,22,44,4665,5,18,2225,19,642,51862
202111,340,38220, ,Pine Bluff  AR ,20,20,3476,0,0,0,0,0,0,0,0,0,10,10,1978,0,0,0,0,0,0,0,0,0
202111,348,31080,C,Los Angeles-Long Beach-Anaheim  CA ,10187,10187,3027564,588,1176,273424,144,485,134087,499,16508,2983587,8090,8090,2221005,535,1070,244437,104,354,105520,401,15391,2793371
202111,348,37100, ,Oxnard-Thousand Oaks-Ventura  CA ,183,183,53306,13,26,7005,14,45,11334,30,758,122908,122,122,34376,4,8,2162,0,0,0,1,8,1792
202111,348,40140, ,Riverside-San Bernardino-Ontario  CA ,10783,10783,2761062,116,232,38135,77,261,45742,220,2772,337897,9297,9297,2420560,101,202,33791,73,246,43326,187,2483,310950
202111,350,21060, ,Elizabethtown-Fort Knox  KY ,453,453,99047,23,46,6057,0,0,0,2,12,720,369,369,82322,22,44,5857,0,0,0,2,12,720
202111,350,31140, ,Louisville-Jefferson County  KY-IN ,3780,3780,1011696,24,48,8337,7,23,3835,46,1161,100904,2152,2152,634678,12,24,4613,4,14,2035,23,714,64799
202111,352,31180, ,Lubbock  TX ,2519,2519,598005,162,324,46893,0,0,0,26,261,19260,2500,2500,593989,162,324,46893,0,0,0,22,241,17823
202111,356,31420, ,Macon-Bibb County  GA ,376,376,77318,0,0,0,0,0,0,0,0,0,0,0,0,0,0,0,0,0,0,0,0,0
202111,356,47580, ,Warner Robins  GA ,1063,1063,223614,1,2,207,15,60,6105,4,24,1777,1063,1063,223614,1,2,207,15,60,6105,4,24,1777
202111,357,27500, ,Janesville-Beloit  WI ,237,237,60964,20,40,5950,2,8,1400,3,144,26062,132,132,32121,20,40,5950,2,8,1400,3,144,26062
202111,357,31540, ,Madison  WI ,1645,1645,678076,94,188,44457,7,27,4211,98,3922,565852,1359,1359,594435,81,162,38506,6,24,3600,90,3881,556247
202111,359,31860, ,Mankato  MN ,135,135,38861,6,12,3225,4,15,3990,9,69,5267,135,135,38861,6,12,3225,4,15,3990,9,69,5267
202111,365,32580,C,McAllen-Edinburg-Mission  TX ,4129,4129,812511,153,306,24950,163,644,48063,17,204,12651,3564,3564,723650,125,250,21974,161,637,47450,16,196,12201
202111,366,32780, ,Medford  OR ,545,545,155590,6,12,2507,9,36,4302,10,106,13384,545,545,155590,6,12,2507,9,36,4302,10,106,13384
202111,368,32820, ,Memphis  TN-MS-AR ,3945,3945,867735,0,0,0,3,12,613,15,900,142181,3210,3210,727634,0,0,0,2,8,513,14,895,141572
202111,370,33100, ,Miami-Fort Lauderdale-Pompano Beach  FL ,7726,7726,3092565,116,232,42379,36,131,16133,260,13859,2573799,6496,6496,2464450,113,226,42179,36,131,16133,212,12833,2412580
202111,370,38940, ,Port St. Lucie  FL ,5112,5112,1200816,108,216,25463,5,17,4919,63,1231,149031,5112,5112,1200816,108,216,25463,5,17,4919,63,1231,149031
202111,370,42680, ,Sebastian-Vero Beach  FL ,1163,1163,463794,4,8,1122,5,15,1010,0,0,0,1163,1163,463794,4,8,1122,5,15,1010,0,0,0
202111,372,33260, ,Midland  TX ,770,770,156056,0,0,0,0,0,0,0,0,0,770,770,156056,0,0,0,0,0,0,0,0,0
202111,372,36220,C,Odessa  TX ,1297,1297,309064,0,0,0,0,0,0,0,0,0,1297,1297,309064,0,0,0,0,0,0,0,0,0
202111,376,33340,C,Milwaukee-Waukesha  WI ,1625,1625,701094,160,320,76390,8,31,6157,29,782,112973,1158,1158,499597,118,236,57928,8,31,6157,26,761,111440
202111,376,39540, ,Racine  WI ,115,115,47694,6,12,3520,0,0,0,3,60,6177,111,111,46344,6,12,3520,0,0,0,3,60,6177
202111,378,33460, ,Minneapolis-St. Paul-Bloomington  MN-WI ,10650,10650,3509438,96,192,34902,59,220,48229,199,12402,1886908,9734,9734,3204389,93,186,33597,50,191,41638,166,11241,1716331
202111,378,41060, ,St. Cloud  MN ,8,8,2590,0,0,0,0,0,0,0,0,0,0,0,0,0,0,0,0,0,0,0,0,0
202111,380,19300, ,Daphne-Fairhope-Foley  AL ,2534,2534,610147,0,0,0,0,0,0,19,331,21307,1385,1385,374578,0,0,0,0,0,0,11,270,17122
202111,380,33660, ,Mobile  AL ,844,844,194666,0,0,0,0,0,0,2,52,7280,323,323,70553,0,0,0,0,0,0,2,52,7280
202111,384,33740, ,Monroe  LA ,324,324,74050,6,12,445,12,39,6131,19,121,14571,0,0,0,0,0,0,0,0,0,0,0,0
202111,388,33860, ,Montgomery  AL ,870,870,214173,1,2,121,5,19,1678,0,0,0,870,870,214173,1,2,121,5,19,1678,0,0,0
202111,390,34060, ,Morgantown  WV ,3,3,1648,0,0,0,0,0,0,0,0,0,3,3,1648,0,0,0,0,0,0,0,0,0
202111,396,34820, ,Myrtle Beach-Conway-North Myrtle Beach  SC-NC ,8872,8872,1814714,101,202,32989,7,23,2926,42,660,58859,6239,6239,1113527,101,202,32989,7,23,2926,31,605,56109
202111,400,34980, ,Nashville-Davidson--Murfreesboro--Franklin  TN ,15038,15038,4413189,41,82,10870,46,169,24825,208,12309,1088076,12733,12733,3860445,41,82,10870,26,96,16912,182,11991,1056874
202111,406,25220, ,Hammond  LA ,761,761,140846,3,6,525,0,0,0,0,0,0,736,736,136480,0,0,0,0,0,0,0,0,0
202111,406,35380, ,New Orleans-Metairie  LA ,3755,3755,921567,144,288,31684,5,15,3080,27,871,128063,2651,2651,639815,19,38,3626,0,0,0,15,360,35800
202111,408,14860,C,Bridgeport-Stamford-Norwalk  CT ,684,684,429805,19,38,6284,2,7,990,29,468,63488,464,464,273004,12,24,5188,2,7,990,13,332,23323
202111,408,20700, ,East Stroudsburg  PA ,161,161,53703,0,0,0,2,8,1356,4,48,4320,117,117,41771,0,0,0,2,8,1356,0,0,0
202111,408,28740, ,Kingston  NY ,49,49,14124,1,2,200,0,0,0,3,18,4390,40,40,9494,1,2,200,0,0,0,0,0,0
202111,408,35300, ,New Haven-Milford  CT ,225,225,45070,11,22,3206,0,0,0,19,407,31688,156,156,33773,7,14,2466,0,0,0,2,278,23402
202111,408,35620,C,New York-Newark-Jersey City  NY-NJ-PA ,11863,11863,3389383,754,1508,190356,277,915,91397,1274,37165,4077246,7555,7555,2418262,534,1068,144157,181,603,67696,734,27245,2981572
202111,408,39100, ,Poughkeepsie-Newburgh-Middletown  NY ,247,247,95896,4,8,2822,3,10,2254,34,1062,137037,152,152,40291,1,2,304,0,0,0,17,676,89141
202111,408,45940,C,Trenton-Princeton  NJ ,270,270,39936,1,2,20,0,0,0,27,249,11476,235,235,35068,1,2,20,0,0,0,16,192,7355
202111,412,35840,C,North Port-Sarasota-Bradenton  FL ,11162,11162,3064958,110,220,30626,15,58,8285,94,2708,442703,10555,10555,2897786,74,148,15067,15,58,8285,92,2688,436016
202111,412,39460, ,Punta Gorda  FL ,2975,2975,858281,118,236,35306,19,76,21524,17,372,64351,2975,2975,858281,118,236,35306,19,76,21524,17,372,64351
202111,416,36420,C,Oklahoma City  OK ,7143,7143,1834354,138,276,22945,4,16,5400,9,171,22230,2612,2612,800611,42,84,8603,2,8,1500,9,171,22230
202111,420,36540, ,Omaha-Council Bluffs  NE-IA ,3331,3331,719632,28,56,6227,10,31,2269,100,2467,211349,2474,2474,475765,20,40,3455,10,31,2269,70,2031,157515
202111,422,19660, ,Deltona-Daytona Beach-Ormond Beach  FL ,4739,4739,1255547,186,372,59575,1,3,277,7,203,23036,4540,4540,1185633,186,372,59575,1,3,277,1,88,8818
202111,422,29460, ,Lakeland-Winter Haven  FL ,8565,8565,1912797,16,32,3177,7,25,2798,71,2175,233460,2319,2319,662750,15,30,2998,5,19,1933,12,322,63142
202111,422,36740, ,Orlando-Kissimmee-Sanford  FL ,16184,16184,4334353,83,166,29775,45,169,25665,275,12326,1490942,13801,13801,3703416,78,156,28696,44,166,24613,249,11901,1451723
202111,422,45540,C,The Villages  FL ,3654,3654,978266,0,0,0,0,0,0,35,596,133417,3644,3644,976363,0,0,0,0,0,0,35,596,133417
202111,425,37620, ,Parkersburg-Vienna  WV ,81,81,15381,0,0,0,0,0,0,0,0,0,81,81,15381,0,0,0,0,0,0,0,0,0
202111,426,37860,C,Pensacola-Ferry Pass-Brent  FL ,2805,2805,601410,341,682,58144,6,21,1022,13,247,23771,2805,2805,601410,341,682,58144,6,21,1022,13,247,23771
202111,428,12100,C,Atlantic City-Hammonton  NJ ,513,513,156108,0,0,0,2,6,831,15,201,16361,486,486,145539,0,0,0,2,6,831,4,80,1350
202111,428,20100,C,Dover  DE ,1556,1556,235497,24,48,4794,0,0,0,9,147,11677,383,383,61391,24,48,4794,0,0,0,9,147,11677
202111,428,36140,C,Ocean City  NJ ,638,638,231905,93,186,37894,8,27,2207,2,10,749,609,609,223222,91,182,37524,8,27,2207,2,10,749
202111,428,37980,C,Philadelphia-Camden-Wilmington  PA-NJ-DE-MD ,7764,7764,1617382,369,738,111169,225,760,94492,486,13176,1703118,4494,4494,899955,36,72,13444,8,29,4439,143,2398,269068
202111,428,39740, ,Reading  PA ,38,38,7407,0,0,0,0,0,0,4,24,1100,17,17,2128,0,0,0,0,0,0,4,24,1100
202111,428,47220,C,Vineland-Bridgeton  NJ ,118,118,13326,0,0,0,0,0,0,0,0,0,100,100,11686,0,0,0,0,0,0,0,0,0
202111,429,38060,C,Phoenix-Mesa-Chandler  AZ ,32585,32585,8360145,456,912,110912,67,234,45228,362,13274,1877201,29637,29637,7860221,446,892,108315,67,234,45228,341,11735,1622815
202111,430,38300, ,Pittsburgh  PA ,1275,1275,402585,11,22,3590,9,28,3935,26,543,71371,745,745,274941,2,4,1466,0,0,0,1,5,887
202111,430,48260, ,Weirton-Steubenville  WV-OH ,0,0,0,0,0,0,0,0,0,0,0,0,0,0,0,0,0,0,0,0,0,0,0,0
202111,438,30340, ,Lewiston-Auburn  ME ,68,68,13911,3,6,920,0,0,0,2,44,6887,39,39,7989,0,0,0,0,0,0,1,35,6105
202111,438,38860, ,Portland-South Portland  ME ,1670,1670,516331,68,136,23783,13,41,6196,39,624,86135,836,836,278462,31,62,9762,6,20,4446,31,584,82374
202111,440,10540, ,Albany-Lebanon  OR ,409,409,95262,7,14,2633,1,3,514,34,319,37593,117,117,27928,6,12,2169,0,0,0,13,169,21308
202111,440,18700, ,Corvallis  OR ,134,134,35592,1,2,362,3,9,1627,0,0,0,134,134,35592,1,2,362,3,9,1627,0,0,0
202111,440,31020, ,Longview  WA ,233,233,66293,0,0,0,0,0,0,0,0,0,0,0,0,0,0,0,0,0,0,0,0,0
202111,440,38900, ,Portland-Vancouver-Hillsboro  OR-WA ,7453,7453,2189406,93,186,33191,80,293,32348,167,6367,1291210,4854,4854,1434893,55,110,19559,55,215,23620,93,2729,667013
202111,440,41420, ,Salem  OR ,619,619,175975,5,10,2247,1,3,574,38,396,43732,217,217,64250,2,4,828,0,0,0,2,30,4055
202111,444,39380,C,Pueblo  CO ,693,693,112363,0,0,0,0,0,0,0,0,0,693,693,112363,0,0,0,0,0,0,0,0,0
202111,450,20500,C,Durham-Chapel Hill  NC ,3500,3500,1056828,14,28,3730,5,16,3370,41,2186,283632,1433,1433,483000,2,4,438,1,4,896,4,365,31896
202111,450,39580,C,Raleigh-Cary  NC ,13255,13255,3171947,19,38,6442,4,16,2071,135,7226,1093994,13255,13255,3171947,19,38,6442,4,16,2071,135,7226,1093994
202111,452,39660, ,Rapid City  SD ,577,577,147941,0,0,0,10,40,4555,30,673,75548,577,577,147941,0,0,0,10,40,4555,30,673,75548
202111,454,39820, ,Redding  CA ,141,141,50757,0,0,0,0,0,0,2,48,5400,141,141,50757,0,0,0,0,0,0,2,48,5400
202111,456,16180,C,Carson City  NV ,188,188,49675,0,0,0,4,12,1527,12,79,7888,0,0,0,0,0,0,0,0,0,0,0,0
202111,456,39900,C,Reno  NV ,2515,2515,687148,35,70,8298,20,67,9709,120,2188,280195,0,0,0,0,0,0,0,0,0,0,0,0
202111,462,40340, ,Rochester  MN ,295,295,96063,1,2,367,0,0,0,1,192,23000,295,295,96063,1,2,367,0,0,0,1,192,23000
202111,464,40380, ,Rochester  NY ,1039,1039,290013,24,48,8556,25,85,9709,30,347,34169,717,717,214248,20,40,7003,23,79,9154,25,265,25078
202111,466,40420, ,Rockford  IL ,133,133,25236,9,18,2417,0,0,0,1,8,655,133,133,25236,9,18,2417,0,0,0,1,8,655
202111,472,40900,C,Sacramento-Roseville-Folsom  CA ,8537,8537,2652188,48,96,14976,23,90,17164,89,2151,310923,8357,8357,2595867,46,92,14002,23,90,17164,75,2023,270010
202111,474,13020, ,Bay City  MI ,11,11,2671,0,0,0,0,0,0,0,0,0,0,0,0,0,0,0,0,0,0,0,0,0
202111,474,33220, ,Midland  MI ,61,61,8491,7,14,1595,0,0,0,0,0,0,61,61,8491,7,14,1595,0,0,0,0,0,0
202111,474,40980, ,Saginaw  MI ,43,43,11025,0,0,0,2,7,700,0,0,0,34,34,8167,0,0,0,2,7,700,0,0,0
202111,476,41180, ,St. Louis  MO-IL ,5246,5246,1525064,44,88,12836,12,43,7551,96,2200,236372,3742,3742,1027599,33,66,9852,9,33,5898,63,1120,127946
202111,480,41540, ,Salisbury  MD-DE ,4381,4381,668429,130,260,30041,1,3,270,8,171,13048,4372,4372,667251,130,260,30041,1,3,270,8,171,13048
202111,482,36260, ,Ogden-Clearfield  UT ,3527,3527,951851,8,16,3727,29,97,18420,80,2534,345760,2941,2941,777084,4,8,2179,10,35,6733,57,2214,304213
202111,482,39340, ,Provo-Orem  UT ,7126,7126,2134207,37,74,14027,57,212,39237,223,3190,430244,7094,7094,2121753,37,74,14027,57,212,39237,223,3190,430244
202111,482,41620, ,Salt Lake City  UT ,4932,4932,1307867,93,186,24045,71,251,43467,116,5114,780812,3760,3760,938766,58,116,17046,47,172,28589,50,1463,279038
202111,484,41700,C,San Antonio-New Braunfels  TX ,13121,13121,3094908,62,124,15680,26,103,13820,310,7760,1057764,12245,12245,2904400,62,124,15680,26,103,13820,299,7705,1046044
202111,488,32900, ,Merced  CA ,101,101,26217,0,0,0,0,0,0,0,0,0,0,0,0,0,0,0,0,0,0,0,0,0
202111,488,33700, ,Modesto  CA ,43,43,10695,1,2,353,0,0,0,0,0,0,43,43,10695,1,2,353,0,0,0,0,0,0
202111,488,41860,C,San Francisco-Oakland-Berkeley  CA ,4033,4033,1353437,113,226,63841,25,84,26966,250,7793,1956761,2707,2707,875648,87,174,39834,15,54,18399,158,6590,1675264
202111,488,41940,C,San Jose-Sunnyvale-Santa Clara  CA ,2210,2210,776070,15,30,10276,1,4,1202,47,1789,301843,1708,1708,600822,13,26,9009,1,4,1202,25,1348,225619
202111,488,42100, ,Santa Cruz-Watsonville  CA ,154,154,32314,1,2,440,0,0,0,0,0,0,0,0,0,0,0,0,0,0,0,0,0,0
202111,488,42220, ,Santa Rosa-Petaluma  CA ,987,987,278098,11,22,2987,3,11,2098,35,948,293255,778,778,235505,11,22,2987,3,11,2098,27,908,286589
202111,488,44700, ,Stockton  CA ,2444,2444,754971,1,2,304,0,0,0,25,369,44819,1287,1287,394770,0,0,0,0,0,0,4,88,11417
202111,488,46700, ,Vallejo  CA ,787,787,249889,1,2,485,0,0,0,23,220,47120,787,787,249889,1,2,485,0,0,0,23,220,47120
202111,496,25980, ,Hinesville  GA ,430,430,97196,0,0,0,0,0,0,0,0,0,430,430,97196,0,0,0,0,0,0,0,0,0
202111,496,42340, ,Savannah  GA ,2507,2507,645690,2,4,1182,8,28,5656,26,441,38523,2435,2435,630116,2,4,1182,8,28,5656,26,441,38523
202111,500,14740,C,Bremerton-Silverdale-Port Orchard  WA ,1007,1007,319821,13,26,5291,5,16,3481,52,1005,109621,559,559,179548,7,14,3787,5,16,3481,36,616,68339
202111,500,34580, ,Mount Vernon-Anacortes  WA ,209,209,68368,4,8,1510,7,28,7500,4,24,4812,158,158,53869,4,8,1510,7,28,7500,4,24,4812
202111,500,36500, ,Olympia-Lacey-Tumwater  WA ,693,693,162839,3,6,1347,15,56,8561,39,682,76982,571,571,135620,3,6,1347,15,56,8561,28,622,74430
202111,500,42660,C,Seattle-Tacoma-Bellevue  WA ,8192,8192,2798169,341,682,158015,245,841,184589,346,18263,2732813,7076,7076,2350353,334,668,154649,242,832,182920,286,15999,2373859
202111,508,43340,C,Shreveport-Bossier City  LA ,927,927,210967,0,0,0,0,0,0,0,0,0,355,355,70271,0,0,0,0,0,0,0,0,0
202111,515,21140, ,Elkhart-Goshen  IN ,261,261,75623,0,0,0,0,0,0,0,0,0,0,0,0,0,0,0,0,0,0,0,0,0
202111,515,35660, ,Niles  MI ,22,22,10022,0,0,0,0,0,0,0,0,0,13,13,7544,0,0,0,0,0,0,0,0,0
202111,515,43780, ,South Bend-Mishawaka  IN-MI ,331,331,121810,0,0,0,1,3,1200,0,0,0,330,330,121510,0,0,0,1,3,1200,0,0,0
202111,518,17660, ,Coeur dAlene  ID ,1289,1289,340399,13,26,7673,7,25,3667,41,710,78488,990,990,269551,7,14,5363,4,16,3041,29,473,52703
202111,518,44060, ,Spokane-Spokane Valley  WA ,1718,1718,420895,97,194,35249,24,83,12226,61,1216,155884,632,632,169361,79,158,30446,19,68,10212,30,781,98603
202111,522,44100, ,Springfield  IL ,147,147,20734,36,72,13036,0,0,0,1,11,1864,136,136,17982,36,72,13036,0,0,0,1,11,1864
202111,524,44300, ,State College  PA ,264,264,87069,8,16,2517,0,0,0,3,358,74736,44,44,19293,0,0,0,0,0,0,3,358,74736
202111,532,45060, ,Syracuse  NY ,243,243,58708,0,0,0,2,7,927,4,50,3442,231,231,55427,0,0,0,2,7,927,4,50,3442
202111,534,45780, ,Toledo  OH ,708,708,213553,6,12,1710,6,23,2274,21,456,31644,442,442,133834,6,12,1710,0,0,0,6,54,8100
202111,536,46060,C,Tucson  AZ ,4734,4734,1450617,23,46,5466,0,0,0,54,802,120368,3673,3673,1180892,0,0,0,0,0,0,0,0,0
202111,538,46140,C,Tulsa  OK ,4004,4004,944839,44,88,7512,9,32,4236,31,370,27797,3914,3914,925882,44,88,7512,9,32,4236,17,268,19951
202111,540,46340, ,Tyler  TX ,380,380,90338,18,36,4496,14,47,6265,0,0,0,380,380,90338,18,36,4496,14,47,6265,0,0,0
202111,545,47260, ,Virginia Beach-Norfolk-Newport News  VA-NC ,4306,4306,1057007,20,40,6027,17,64,10567,59,2511,262404,3482,3482,856995,20,40,6027,17,64,10567,59,2511,262404
202111,548,12580,C,Baltimore-Columbia-Towson  MD ,4381,4381,993458,1,2,525,0,0,0,48,3065,438356,4199,4199,968987,1,2,525,0,0,0,37,1626,151647
202111,548,15680,C,California-Lexington Park  MD ,332,332,105398,0,0,0,0,0,0,1,6,1998,332,332,105398,0,0,0,0,0,0,1,6,1998
202111,548,16540,C,Chambersburg-Waynesboro  PA ,310,310,74281,10,20,3709,0,0,0,4,20,2564,288,288,68455,10,20,3709,0,0,0,1,5,625
202111,548,25180, ,Hagerstown-Martinsburg  MD-WV ,1498,1498,371875,8,16,2385,0,0,0,2,18,1185,1441,1441,360529,8,16,2385,0,0,0,2,18,1185
202111,548,47900, ,Washington-Arlington-Alexandria  DC-VA-MD-WV ,12445,12445,3284647,26,52,5293,10,37,5270,254,12175,1446070,11230,11230,2957763,21,42,4443,10,37,5270,194,11049,1289404
202111,548,49020, ,Winchester  VA-WV ,702,702,182937,0,0,0,5,15,244,1,5,827,702,702,182937,0,0,0,5,15,244,1,5,827
202111,554,48140, ,Wausau-Weston  WI ,215,215,59191,3,6,1670,0,0,0,6,213,30091,151,151,42802,3,6,1670,0,0,0,6,213,30091
202111,556,48620, ,Wichita  KS ,985,985,345052,182,364,36518,5,20,3200,0,0,0,985,985,345052,182,364,36518,5,20,3200,0,0,0
202111,558,48700, ,Williamsport  PA ,6,6,1882,0,0,0,0,0,0,0,0,0,6,6,1882,0,0,0,0,0,0,0,0,0
202111,566,49660, ,Youngstown-Warren-Boardman  OH-PA ,270,270,57364,4,8,1070,1,3,381,0,0,0,264,264,56457,4,8,1070,1,3,381,0,0,0
202111,999,10180, ,Abilene  TX ,456,456,98144,41,82,8027,0,0,0,7,289,33135,456,456,98144,41,82,8027,0,0,0,7,289,33135
202111,999,10500, ,Albany  GA ,163,163,21135,0,0,0,0,0,0,11,173,24814,143,143,16447,0,0,0,0,0,0,0,0,0
202111,999,10780, ,Alexandria  LA ,235,235,59267,0,0,0,0,0,0,0,0,0,148,148,36345,0,0,0,0,0,0,0,0,0
202111,999,10900, ,Allentown-Bethlehem-Easton  PA-NJ ,562,562,150326,4,8,1730,0,0,0,15,332,43960,357,357,111610,0,0,0,0,0,0,12,313,42829
202111,999,11260,C,Anchorage  AK ,818,818,258350,5,10,1678,13,48,8224,20,214,32495,36,36,9893,5,10,1678,1,3,459,0,0,0
202111,999,11500, ,Anniston-Oxford  AL ,37,37,6163,0,0,0,0,0,0,0,0,0,32,32,5763,0,0,0,0,0,0,0,0,0
202111,999,12260, ,Augusta-Richmond County  GA-SC ,3741,3741,816240,0,0,0,22,79,6798,4,27,1591,1972,1972,485292,0,0,0,22,79,6798,1,8,500
202111,999,12420, ,Austin-Round Rock-Georgetown  TX ,22354,22354,5292700,225,450,52743,65,233,41609,484,23036,2856442,18233,18233,4399899,209,418,49603,58,209,39471,482,23025,2855426
202111,999,12540, ,Bakersfield  CA ,1541,1541,330801,14,28,1845,3,11,576,4,46,6413,443,443,55157,12,24,1259,1,4,127,0,0,0
202111,999,12620, ,Bangor  ME ,118,118,31323,13,26,4360,5,20,2671,0,0,0,98,98,26169,13,26,4360,5,20,2671,0,0,0
202111,999,12940, ,Baton Rouge  LA ,4052,4052,924825,1,2,321,0,0,0,0,0,0,1587,1587,439076,1,2,321,0,0,0,0,0,0
202111,999,13140, ,Beaumont-Port Arthur  TX ,918,918,188822,4,8,814,8,32,2864,0,0,0,918,918,188822,4,8,814,8,32,2864,0,0,0
202111,999,13220,C,Beckley  WV ,95,95,16689,1,2,175,0,0,0,0,0,0,88,88,16245,1,2,175,0,0,0,0,0,0
202111,999,13380, ,Bellingham  WA ,716,716,200298,14,28,5895,14,48,7920,25,885,94181,594,594,169861,9,18,3839,10,36,5727,23,875,93196
202111,999,13740, ,Billings  MT ,499,499,126684,37,74,12951,0,0,0,5,149,21313,499,499,126684,37,74,12951,0,0,0,5,149,21313
202111,999,13780, ,Binghamton  NY ,0,0,0,0,0,0,0,0,0,0,0,0,0,0,0,0,0,0,0,0,0,0,0,0
202111,999,13900, ,Bismarck  ND ,390,390,114180,108,216,41231,0,0,0,4,127,15250,287,287,84114,108,216,41231,0,0,0,4,127,15250
202111,999,13980, ,Blacksburg-Christiansburg  VA ,72,72,20130,0,0,0,0,0,0,2,24,1752,72,72,20130,0,0,0,0,0,0,2,24,1752
202111,999,15260, ,Brunswick  GA ,552,552,200181,4,8,1203,0,0,0,3,15,8087,38,38,9930,0,0,0,0,0,0,0,0,0
202111,999,16220,C,Casper  WY ,130,130,33917,2,4,253,3,12,1356,9,112,16110,70,70,16085,0,0,0,2,8,861,1,66,11528
202111,999,16580, ,Champaign-Urbana  IL ,75,75,22366,0,0,0,0,0,0,6,229,28300,75,75,22366,0,0,0,0,0,0,6,229,28300
202111,999,16700,C,Charleston-North Charleston  SC ,5481,5481,1677328,4,8,500,2,7,1705,78,2075,160410,2057,2057,680098,4,8,500,0,0,0,17,468,43480
202111,999,16820, ,Charlottesville  VA ,763,763,251666,8,16,2769,0,0,0,15,250,24501,0,0,0,0,0,0,0,0,0,0,0,0
202111,999,16940, ,Cheyenne  WY ,458,458,96974,8,16,1612,25,94,7644,9,127,13773,458,458,96974,8,16,1612,25,94,7644,9,127,13773
202111,999,17020, ,Chico  CA ,241,241,51847,2,4,721,5,15,2087,33,746,78964,241,241,51847,2,4,721,5,15,2087,33,746,78964
202111,999,17300,C,Clarksville  TN-KY ,2106,2106,389021,11,22,2674,35,135,20010,169,1730,115518,2073,2073,385949,11,22,2674,35,135,20010,169,1730,115518
202111,999,17780, ,College Station-Bryan  TX ,1609,1609,309429,5,10,1319,2,7,947,9,226,23236,1609,1609,309429,5,10,1319,2,7,947,9,226,23236
202111,999,17820,C,Colorado Springs  CO ,4755,4755,1793780,108,216,25011,8,24,4560,101,3667,583060,4752,4752,1793474,108,216,25011,8,24,4560,101,3667,583060
202111,999,18880,C,Crestview-Fort Walton Beach-Destin  FL ,3167,3167,1345283,13,26,7435,17,63,11436,18,356,41929,3111,3111,1332356,13,26,7435,17,63,11436,18,356,41929
202111,999,19060, ,Cumberland  MD-WV ,33,33,8054,0,0,0,0,0,0,0,0,0,33,33,8054,0,0,0,0,0,0,0,0,0
202111,999,19180, ,Danville  IL ,2,2,565,0,0,0,0,0,0,0,0,0,2,2,565,0,0,0,0,0,0,0,0,0
202111,999,19500, ,Decatur  IL ,17,17,5219,1,2,400,0,0,0,0,0,0,17,17,5219,1,2,400,0,0,0,0,0,0
202111,999,20220, ,Dubuque  IA ,66,66,24678,1,2,280,0,0,0,2,160,41913,41,41,17626,1,2,280,0,0,0,2,160,41913
202111,999,20260, ,Duluth  MN-WI ,102,102,24877,0,0,0,0,0,0,3,18,1050,102,102,24877,0,0,0,0,0,0,3,18,1050
202111,999,20940, ,El Centro  CA ,180,180,34108,0,0,0,2,8,858,6,48,6375,41,41,7907,0,0,0,2,8,858,6,48,6375
202111,999,21420, ,Enid  OK ,29,29,8985,0,0,0,0,0,0,0,0,0,29,29,8985,0,0,0,0,0,0,0,0,0
202111,999,21660, ,Eugene-Springfield  OR ,760,760,202490,16,32,5705,3,11,2260,24,1003,177855,247,247,67973,3,6,710,0,0,0,1,8,715
202111,999,21780, ,Evansville  IN-KY ,906,906,253776,40,80,15639,4,16,2045,8,143,10647,616,616,190910,23,46,8688,4,16,2045,0,0,0
202111,999,21820,C,Fairbanks  AK ,18,18,5302,0,0,0,5,18,2732,0,0,0,18,18,5302,0,0,0,5,18,2732,0,0,0
202111,999,22140,C,Farmington  NM ,86,86,23290,0,0,0,0,0,0,0,0,0,86,86,23290,0,0,0,0,0,0,0,0,0
202111,999,22220, ,Fayetteville-Springdale-Rogers  AR-MO ,5233,5233,1424029,64,128,19372,42,141,19569,65,1119,107097,4354,4354,1231335,63,126,19022,40,135,18638,36,781,79030
202111,999,22380, ,Flagstaff  AZ ,470,470,161381,0,0,0,4,14,5343,10,437,27207,470,470,161381,0,0,0,4,14,5343,10,437,27207
202111,999,22500, ,Florence  SC ,557,557,101402,6,12,1112,3,9,725,12,135,12349,0,0,0,0,0,0,0,0,0,0,0,0
202111,999,22520, ,Florence-Muscle Shoals  AL ,255,255,31457,0,0,0,0,0,0,4,28,2321,81,81,10713,0,0,0,0,0,0,4,28,2321
202111,999,22540, ,Fond du Lac  WI ,52,52,15648,1,2,840,1,4,795,5,74,5868,26,26,8100,1,2,840,0,0,0,0,0,0
202111,999,22660,C,Fort Collins  CO ,2016,2016,652837,4,8,1243,0,0,0,40,1028,129852,2016,2016,652837,4,8,1243,0,0,0,40,1028,129852
202111,999,22900, ,Fort Smith  AR-OK ,346,346,58028,54,108,10757,5,16,1270,2,16,1500,282,282,48719,52,104,10390,1,4,250,2,16,1500
202111,999,23460, ,Gadsden  AL ,32,32,5564,0,0,0,0,0,0,0,0,0,0,0,0,0,0,0,0,0,0,0,0,0
202111,999,24220, ,Grand Forks  ND-MN ,146,146,38776,0,0,0,0,0,0,0,0,0,146,146,38776,0,0,0,0,0,0,0,0,0
202111,999,24260, ,Grand Island  NE ,92,92,21768,5,10,1493,0,0,0,4,34,4169,92,92,21768,5,10,1493,0,0,0,4,34,4169
202111,999,24300,C,Grand Junction  CO ,864,864,138872,5,10,802,5,15,1623,14,297,24995,864,864,138872,5,10,802,5,15,1623,14,297,24995
202111,999,24500,C,Great Falls  MT ,188,188,42630,7,14,3929,0,0,0,4,48,2400,188,188,42630,7,14,3929,0,0,0,4,48,2400
202111,999,25060, ,Gulfport-Biloxi  MS ,2173,2173,441858,6,12,1303,12,42,4234,28,267,15282,1123,1123,273869,1,2,257,1,3,320,15,168,6900
202111,999,25860, ,Hickory-Lenoir-Morganton  NC ,12,12,1806,2,4,720,0,0,0,14,87,4847,0,0,0,0,0,0,0,0,0,0,0,0
202111,999,25940, ,Hilton Head Island-Bluffton  SC ,1258,1258,417644,0,0,0,0,0,0,0,0,0,799,799,199257,0,0,0,0,0,0,0,0,0
202111,999,26140, ,Homosassa Springs  FL ,882,882,181190,9,18,491,0,0,0,11,55,4755,0,0,0,0,0,0,0,0,0,0,0,0
202111,999,26380, ,Houma-Thibodaux  LA ,462,462,103332,10,20,1556,3,9,785,0,0,0,298,298,59031,0,0,0,0,0,0,0,0,0
202111,999,27100, ,Jackson  MI ,10,10,2396,0,0,0,0,0,0,0,0,0,10,10,2396,0,0,0,0,0,0,0,0,0
202111,999,27340,C,Jacksonville  NC ,1448,1448,271225,6,12,2238,2,6,1199,4,24,1344,1448,1448,271225,6,12,2238,2,6,1199,4,24,1344
202111,999,27980,C,Kahului-Wailuku-Lahaina  HI ,351,351,180054,8,16,2296,4,13,39457,64,453,155993,351,351,180054,8,16,2296,4,13,39457,64,453,155993
202111,999,28660,C,Killeen-Temple  TX ,2173,2173,470358,244,488,41752,0,0,0,43,794,91531,1956,1956,424916,167,334,29331,0,0,0,43,794,91531
202111,999,29100, ,La Crosse-Onalaska  WI-MN ,195,195,68489,33,66,12969,0,0,0,11,293,30005,195,195,68489,33,66,12969,0,0,0,11,293,30005
202111,999,29420, ,Lake Havasu City-Kingman  AZ ,1408,1408,304239,32,64,6188,3,9,473,2,10,1679,1408,1408,304239,32,64,6188,3,9,473,2,10,1679
202111,999,29540, ,Lancaster  PA ,55,55,15515,5,10,1765,1,3,594,0,0,0,55,55,15515,5,10,1765,1,3,594,0,0,0
202111,999,29620, ,Lansing-East Lansing  MI ,115,115,41909,0,0,0,0,0,0,15,104,13098,71,71,34517,0,0,0,0,0,0,4,49,6845
202111,999,29700, ,Laredo  TX ,1354,1354,218787,21,42,3708,8,25,3153,13,137,8964,0,0,0,0,0,0,0,0,0,0,0,0
202111,999,30020, ,Lawton  OK ,46,46,11824,0,0,0,0,0,0,0,0,0,2,2,440,0,0,0,0,0,0,0,0,0
202111,999,30300, ,Lewiston  ID-WA ,0,0,0,0,0,0,0,0,0,0,0,0,0,0,0,0,0,0,0,0,0,0,0,0
202111,999,30860, ,Logan  UT-ID ,218,218,64665,0,0,0,0,0,0,8,109,11764,218,218,64665,0,0,0,0,0,0,8,109,11764
202111,999,30980, ,Longview  TX ,205,205,44200,6,12,1171,0,0,0,1,28,8400,205,205,44200,6,12,1171,0,0,0,1,28,8400
202111,999,31340, ,Lynchburg  VA ,195,195,44173,1,2,284,3,9,1810,10,126,7956,165,165,38042,0,0,0,0,0,0,2,40,5727
202111,999,31740, ,Manhattan  KS ,218,218,67905,2,4,910,0,0,0,0,0,0,71,71,20830,2,4,910,0,0,0,0,0,0
202111,999,33540,C,Missoula  MT ,413,413,84880,15,30,4936,4,14,1344,41,1304,166888,413,413,84880,15,30,4936,4,14,1344,41,1304,166888
202111,999,36100, ,Ocala  FL ,5267,5267,1084844,3,6,454,1,4,522,21,576,44650,5267,5267,1084844,3,6,454,1,4,522,21,576,44650
202111,999,36980, ,Owensboro  KY ,359,359,34464,0,0,0,0,0,0,0,0,0,350,350,32647,0,0,0,0,0,0,0,0,0
202111,999,37340, ,Palm Bay-Melbourne-Titusville  FL ,3795,3795,1225532,12,24,5968,0,0,0,18,667,83391,3795,3795,1225532,12,24,5968,0,0,0,18,667,83391
202111,999,37460, ,Panama City  FL ,1034,1034,392470,8,16,3826,0,0,0,16,336,47942,142,142,47420,3,6,1574,0,0,0,5,30,12734
202111,999,37900, ,Peoria  IL ,55,55,16068,0,0,0,0,0,0,0,0,0,52,52,15543,0,0,0,0,0,0,0,0,0
202111,999,38340, ,Pittsfield  MA ,7,7,3285,0,0,0,0,0,0,0,0,0,0,0,0,0,0,0,0,0,0,0,0,0
202111,999,38540, ,Pocatello  ID ,335,335,72417,6,12,1268,28,111,9614,0,0,0,137,137,22337,3,6,505,18,72,5570,0,0,0
202111,999,39150, ,Prescott Valley-Prescott  AZ ,1407,1407,453890,48,96,13032,1,4,504,10,268,38803,1407,1407,453890,48,96,13032,1,4,504,10,268,38803
202111,999,40060, ,Richmond  VA ,5540,5540,1207868,169,338,35586,15,49,6614,56,2894,218923,5205,5205,1160020,169,338,35586,15,49,6614,42,2775,207965
202111,999,41100, ,St. George  UT ,2276,2276,455958,0,0,0,0,0,0,5,78,8557,2212,2212,443458,0,0,0,0,0,0,5,78,8557
202111,999,41500, ,Salinas  CA ,188,188,40169,2,4,455,0,0,0,7,156,20114,59,59,4576,2,4,455,0,0,0,5,130,16911
202111,999,41660,C,San Angelo  TX ,313,313,67513,0,0,0,0,0,0,0,0,0,313,313,67513,0,0,0,0,0,0,0,0,0
202111,999,41740,C,San Diego-Chula Vista-Carlsbad  CA ,2967,2967,830723,51,102,17081,77,270,56929,186,5028,895738,2852,2852,791921,50,100,16381,76,267,54304,182,4917,885462
202111,999,42020, ,San Luis Obispo-Paso Robles  CA ,206,206,89618,0,0,0,1,3,117,0,0,0,0,0,0,0,0,0,0,0,0,0,0,0
202111,999,42200, ,Santa Maria-Santa Barbara  CA ,123,123,62633,3,6,1680,0,0,0,3,48,4511,123,123,62633,3,6,1680,0,0,0,3,48,4511
202111,999,42540, ,Scranton--Wilkes-Barre  PA ,53,53,11654,1,2,113,0,0,0,1,19,2061,45,45,9640,1,2,113,0,0,0,1,19,2061
202111,999,43100, ,Sheboygan  WI ,16,16,6741,0,0,0,0,0,0,0,0,0,4,4,1751,0,0,0,0,0,0,0,0,0
202111,999,43420, ,Sierra Vista-Douglas  AZ ,366,366,46260,0,0,0,0,0,0,0,0,0,357,357,45458,0,0,0,0,0,0,0,0,0
202111,999,43580, ,Sioux City  IA-NE-SD ,139,139,40716,0,0,0,9,27,500,0,0,0,15,15,5431,0,0,0,1,3,500,0,0,0
202111,999,43620, ,Sioux Falls  SD ,1730,1730,391191,18,36,5270,32,122,19637,107,1838,211681,1723,1723,390274,18,36,5270,32,122,19637,107,1838,211681
202111,999,44140, ,Springfield  MA ,20,20,6279,0,0,0,0,0,0,0,0,0,6,6,2886,0,0,0,0,0,0,0,0,0
202111,999,44180, ,Springfield  MO ,668,668,215163,4,8,1395,1,4,720,26,813,41183,668,668,215163,4,8,1395,1,4,720,26,813,41183
202111,999,44940, ,Sumter  SC ,329,329,51918,1,2,180,0,0,410,0,0,0,329,329,51918,1,2,180,0,0,410,0,0,0
202111,999,45220, ,Tallahassee  FL ,1269,1269,244331,9,18,1994,0,0,0,42,1175,150378,437,437,80099,0,0,0,0,0,0,0,0,0
202111,999,45300,C,Tampa-St. Petersburg-Clearwater  FL ,17950,17950,4646832,29,58,10490,8,30,29287,171,4810,695717,17854,17854,4628023,24,48,9090,8,30,29287,152,4715,672733
202111,999,45460, ,Terre Haute  IN ,33,33,6585,11,22,2605,0,0,0,0,0,0,12,12,2115,3,6,1006,0,0,0,0,0,0
202111,999,45500, ,Texarkana  TX-AR ,30,30,7109,0,0,0,0,0,0,0,0,0,0,0,0,0,0,0,0,0,0,0,0,0
202111,999,45820, ,Topeka  KS ,293,293,79236,0,0,0,3,9,900,5,289,35924,291,291,78908,0,0,0,3,9,900,5,289,35924
202111,999,46220, ,Tuscaloosa  AL ,532,532,146468,3,6,1425,27,97,7475,14,554,91022,166,166,53292,0,0,0,0,0,0,0,0,0
202111,999,46300, ,Twin Falls  ID ,697,697,147074,15,30,5376,17,68,7368,2,68,7638,697,697,147074,15,30,5376,17,68,7368,2,68,7638
202111,999,46520,C,Urban Honolulu  HI ,888,888,331001,19,38,7392,0,0,0,10,410,103492,888,888,331001,19,38,7392,0,0,0,10,410,103492
202111,999,46540, ,Utica-Rome  NY ,16,16,2512,0,0,0,1,4,210,0,0,0,8,8,855,0,0,0,1,4,210,0,0,0
202111,999,46660, ,Valdosta  GA ,1210,1210,227186,8,16,1060,0,0,0,0,0,0,551,551,116122,0,0,0,0,0,0,0,0,0
202111,999,47300, ,Visalia  CA ,1116,1116,284838,17,34,2580,4,16,1901,8,156,26689,1116,1116,284838,17,34,2580,4,16,1901,8,156,26689
202111,999,47380, ,Waco  TX ,596,596,50041,30,60,5034,0,0,0,2,14,1319,596,596,50041,30,60,5034,0,0,0,2,14,1319
202111,999,47940, ,Waterloo-Cedar Falls  IA ,88,88,27951,0,0,0,0,0,0,0,0,0,88,88,27951,0,0,0,0,0,0,0,0,0
202111,999,48060, ,Watertown-Fort Drum  NY ,149,149,29363,0,0,0,0,0,0,0,0,0,10,10,2220,0,0,0,0,0,0,0,0,0
202111,999,48300, ,Wenatchee  WA ,628,628,153100,5,10,1988,0,0,0,8,89,11449,319,319,94900,4,8,1588,0,0,0,8,89,11449
202111,999,48540, ,Wheeling  WV-OH ,3,3,1071,0,0,0,0,0,0,2,84,12691,3,3,1071,0,0,0,0,0,0,2,84,12691
202111,999,48660, ,Wichita Falls  TX ,14,14,1603,1,2,85,0,0,0,0,0,0,13,13,1385,1,2,85,0,0,0,0,0,0
202111,999,48900, ,Wilmington  NC ,1460,1460,497973,35,70,14697,3,12,5687,41,1397,183663,0,0,0,0,0,0,0,0,0,0,0,0
202111,999,49420, ,Yakima  WA ,535,535,138536,21,42,6387,9,35,4254,13,238,19991,535,535,138536,21,42,6387,9,35,4254,13,238,19991
202111,999,49740, ,Yuma  AZ ,988,988,176051,1,2,202,1,3,188,20,190,9774,988,988,176051,1,2,202,1,3,188,20,190,9774
