Survey,CSA,CBSA,MONCOV,CBSA,,1-unit,,,2-units,,,3-4 units,,,5+ units,,,1-unit rep,,,2-units rep,,,3-4 units rep,,,5+ units rep
Date,Code,Code,,Name,Bldgs,Units,Value,Bldgs,Units,Value,Bldgs,Units,Value,Bldgs,Units,Value,Bldgs,Units,Value,Bldgs,Units,Value,      Bldgs,Units,Value,Bldgs,Units,Value
 
202209,104,10580,C,Albany-Schenectady-Troy  NY ,1022,1022,326454,35,70,16150,9,35,5628,55,941,166425,632,632,196926,4,8,580,8,32,5388,20,592,129599
202209,104,24020,C,Glens Falls  NY ,194,194,55752,3,6,1208,3,11,1439,4,22,2855,116,116,36983,3,6,1208,3,11,1439,4,22,2855
202209,106,10740,C,Albuquerque  NM ,1665,1665,429706,0,0,0,1,4,400,20,982,94760,1556,1556,402219,0,0,0,1,4,400,7,898,91260
202209,106,42140,C,Santa Fe  NM ,147,147,63182,7,14,2062,0,0,0,15,263,23872,0,0,0,0,0,0,0,0,0,0,0,0
202209,107,11020,C,Altoona  PA ,70,70,17789,0,0,0,0,0,0,6,52,7654,31,31,8453,0,0,0,0,0,0,6,52,7654
202209,108,11100,C,Amarillo  TX ,624,624,156382,21,42,5434,1,4,601,2,72,9186,613,613,153144,21,42,5434,1,4,601,2,72,9186
202209,118,11540,C,Appleton  WI ,408,408,157072,47,94,17155,0,0,0,23,297,35346,339,339,132591,47,94,17155,0,0,0,9,183,24967
202209,118,36780,C,Oshkosh-Neenah  WI ,243,243,95893,13,26,5374,0,0,0,6,46,4600,225,225,89654,13,26,5374,0,0,0,6,46,4600
202209,120,11700,C,Asheville  NC ,2179,2179,785190,2,4,343,0,0,0,32,550,66379,394,394,145430,0,0,0,0,0,0,0,0,0
202209,122,12020,C,Athens-Clarke County  GA ,640,640,198309,8,16,2839,3,12,1396,35,846,94267,336,336,120049,8,16,2839,3,12,1396,35,846,94267
202209,122,12060,C,Atlanta-Sandy Springs-Alpharetta  GA ,21743,21743,5211957,47,94,16801,65,237,36081,354,14500,1823638,18137,18137,4353366,47,94,16801,64,234,35124,310,13291,1657929
202209,122,23580,C,Gainesville  GA ,1016,1016,244752,1,2,198,12,44,4390,25,641,112681,261,261,66852,1,2,198,12,44,4390,25,641,112681
202209,122,40660,C,Rome  GA ,230,230,41851,0,0,0,0,0,0,0,0,0,230,230,41851,0,0,0,0,0,0,0,0,0
202209,140,13460,C,Bend  OR ,947,947,353260,43,86,16641,15,47,7513,28,401,53720,947,947,353260,43,86,16641,15,47,7513,28,401,53720
202209,142,13820,C,Birmingham-Hoover  AL ,2471,2471,806829,33,66,11333,12,46,6912,29,992,185049,2019,2019,671253,32,64,11110,12,46,6912,29,992,185049
202209,144,14020,C,Bloomington  IN ,254,254,73492,3,6,852,1,3,433,17,604,68956,48,48,11220,0,0,0,0,0,0,0,0,0
202209,145,14010,C,Bloomington  IL ,203,203,54747,4,8,584,0,0,0,1,54,7800,119,119,33046,0,0,0,0,0,0,1,54,7800
202209,146,14100,C,Bloomsburg-Berwick  PA ,72,72,20660,0,0,0,0,0,0,6,32,2903,9,9,2018,0,0,0,0,0,0,0,0,0
202209,147,14260,C,Boise City  ID ,5261,5261,1385831,35,70,13161,92,366,38975,168,3122,510385,4821,4821,1222284,35,70,13161,91,362,37925,165,3040,497546
202209,148,12700,C,Barnstable Town  MA ,450,450,261138,17,24,45586,3,9,2200,0,0,0,281,281,163374,17,24,45586,3,9,2200,0,0,0
202209,148,14460,C,Boston-Cambridge-Newton  MA-NH ,3051,3051,1192824,167,334,82473,96,320,76189,354,7520,1632067,1451,1451,667579,112,224,54863,73,246,60753,95,4880,1258011
202209,148,31700,C,Manchester-Nashua  NH ,488,488,152403,14,28,5689,5,15,2693,3,154,15335,202,202,74170,8,16,3107,0,0,0,3,154,15335
202209,148,39300,C,Providence-Warwick  RI-MA ,1261,1261,343736,93,186,27721,17,59,8776,18,262,34820,651,651,197167,78,156,21466,17,59,8776,7,205,28991
202209,148,49340,C,Worcester  MA-CT ,890,890,250072,40,80,16240,1,3,465,36,1012,165253,479,479,132531,29,58,12371,1,3,465,11,669,122263
202209,150,14540,C,Bowling Green  KY ,678,678,169827,4,8,834,8,31,2795,65,598,54717,675,675,169377,4,8,834,7,28,2570,65,598,54717
202209,154,15180,C,Brownsville-Harlingen  TX ,1466,1466,169516,49,98,8626,20,66,8415,20,221,19681,215,215,52010,17,34,2825,0,0,0,0,0,0
202209,160,15380,C,Buffalo-Cheektowaga  NY ,793,793,292773,12,24,4610,9,33,7617,23,250,49120,680,680,267129,11,22,4310,8,30,7404,8,55,9344
202209,162,15540,C,Burlington-South Burlington  VT ,333,333,106089,13,26,5328,1,3,145,26,381,56668,165,165,51226,6,12,3230,0,0,0,6,231,37718
202209,163,15980,C,Cape Coral-Fort Myers  FL ,7885,7885,1842571,93,186,25179,29,113,14719,116,2616,333542,7868,7868,1821633,93,186,25179,29,113,14719,116,2616,333542
202209,163,34940,C,Naples-Marco Island  FL ,2738,2738,1208779,13,26,4704,33,130,29718,40,1092,182298,2629,2629,913302,13,26,4704,33,130,29718,37,991,131576
202209,164,16020,C,Cape Girardeau  MO-IL ,99,99,28751,3,6,1279,2,6,150,3,15,1732,0,0,0,0,0,0,0,0,0,0,0,0
202209,168,16300,C,Cedar Rapids  IA ,329,329,91810,21,42,7769,0,0,0,9,322,31666,309,309,86010,17,34,6227,0,0,0,9,322,31666
202209,168,26980,C,Iowa City  IA ,397,397,130854,37,74,17327,15,59,11918,12,754,132823,361,361,123481,35,70,16725,15,59,11918,12,754,132823
202209,170,16620,C,Charleston  WV ,131,131,19701,1,2,334,1,4,150,0,0,0,94,94,14996,1,2,334,1,4,150,0,0,0
202209,170,26580,C,Huntington-Ashland  WV-KY-OH ,193,193,39007,3,6,300,2,6,280,0,0,0,6,6,1547,3,6,300,2,6,280,0,0,0
202209,172,16740,C,Charlotte-Concord-Gastonia  NC-SC ,15496,15496,4229795,23,46,7585,12,47,6026,142,6005,745901,13538,13538,3637079,23,46,7585,12,47,6026,125,5645,699986
202209,174,16860,C,Chattanooga  TN-GA ,1746,1746,409154,72,144,10735,21,72,9421,29,491,49072,1242,1242,294910,35,70,5412,10,35,4033,0,0,0
202209,174,17420,C,Cleveland  TN ,632,632,161809,3,6,766,28,101,15224,2,14,923,221,221,59006,0,0,0,0,0,0,0,0,0
202209,174,19140,C,Dalton  GA ,288,288,48948,15,30,2005,3,12,1760,6,30,1610,282,282,47537,15,30,2005,3,12,1760,6,30,1610
202209,176,16980,C,Chicago-Naperville-Elgin  IL-IN-WI ,6822,6822,2190805,106,212,42039,175,565,114192,193,5420,789882,5951,5951,1920249,102,204,40644,164,529,108606,140,5016,727097
202209,176,28100,C,Kankakee  IL ,93,93,24637,0,0,0,0,0,0,0,0,0,75,75,18927,0,0,0,0,0,0,0,0,0
202209,176,33140,C,Michigan City-La Porte  IN ,95,95,29104,0,0,0,1,3,250,4,195,24700,0,0,0,0,0,0,0,0,0,0,0,0
202209,178,17140,C,Cincinnati  OH-KY-IN ,3307,3307,1065246,110,220,32895,37,128,15754,61,1120,124723,2892,2892,967026,110,220,32895,37,128,15754,53,956,112294
202209,184,10420,C,Akron  OH ,539,539,188734,0,0,0,23,82,15448,59,334,36239,452,452,155834,0,0,0,17,64,8135,45,242,31683
202209,184,15940,C,Canton-Massillon  OH ,402,402,112545,16,32,5930,15,49,5306,15,93,7081,358,358,106636,16,32,5930,8,28,4230,3,20,1474
202209,184,17460,C,Cleveland-Elyria  OH ,2214,2214,706704,13,26,2642,26,95,11294,22,273,44982,1929,1929,634726,5,10,2415,21,80,10257,21,268,41023
202209,190,17860,C,Columbia  MO ,518,518,177655,2,4,396,0,0,0,7,70,9563,507,507,175320,2,4,396,0,0,0,7,70,9563
202209,192,17900,C,Columbia  SC ,3714,3714,839797,6,12,3475,47,175,25467,44,1125,165957,1104,1104,227978,6,12,3475,47,175,25467,36,1069,154580
202209,194,12220,C,Auburn-Opelika  AL ,951,951,259097,8,16,2510,2,7,645,18,979,160218,216,216,64153,0,0,0,0,0,0,0,0,0
202209,194,17980,C,Columbus  GA-AL ,540,540,144202,14,28,4795,0,0,0,17,470,108710,520,520,140016,14,28,4795,0,0,0,17,470,108710
202209,198,18140,C,Columbus  OH ,4567,4567,1605282,37,74,12642,17,60,8202,257,4482,447230,3632,3632,1304323,27,54,8486,14,51,6198,230,4256,433606
202209,204,18580,C,Corpus Christi  TX ,1464,1464,360111,0,0,0,1,3,300,9,207,15384,991,991,244068,0,0,0,0,0,0,0,0,0
202209,206,19100,C,Dallas-Fort Worth-Arlington  TX ,36445,36445,9874008,281,562,72529,142,535,69866,485,22974,2918578,29142,29142,7957895,255,510,65358,88,336,46855,441,22278,2834253
202209,206,43300,C,Sherman-Denison  TX ,1174,1174,232391,18,36,4072,0,0,0,18,489,59416,919,919,187445,11,22,2861,0,0,0,9,396,50458
202209,209,19340,C,Davenport-Moline-Rock Island  IA-IL ,365,365,93241,8,16,3050,23,82,15246,5,25,2761,252,252,70534,6,12,2400,21,76,14747,0,0,0
202209,212,19430,C,Dayton-Kettering  OH ,1004,1004,376108,2,4,507,13,44,7130,37,848,94191,644,644,252030,0,0,0,11,38,6533,28,585,62287
202209,212,44220,C,Springfield  OH ,95,95,33269,0,0,0,13,51,5303,3,20,1652,95,95,33269,0,0,0,13,51,5303,3,20,1652
202209,216,14500,C,Boulder  CO ,397,397,217446,10,20,8655,15,50,26964,35,519,113123,362,362,185066,9,18,7532,13,44,25409,23,312,60747
202209,216,19740,C,Denver-Aurora-Lakewood  CO ,8586,8586,2616163,180,360,73173,47,172,37976,205,10565,1596108,8363,8363,2517550,178,356,72114,47,172,37976,192,10043,1518500
202209,216,24540,C,Greeley  CO ,2778,2778,812876,33,66,8995,16,56,11395,96,2089,293419,1739,1739,525700,20,40,4696,8,31,7183,85,1902,265744
202209,218,11180,C,Ames  IA ,215,215,59600,1,2,482,6,20,2705,2,16,2099,147,147,42776,1,2,482,6,20,2705,2,16,2099
202209,218,19780,C,Des Moines-West Des Moines  IA ,3070,3070,968813,26,52,12211,13,45,10541,40,1485,243266,2830,2830,881431,24,48,11630,7,27,6763,31,1426,236155
202209,220,11460,C,Ann Arbor  MI ,458,458,153339,3,6,1611,3,9,1458,2,13,685,332,332,121191,3,6,1611,1,3,700,1,8,135
202209,220,19820,C,Detroit-Warren-Dearborn  MI ,4020,4020,1371463,20,40,8554,60,222,41603,102,2444,553985,3193,3193,1113443,20,40,8554,46,174,37499,94,2404,547262
202209,220,22420,C,Flint  MI ,266,266,72611,1,2,292,17,54,2435,0,0,0,175,175,50431,1,2,292,15,48,1099,0,0,0
202209,220,33780,C,Monroe  MI ,166,166,43152,0,0,0,1,4,500,8,49,3152,92,92,25305,0,0,0,1,4,500,8,49,3152
202209,222,20020,C,Dothan  AL ,340,340,96866,5,10,866,1,4,479,0,0,0,190,190,63983,5,10,866,1,4,479,0,0,0
202209,232,20740,C,Eau Claire  WI ,294,294,104713,56,112,22224,3,12,2193,19,349,46481,224,224,83756,23,46,9564,3,12,2193,7,75,11280
202209,236,21300,C,Elmira  NY ,20,20,4188,0,0,0,0,0,0,4,32,3586,3,3,600,0,0,0,0,0,0,0,0,0
202209,238,21340,C,El Paso  TX ,2030,2030,478045,48,96,12187,7,21,2765,20,169,19965,261,261,65312,0,0,0,0,0,0,0,0,0
202209,238,29740,C,Las Cruces  NM ,880,880,220337,3,6,1065,4,16,2360,0,0,0,596,596,141116,3,6,1065,4,16,2360,0,0,0
202209,240,21500,C,Erie  PA ,137,137,43854,4,8,1005,0,0,0,5,30,2152,89,89,33041,4,8,1005,0,0,0,5,30,2152
202209,244,22020,C,Fargo  ND-MN ,987,987,327124,2,4,370,0,0,0,14,741,87254,974,974,322372,2,4,370,0,0,0,14,741,87254
202209,246,22180,C,Fayetteville  NC ,1755,1755,350924,1,2,340,1,4,531,16,338,32727,949,949,236578,1,2,340,1,4,531,14,328,31347
202209,258,23060,C,Fort Wayne  IN ,1122,1122,343127,26,52,6347,0,0,0,12,552,61946,66,66,23258,2,4,1029,0,0,0,0,0,0
202209,260,23420,C,Fresno  CA ,2482,2482,757826,6,12,3050,14,48,8928,66,587,77359,2327,2327,698582,6,12,3050,14,48,8928,51,444,50471
202209,260,25260,C,Hanford-Corcoran  CA ,361,361,109439,1,2,360,0,0,0,0,0,0,288,288,92680,0,0,0,0,0,0,0,0,0
202209,260,31460,C,Madera  CA ,704,704,172325,0,0,0,0,0,0,4,64,7033,704,704,172325,0,0,0,0,0,0,4,64,7033
202209,264,23540,C,Gainesville  FL ,1160,1160,266536,5,10,1424,0,0,0,14,1033,41989,118,118,33764,0,0,0,0,0,0,2,40,8178
202209,266,24340,C,Grand Rapids-Kentwood  MI ,1897,1897,613688,38,76,14474,27,94,15127,63,757,100572,1437,1437,441567,12,24,4197,13,45,5690,44,583,81422
202209,266,34740,C,Muskegon  MI ,243,243,65713,4,8,1151,0,0,0,9,217,15624,172,172,49549,0,0,0,0,0,0,9,217,15624
202209,267,24580,C,Green Bay  WI ,559,559,214138,11,22,5835,0,0,0,18,210,24107,433,433,174066,8,16,4435,0,0,0,9,140,19297
202209,268,15500,C,Burlington  NC ,1443,1443,222059,1,2,180,2,8,1371,10,138,52915,1443,1443,222059,1,2,180,2,8,1371,10,138,52915
202209,268,24660,C,Greensboro-High Point  NC ,1899,1899,511689,9,18,4250,0,0,0,27,681,96959,1119,1119,263725,6,12,3742,0,0,0,27,681,96959
202209,268,49180,C,Winston-Salem  NC ,2948,2948,750706,1,2,230,1,3,276,8,44,1735,1970,1970,474405,0,0,0,0,0,0,0,0,0
202209,272,24780,C,Greenville  NC ,550,550,128116,16,32,5033,0,0,0,8,192,23405,263,263,61781,16,32,5033,0,0,0,8,192,23405
202209,273,24860,C,Greenville-Anderson  SC ,5054,5054,1378474,48,96,10339,26,90,10147,73,1085,140581,4608,4608,1261674,48,96,10339,26,90,10147,70,1025,135481
202209,273,43900,C,Spartanburg  SC ,2331,2331,392252,0,0,0,0,0,0,7,118,14154,2301,2301,385159,0,0,0,0,0,0,7,118,14154
202209,276,23900,C,Gettysburg  PA ,318,318,104977,0,0,0,0,0,0,0,0,0,318,318,104977,0,0,0,0,0,0,0,0,0
202209,276,25420,C,Harrisburg-Carlisle  PA ,1204,1204,297462,2,4,617,5,17,1660,28,706,85468,823,823,195779,1,2,281,2,6,792,18,536,73359
202209,276,30140,C,Lebanon  PA ,166,166,33776,0,0,0,0,0,0,11,60,9793,16,16,4313,0,0,0,0,0,0,0,0,0
202209,276,49620,C,York-Hanover  PA ,760,760,188316,2,4,682,0,0,0,13,168,12229,521,521,142539,0,0,0,0,0,0,2,54,3134
202209,277,25500,C,Harrisonburg  VA ,577,577,133303,0,0,0,2,8,2750,3,15,1890,577,577,133303,0,0,0,2,8,2750,3,15,1890
202209,277,44420,C,Staunton  VA ,330,330,84700,2,4,410,0,0,0,2,57,5000,330,330,84700,2,4,410,0,0,0,2,57,5000
202209,278,25540,C,Hartford-East Hartford-Middletown  CT ,519,519,143362,44,88,5675,1,3,400,48,366,30184,291,291,84628,38,76,4334,0,0,0,3,18,1250
202209,278,35980,C,Norwich-New London  CT ,317,317,83630,4,8,1011,1,4,450,2,34,5608,214,214,56168,3,6,817,1,4,450,2,34,5608
202209,279,25620,C,Hattiesburg  MS ,142,142,23526,0,0,0,3,9,375,1,5,400,0,0,0,0,0,0,0,0,0,0,0,0
202209,284,26300,C,Hot Springs  AR ,49,49,12649,16,32,3840,0,0,0,0,0,0,49,49,12649,16,32,3840,0,0,0,0,0,0
202209,288,26420,C,Houston-The Woodlands-Sugar Land  TX ,39590,39590,9745542,292,584,75444,3,12,1110,678,20474,2271980,37498,37498,9203714,259,518,66967,3,12,1110,651,20263,2253700
202209,290,19460,C,Decatur  AL ,230,230,62353,0,0,0,0,0,0,0,0,0,220,220,60662,0,0,0,0,0,0,0,0,0
202209,290,26620,C,Huntsville  AL ,3033,3033,614176,0,0,0,0,0,0,9,331,42095,1678,1678,283224,0,0,0,0,0,0,9,331,42095
202209,292,26820,C,Idaho Falls  ID ,1049,1049,205947,2,4,264,29,114,14390,5,72,8133,1027,1027,199635,2,4,264,27,108,13490,5,72,8133
202209,294,18020,C,Columbus  IN ,195,195,59353,0,0,0,0,0,0,0,0,0,195,195,59353,0,0,0,0,0,0,0,0,0
202209,294,26900,C,Indianapolis-Carmel-Anderson  IN ,7539,7539,2532597,70,140,24462,20,70,8365,94,3594,430702,6536,6536,2301285,57,114,19809,20,70,8365,84,3385,408907
202209,294,34620,C,Muncie  IN ,184,184,28045,0,0,0,0,0,0,2,10,1191,155,155,19966,0,0,0,0,0,0,0,0,0
202209,296,27060,C,Ithaca  NY ,154,154,49520,2,4,620,0,0,0,9,47,3217,115,115,37853,1,2,300,0,0,0,0,0,0
202209,297,27180,C,Jackson  TN ,383,383,90453,1,2,160,0,0,0,0,0,0,85,85,23838,1,2,160,0,0,0,0,0,0
202209,298,27140,C,Jackson  MS ,1031,1031,279993,1,2,247,1,3,131,0,0,0,761,761,202725,0,0,0,0,0,0,0,0,0
202209,300,27260,C,Jacksonville  FL ,11395,11395,2751907,28,56,7482,11,35,8403,158,7184,955380,11323,11323,2721441,27,54,7182,11,35,8403,157,7156,925380
202209,304,27740,C,Johnson City  TN ,639,639,163291,3,6,1152,0,0,0,19,153,15759,503,503,144019,3,6,1152,0,0,0,19,153,15759
202209,304,28700,C,Kingsport-Bristol  TN-VA ,631,631,148257,12,24,4420,10,36,4897,5,55,3632,485,485,129014,12,24,4420,8,30,4205,1,10,1000
202209,306,27780,C,Johnstown  PA ,50,50,12383,0,0,0,0,0,0,0,0,0,0,0,0,0,0,0,0,0,0,0,0,0
202209,308,27860,C,Jonesboro  AR ,569,569,89343,37,74,5254,50,167,8905,16,99,5283,143,143,24871,2,4,337,9,31,1916,2,12,350
202209,309,27900,C,Joplin  MO ,412,412,81552,54,108,15165,3,10,1033,22,400,57338,291,291,60762,45,90,14480,2,7,894,14,322,50414
202209,310,12980,C,Battle Creek  MI ,51,51,9870,1,2,440,0,0,0,0,0,0,6,6,1573,0,0,0,0,0,0,0,0,0
202209,310,28020,C,Kalamazoo-Portage  MI ,282,282,95596,8,16,3654,13,51,5857,7,40,5279,162,162,39218,3,6,1199,13,51,5857,7,40,5279
202209,312,28140,C,Kansas City  MO-KS ,4404,4404,1451480,98,196,35425,77,280,55795,113,4536,639900,3613,3613,1137428,68,136,17632,70,259,52510,101,4050,564722
202209,312,29940,C,Lawrence  KS ,129,129,51047,3,6,589,0,0,0,8,158,19378,75,75,28918,0,0,0,0,0,0,8,158,19378
202209,312,41140,C,St. Joseph  MO-KS ,59,59,13239,5,10,1180,0,0,0,0,0,0,21,21,5032,3,6,730,0,0,0,0,0,0
202209,313,28420,C,Kennewick-Richland  WA ,1083,1083,367323,16,32,6448,25,98,17341,14,429,56275,382,382,143709,5,10,2003,22,88,14918,7,228,33910
202209,313,47460,C,Walla Walla  WA ,87,87,27939,15,30,6220,0,0,0,0,0,0,72,72,24756,15,30,6220,0,0,0,0,0,0
202209,315,28940,C,Knoxville  TN ,3267,3267,869077,10,20,3242,2,6,705,42,925,107311,2252,2252,643457,10,20,3242,0,0,0,22,642,85095
202209,315,34100,C,Morristown  TN ,675,675,154289,15,30,2022,20,64,9701,0,0,0,203,203,38132,12,24,1662,18,57,8921,0,0,0
202209,316,29020,C,Kokomo  IN ,93,93,27817,0,0,0,0,0,0,0,0,0,79,79,23539,0,0,0,0,0,0,0,0,0
202209,318,29180,C,Lafayette  LA ,1679,1679,404260,0,0,0,0,0,0,2,20,4025,1227,1227,305001,0,0,0,0,0,0,2,20,4025
202209,320,29200,C,Lafayette-West Lafayette  IN ,412,412,125337,1,2,210,1,3,230,14,635,92522,32,32,11344,0,0,0,0,0,0,1,235,47678
202209,324,29340,C,Lake Charles  LA ,671,671,134365,17,34,3063,0,0,0,12,232,27917,327,327,60993,12,24,2580,0,0,0,12,232,27917
202209,332,29820,C,Las Vegas-Henderson-Paradise  NV ,7932,7932,2210976,44,88,15946,41,158,19031,148,2857,303180,7912,7912,2202902,44,88,15946,41,158,19031,148,2857,303180
202209,336,30460,C,Lexington-Fayette  KY ,1061,1061,280877,11,22,2658,17,54,7463,28,849,82013,413,413,135705,9,18,2220,8,26,3360,0,0,0
202209,338,30620,C,Lima  OH ,96,96,22726,1,2,80,0,0,0,1,7,818,24,24,7260,0,0,0,0,0,0,0,0,0
202209,339,30700,C,Lincoln  NE ,986,986,312197,19,38,6385,3,11,1117,53,1891,173989,93,93,23931,5,10,1790,1,4,845,2,24,2824
202209,340,30780,C,Little Rock-North Little Rock-Conway  AR ,1544,1544,403167,24,48,5265,1,3,226,27,1176,81544,1419,1419,387473,20,40,4498,1,3,226,27,1176,81544
202209,340,38220,C,Pine Bluff  AR ,32,32,4522,0,0,0,0,0,0,2,24,550,15,15,2068,0,0,0,0,0,0,0,0,0
202209,348,31080,C,Los Angeles-Long Beach-Anaheim  CA ,8639,8639,2409646,653,1306,300259,103,335,92159,452,14367,2562807,6580,6580,1826226,607,1214,278987,81,266,79440,350,12495,2258634
202209,348,37100,C,Oxnard-Thousand Oaks-Ventura  CA ,434,434,137257,10,20,4380,10,39,8510,28,588,73338,223,223,74321,10,20,4380,10,39,8510,26,519,66161
202209,348,40140,C,Riverside-San Bernardino-Ontario  CA ,10333,10333,2912531,55,110,7978,60,207,38408,171,2181,287005,8427,8427,2284812,54,108,7447,45,162,30264,135,1888,254038
202209,350,21060,C,Elizabethtown-Fort Knox  KY ,418,418,105225,32,64,9285,4,15,1362,13,248,31900,418,418,105225,32,64,9285,4,15,1362,13,248,31900
202209,350,31140,C,Louisville-Jefferson County  KY-IN ,2821,2821,802138,28,56,10928,0,0,0,18,363,31878,1666,1666,540896,16,32,7025,0,0,0,4,74,8110
202209,352,31180,C,Lubbock  TX ,1987,1987,489498,104,208,29223,7,28,4051,55,680,56759,1739,1739,421632,97,194,26781,0,0,0,55,680,56759
202209,356,31420,C,Macon-Bibb County  GA ,541,541,137040,0,0,0,0,0,0,0,0,0,403,403,113854,0,0,0,0,0,0,0,0,0
202209,356,47580,C,Warner Robins  GA ,1245,1245,262253,0,0,0,0,0,0,36,1050,93217,1036,1036,213186,0,0,0,0,0,0,36,1050,93217
202209,357,27500,C,Janesville-Beloit  WI ,265,265,69484,13,26,5220,0,0,0,4,114,40907,150,150,41570,13,26,5220,0,0,0,1,76,36000
202209,357,31540,C,Madison  WI ,1228,1228,515651,62,124,31277,7,27,5884,51,2675,456207,946,946,423630,39,78,19643,7,27,5884,39,2356,404837
202209,359,31860,C,Mankato  MN ,169,169,52993,11,22,2330,3,9,2394,14,230,30978,35,35,13657,9,18,1320,0,0,0,0,0,0
202209,360,31900,C,Mansfield  OH ,101,101,31679,5,10,1319,16,57,7199,5,63,7983,96,96,29616,5,10,1319,16,57,7199,5,63,7983
202209,365,32580,C,McAllen-Edinburg-Mission  TX ,3395,3395,743425,114,228,19672,184,729,48825,30,409,33413,2429,2429,567033,19,38,3527,183,726,48685,29,393,33013
202209,366,24420,C,Grants Pass  OR ,192,192,43611,13,26,4253,0,0,0,0,0,0,74,74,19500,13,26,4253,0,0,0,0,0,0
202209,366,32780,C,Medford  OR ,517,517,147587,7,14,2549,8,31,2984,11,176,26051,450,450,132535,6,12,2211,3,11,1704,5,98,13766
202209,368,32820,C,Memphis  TN-MS-AR ,3024,3024,727528,1,2,650,0,0,0,14,816,94645,2651,2651,650589,1,2,650,0,0,0,12,806,93428
202209,370,33100,C,Miami-Fort Lauderdale-Pompano Beach  FL ,5580,5580,2669209,112,224,41915,28,102,18936,249,10184,1735614,4846,4846,2315092,112,224,41915,25,93,16392,147,8507,1477908
202209,370,38940,C,Port St. Lucie  FL ,4066,4066,1081184,115,230,31270,35,111,11710,125,2245,321823,3875,3875,1024963,110,220,29595,35,111,11710,119,2178,312195
202209,370,42680,C,Sebastian-Vero Beach  FL ,888,888,415224,10,20,3184,4,12,808,0,0,0,156,156,43245,1,2,324,0,0,0,0,0,0
202209,372,33260,C,Midland  TX ,455,455,103823,0,0,0,0,0,0,0,0,0,455,455,103823,0,0,0,0,0,0,0,0,0
202209,372,36220,C,Odessa  TX ,808,808,202089,1,2,224,0,0,0,3,15,1798,0,0,0,0,0,0,0,0,0,0,0,0
202209,376,33340,C,Milwaukee-Waukesha  WI ,1274,1274,580293,105,210,51656,0,0,0,44,1108,197584,928,928,418188,97,194,47312,0,0,0,34,1007,185582
202209,376,39540,C,Racine  WI ,110,110,45067,8,16,3305,0,0,0,0,0,0,101,101,42362,8,16,3305,0,0,0,0,0,0
202209,378,33460,C,Minneapolis-St. Paul-Bloomington  MN-WI ,7602,7602,2628363,66,132,25652,44,163,40255,213,12322,2225781,7055,7055,2428525,65,130,25252,42,157,38970,157,10679,1966548
202209,378,41060,C,St. Cloud  MN ,365,365,108935,6,12,1632,0,0,0,0,0,0,202,202,67539,0,0,0,0,0,0,0,0,0
202209,380,19300,C,Daphne-Fairhope-Foley  AL ,2525,2525,742934,14,28,4914,0,0,0,1,12,953,2397,2397,721353,14,28,4914,0,0,0,1,12,953
202209,380,33660,C,Mobile  AL ,595,595,145393,0,0,0,3,12,1365,0,0,0,550,550,138551,0,0,0,3,12,1365,0,0,0
202209,384,33740,C,Monroe  LA ,327,327,75523,19,38,4480,10,35,5502,17,108,12864,64,64,15216,15,30,4184,0,0,0,0,0,0
202209,388,33860,C,Montgomery  AL ,661,661,169379,0,0,0,0,0,0,0,0,0,433,433,124710,0,0,0,0,0,0,0,0,0
202209,390,34060,C,Morgantown  WV ,10,10,1351,0,0,0,0,0,0,0,0,0,1,1,75,0,0,0,0,0,0,0,0,0
202209,396,34820,C,Myrtle Beach-Conway-North Myrtle Beach  SC-NC ,9154,9154,2134038,22,44,4727,5,16,1816,23,413,44121,7941,7941,1711996,21,42,4502,4,13,1346,10,301,37320
202209,400,34980,C,Nashville-Davidson--Murfreesboro--Franklin  TN ,12781,12781,3857203,23,46,6826,37,141,21768,94,2476,316188,11722,11722,3505905,11,22,2636,22,84,13413,71,2345,297836
202209,404,35100,C,New Bern  NC ,531,531,140176,0,0,0,0,0,0,3,72,9077,344,344,89650,0,0,0,0,0,0,3,72,9077
202209,406,25220,C,Hammond  LA ,734,734,134746,5,10,851,0,0,0,17,418,38004,664,664,122068,0,0,0,0,0,0,0,0,0
202209,406,35380,C,New Orleans-Metairie  LA ,2613,2613,777702,135,270,30463,5,15,3058,12,521,93700,1751,1751,559954,20,40,4212,0,0,0,0,0,0
202209,408,14860,C,Bridgeport-Stamford-Norwalk  CT ,449,449,348765,17,34,5772,2,6,563,26,822,145058,304,304,160727,16,32,5582,2,6,563,14,721,130731
202209,408,20700,C,East Stroudsburg  PA ,179,179,57035,0,0,0,0,0,0,4,22,4049,85,85,31243,0,0,0,0,0,0,0,0,0
202209,408,28740,C,Kingston  NY ,192,192,74640,3,6,1241,0,0,0,17,165,20624,153,153,62064,3,6,1241,0,0,0,16,160,19404
202209,408,35300,C,New Haven-Milford  CT ,386,386,118100,11,22,3121,5,19,3374,27,497,56295,162,162,69560,5,10,1409,4,16,3045,13,378,48329
202209,408,35620,C,New York-Newark-Jersey City  NY-NJ-PA ,9888,9888,2821144,461,922,123471,172,568,64047,1145,37488,5201978,7270,7270,2119590,365,730,107317,116,392,43695,678,29323,3995242
202209,408,39100,C,Poughkeepsie-Newburgh-Middletown  NY ,645,645,212947,5,10,2328,6,22,5474,35,596,94614,249,249,81099,2,4,1437,5,19,5081,25,499,79461
202209,408,45940,C,Trenton-Princeton  NJ ,125,125,15576,0,0,0,0,0,0,30,390,29029,62,62,8196,0,0,0,0,0,0,20,336,25229
202209,412,35840,C,North Port-Sarasota-Bradenton  FL ,9195,9195,2832980,188,376,66869,11,39,18535,85,3230,418780,8660,8660,2660838,6,12,3112,10,36,15220,84,3224,416945
202209,412,39460,C,Punta Gorda  FL ,3542,3542,1043539,132,264,44476,24,96,25492,26,624,101797,0,0,0,0,0,0,0,0,0,0,0,0
202209,416,36420,C,Oklahoma City  OK ,5061,5061,1495183,206,412,49245,2,7,1701,9,368,114260,4155,4155,1270375,188,376,45351,1,4,601,7,344,111120
202209,420,36540,C,Omaha-Council Bluffs  NE-IA ,2111,2111,487939,17,34,3981,49,193,13659,87,2319,182335,1816,1816,410072,11,22,2168,49,193,13659,78,2274,177555
202209,422,19660,C,Deltona-Daytona Beach-Ormond Beach  FL ,5150,5150,1683608,72,144,25980,0,0,0,50,1778,206389,4166,4166,1385019,48,96,17703,0,0,0,40,1564,183378
202209,422,29460,C,Lakeland-Winter Haven  FL ,7758,7758,2038990,32,64,6450,1,3,347,83,2223,242041,6887,6887,1824210,32,64,6450,1,3,347,83,2223,242041
202209,422,36740,C,Orlando-Kissimmee-Sanford  FL ,13017,13017,3511085,72,144,24582,33,126,18271,263,9606,1342092,11022,11022,2943596,72,144,24582,33,126,18271,223,8602,1273966
202209,422,45540,C,The Villages  FL ,3105,3105,826916,0,0,0,0,0,0,21,652,132651,0,0,0,0,0,0,0,0,0,0,0,0
202209,425,37620,C,Parkersburg-Vienna  WV ,60,60,13356,0,0,0,0,0,0,0,0,0,47,47,11310,0,0,0,0,0,0,0,0,0
202209,426,37860,C,Pensacola-Ferry Pass-Brent  FL ,2697,2697,673871,7,14,1798,0,0,0,4,162,20180,2697,2697,673871,7,14,1798,0,0,0,4,162,20180
202209,428,12100,C,Atlantic City-Hammonton  NJ ,360,360,98532,11,22,4324,0,0,0,21,299,25808,296,296,83691,11,22,4324,0,0,0,5,120,13097
202209,428,20100,C,Dover  DE ,794,794,122574,12,24,3756,0,0,0,1,24,3062,776,776,118703,12,24,3756,0,0,0,1,24,3062
202209,428,36140,C,Ocean City  NJ ,441,441,202438,57,114,29321,6,20,13478,7,37,668,388,388,187069,56,112,29136,5,17,12968,7,37,668
202209,428,37980,C,Philadelphia-Camden-Wilmington  PA-NJ-DE-MD ,6115,6115,1255566,155,310,40954,148,498,61495,270,3676,446870,3354,3354,799287,142,284,37572,112,378,47890,157,2679,331660
202209,428,39740,C,Reading  PA ,282,282,74466,3,6,959,0,0,0,1,5,658,156,156,42347,3,6,959,0,0,0,0,0,0
202209,428,47220,C,Vineland-Bridgeton  NJ ,117,117,14380,0,0,0,0,0,0,0,0,0,96,96,12521,0,0,0,0,0,0,0,0,0
202209,429,38060,C,Phoenix-Mesa-Chandler  AZ ,23399,23399,6424516,573,1146,131481,62,219,52284,370,12451,2162074,20396,20396,5608524,538,1076,119821,62,219,52284,354,11157,1940582
202209,430,38300,C,Pittsburgh  PA ,2523,2523,761075,22,44,7788,28,89,14411,43,675,97966,1053,1053,371084,10,20,5179,10,35,7777,2,10,2289
202209,430,48260,C,Weirton-Steubenville  WV-OH ,25,25,6369,0,0,0,0,0,0,0,0,0,16,16,4424,0,0,0,0,0,0,0,0,0
202209,438,30340,C,Lewiston-Auburn  ME ,170,170,39904,1,2,200,0,0,0,9,218,22500,112,112,25540,0,0,0,0,0,0,9,218,22500
202209,438,38860,C,Portland-South Portland  ME ,1615,1615,526413,40,80,14587,8,25,2955,48,1355,174629,540,540,202899,19,38,7163,5,16,2205,23,958,154916
202209,440,10540,C,Albany-Lebanon  OR ,170,170,46418,7,14,2817,0,0,0,13,125,16755,90,90,27638,7,14,2817,0,0,0,4,78,10338
202209,440,18700,C,Corvallis  OR ,158,158,47540,1,2,456,0,0,0,6,110,14984,158,158,47540,1,2,456,0,0,0,6,110,14984
202209,440,31020,C,Longview  WA ,244,244,67174,4,8,1211,16,64,8892,15,198,23542,244,244,67174,4,8,1211,16,64,8892,15,198,23542
202209,440,38900,C,Portland-Vancouver-Hillsboro  OR-WA ,4933,4933,1605258,41,82,14608,19,67,11429,169,5134,729008,3409,3409,1118180,38,76,13634,19,67,11429,140,4401,610107
202209,440,41420,C,Salem  OR ,787,787,247756,10,20,4290,4,13,1409,75,1280,133089,420,420,140838,3,6,1449,1,4,265,41,732,78106
202209,444,39380,C,Pueblo  CO ,486,486,79280,0,0,0,0,0,0,0,0,0,0,0,0,0,0,0,0,0,0,0,0,0
202209,450,20500,C,Durham-Chapel Hill  NC ,2623,2623,954999,24,48,6080,1,3,277,39,1679,250695,476,476,190071,3,6,940,0,0,0,2,54,8113
202209,450,39580,C,Raleigh-Cary  NC ,10422,10422,2692149,19,38,7656,2,8,1832,130,6141,776632,10422,10422,2692149,19,38,7656,2,8,1832,130,6141,776632
202209,452,39660,C,Rapid City  SD ,519,519,152615,4,8,1557,5,20,2371,27,973,123346,487,487,141935,3,6,837,5,20,2371,27,973,123346
202209,454,39820,C,Redding  CA ,308,308,95024,0,0,0,0,0,0,0,0,0,195,195,63224,0,0,0,0,0,0,0,0,0
202209,456,16180,C,Carson City  NV ,141,141,37209,0,0,0,2,6,764,12,72,7189,0,0,0,0,0,0,0,0,0,0,0,0
202209,456,39900,C,Reno  NV ,1853,1853,509947,43,86,11420,15,53,7373,169,2960,365591,403,403,99903,21,42,6813,4,13,2101,70,1086,127737
202209,462,40340,C,Rochester  MN ,432,432,137541,4,8,946,13,51,11550,15,1013,126811,297,297,105356,2,4,620,12,48,11171,15,1013,126811
202209,464,40380,C,Rochester  NY ,929,929,271435,28,56,10627,26,91,9873,54,938,115890,631,631,195867,27,54,9977,22,79,8688,31,628,80234
202209,466,40420,C,Rockford  IL ,264,264,58088,5,10,768,3,9,248,0,0,0,247,247,55938,5,10,768,3,9,248,0,0,0
202209,468,40580,C,Rocky Mount  NC ,393,393,63891,0,0,0,0,0,0,0,0,0,100,100,16036,0,0,0,0,0,0,0,0,0
202209,472,40900,C,Sacramento-Roseville-Folsom  CA ,6646,6646,1962529,53,106,16024,31,111,24205,67,2007,334635,6453,6453,1910839,53,106,16024,31,111,24205,67,2007,334635
202209,472,49700,C,Yuba City  CA ,516,516,141020,13,26,2400,0,0,0,12,103,10625,444,444,119884,7,14,1204,0,0,0,5,60,5589
202209,474,13020,C,Bay City  MI ,51,51,14892,0,0,0,0,0,0,0,0,0,12,12,5686,0,0,0,0,0,0,0,0,0
202209,474,33220,C,Midland  MI ,79,79,17834,8,16,1560,0,0,0,0,0,0,34,34,4513,8,16,1560,0,0,0,0,0,0
202209,474,40980,C,Saginaw  MI ,125,125,31044,8,16,2299,3,9,1485,0,0,0,76,76,19767,7,14,2049,3,9,1485,0,0,0
202209,476,41180,C,St. Louis  MO-IL ,3641,3641,1229659,46,92,13328,16,61,7617,114,3467,484916,3216,3216,1085013,23,46,7271,15,58,7392,85,3317,463952
202209,480,41540,C,Salisbury  MD-DE ,3274,3274,547963,103,206,29950,3,10,1919,12,200,25855,3234,3234,543055,101,202,29670,3,10,1919,12,200,25855
202209,482,36260,C,Ogden-Clearfield  UT ,2652,2652,818247,4,8,1370,39,145,23236,91,1574,238911,2127,2127,668356,4,8,1370,23,86,14572,69,1214,186656
202209,482,39340,C,Provo-Orem  UT ,4700,4700,1510654,61,122,25028,35,129,23447,123,2026,312559,4633,4633,1469805,57,114,22664,35,129,23447,123,2026,312559
202209,482,41620,C,Salt Lake City  UT ,3213,3213,916141,33,66,10064,32,114,25547,100,4697,680462,2926,2926,835521,16,32,7173,15,58,15009,56,1835,292834
202209,484,41700,C,San Antonio-New Braunfels  TX ,8555,8555,2123167,72,144,18791,47,183,28171,333,10742,1277315,7884,7884,1975886,72,144,18791,47,183,28171,333,10742,1277315
202209,488,32900,C,Merced  CA ,236,236,84835,1,2,360,1,3,257,4,200,31728,76,76,21162,1,2,360,1,3,257,4,200,31728
202209,488,33700,C,Modesto  CA ,494,494,111949,3,6,1120,1,3,527,4,29,3800,454,454,107279,3,6,1120,1,3,527,4,29,3800
202209,488,34900,C,Napa  CA ,146,146,45124,1,2,233,0,0,0,10,675,115544,43,43,12870,0,0,0,0,0,0,1,15,1411
202209,488,41860,C,San Francisco-Oakland-Berkeley  CA ,2845,2845,952658,45,90,31040,36,122,29620,149,5296,1115162,2053,2053,685014,30,60,16595,30,104,24380,83,4243,921155
202209,488,41940,C,San Jose-Sunnyvale-Santa Clara  CA ,3328,3328,1045338,9,18,5020,1,4,649,51,2423,476177,3131,3131,962832,7,14,4570,1,4,649,48,2181,408906
202209,488,42100,C,Santa Cruz-Watsonville  CA ,326,326,62940,0,0,0,1,3,1352,14,183,17576,280,280,58086,0,0,0,1,3,1352,5,122,12870
202209,488,42220,C,Santa Rosa-Petaluma  CA ,746,746,225205,2,4,705,1,3,215,45,996,217652,576,576,191497,2,4,705,1,3,215,28,819,183097
202209,488,44700,C,Stockton  CA ,2704,2704,891141,9,18,4566,0,0,0,26,447,63907,1722,1722,607539,7,14,3862,0,0,0,11,188,30278
202209,488,46700,C,Vallejo  CA ,837,837,238004,0,0,0,0,0,0,1,86,12202,829,829,235718,0,0,0,0,0,0,1,86,12202
202209,496,25980,C,Hinesville  GA ,620,620,137947,2,4,370,0,0,0,0,0,0,373,373,79398,2,4,370,0,0,0,0,0,0
202209,496,42340,C,Savannah  GA ,1741,1741,482437,45,90,9140,22,85,11063,50,704,84558,1326,1326,390596,43,86,8894,21,81,10658,50,704,84558
202209,500,14740,C,Bremerton-Silverdale-Port Orchard  WA ,907,907,310230,2,4,561,16,50,8207,14,518,74891,907,907,310230,2,4,561,16,50,8207,14,518,74891
202209,500,34580,C,Mount Vernon-Anacortes  WA ,219,219,65464,7,14,2659,2,7,921,10,208,19982,218,218,65389,6,12,2420,1,4,484,1,10,1502
202209,500,36500,C,Olympia-Lacey-Tumwater  WA ,497,497,129836,8,16,2089,5,19,11302,42,709,96922,402,402,108530,8,16,2089,5,19,11302,32,655,94625
202209,500,42660,C,Seattle-Tacoma-Bellevue  WA ,5694,5694,2113276,375,750,180224,197,656,131860,300,13802,2003796,4816,4816,1758607,369,738,177814,193,644,128959,251,13199,1926935
202209,508,43340,C,Shreveport-Bossier City  LA ,717,717,194240,0,0,0,0,0,0,0,0,0,426,426,110343,0,0,0,0,0,0,0,0,0
202209,515,21140,C,Elkhart-Goshen  IN ,252,252,83291,0,0,0,0,0,0,5,60,8000,248,248,82145,0,0,0,0,0,0,5,60,8000
202209,515,35660,C,Niles  MI ,175,175,79419,5,10,2250,0,0,0,1,5,600,77,77,36277,5,10,2250,0,0,0,1,5,600
202209,515,43780,C,South Bend-Mishawaka  IN-MI ,307,307,119796,1,2,390,0,0,0,0,0,0,257,257,107009,1,2,390,0,0,0,0,0,0
202209,518,17660,C,Coeur dAlene  ID ,1078,1078,381573,21,42,9232,4,12,5027,55,943,107735,507,507,248764,10,20,5283,0,0,0,15,268,37594
202209,518,44060,C,Spokane-Spokane Valley  WA ,1639,1639,442856,54,108,22504,12,41,7979,84,1596,184615,898,898,258953,41,82,18167,12,41,7979,46,962,129789
202209,522,44100,C,Springfield  IL ,132,132,41447,8,16,2561,0,0,0,2,24,3084,109,109,35433,8,16,2561,0,0,0,2,24,3084
202209,524,44300,C,State College  PA ,200,200,67476,4,8,1564,4,16,3266,3,145,61627,140,140,50783,4,8,1564,4,16,3266,2,140,60291
202209,532,45060,C,Syracuse  NY ,329,329,80499,6,12,310,0,0,0,5,25,1563,167,167,46478,0,0,0,0,0,0,0,0,0
202209,534,45780,C,Toledo  OH ,503,503,181638,7,14,4355,2,8,400,10,97,13122,484,484,177370,7,14,4355,2,8,400,10,97,13122
202209,536,46060,C,Tucson  AZ ,3149,3149,1025419,21,42,5023,3,12,2771,87,1466,183323,1778,1778,636884,1,2,268,3,12,2771,39,764,77979
202209,538,46140,C,Tulsa  OK ,3140,3140,814218,18,36,4427,5,17,2012,37,1112,114529,2920,2920,771723,18,36,4427,5,17,2012,23,1009,106606
202209,540,46340,C,Tyler  TX ,574,574,144669,23,46,5987,4,14,2042,2,20,2552,473,473,118713,6,12,1559,4,14,2042,2,20,2552
202209,544,47020,C,Victoria  TX ,204,204,47158,0,0,0,0,0,0,0,0,0,186,186,46723,0,0,0,0,0,0,0,0,0
202209,545,47260,C,Virginia Beach-Norfolk-Newport News  VA-NC ,2878,2878,766875,4,8,2460,3,11,2352,86,2365,211612,2812,2812,756242,4,8,2460,3,11,2352,86,2365,211612
202209,548,12580,C,Baltimore-Columbia-Towson  MD ,2158,2158,563577,1,2,350,1,3,269,43,3099,395921,1990,1990,523870,1,2,350,1,3,269,42,3088,393639
202209,548,15680,C,California-Lexington Park  MD ,185,185,69766,0,0,0,0,0,0,0,0,0,185,185,69766,0,0,0,0,0,0,0,0,0
202209,548,16540,C,Chambersburg-Waynesboro  PA ,243,243,65624,12,24,3645,2,8,1120,9,51,5333,202,202,56332,12,24,3645,2,8,1120,8,46,4684
202209,548,25180,C,Hagerstown-Martinsburg  MD-WV ,1574,1574,400698,13,26,4349,0,0,0,12,268,30551,1517,1517,389439,13,26,4349,0,0,0,12,268,30551
202209,548,47900,C,Washington-Arlington-Alexandria  DC-VA-MD-WV ,9583,9583,2683624,33,66,8737,5,20,3645,223,15398,2192201,8439,8439,2338496,31,62,8397,5,20,3645,177,13698,1965052
202209,548,49020,C,Winchester  VA-WV ,607,607,166947,0,0,0,0,0,0,7,237,37740,606,606,166715,0,0,0,0,0,0,7,237,37740
202209,554,48140,C,Wausau-Weston  WI ,289,289,86425,5,10,1240,0,0,0,4,108,14000,182,182,55809,3,6,640,0,0,0,4,108,14000
202209,556,48620,C,Wichita  KS ,1219,1219,452551,346,692,81321,17,62,9536,15,396,47604,306,306,94668,206,412,51368,16,59,9286,1,24,1901
202209,558,48700,C,Williamsport  PA ,41,41,11402,0,0,0,0,0,0,0,0,0,12,12,4108,0,0,0,0,0,0,0,0,0
202209,566,49660,C,Youngstown-Warren-Boardman  OH-PA ,256,256,58918,1,2,377,0,0,0,0,0,0,136,136,34424,1,2,377,0,0,0,0,0,0
202209,999,10180,C,Abilene  TX ,390,390,93184,18,36,3895,0,0,0,36,274,24000,389,389,92884,18,36,3895,0,0,0,36,274,24000
202209,999,10500,C,Albany  GA ,152,152,22387,0,0,0,0,0,0,2,33,3657,102,102,10103,0,0,0,0,0,0,0,0,0
202209,999,10780,C,Alexandria  LA ,305,305,72560,16,32,2340,0,0,0,0,0,0,235,235,54299,16,32,2340,0,0,0,0,0,0
202209,999,10900,C,Allentown-Bethlehem-Easton  PA-NJ ,1165,1165,286223,11,22,1735,4,16,1845,19,452,55666,934,934,238577,11,22,1735,4,16,1845,12,292,54592
202209,999,11260,C,Anchorage  AK ,602,602,190222,2,4,658,10,38,6443,17,192,29026,31,31,8532,2,4,658,1,4,582,0,0,0
202209,999,11500,C,Anniston-Oxford  AL ,63,63,10398,0,0,0,0,0,0,0,0,0,53,53,9285,0,0,0,0,0,0,0,0,0
202209,999,12260,C,Augusta-Richmond County  GA-SC ,2733,2733,679389,3,6,731,23,89,9222,30,600,71284,684,684,204025,3,6,731,23,89,9222,22,296,37091
202209,999,12420,C,Austin-Round Rock-Georgetown  TX ,17256,17256,4670410,128,256,24041,31,114,17396,388,18304,1978222,11509,11509,3090602,107,214,19475,27,102,16202,387,18129,1959896
202209,999,12540,C,Bakersfield  CA ,2173,2173,581257,6,12,775,1,3,4414,23,227,24243,484,484,88806,3,6,301,0,0,0,4,80,7983
202209,999,12620,C,Bangor  ME ,246,246,59783,20,40,6563,8,31,4866,0,0,0,106,106,31011,16,32,5858,7,28,4669,0,0,0
202209,999,12940,C,Baton Rouge  LA ,2840,2840,665029,9,18,10380,0,0,0,12,267,30039,437,437,92423,8,16,1459,0,0,0,0,0,0
202209,999,13140,C,Beaumont-Port Arthur  TX ,1117,1117,268926,7,14,1721,0,0,0,1,6,600,985,985,243746,4,8,1167,0,0,0,1,6,600
202209,999,13220,C,Beckley  WV ,84,84,19618,0,0,0,0,0,0,0,0,0,75,75,18523,0,0,0,0,0,0,0,0,0
202209,999,13380,C,Bellingham  WA ,597,597,173438,6,12,2459,18,67,13655,15,478,59360,353,353,100508,4,8,1178,13,49,8716,15,478,59360
202209,999,13740,C,Billings  MT ,590,590,117355,20,40,6227,0,0,0,12,249,29298,382,382,107214,20,40,6227,0,0,0,12,249,29298
202209,999,13780,C,Binghamton  NY ,103,103,20238,0,0,0,0,0,0,27,241,23518,15,15,4178,0,0,0,0,0,0,0,0,0
202209,999,13900,C,Bismarck  ND ,333,333,104391,26,52,9013,1,4,930,1,8,1704,284,284,88456,26,52,9013,1,4,930,1,8,1704
202209,999,13980,C,Blacksburg-Christiansburg  VA ,304,304,79997,1,2,190,0,0,0,4,107,18392,281,281,72761,1,2,190,0,0,0,4,107,18392
202209,999,15260,C,Brunswick  GA ,511,511,182770,48,96,11808,1,4,800,13,293,32775,64,64,12600,0,0,0,0,0,0,0,0,0
202209,999,16060,C,Carbondale-Marion  IL ,58,58,9001,2,4,285,13,49,4260,2,10,1100,46,46,7207,2,4,285,13,49,4260,2,10,1100
202209,999,16220,C,Casper  WY ,112,112,28068,1,2,126,1,3,371,8,41,4084,44,44,9244,0,0,0,0,0,0,0,0,0
202209,999,16580,C,Champaign-Urbana  IL ,270,270,86702,0,0,0,8,32,4000,4,409,80250,266,266,85931,0,0,0,8,32,4000,4,409,80250
202209,999,16700,C,Charleston-North Charleston  SC ,4678,4678,1591630,2,4,654,7,28,7604,66,1488,137208,1975,1975,803836,0,0,0,0,0,0,2,98,13386
202209,999,16820,C,Charlottesville  VA ,859,859,285349,11,22,3337,4,12,480,27,419,32832,231,231,52242,0,0,0,0,0,0,5,120,6000
202209,999,16940,C,Cheyenne  WY ,342,342,67201,0,0,0,36,144,18536,9,228,26700,338,338,66606,0,0,0,36,144,18536,9,228,26700
202209,999,17020,C,Chico  CA ,804,804,237413,14,28,3088,11,44,3189,40,766,85855,623,623,201458,14,28,3088,11,44,3189,40,766,85855
202209,999,17300,C,Clarksville  TN-KY ,1366,1366,268987,15,30,4752,93,368,37881,207,1915,162182,1336,1336,266008,15,30,4752,93,368,37881,207,1915,162182
202209,999,17780,C,College Station-Bryan  TX ,1357,1357,301393,4,8,1161,10,40,4827,12,148,11852,1350,1350,299955,4,8,1161,10,40,4827,12,148,11852
202209,999,17820,C,Colorado Springs  CO ,3212,3212,1230639,16,32,4527,2,8,872,102,4310,650042,3145,3145,1213979,16,32,4527,2,8,872,102,4310,650042
202209,999,18880,C,Crestview-Fort Walton Beach-Destin  FL ,2328,2328,1214688,24,48,8133,12,36,6530,57,1162,224909,2289,2289,1205277,24,48,8133,12,36,6530,57,1162,224909
202209,999,19060,C,Cumberland  MD-WV ,49,49,13622,0,0,0,1,3,420,0,0,0,44,44,12697,0,0,0,1,3,420,0,0,0
202209,999,19180,C,Danville  IL ,4,4,607,0,0,0,0,0,0,0,0,0,0,0,0,0,0,0,0,0,0,0,0,0
202209,999,19500,C,Decatur  IL ,15,15,5184,0,0,0,0,0,0,1,20,3569,12,12,4484,0,0,0,0,0,0,1,20,3569
202209,999,20220,C,Dubuque  IA ,124,124,43356,1,2,300,2,6,1600,1,19,498,84,84,29229,0,0,0,2,6,1600,0,0,0
202209,999,20260,C,Duluth  MN-WI ,443,443,114572,5,10,2395,0,0,0,1,33,6400,294,294,76037,5,10,2395,0,0,0,1,33,6400
202209,999,20940,C,El Centro  CA ,307,307,51833,2,4,302,0,0,0,11,126,13235,59,59,8164,2,4,302,0,0,0,10,120,12635
202209,999,21420,C,Enid  OK ,43,43,12114,0,0,0,0,0,0,0,0,0,43,43,12114,0,0,0,0,0,0,0,0,0
202209,999,21660,C,Eugene-Springfield  OR ,700,700,189689,10,20,3259,2,8,865,17,558,57041,517,517,141448,10,20,3259,2,8,865,17,558,57041
202209,999,21780,C,Evansville  IN-KY ,630,630,216169,48,96,14861,0,0,0,13,190,14498,426,426,161004,34,68,11720,0,0,0,12,185,14148
202209,999,21820,C,Fairbanks  AK ,27,27,4778,0,0,0,0,0,0,0,0,0,27,27,4778,0,0,0,0,0,0,0,0,0
202209,999,22140,C,Farmington  NM ,113,113,24869,0,0,0,0,0,0,0,0,0,113,113,24869,0,0,0,0,0,0,0,0,0
202209,999,22220,C,Fayetteville-Springdale-Rogers  AR-MO ,4584,4584,1392666,69,138,29824,41,159,23739,65,1177,116217,3575,3575,1157643,65,130,27964,41,159,23739,37,841,89298
202209,999,22380,C,Flagstaff  AZ ,343,343,132402,1,2,88,0,0,0,3,50,5495,343,343,132402,1,2,88,0,0,0,3,50,5495
202209,999,22500,C,Florence  SC ,609,609,106356,11,22,1650,0,0,0,0,0,0,598,598,104074,11,22,1650,0,0,0,0,0,0
202209,999,22520,C,Florence-Muscle Shoals  AL ,247,247,30111,22,44,1760,0,0,0,4,26,1898,80,80,10669,22,44,1760,0,0,0,4,26,1898
202209,999,22540,C,Fond du Lac  WI ,119,119,37035,0,0,0,0,0,0,1,9,714,0,0,0,0,0,0,0,0,0,0,0,0
202209,999,22660,C,Fort Collins  CO ,1199,1199,429271,11,22,4588,4,14,3456,45,870,158170,1199,1199,429271,11,22,4588,4,14,3456,45,870,158170
202209,999,22900,C,Fort Smith  AR-OK ,315,315,64539,40,80,7017,17,52,11040,5,122,17603,266,266,58801,40,80,7017,14,43,10275,5,122,17603
202209,999,23460,C,Gadsden  AL ,143,143,24284,0,0,0,0,0,0,0,0,0,50,50,10863,0,0,0,0,0,0,0,0,0
202209,999,24140,C,Goldsboro  NC ,274,274,58778,0,0,0,0,0,0,3,72,5262,274,274,58778,0,0,0,0,0,0,3,72,5262
202209,999,24220,C,Grand Forks  ND-MN ,150,150,42326,0,0,0,0,0,0,0,0,0,146,146,40579,0,0,0,0,0,0,0,0,0
202209,999,24260,C,Grand Island  NE ,141,141,33341,16,32,6814,7,23,3391,0,0,0,104,104,25601,16,32,6814,7,23,3391,0,0,0
202209,999,24300,C,Grand Junction  CO ,558,558,95941,4,8,853,0,0,0,5,116,8316,558,558,95941,4,8,853,0,0,0,5,116,8316
202209,999,24500,C,Great Falls  MT ,168,168,48403,2,4,1200,0,0,0,7,337,53231,168,168,48403,2,4,1200,0,0,0,7,337,53231
202209,999,25060,C,Gulfport-Biloxi  MS ,2429,2429,392086,4,8,801,12,43,4364,30,286,16778,1548,1548,246857,0,0,0,1,4,450,17,188,8481
202209,999,25860,C,Hickory-Lenoir-Morganton  NC ,1439,1439,339074,10,20,2415,0,0,0,52,589,60617,1078,1078,266308,7,14,1335,0,0,0,31,406,46949
202209,999,25940,C,Hilton Head Island-Bluffton  SC ,2464,2464,1064346,4,8,3148,14,50,16138,19,445,71644,295,295,192177,4,8,3148,14,50,16138,0,0,0
202209,999,26140,C,Homosassa Springs  FL ,1223,1223,271050,6,12,876,0,0,0,2,10,865,23,23,7858,1,2,210,0,0,0,0,0,0
202209,999,26380,C,Houma-Thibodaux  LA ,524,524,135966,27,54,3616,3,9,785,0,0,0,398,398,102200,17,34,2060,0,0,0,0,0,0
202209,999,27100,C,Jackson  MI ,119,119,33346,2,4,325,0,0,0,0,0,0,38,38,11952,0,0,0,0,0,0,0,0,0
202209,999,27340,C,Jacksonville  NC ,1029,1029,221139,10,20,2445,2,6,2438,0,0,0,1029,1029,221139,10,20,2445,2,6,2438,0,0,0
202209,999,27620,C,Jefferson City  MO ,140,140,39488,2,4,550,2,7,844,0,0,0,87,87,25779,2,4,550,1,4,522,0,0,0
202209,999,27980,C,Kahului-Wailuku-Lahaina  HI ,245,245,155183,30,60,8707,0,0,0,2,14,41000,245,245,155183,30,60,8707,0,0,0,2,14,41000
202209,999,28660,C,Killeen-Temple  TX ,2223,2223,493135,198,396,44436,0,0,0,44,525,67315,1916,1916,410344,180,360,40914,0,0,0,44,525,67315
202209,999,29100,C,La Crosse-Onalaska  WI-MN ,157,157,57838,23,46,9325,2,7,1205,5,161,20022,82,82,32956,7,14,3015,1,4,600,3,129,15933
202209,999,29420,C,Lake Havasu City-Kingman  AZ ,1654,1654,466372,36,72,5135,8,27,2770,0,0,0,1647,1647,465694,36,72,5135,8,27,2770,0,0,0
202209,999,29540,C,Lancaster  PA ,545,545,164270,21,42,10042,8,30,5381,35,290,36394,389,389,109468,17,34,8520,5,18,3937,28,255,33863
202209,999,29620,C,Lansing-East Lansing  MI ,373,373,113967,8,16,2486,1,4,298,9,324,41902,195,195,62714,5,10,1650,1,4,298,3,57,6748
202209,999,29700,C,Laredo  TX ,1034,1034,161517,14,28,2345,7,21,2697,14,143,9120,0,0,0,0,0,0,0,0,0,0,0,0
202209,999,30020,C,Lawton  OK ,65,65,10465,0,0,0,0,0,0,0,0,0,31,31,7587,0,0,0,0,0,0,0,0,0
202209,999,30300,C,Lewiston  ID-WA ,106,106,30447,4,8,1661,0,0,0,0,0,0,103,103,29309,4,8,1661,0,0,0,0,0,0
202209,999,30860,C,Logan  UT-ID ,722,722,237969,1,2,421,1,3,750,23,240,37487,626,626,214145,1,2,421,0,0,0,23,240,37487
202209,999,30980,C,Longview  TX ,320,320,73425,8,16,1592,0,0,0,18,184,20116,227,227,54230,5,10,1012,0,0,0,12,144,15741
202209,999,31340,C,Lynchburg  VA ,415,415,98709,2,4,509,4,13,2143,13,222,14014,394,394,94545,1,2,225,1,4,332,4,123,11448
202209,999,31740,C,Manhattan  KS ,194,194,60777,2,4,525,2,6,500,2,49,10387,70,70,22966,1,2,247,0,0,0,2,49,10387
202209,999,33540,C,Missoula  MT ,288,288,78739,7,14,1819,2,7,652,47,616,71042,288,288,78739,7,14,1819,2,7,652,47,616,71042
202209,999,36100,C,Ocala  FL ,4284,4284,1024865,1,2,100,0,0,0,43,1167,132268,4273,4273,1022485,1,2,100,0,0,0,43,1167,132268
202209,999,36980,C,Owensboro  KY ,194,194,19001,8,16,1889,2,7,1545,1,5,680,187,187,17589,7,14,1716,2,7,1545,1,5,680
202209,999,37340,C,Palm Bay-Melbourne-Titusville  FL ,3200,3200,1154014,1,2,1070,2,6,1882,11,473,111853,1387,1387,612311,1,2,1070,2,6,1882,11,473,111853
202209,999,37460,C,Panama City  FL ,1619,1619,594831,8,16,3098,3,9,2039,9,126,27508,220,220,89978,1,2,228,0,0,0,1,47,10440
202209,999,37900,C,Peoria  IL ,128,128,44471,3,6,480,0,0,0,11,119,4972,64,64,24502,0,0,0,0,0,0,8,104,3800
202209,999,38340,C,Pittsfield  MA ,76,76,35457,1,2,475,1,3,1167,0,0,0,8,8,4370,0,0,0,0,0,0,0,0,0
202209,999,38540,C,Pocatello  ID ,248,248,52911,5,10,1100,19,71,8925,5,77,6653,93,93,13427,3,6,344,13,52,6955,0,0,0
202209,999,39150,C,Prescott Valley-Prescott  AZ ,1447,1447,503846,42,84,14325,0,0,0,8,481,106226,1332,1332,461528,42,84,14325,0,0,0,8,481,106226
202209,999,40060,C,Richmond  VA ,3821,3821,966493,63,126,16769,3,9,837,150,4205,458791,3680,3680,945384,63,126,16769,3,9,837,139,4123,450427
202209,999,40220,C,Roanoke  VA ,373,373,111471,2,4,628,0,0,0,6,216,26395,175,175,46666,2,4,628,0,0,0,0,0,0
202209,999,41100,C,St. George  UT ,2093,2093,426263,5,10,957,7,26,4946,37,551,64805,1661,1661,347191,0,0,0,6,23,4683,32,495,61366
202209,999,41500,C,Salinas  CA ,419,419,102063,7,14,3061,10,39,5913,28,410,40237,307,307,75424,0,0,0,1,3,446,14,299,24062
202209,999,41660,C,San Angelo  TX ,280,280,68079,0,0,0,0,0,0,0,0,0,280,280,68079,0,0,0,0,0,0,0,0,0
202209,999,41740,C,San Diego-Chula Vista-Carlsbad  CA ,2883,2883,849460,49,98,16005,90,310,63459,221,4600,910187,2808,2808,823841,49,98,16005,90,310,63459,212,4485,898805
202209,999,42020,C,San Luis Obispo-Paso Robles  CA ,546,546,152806,4,8,1150,3,11,1900,22,373,54475,294,294,98034,4,8,1150,0,0,0,13,200,27973
202209,999,42200,C,Santa Maria-Santa Barbara  CA ,347,347,85391,10,20,7552,7,23,4313,33,655,82072,128,128,63321,1,2,4500,4,12,2400,0,0,0
202209,999,42540,C,Scranton--Wilkes-Barre  PA ,386,386,109255,8,16,2220,0,0,0,6,30,2923,141,141,47175,8,16,2220,0,0,0,0,0,0
202209,999,42700,C,Sebring-Avon Park  FL ,504,504,114766,6,12,2024,0,0,0,0,0,0,504,504,114766,6,12,2024,0,0,0,0,0,0
202209,999,43100,C,Sheboygan  WI ,100,100,36599,10,20,3947,0,0,0,0,0,0,36,36,14773,5,10,1630,0,0,0,0,0,0
202209,999,43420,C,Sierra Vista-Douglas  AZ ,323,323,43522,4,8,1100,0,0,0,0,0,0,265,265,32681,0,0,0,0,0,0,0,0,0
202209,999,43580,C,Sioux City  IA-NE-SD ,235,235,69509,1,2,500,8,24,0,1,21,3750,125,125,38826,1,2,500,0,0,0,1,21,3750
202209,999,43620,C,Sioux Falls  SD ,1403,1403,343514,6,12,2277,60,226,28653,153,3540,478205,1323,1323,322811,6,12,2277,56,212,27733,152,3535,477799
202209,999,44140,C,Springfield  MA ,342,342,99923,11,22,3780,1,4,577,16,223,27675,114,114,41119,5,10,1562,0,0,0,0,0,0
202209,999,44180,C,Springfield  MO ,1117,1117,327902,15,30,3690,5,15,1513,13,229,31557,844,844,252209,13,26,3133,2,6,950,13,229,31557
202209,999,44940,C,Sumter  SC ,328,328,56743,32,64,6101,0,0,0,1,36,965,265,265,46369,32,64,6101,0,0,0,1,36,965
202209,999,45220,C,Tallahassee  FL ,1095,1095,233015,7,14,1551,0,0,0,46,1268,165862,398,398,89525,0,0,0,0,0,0,4,80,13900
202209,999,45300,C,Tampa-St. Petersburg-Clearwater  FL ,12639,12639,3779430,48,96,15500,119,416,25725,508,9177,987963,7095,7095,2433526,43,86,13935,119,416,25725,482,9018,948130
202209,999,45460,C,Terre Haute  IN ,92,92,20133,8,16,2100,5,20,925,14,78,7928,56,56,13991,8,16,2100,5,20,925,8,48,5100
202209,999,45500,C,Texarkana  TX-AR ,100,100,22738,8,16,1740,1,4,450,1,5,385,59,59,13442,8,16,1740,1,4,450,1,5,385
202209,999,45820,C,Topeka  KS ,356,356,79768,4,8,800,0,0,0,0,0,0,335,335,76526,4,8,800,0,0,0,0,0,0
202209,999,46220,C,Tuscaloosa  AL ,656,656,158039,1,2,360,22,82,6031,13,444,74409,319,319,68100,0,0,0,0,0,0,0,0,0
202209,999,46300,C,Twin Falls  ID ,428,428,115240,7,14,2848,0,0,0,7,100,20280,423,423,114101,7,14,2848,0,0,0,7,100,20280
202209,999,46520,C,Urban Honolulu  HI ,543,543,188630,56,112,13664,0,0,0,37,1084,270717,543,543,188630,56,112,13664,0,0,0,37,1084,270717
202209,999,46540,C,Utica-Rome  NY ,171,171,54410,0,0,0,0,0,0,9,60,9375,86,86,38643,0,0,0,0,0,0,0,0,0
202209,999,46660,C,Valdosta  GA ,1035,1035,193703,9,18,1193,0,0,0,9,118,11590,496,496,102932,0,0,0,0,0,0,0,0,0
202209,999,47300,C,Visalia  CA ,1101,1101,283197,21,42,6216,0,0,0,70,715,100123,1099,1099,282342,21,42,6216,0,0,0,62,667,82621
202209,999,47380,C,Waco  TX ,832,832,126339,15,30,3517,0,0,0,22,364,35146,689,689,99570,8,16,2140,0,0,0,14,324,31032
202209,999,47940,C,Waterloo-Cedar Falls  IA ,147,147,51281,6,12,1180,1,4,800,3,30,4200,111,111,36361,6,12,1180,1,4,800,3,30,4200
202209,999,48060,C,Watertown-Fort Drum  NY ,129,129,22776,0,0,0,0,0,0,0,0,0,6,6,1350,0,0,0,0,0,0,0,0,0
202209,999,48300,C,Wenatchee  WA ,498,498,148911,5,10,1973,9,36,7783,6,235,25334,213,213,85101,5,10,1973,9,36,7783,6,235,25334
202209,999,48540,C,Wheeling  WV-OH ,7,7,1906,0,0,0,1,3,350,0,0,0,3,3,663,0,0,0,0,0,0,0,0,0
202209,999,48660,C,Wichita Falls  TX ,134,134,33335,0,0,0,0,0,0,0,0,0,104,104,27051,0,0,0,0,0,0,0,0,0
202209,999,48900,C,Wilmington  NC ,2062,2062,657401,39,78,14474,3,11,2177,41,1320,170902,684,684,210950,14,28,3696,0,0,0,0,0,0
202209,999,49420,C,Yakima  WA ,381,381,96278,15,30,4054,16,54,6659,15,156,22416,307,307,77516,13,26,3084,9,33,4434,6,98,9307
202209,999,49740,C,Yuma  AZ ,619,619,104631,8,16,2023,0,0,0,7,98,11754,554,554,93961,3,6,477,0,0,0,6,90,10995
