Survey,CSA,CBSA,MONCOV,CBSA,,1-unit,,,2-units,,,3-4 units,,,5+ units,,,1-unit rep,,,2-units rep,,,3-4 units rep,,,5+ units rep
Date,Code,Code,,Name,Bldgs,Units,Value,Bldgs,Units,Value,Bldgs,Units,Value,Bldgs,Units,Value,Bldgs,Units,Value,Bldgs,Units,Value,      Bldgs,Units,Value,Bldgs,Units,Value
 
202204,104,10580,C,Albany-Schenectady-Troy  NY ,492,492,151287,33,66,15200,3,12,2563,24,265,28416,400,400,128290,27,54,13720,2,8,2040,13,160,12935
202204,104,24020,C,Glens Falls  NY ,73,73,20019,1,2,297,3,11,1439,2,10,1155,39,39,11875,1,2,297,3,11,1439,2,10,1155
202204,106,10740,C,Albuquerque  NM ,869,869,219881,0,0,0,1,4,400,12,602,65369,736,736,174633,0,0,0,1,4,400,5,565,63827
202204,106,42140,C,Santa Fe  NM ,94,94,34703,0,0,0,0,0,0,0,0,0,94,94,34703,0,0,0,0,0,0,0,0,0
202204,107,11020,C,Altoona  PA ,22,22,6037,0,0,0,0,0,0,6,52,7654,10,10,3342,0,0,0,0,0,0,6,52,7654
202204,108,11100,C,Amarillo  TX ,316,316,77340,10,20,2569,0,0,0,0,0,0,309,309,75200,10,20,2569,0,0,0,0,0,0
202204,118,11540,C,Appleton  WI ,185,185,64402,16,32,5948,0,0,0,4,32,3130,135,135,50089,16,32,5948,0,0,0,0,0,0
202204,118,36780,C,Oshkosh-Neenah  WI ,110,110,40040,2,4,598,0,0,0,6,46,4600,96,96,35187,2,4,598,0,0,0,6,46,4600
202204,120,11700,C,Asheville  NC ,1067,1067,343696,4,8,1352,0,0,0,22,469,47037,467,467,161120,1,2,30,0,0,0,1,12,912
202204,122,12020,C,Athens-Clarke County  GA ,308,308,88259,1,2,60,0,0,0,32,666,76583,174,174,59036,1,2,60,0,0,0,32,666,76583
202204,122,12060,C,Atlanta-Sandy Springs-Alpharetta  GA ,10137,10137,2522836,24,48,9715,38,139,15991,137,5430,653403,9082,9082,2302134,24,48,9715,38,139,15991,124,4893,588483
202204,122,23580,C,Gainesville  GA ,473,473,113912,0,0,0,12,44,4390,9,204,42638,105,105,27281,0,0,0,12,44,4390,9,204,42638
202204,122,40660,C,Rome  GA ,84,84,14268,0,0,0,0,0,0,0,0,0,84,84,14268,0,0,0,0,0,0,0,0,0
202204,140,13460,C,Bend  OR ,443,443,162748,26,52,9057,11,35,3208,13,221,29708,443,443,162748,26,52,9057,11,35,3208,13,221,29708
202204,142,13820,C,Birmingham-Hoover  AL ,1191,1191,378382,1,2,160,0,0,0,6,333,47930,904,904,275571,1,2,160,0,0,0,6,333,47930
202204,144,14020,C,Bloomington  IN ,100,100,27442,3,6,852,0,0,0,7,329,36864,21,21,6145,0,0,0,0,0,0,0,0,0
202204,145,14010,C,Bloomington  IL ,100,100,27445,0,0,0,0,0,0,0,0,0,97,97,26654,0,0,0,0,0,0,0,0,0
202204,146,14100,C,Bloomsburg-Berwick  PA ,32,32,7430,0,0,0,0,0,0,1,5,454,14,14,3523,0,0,0,0,0,0,0,0,0
202204,147,14260,C,Boise City  ID ,2658,2658,693309,5,10,2200,40,159,16144,89,1483,200467,1870,1870,512597,5,10,2200,40,159,16144,52,959,116045
202204,148,12700,C,Barnstable Town  MA ,179,179,96045,8,16,1362,1,3,900,0,0,0,90,90,53773,7,14,1090,0,0,0,0,0,0
202204,148,14460,C,Boston-Cambridge-Newton  MA-NH ,1381,1381,510340,69,138,33706,37,119,26715,123,3767,878847,796,796,323639,48,96,23104,27,88,20268,55,2971,746974
202204,148,31700,C,Manchester-Nashua  NH ,243,243,67453,5,10,1910,1,3,539,1,40,3835,79,79,29255,0,0,0,0,0,0,1,40,3835
202204,148,39300,C,Providence-Warwick  RI-MA ,525,525,141110,35,70,9271,2,8,1173,4,21,2807,238,238,78970,30,60,7644,2,8,1173,1,6,949
202204,148,49340,C,Worcester  MA-CT ,403,403,112582,13,26,5422,1,3,465,14,206,26090,172,172,49375,9,18,3840,1,3,465,1,14,2416
202204,150,14540,C,Bowling Green  KY ,295,295,72015,2,4,400,3,11,1025,23,184,13317,294,294,71865,2,4,400,2,8,800,23,184,13317
202204,154,15180,C,Brownsville-Harlingen  TX ,743,743,86048,12,24,1839,9,29,3387,8,84,6760,312,312,36115,2,4,202,0,0,0,0,0,0
202204,160,15380,C,Buffalo-Cheektowaga  NY ,312,312,109827,7,14,2622,0,0,0,12,133,22625,239,239,91693,7,14,2622,0,0,0,3,22,2794
202204,162,15540,C,Burlington-South Burlington  VT ,150,150,47970,4,8,1579,1,3,145,17,129,14985,63,63,19525,0,0,0,0,0,0,5,38,4608
202204,163,15980,C,Cape Coral-Fort Myers  FL ,3723,3723,788716,27,54,6709,16,64,8243,37,953,173277,3723,3723,788716,27,54,6709,16,64,8243,37,953,173277
202204,163,34940,C,Naples-Marco Island  FL ,1357,1357,561050,7,14,2060,15,57,12591,20,552,102716,128,128,239308,0,0,0,0,0,0,1,72,36000
202204,164,16020,C,Cape Girardeau  MO-IL ,34,34,9693,1,2,325,2,6,150,3,15,1732,0,0,0,0,0,0,0,0,0,0,0,0
202204,168,16300,C,Cedar Rapids  IA ,151,151,33499,9,18,3456,0,0,0,5,225,21260,111,111,22384,7,14,2781,0,0,0,5,225,21260
202204,168,26980,C,Iowa City  IA ,165,165,51551,16,32,7601,1,4,700,4,191,38568,116,116,38411,1,2,800,1,4,700,3,178,36705
202204,170,16620,C,Charleston  WV ,59,59,8461,0,0,0,0,0,0,0,0,0,33,33,4923,0,0,0,0,0,0,0,0,0
202204,170,26580,C,Huntington-Ashland  WV-KY-OH ,91,91,17795,3,6,300,2,6,280,0,0,0,0,0,0,3,6,300,2,6,280,0,0,0
202204,172,16740,C,Charlotte-Concord-Gastonia  NC-SC ,7767,7767,2119778,12,24,3786,8,31,4815,78,3438,409625,6793,6793,1829197,12,24,3786,8,31,4815,71,3320,395668
202204,174,16860,C,Chattanooga  TN-GA ,882,882,210830,16,32,2306,9,35,6405,15,218,22605,647,647,159779,0,0,0,4,16,2131,0,0,0
202204,174,17420,C,Cleveland  TN ,336,336,77505,3,6,766,16,54,9041,1,8,256,250,250,61915,3,6,766,16,54,9041,1,8,256
202204,174,19140,C,Dalton  GA ,140,140,25019,6,12,678,2,7,929,6,56,3814,0,0,0,0,0,0,0,0,0,0,0,0
202204,176,16980,C,Chicago-Naperville-Elgin  IL-IN-WI ,2935,2935,910383,50,100,18367,73,239,49771,82,2296,452859,2342,2342,742056,47,94,17661,72,236,49246,59,2115,426291
202204,176,28100,C,Kankakee  IL ,43,43,10286,0,0,0,0,0,0,0,0,0,38,38,8836,0,0,0,0,0,0,0,0,0
202204,176,33140,C,Michigan City-La Porte  IN ,30,30,8661,0,0,0,0,0,0,0,0,0,0,0,0,0,0,0,0,0,0,0,0,0
202204,178,17140,C,Cincinnati  OH-KY-IN ,1516,1516,463249,49,98,14434,16,54,7865,27,485,39292,1280,1280,403875,49,98,14434,16,54,7865,23,437,35289
202204,184,10420,C,Akron  OH ,242,242,83145,0,0,0,10,36,4471,33,187,22401,224,224,78064,0,0,0,6,24,1433,29,158,22013
202204,184,15940,C,Canton-Massillon  OH ,145,145,46917,11,22,4192,5,16,1725,4,28,2151,123,123,43576,11,22,4192,2,7,1264,0,0,0
202204,184,17460,C,Cleveland-Elyria  OH ,1004,1004,300746,3,6,174,4,14,1308,11,208,35315,764,764,247992,0,0,0,3,11,1100,10,203,31357
202204,190,17860,C,Columbia  MO ,187,187,68215,1,2,296,0,0,0,3,27,3430,185,185,67670,1,2,296,0,0,0,3,27,3430
202204,192,17900,C,Columbia  SC ,1920,1920,427618,0,0,0,33,125,16875,31,770,99270,626,626,120162,0,0,0,33,125,16875,23,726,92815
202204,194,12220,C,Auburn-Opelika  AL ,491,491,119471,4,8,1420,3,10,1308,10,453,46662,104,104,30550,0,0,0,0,0,0,0,0,0
202204,194,17980,C,Columbus  GA-AL ,296,296,81008,12,24,4500,0,0,0,16,450,104354,286,286,78886,12,24,4500,0,0,0,16,450,104354
202204,198,18140,C,Columbus  OH ,2051,2051,691055,13,26,6095,4,15,1278,92,1597,111656,1722,1722,594076,11,22,5320,4,15,1278,85,1561,107256
202204,204,18580,C,Corpus Christi  TX ,685,685,166301,1,2,247,0,0,0,8,123,10151,509,509,119996,0,0,0,0,0,0,0,0,0
202204,206,19100,C,Dallas-Fort Worth-Arlington  TX ,17898,17898,4885612,117,234,29505,62,228,32871,219,9333,1217266,15624,15624,4276562,105,210,26170,56,207,30854,211,9198,1201377
202204,206,43300,C,Sherman-Denison  TX ,620,620,106577,5,10,793,0,0,0,13,437,54856,520,520,92107,1,2,257,0,0,0,9,396,50458
202204,209,19340,C,Davenport-Moline-Rock Island  IA-IL ,190,190,42440,3,6,1045,5,20,4041,2,10,1188,144,144,31045,2,4,720,5,20,4041,0,0,0
202204,212,19430,C,Dayton-Kettering  OH ,483,483,166221,2,4,507,3,9,1422,10,359,48283,323,323,119761,0,0,0,1,3,825,6,247,34697
202204,212,44220,C,Springfield  OH ,38,38,12442,0,0,0,1,4,376,1,6,652,38,38,12442,0,0,0,1,4,376,1,6,652
202204,216,14500,C,Boulder  CO ,122,122,54130,5,10,4701,3,10,2143,18,233,46649,108,108,41094,5,10,4701,2,7,1440,11,132,25071
202204,216,19740,C,Denver-Aurora-Lakewood  CO ,4667,4667,1426595,127,254,52874,8,29,7209,112,4189,622666,3841,3841,1215316,125,250,51604,7,26,6711,93,3523,534253
202204,216,24540,C,Greeley  CO ,1286,1286,360933,13,26,3587,6,21,4925,63,1172,158241,481,481,144249,0,0,0,2,8,2027,55,1061,143434
202204,218,11180,C,Ames  IA ,89,89,26754,0,0,0,0,0,0,0,0,0,45,45,15730,0,0,0,0,0,0,0,0,0
202204,218,19780,C,Des Moines-West Des Moines  IA ,1398,1398,423321,23,46,10939,4,15,3578,13,445,74433,1338,1338,403932,21,42,10358,3,12,2948,6,398,69566
202204,220,11460,C,Ann Arbor  MI ,230,230,70844,1,2,290,3,9,1458,1,5,550,171,171,54845,1,2,290,1,3,700,0,0,0
202204,220,19820,C,Detroit-Warren-Dearborn  MI ,1708,1708,590972,8,16,3657,15,54,9093,41,1148,376301,1314,1314,493182,6,12,3202,7,27,6341,26,485,259619
202204,220,22420,C,Flint  MI ,150,150,38168,0,0,0,15,48,1099,0,0,0,92,92,23925,0,0,0,15,48,1099,0,0,0
202204,220,33780,C,Monroe  MI ,67,67,17378,0,0,0,1,4,500,4,29,1316,34,34,10382,0,0,0,1,4,500,0,0,0
202204,222,20020,C,Dothan  AL ,178,178,51795,5,10,866,0,0,0,0,0,0,124,124,39673,5,10,866,0,0,0,0,0,0
202204,232,20740,C,Eau Claire  WI ,113,113,38868,17,34,6979,0,0,0,4,78,11131,85,85,30178,8,16,3392,0,0,0,2,18,3400
202204,236,21300,C,Elmira  NY ,11,11,2138,0,0,0,0,0,0,4,57,8466,0,0,0,0,0,0,0,0,0,0,0,0
202204,238,21340,C,El Paso  TX ,993,993,233005,19,38,4745,3,9,1181,9,62,7385,148,148,35588,0,0,0,0,0,0,0,0,0
202204,238,29740,C,Las Cruces  NM ,436,436,115097,0,0,0,2,6,474,4,29,2101,0,0,0,0,0,0,0,0,0,0,0,0
202204,240,21500,C,Erie  PA ,64,64,21721,0,0,0,0,0,0,1,6,450,41,41,16459,0,0,0,0,0,0,1,6,450
202204,244,22020,C,Fargo  ND-MN ,304,304,87670,0,0,0,0,0,0,0,0,0,296,296,84290,0,0,0,0,0,0,0,0,0
202204,246,22180,C,Fayetteville  NC ,882,882,174034,0,0,0,0,0,0,2,10,1380,592,592,133627,0,0,0,0,0,0,2,10,1380
202204,258,23060,C,Fort Wayne  IN ,529,529,151432,23,46,3456,0,0,0,3,24,1783,37,37,13434,1,2,429,0,0,0,0,0,0
202204,260,23420,C,Fresno  CA ,1054,1054,311913,1,2,324,4,15,1894,15,176,29933,106,106,32645,0,0,0,0,0,0,2,47,6332
202204,260,25260,C,Hanford-Corcoran  CA ,118,118,32179,1,2,360,0,0,0,1,5,1331,11,11,2806,0,0,0,0,0,0,0,0,0
202204,260,31460,C,Madera  CA ,327,327,77279,0,0,0,0,0,0,4,64,7033,327,327,77279,0,0,0,0,0,0,4,64,7033
202204,264,23540,C,Gainesville  FL ,732,732,144699,3,6,349,0,0,0,5,406,13824,456,456,99139,3,6,349,0,0,0,0,0,0
202204,266,24340,C,Grand Rapids-Kentwood  MI ,841,841,267405,15,30,6392,12,42,6690,15,210,23365,574,574,189940,1,2,175,8,30,4766,1,50,6000
202204,266,34740,C,Muskegon  MI ,94,94,24434,1,2,288,0,0,0,9,217,15624,63,63,17436,0,0,0,0,0,0,9,217,15624
202204,267,24580,C,Green Bay  WI ,254,254,95508,4,8,1818,0,0,0,8,58,4944,159,159,65194,1,2,520,0,0,0,0,0,0
202204,268,15500,C,Burlington  NC ,551,551,92122,1,2,180,0,0,0,1,26,1291,504,504,82723,1,2,180,0,0,0,0,0,0
202204,268,24660,C,Greensboro-High Point  NC ,965,965,258162,7,14,3922,0,0,0,23,576,82592,720,720,170155,7,14,3922,0,0,0,23,576,82592
202204,268,49180,C,Winston-Salem  NC ,1379,1379,327667,0,0,0,1,3,276,4,23,907,974,974,216484,0,0,0,0,0,0,0,0,0
202204,272,24780,C,Greenville  NC ,301,301,73123,12,24,2333,0,0,0,0,0,0,161,161,40571,12,24,2333,0,0,0,0,0,0
202204,273,24860,C,Greenville-Anderson  SC ,2466,2466,651214,20,40,4996,10,36,1685,69,956,124915,2191,2191,582859,20,40,4996,0,0,0,41,593,98606
202204,273,43900,C,Spartanburg  SC ,1149,1149,188705,0,0,0,0,0,0,1,22,2639,0,0,0,0,0,0,0,0,0,0,0,0
202204,276,23900,C,Gettysburg  PA ,119,119,36342,0,0,0,0,0,0,0,0,0,119,119,36342,0,0,0,0,0,0,0,0,0
202204,276,25420,C,Harrisburg-Carlisle  PA ,539,539,128718,0,0,0,3,11,868,15,388,34653,412,412,98702,0,0,0,0,0,0,9,237,24841
202204,276,30140,C,Lebanon  PA ,68,68,13278,0,0,0,0,0,0,4,23,4029,8,8,1725,0,0,0,0,0,0,0,0,0
202204,276,49620,C,York-Hanover  PA ,372,372,99619,0,0,0,0,0,0,6,64,5396,250,250,73504,0,0,0,0,0,0,0,0,0
202204,277,25500,C,Harrisonburg  VA ,300,300,64339,0,0,0,0,0,0,1,5,680,300,300,64339,0,0,0,0,0,0,1,5,680
202204,277,44420,C,Staunton  VA ,122,122,31754,1,2,200,0,0,0,1,20,1500,122,122,31754,1,2,200,0,0,0,1,20,1500
202204,278,25540,C,Hartford-East Hartford-Middletown  CT ,219,219,55524,42,84,5094,1,3,400,14,115,8375,97,97,24811,6,12,1383,0,0,0,0,0,0
202204,278,35980,C,Norwich-New London  CT ,139,139,37205,1,2,327,0,0,0,1,10,2049,94,94,25412,1,2,327,0,0,0,1,10,2049
202204,279,25620,C,Hattiesburg  MS ,88,88,12457,0,0,0,1,3,125,1,5,400,0,0,0,0,0,0,0,0,0,0,0,0
202204,284,26300,C,Hot Springs  AR ,18,18,5387,2,4,480,0,0,0,0,0,0,18,18,5387,2,4,480,0,0,0,0,0,0
202204,288,26420,C,Houston-The Woodlands-Sugar Land  TX ,19841,19841,4752084,87,174,21435,1,4,280,232,6595,757068,18129,18129,4324790,81,162,19894,1,4,280,217,6445,743028
202204,290,19460,C,Decatur  AL ,113,113,28924,0,0,0,0,0,0,0,0,0,108,108,27845,0,0,0,0,0,0,0,0,0
202204,290,26620,C,Huntsville  AL ,1585,1585,322298,2,4,337,0,0,0,9,140,17393,441,441,126469,0,0,0,0,0,0,0,0,0
202204,292,26820,C,Idaho Falls  ID ,485,485,94994,2,4,264,9,34,4295,5,72,8133,472,472,91981,2,4,264,7,28,3395,5,72,8133
202204,294,18020,C,Columbus  IN ,59,59,15417,0,0,0,0,0,0,0,0,0,0,0,0,0,0,0,0,0,0,0,0,0
202204,294,26900,C,Indianapolis-Carmel-Anderson  IN ,3351,3351,1120841,42,84,13622,4,15,1665,57,2585,330624,3140,3140,1066981,40,80,13152,4,15,1665,57,2585,330624
202204,294,34620,C,Muncie  IN ,96,96,10456,0,0,0,0,0,0,0,0,0,80,80,6068,0,0,0,0,0,0,0,0,0
202204,296,27060,C,Ithaca  NY ,27,27,7375,1,2,320,0,0,0,4,21,1438,9,9,1674,0,0,0,0,0,0,0,0,0
202204,297,27180,C,Jackson  TN ,187,187,43752,0,0,0,0,0,0,0,0,0,35,35,9951,0,0,0,0,0,0,0,0,0
202204,298,27140,C,Jackson  MS ,502,502,126096,0,0,0,1,3,131,0,0,0,353,353,91874,0,0,0,0,0,0,0,0,0
202204,300,27260,C,Jacksonville  FL ,5625,5625,1349886,6,12,1489,9,27,7953,69,3092,382446,5584,5584,1335343,5,10,1189,9,27,7953,69,3092,382446
202204,304,27740,C,Johnson City  TN ,243,243,61860,1,2,450,0,0,0,11,101,8910,144,144,46875,0,0,0,0,0,0,11,101,8910
202204,304,28700,C,Kingsport-Bristol  TN-VA ,282,282,63996,12,24,4420,10,36,4897,4,45,2632,214,214,55132,12,24,4420,8,30,4205,0,0,0
202204,306,27780,C,Johnstown  PA ,24,24,5506,0,0,0,0,0,0,0,0,0,0,0,0,0,0,0,0,0,0,0,0,0
202204,308,27860,C,Jonesboro  AR ,270,270,41002,16,32,2290,21,69,3684,6,36,2037,44,44,7216,0,0,0,3,10,685,0,0,0
202204,309,27900,C,Joplin  MO ,200,200,37133,15,30,2640,2,7,714,4,58,6023,93,93,16343,3,6,612,1,4,575,0,0,0
202204,310,12980,C,Battle Creek  MI ,24,24,5826,0,0,0,0,0,0,0,0,0,5,5,1453,0,0,0,0,0,0,0,0,0
202204,310,28020,C,Kalamazoo-Portage  MI ,130,130,38836,5,10,2120,1,3,461,0,0,0,53,53,17591,2,4,921,0,0,0,0,0,0
202204,312,28140,C,Kansas City  MO-KS ,2018,2018,661285,28,56,13808,15,54,9037,58,2195,296338,1657,1657,515494,15,30,4326,14,51,8637,55,1861,251450
202204,312,29940,C,Lawrence  KS ,55,55,20870,3,6,589,0,0,0,0,0,0,27,27,10475,0,0,0,0,0,0,0,0,0
202204,312,41140,C,St. Joseph  MO-KS ,30,30,7397,2,4,450,0,0,0,0,0,0,10,10,2980,0,0,0,0,0,0,0,0,0
202204,313,28420,C,Kennewick-Richland  WA ,590,590,187316,1,2,643,1,4,566,4,168,21910,196,196,72405,0,0,0,1,4,566,4,168,21910
202204,313,47460,C,Walla Walla  WA ,36,36,12900,4,8,1585,0,0,0,0,0,0,31,31,12400,4,8,1585,0,0,0,0,0,0
202204,315,28940,C,Knoxville  TN ,1600,1600,398565,0,0,0,1,3,405,20,499,59485,1096,1096,294145,0,0,0,0,0,0,12,386,50585
202204,315,34100,C,Morristown  TN ,271,271,64140,1,2,650,8,26,3746,0,0,0,60,60,10253,1,2,650,8,26,3746,0,0,0
202204,316,29020,C,Kokomo  IN ,42,42,12520,0,0,0,0,0,0,0,0,0,35,35,10381,0,0,0,0,0,0,0,0,0
202204,318,29180,C,Lafayette  LA ,774,774,187418,0,0,0,0,0,0,1,11,3245,359,359,81319,0,0,0,0,0,0,1,11,3245
202204,320,29200,C,Lafayette-West Lafayette  IN ,162,162,49587,0,0,0,0,0,0,3,145,16019,144,144,45522,0,0,0,0,0,0,0,0,0
202204,324,29340,C,Lake Charles  LA ,347,347,62322,9,18,1523,0,0,0,0,0,0,120,120,19445,7,14,1330,0,0,0,0,0,0
202204,332,29820,C,Las Vegas-Henderson-Paradise  NV ,4398,4398,1209750,16,32,5929,29,115,12690,88,1685,156191,4398,4398,1209750,16,32,5929,29,115,12690,88,1685,156191
202204,336,30460,C,Lexington-Fayette  KY ,492,492,121753,7,14,1689,12,39,5265,12,347,33189,170,170,50541,6,12,1470,8,26,3360,0,0,0
202204,338,30620,C,Lima  OH ,51,51,10738,1,2,80,0,0,0,1,6,702,8,8,2475,0,0,0,0,0,0,0,0,0
202204,339,30700,C,Lincoln  NE ,467,467,145649,9,18,2722,2,7,273,26,776,59784,453,453,142146,8,16,2554,2,7,273,26,776,59784
202204,340,30780,C,Little Rock-North Little Rock-Conway  AR ,793,793,195743,13,26,2054,1,3,226,16,346,26434,560,560,152410,4,8,630,1,3,226,9,240,19000
202204,340,38220,C,Pine Bluff  AR ,13,13,1882,0,0,0,0,0,0,2,24,550,5,5,623,0,0,0,0,0,0,2,24,550
202204,348,31080,C,Los Angeles-Long Beach-Anaheim  CA ,3932,3932,1161701,278,556,135034,50,157,46141,180,4923,925949,3164,3164,863329,257,514,124741,42,132,41480,145,4623,871399
202204,348,37100,C,Oxnard-Thousand Oaks-Ventura  CA ,189,189,62476,6,12,2739,2,6,1322,24,400,49062,105,105,37259,0,0,0,0,0,0,7,156,22410
202204,348,40140,C,Riverside-San Bernardino-Ontario  CA ,4824,4824,1407084,27,54,4719,18,64,13491,74,1004,118552,3495,3495,1001329,27,54,4719,18,64,13491,39,721,81360
202204,350,21060,C,Elizabethtown-Fort Knox  KY ,169,169,44793,8,16,1805,0,0,0,0,0,0,134,134,36000,7,14,1605,0,0,0,0,0,0
202204,350,31140,C,Louisville-Jefferson County  KY-IN ,1368,1368,383675,10,20,3130,0,0,0,5,92,8717,816,816,262545,4,8,1179,0,0,0,2,42,3610
202204,352,31180,C,Lubbock  TX ,924,924,224252,87,174,25096,7,28,4051,14,198,19950,915,915,222450,87,174,25096,7,28,4051,12,188,19232
202204,356,31420,C,Macon-Bibb County  GA ,221,221,45289,0,0,0,0,0,0,0,0,0,75,75,16000,0,0,0,0,0,0,0,0,0
202204,356,47580,C,Warner Robins  GA ,742,742,120072,0,0,0,0,0,0,0,0,0,629,629,93522,0,0,0,0,0,0,0,0,0
202204,357,27500,C,Janesville-Beloit  WI ,111,111,29274,7,14,2145,0,0,0,4,114,40907,63,63,17260,7,14,2145,0,0,0,1,76,36000
202204,357,31540,C,Madison  WI ,550,550,225565,22,44,10884,4,15,4000,20,1028,162727,376,376,170230,8,16,3721,4,15,4000,14,919,144771
202204,359,31860,C,Mankato  MN ,77,77,23422,3,6,120,0,0,0,6,95,13373,32,32,12526,3,6,120,0,0,0,2,34,4324
202204,360,31900,C,Mansfield  OH ,41,41,12333,2,4,400,10,40,5491,6,68,8512,25,25,7311,0,0,0,9,36,5199,5,63,7983
202204,365,32580,C,McAllen-Edinburg-Mission  TX ,1524,1524,322787,31,62,5382,117,466,28601,15,222,13533,1152,1152,258233,20,40,4038,103,411,27040,15,222,13533
202204,366,24420,C,Grants Pass  OR ,100,100,21871,6,12,1462,0,0,0,0,0,0,39,39,9877,6,12,1462,0,0,0,0,0,0
202204,366,32780,C,Medford  OR ,286,286,79080,5,10,1888,8,31,2984,7,77,11628,244,244,67235,4,8,1459,8,31,2984,3,56,8805
202204,368,32820,C,Memphis  TN-MS-AR ,1431,1431,333025,1,2,650,0,0,0,6,306,14828,1273,1273,298333,1,2,650,0,0,0,4,296,13610
202204,370,33100,C,Miami-Fort Lauderdale-Pompano Beach  FL ,2552,2552,1143271,41,82,14986,12,45,10388,91,3442,597774,2132,2132,954373,41,82,14986,10,39,8094,69,3167,564329
202204,370,38940,C,Port St. Lucie  FL ,1746,1746,463470,71,142,17203,18,56,3135,39,1024,151929,1493,1493,369882,70,140,16868,18,56,3135,37,1009,148492
202204,370,42680,C,Sebastian-Vero Beach  FL ,349,349,175865,7,14,2299,1,3,202,0,0,0,77,77,23347,0,0,0,0,0,0,0,0,0
202204,372,33260,C,Midland  TX ,195,195,43826,0,0,0,0,0,0,0,0,0,195,195,43826,0,0,0,0,0,0,0,0,0
202204,372,36220,C,Odessa  TX ,346,346,88652,0,0,0,0,0,0,0,0,0,346,346,88652,0,0,0,0,0,0,0,0,0
202204,376,33340,C,Milwaukee-Waukesha  WI ,521,521,229336,50,100,25094,0,0,0,9,533,90299,373,373,165909,47,94,23834,0,0,0,5,477,82729
202204,376,39540,C,Racine  WI ,46,46,19117,4,8,1200,0,0,0,0,0,0,45,45,18742,4,8,1200,0,0,0,0,0,0
202204,378,33460,C,Minneapolis-St. Paul-Bloomington  MN-WI ,3373,3373,1144780,21,42,10032,17,63,16513,74,5473,1063124,2962,2962,1007218,18,36,8636,16,60,15871,54,4763,959653
202204,378,41060,C,St. Cloud  MN ,133,133,39534,5,10,1482,0,0,0,0,0,0,51,51,17702,0,0,0,0,0,0,0,0,0
202204,380,19300,C,Daphne-Fairhope-Foley  AL ,1157,1157,317192,0,0,0,0,0,0,2,17,1213,701,701,208726,0,0,0,0,0,0,0,0,0
202204,380,33660,C,Mobile  AL ,254,254,58884,0,0,0,0,0,0,0,0,0,212,212,49965,0,0,0,0,0,0,0,0,0
202204,384,33740,C,Monroe  LA ,155,155,36063,1,2,74,5,15,2358,6,35,4113,1,1,300,0,0,0,0,0,0,0,0,0
202204,388,33860,C,Montgomery  AL ,372,372,95392,0,0,0,0,0,0,0,0,0,367,367,94395,0,0,0,0,0,0,0,0,0
202204,390,34060,C,Morgantown  WV ,4,4,486,0,0,0,0,0,0,0,0,0,0,0,0,0,0,0,0,0,0,0,0,0
202204,396,34820,C,Myrtle Beach-Conway-North Myrtle Beach  SC-NC ,3673,3673,852103,12,24,1856,0,0,0,16,380,42475,2527,2527,490167,11,22,1631,0,0,0,9,295,36747
202204,400,34980,C,Nashville-Davidson--Murfreesboro--Franklin  TN ,6606,6606,1936672,10,20,2029,17,66,11413,57,1888,202634,5714,5714,1712494,10,20,2029,7,27,5638,41,1764,190914
202204,404,35100,C,New Bern  NC ,222,222,53761,0,0,0,0,0,0,2,52,6739,41,41,12300,0,0,0,0,0,0,0,0,0
202204,406,25220,C,Hammond  LA ,337,337,63868,0,0,0,0,0,0,12,116,8097,298,298,57223,0,0,0,0,0,0,0,0,0
202204,406,35380,C,New Orleans-Metairie  LA ,1265,1265,343060,58,116,13164,0,0,0,5,214,38325,942,942,265984,9,18,1997,0,0,0,0,0,0
202204,408,14860,C,Bridgeport-Stamford-Norwalk  CT ,251,251,171853,9,18,3075,0,0,0,12,167,21983,176,176,118793,5,10,2447,0,0,0,6,126,14989
202204,408,20700,C,East Stroudsburg  PA ,61,61,19337,0,0,0,0,0,0,2,12,2921,28,28,10806,0,0,0,0,0,0,0,0,0
202204,408,28740,C,Kingston  NY ,66,66,25746,0,0,0,0,0,0,0,0,0,44,44,19082,0,0,0,0,0,0,0,0,0
202204,408,35300,C,New Haven-Milford  CT ,188,188,45554,5,10,1991,2,7,1719,12,229,21076,33,33,10126,3,6,1217,0,0,0,1,14,700
202204,408,35620,C,New York-Newark-Jersey City  NY-NJ-PA ,4212,4212,1201624,240,480,62554,73,237,23642,503,16929,2048449,3054,3054,860705,190,380,53471,48,160,19106,292,13309,1653047
202204,408,39100,C,Poughkeepsie-Newburgh-Middletown  NY ,274,274,88935,1,2,298,5,18,4479,8,153,24949,91,91,35977,0,0,0,5,18,4479,7,148,24262
202204,408,45940,C,Trenton-Princeton  NJ ,68,68,7930,0,0,0,0,0,0,9,102,4326,28,28,3344,0,0,0,0,0,0,5,78,2669
202204,412,35840,C,North Port-Sarasota-Bradenton  FL ,4575,4575,1327035,144,288,42863,6,22,7300,54,1495,170449,4575,4575,1327035,144,288,42863,6,22,7300,54,1495,170449
202204,412,39460,C,Punta Gorda  FL ,1715,1715,510176,43,86,14322,6,24,6269,13,340,51051,1715,1715,510176,43,86,14322,6,24,6269,13,340,51051
202204,416,36420,C,Oklahoma City  OK ,2675,2675,749844,74,148,17529,1,4,601,0,0,0,2252,2252,662906,56,112,12282,1,4,601,0,0,0
202204,420,36540,C,Omaha-Council Bluffs  NE-IA ,1067,1067,244193,13,26,3153,45,180,11307,50,1245,98604,885,885,196479,7,14,1329,45,180,11307,44,1193,92979
202204,422,19660,C,Deltona-Daytona Beach-Ormond Beach  FL ,2277,2277,738912,22,44,7633,0,0,0,14,703,87536,1983,1983,645494,21,42,7118,0,0,0,8,604,75837
202204,422,29460,C,Lakeland-Winter Haven  FL ,4016,4016,988878,11,22,1645,0,0,0,24,720,83614,3134,3134,732876,11,22,1645,0,0,0,24,720,83614
202204,422,36740,C,Orlando-Kissimmee-Sanford  FL ,6704,6704,1751676,27,54,11231,22,87,10642,134,5158,674473,5937,5937,1543437,25,50,10133,22,87,10642,123,4959,657756
202204,422,45540,C,The Villages  FL ,1462,1462,389120,0,0,0,0,0,0,6,284,101772,1458,1458,388361,0,0,0,0,0,0,6,284,101772
202204,425,37620,C,Parkersburg-Vienna  WV ,24,24,5629,0,0,0,0,0,0,0,0,0,16,16,4257,0,0,0,0,0,0,0,0,0
202204,426,37860,C,Pensacola-Ferry Pass-Brent  FL ,1419,1419,346867,9,18,2319,0,0,0,4,162,20180,1419,1419,346867,9,18,2319,0,0,0,4,162,20180
202204,428,12100,C,Atlantic City-Hammonton  NJ ,196,196,54607,6,12,2472,0,0,0,6,96,5508,169,169,49928,6,12,2472,0,0,0,3,60,1011
202204,428,20100,C,Dover  DE ,364,364,59386,0,0,0,0,0,0,0,0,0,337,337,53132,0,0,0,0,0,0,0,0,0
202204,428,36140,C,Ocean City  NJ ,204,204,100031,26,52,13319,2,7,12507,1,5,50,203,203,99740,26,52,13319,1,4,11997,1,5,50
202204,428,37980,C,Philadelphia-Camden-Wilmington  PA-NJ-DE-MD ,2821,2821,529147,59,118,15671,41,141,19054,107,1450,167699,1672,1672,392802,55,110,14597,37,126,16512,68,1052,119295
202204,428,39740,C,Reading  PA ,154,154,40737,3,6,959,0,0,0,4,20,2631,94,94,26594,3,6,959,0,0,0,0,0,0
202204,428,47220,C,Vineland-Bridgeton  NJ ,53,53,5793,0,0,0,0,0,0,0,0,0,33,33,4164,0,0,0,0,0,0,0,0,0
202204,429,38060,C,Phoenix-Mesa-Chandler  AZ ,12872,12872,3525239,381,762,86022,19,72,11155,138,4305,703156,12067,12067,3237687,378,756,85243,19,72,11155,132,3779,611177
202204,430,38300,C,Pittsburgh  PA ,1234,1234,352120,12,24,4735,8,27,3704,23,356,56099,587,587,197500,7,14,3739,2,8,1745,3,62,12045
202204,430,48260,C,Weirton-Steubenville  WV-OH ,10,10,2448,0,0,0,0,0,0,0,0,0,4,4,1113,0,0,0,0,0,0,0,0,0
202204,438,30340,C,Lewiston-Auburn  ME ,61,61,15296,1,2,200,0,0,0,2,30,3500,27,27,7362,0,0,0,0,0,0,2,30,3500
202204,438,38860,C,Portland-South Portland  ME ,691,691,215421,18,36,6699,1,3,250,34,1107,132583,171,171,64772,8,16,3186,0,0,0,20,1035,125911
202204,440,10540,C,Albany-Lebanon  OR ,64,64,16666,2,4,761,0,0,0,8,70,10037,29,29,8815,0,0,0,0,0,0,0,0,0
202204,440,18700,C,Corvallis  OR ,76,76,22083,0,0,0,0,0,0,0,0,0,76,76,22083,0,0,0,0,0,0,0,0,0
202204,440,31020,C,Longview  WA ,111,111,28903,0,0,0,2,8,850,0,0,0,106,106,27267,0,0,0,2,8,850,0,0,0
202204,440,38900,C,Portland-Vancouver-Hillsboro  OR-WA ,2485,2485,762481,9,18,2941,5,18,3466,68,1409,202705,2339,2339,726884,7,14,1908,5,18,3466,64,1364,195701
202204,440,41420,C,Salem  OR ,393,393,120931,1,2,354,1,4,265,39,444,51259,228,228,74056,0,0,0,1,4,265,13,168,19566
202204,444,39380,C,Pueblo  CO ,236,236,38827,0,0,0,0,0,0,0,0,0,0,0,0,0,0,0,0,0,0,0,0,0
202204,450,20500,C,Durham-Chapel Hill  NC ,1270,1270,439853,5,10,405,0,0,0,11,457,65559,954,954,326375,4,8,132,0,0,0,6,347,52388
202204,450,39580,C,Raleigh-Cary  NC ,5426,5426,1328815,5,10,1531,0,0,0,69,2937,336468,5151,5151,1266559,5,10,1531,0,0,0,68,2903,333185
202204,452,39660,C,Rapid City  SD ,236,236,67663,4,8,1557,0,0,0,7,130,16018,220,220,61924,3,6,837,0,0,0,7,130,16018
202204,454,39820,C,Redding  CA ,135,135,41572,0,0,0,0,0,0,0,0,0,74,74,24659,0,0,0,0,0,0,0,0,0
202204,456,16180,C,Carson City  NV ,71,71,18717,0,0,0,0,0,0,5,30,2995,0,0,0,0,0,0,0,0,0,0,0,0
202204,456,39900,C,Reno  NV ,952,952,262746,18,36,4626,6,22,3003,79,1361,166569,208,208,52473,7,14,2319,1,4,636,33,582,68069
202204,462,40340,C,Rochester  MN ,194,194,61198,2,4,326,1,3,380,3,394,42300,121,121,41590,0,0,0,0,0,0,3,394,42300
202204,464,40380,C,Rochester  NY ,339,339,102142,10,20,3756,17,64,7968,22,456,54798,206,206,68215,10,20,3756,15,58,7338,14,276,34537
202204,466,40420,C,Rockford  IL ,83,83,15303,3,6,1025,0,0,0,0,0,0,56,56,8567,3,6,1025,0,0,0,0,0,0
202204,468,40580,C,Rocky Mount  NC ,192,192,30325,0,0,0,0,0,0,0,0,0,99,99,15423,0,0,0,0,0,0,0,0,0
202204,472,40900,C,Sacramento-Roseville-Folsom  CA ,3106,3106,923738,20,40,4909,11,44,10878,16,632,102651,3099,3099,921285,20,40,4909,11,44,10878,16,632,102651
202204,472,49700,C,Yuba City  CA ,289,289,73903,10,20,1920,0,0,0,1,6,693,279,279,70383,9,18,1745,0,0,0,0,0,0
202204,474,13020,C,Bay City  MI ,18,18,5760,0,0,0,0,0,0,0,0,0,5,5,2406,0,0,0,0,0,0,0,0,0
202204,474,33220,C,Midland  MI ,31,31,6656,3,6,580,0,0,0,0,0,0,20,20,3407,3,6,580,0,0,0,0,0,0
202204,474,40980,C,Saginaw  MI ,52,52,10996,3,6,696,1,3,495,0,0,0,27,27,5689,2,4,400,0,0,0,0,0,0
202204,476,41180,C,St. Louis  MO-IL ,1609,1609,523340,24,48,5945,7,24,3641,43,1375,183505,1099,1099,350298,15,30,4158,3,12,1456,25,838,109922
202204,480,41540,C,Salisbury  MD-DE ,1528,1528,258610,44,88,9256,0,0,0,9,180,22294,1512,1512,256807,43,86,9116,0,0,0,9,180,22294
202204,482,36260,C,Ogden-Clearfield  UT ,1498,1498,448012,1,2,290,9,32,5645,28,976,137547,1241,1241,374093,0,0,0,3,10,1911,16,896,129658
202204,482,39340,C,Provo-Orem  UT ,2656,2656,817015,11,22,4749,20,74,14851,73,1059,140543,2643,2643,812282,10,20,4393,20,74,14851,73,1059,140543
202204,482,41620,C,Salt Lake City  UT ,1803,1803,512248,13,26,2678,22,78,17056,75,2649,376122,1422,1422,398520,0,0,0,11,43,10822,39,940,134557
202204,484,41700,C,San Antonio-New Braunfels  TX ,4515,4515,1092266,30,60,7717,12,44,5933,128,3903,481619,4073,4073,990889,30,60,7717,12,44,5933,102,3209,403909
202204,488,32900,C,Merced  CA ,131,131,45061,0,0,0,0,0,0,0,0,0,60,60,16590,0,0,0,0,0,0,0,0,0
202204,488,33700,C,Modesto  CA ,273,273,57403,2,4,1100,0,0,0,3,15,1083,183,183,35780,2,4,1100,0,0,0,0,0,0
202204,488,34900,C,Napa  CA ,52,52,16246,1,2,233,0,0,0,5,289,48794,0,0,0,0,0,0,0,0,0,0,0,0
202204,488,41860,C,San Francisco-Oakland-Berkeley  CA ,1378,1378,445658,22,44,11712,8,27,7458,70,1764,431865,959,959,303937,13,26,4780,4,15,3997,30,1336,337284
202204,488,41940,C,San Jose-Sunnyvale-Santa Clara  CA ,792,792,259440,4,8,1750,0,0,0,32,1000,146758,611,611,191934,2,4,1300,0,0,0,26,822,109655
202204,488,42100,C,Santa Cruz-Watsonville  CA ,122,122,28683,0,0,0,1,3,1352,8,81,6410,41,41,13659,0,0,0,1,3,1352,0,0,0
202204,488,42220,C,Santa Rosa-Petaluma  CA ,363,363,95634,0,0,0,1,3,215,12,398,100707,274,274,78829,0,0,0,1,3,215,7,373,96124
202204,488,44700,C,Stockton  CA ,1296,1296,410889,1,2,400,0,0,0,12,180,24823,187,187,68405,0,0,0,0,0,0,2,24,5271
202204,488,46700,C,Vallejo  CA ,355,355,109721,0,0,0,0,0,0,0,0,0,307,307,98025,0,0,0,0,0,0,0,0,0
202204,496,25980,C,Hinesville  GA ,265,265,52564,0,0,0,0,0,0,0,0,0,145,145,24399,0,0,0,0,0,0,0,0,0
202204,496,42340,C,Savannah  GA ,981,981,258010,7,14,1377,5,20,2564,24,344,36057,733,733,211682,0,0,0,1,4,405,0,0,0
202204,500,14740,C,Bremerton-Silverdale-Port Orchard  WA ,438,438,133266,0,0,0,0,0,0,7,338,48777,438,438,133266,0,0,0,0,0,0,7,338,48777
202204,500,34580,C,Mount Vernon-Anacortes  WA ,98,98,29091,2,4,620,1,3,437,4,83,7747,98,98,29091,2,4,620,0,0,0,0,0,0
202204,500,36500,C,Olympia-Lacey-Tumwater  WA ,240,240,61751,8,16,2089,5,19,11302,32,586,67100,190,190,50494,8,16,2089,5,19,11302,28,565,66207
202204,500,42660,C,Seattle-Tacoma-Bellevue  WA ,2652,2652,945208,173,346,76962,112,368,73566,163,5995,926297,2143,2143,762026,166,332,73803,107,353,70257,131,5586,872631
202204,508,43340,C,Shreveport-Bossier City  LA ,375,375,98327,0,0,0,0,0,0,0,0,0,319,319,85016,0,0,0,0,0,0,0,0,0
202204,515,21140,C,Elkhart-Goshen  IN ,103,103,32161,0,0,0,0,0,0,0,0,0,102,102,31874,0,0,0,0,0,0,0,0,0
202204,515,35660,C,Niles  MI ,73,73,33432,3,6,1590,0,0,0,1,5,600,26,26,11180,3,6,1590,0,0,0,1,5,600
202204,515,43780,C,South Bend-Mishawaka  IN-MI ,130,130,49048,1,2,390,0,0,0,0,0,0,93,93,38869,1,2,390,0,0,0,0,0,0
202204,518,17660,C,Coeur dAlene  ID ,541,541,189027,8,16,2884,1,3,1257,31,503,54327,248,248,121219,1,2,485,0,0,0,6,108,15600
202204,518,44060,C,Spokane-Spokane Valley  WA ,691,691,190010,39,78,16643,7,26,4578,39,531,42686,247,247,75294,29,58,13172,6,23,4191,13,203,27870
202204,522,44100,C,Springfield  IL ,60,60,18788,2,4,598,0,0,0,0,0,0,33,33,11770,0,0,0,0,0,0,0,0,0
202204,524,44300,C,State College  PA ,90,90,31502,1,2,315,0,0,0,1,135,58941,58,58,25060,0,0,0,0,0,0,1,135,58941
202204,532,45060,C,Syracuse  NY ,134,134,33534,0,0,0,0,0,0,1,5,313,71,71,21273,0,0,0,0,0,0,0,0,0
202204,534,45780,C,Toledo  OH ,234,234,77726,1,2,225,2,8,400,9,48,2775,143,143,46731,1,2,225,2,8,400,8,43,2150
202204,536,46060,C,Tucson  AZ ,1840,1840,588640,10,20,2409,3,12,2771,45,709,90080,1212,1212,418307,1,2,268,3,12,2771,23,416,46117
202204,538,46140,C,Tulsa  OK ,1426,1426,378856,5,10,1434,2,6,645,13,219,23829,1321,1321,358275,4,8,1210,2,6,645,7,178,20676
202204,540,46340,C,Tyler  TX ,257,257,62735,18,36,4685,1,4,539,1,5,623,213,213,52232,18,36,4685,1,4,539,0,0,0
202204,544,47020,C,Victoria  TX ,72,72,16586,0,0,0,0,0,0,0,0,0,68,68,16489,0,0,0,0,0,0,0,0,0
202204,545,47260,C,Virginia Beach-Norfolk-Newport News  VA-NC ,1430,1430,375911,3,6,960,1,4,813,41,764,66551,1311,1311,364815,3,6,960,1,4,813,41,764,66551
202204,548,12580,C,Baltimore-Columbia-Towson  MD ,1193,1193,276126,1,2,350,0,0,0,33,1760,276248,1089,1089,256434,0,0,0,0,0,0,27,1382,209823
202204,548,15680,C,California-Lexington Park  MD ,85,85,30681,0,0,0,0,0,0,0,0,0,85,85,30681,0,0,0,0,0,0,0,0,0
202204,548,16540,C,Chambersburg-Waynesboro  PA ,120,120,33418,1,2,240,1,4,520,1,5,649,105,105,29817,1,2,240,1,4,520,0,0,0
202204,548,25180,C,Hagerstown-Martinsburg  MD-WV ,745,745,193983,0,0,0,0,0,0,12,268,30551,716,716,188280,0,0,0,0,0,0,12,268,30551
202204,548,47900,C,Washington-Arlington-Alexandria  DC-VA-MD-WV ,4724,4724,1264326,14,28,3520,2,7,1559,93,4604,590741,4229,4229,1129526,13,26,3350,1,4,700,75,4261,547689
202204,548,49020,C,Winchester  VA-WV ,255,255,68561,0,0,0,0,0,0,0,0,0,254,254,68329,0,0,0,0,0,0,0,0,0
202204,554,48140,C,Wausau-Weston  WI ,114,114,32409,2,4,490,0,0,0,3,24,3000,61,61,18048,1,2,190,0,0,0,3,24,3000
202204,556,48620,C,Wichita  KS ,563,563,198750,206,412,47986,5,16,1795,14,372,45703,417,417,152611,178,356,42222,2,7,1075,14,372,45703
202204,558,48700,C,Williamsport  PA ,22,22,6502,0,0,0,0,0,0,0,0,0,8,8,2787,0,0,0,0,0,0,0,0,0
202204,566,49660,C,Youngstown-Warren-Boardman  OH-PA ,102,102,23060,0,0,0,0,0,0,0,0,0,52,52,12568,0,0,0,0,0,0,0,0,0
202204,999,10180,C,Abilene  TX ,175,175,38798,11,22,2192,0,0,0,0,0,0,171,171,37871,11,22,2192,0,0,0,0,0,0
202204,999,10500,C,Albany  GA ,64,64,10533,0,0,0,0,0,0,2,33,3657,41,41,4734,0,0,0,0,0,0,0,0,0
202204,999,10780,C,Alexandria  LA ,115,115,32114,10,20,1620,0,0,0,0,0,0,80,80,22971,10,20,1620,0,0,0,0,0,0
202204,999,10900,C,Allentown-Bethlehem-Easton  PA-NJ ,447,447,105796,8,16,939,1,4,425,7,254,46707,347,347,84080,7,14,403,1,4,425,6,237,46512
202204,999,11260,C,Anchorage  AK ,297,297,94147,2,4,658,4,16,2755,7,82,12345,11,11,3027,2,4,658,0,0,0,0,0,0
202204,999,11500,C,Anniston-Oxford  AL ,33,33,5346,0,0,0,0,0,0,0,0,0,29,29,5009,0,0,0,0,0,0,0,0,0
202204,999,12260,C,Augusta-Richmond County  GA-SC ,1458,1458,357003,3,6,731,23,89,9222,6,48,3000,263,263,82566,3,6,731,23,89,9222,6,48,3000
202204,999,12420,C,Austin-Round Rock-Georgetown  TX ,8441,8441,2149349,53,106,10003,18,67,7678,188,7985,815169,6374,6374,1699025,48,96,9026,15,58,6753,184,7956,812371
202204,999,12540,C,Bakersfield  CA ,742,742,189994,1,2,88,1,3,278,0,0,0,170,170,26087,1,2,88,0,0,0,0,0,0
202204,999,12620,C,Bangor  ME ,81,81,19575,13,26,4681,3,11,2197,0,0,0,21,21,7005,12,24,4518,2,8,2000,0,0,0
202204,999,12940,C,Baton Rouge  LA ,1497,1497,328882,2,4,9071,0,0,0,0,0,0,248,248,49599,1,2,150,0,0,0,0,0,0
202204,999,13140,C,Beaumont-Port Arthur  TX ,565,565,129501,3,6,554,0,0,0,1,11,988,477,477,111865,0,0,0,0,0,0,0,0,0
202204,999,13220,C,Beckley  WV ,32,32,8757,0,0,0,0,0,0,0,0,0,28,28,8382,0,0,0,0,0,0,0,0,0
202204,999,13380,C,Bellingham  WA ,293,293,85234,2,4,948,15,57,11372,4,270,29750,149,149,44861,1,2,360,15,57,11372,4,270,29750
202204,999,13740,C,Billings  MT ,398,398,59229,16,32,4797,0,0,0,6,33,4698,215,215,52139,16,32,4797,0,0,0,6,33,4698
202204,999,13780,C,Binghamton  NY ,46,46,8249,0,0,0,0,0,0,12,114,10956,1,1,279,0,0,0,0,0,0,0,0,0
202204,999,13900,C,Bismarck  ND ,91,91,30587,6,12,2734,0,0,0,0,0,0,83,83,28452,6,12,2734,0,0,0,0,0,0
202204,999,13980,C,Blacksburg-Christiansburg  VA ,111,111,29685,1,2,190,0,0,0,1,53,13447,96,96,26747,1,2,190,0,0,0,1,53,13447
202204,999,15260,C,Brunswick  GA ,198,198,61422,5,10,1504,0,0,0,4,20,10783,0,0,0,0,0,0,0,0,0,0,0,0
202204,999,16060,C,Carbondale-Marion  IL ,36,36,4856,1,2,125,9,36,2255,2,10,1100,27,27,3526,1,2,125,9,36,2255,2,10,1100
202204,999,16220,C,Casper  WY ,64,64,15812,1,2,126,0,0,0,3,15,1494,30,30,6739,0,0,0,0,0,0,0,0,0
202204,999,16580,C,Champaign-Urbana  IL ,129,129,38232,0,0,0,0,0,0,3,367,74201,126,126,37701,0,0,0,0,0,0,3,367,74201
202204,999,16700,C,Charleston-North Charleston  SC ,2068,2068,685182,0,0,0,2,8,2414,26,617,57002,966,966,344177,0,0,0,2,8,2414,5,114,17656
202204,999,16820,C,Charlottesville  VA ,406,406,120040,4,8,1369,0,0,0,11,168,18469,27,27,7396,0,0,0,0,0,0,0,0,0
202204,999,16940,C,Cheyenne  WY ,194,194,32734,0,0,0,10,40,3732,0,0,0,191,191,32367,0,0,0,10,40,3732,0,0,0
202204,999,17020,C,Chico  CA ,390,390,148985,8,16,2379,11,44,3189,19,332,41991,298,298,130710,8,16,2379,11,44,3189,19,332,41991
202204,999,17300,C,Clarksville  TN-KY ,749,749,141612,4,8,537,23,91,8770,99,927,79441,735,735,140505,4,8,537,23,91,8770,99,927,79441
202204,999,17780,C,College Station-Bryan  TX ,710,710,151798,3,6,831,7,28,3261,9,75,9027,706,706,150974,3,6,831,7,28,3261,9,75,9027
202204,999,17820,C,Colorado Springs  CO ,1790,1790,650209,12,24,2222,2,8,872,54,2266,310332,1788,1788,650003,12,24,2222,2,8,872,54,2266,310332
202204,999,18880,C,Crestview-Fort Walton Beach-Destin  FL ,1167,1167,588320,3,6,909,3,9,1764,17,185,28744,1167,1167,588320,3,6,909,3,9,1764,17,185,28744
202204,999,19060,C,Cumberland  MD-WV ,14,14,3174,0,0,0,0,0,0,0,0,0,13,13,2989,0,0,0,0,0,0,0,0,0
202204,999,19180,C,Danville  IL ,2,2,413,0,0,0,0,0,0,0,0,0,0,0,0,0,0,0,0,0,0,0,0,0
202204,999,19500,C,Decatur  IL ,7,7,2150,0,0,0,0,0,0,0,0,0,5,5,1550,0,0,0,0,0,0,0,0,0
202204,999,20220,C,Dubuque  IA ,54,54,17726,0,0,0,0,0,0,1,20,524,23,23,8512,0,0,0,0,0,0,0,0,0
202204,999,20260,C,Duluth  MN-WI ,109,109,28551,2,4,1027,0,0,0,0,0,0,60,60,16179,2,4,1027,0,0,0,0,0,0
202204,999,20940,C,El Centro  CA ,136,136,24359,1,2,132,0,0,0,5,60,4275,58,58,9962,1,2,132,0,0,0,5,60,4275
202204,999,21420,C,Enid  OK ,20,20,5725,0,0,0,0,0,0,0,0,0,20,20,5725,0,0,0,0,0,0,0,0,0
202204,999,21660,C,Eugene-Springfield  OR ,348,348,92690,16,32,6282,0,0,0,15,207,30651,135,135,37752,5,10,1961,0,0,0,1,12,1660
202204,999,21780,C,Evansville  IN-KY ,272,272,81885,32,64,9976,0,0,0,5,95,4619,106,106,40154,22,44,7230,0,0,0,2,48,1120
202204,999,21820,C,Fairbanks  AK ,4,4,1265,0,0,0,2,6,1077,0,0,0,0,0,0,0,0,0,0,0,0,0,0,0
202204,999,22140,C,Farmington  NM ,58,58,12390,0,0,0,0,0,0,0,0,0,58,58,12390,0,0,0,0,0,0,0,0,0
202204,999,22220,C,Fayetteville-Springdale-Rogers  AR-MO ,1952,1952,581665,19,38,6663,20,79,6673,43,722,96796,1422,1422,452116,6,12,1279,18,72,5763,26,467,69430
202204,999,22380,C,Flagstaff  AZ ,179,179,73581,1,2,88,0,0,0,2,37,3415,179,179,73581,1,2,88,0,0,0,2,37,3415
202204,999,22500,C,Florence  SC ,245,245,43895,11,22,1650,0,0,0,0,0,0,243,243,43679,11,22,1650,0,0,0,0,0,0
202204,999,22520,C,Florence-Muscle Shoals  AL ,120,120,14873,0,0,0,0,0,0,0,0,0,39,39,5348,0,0,0,0,0,0,0,0,0
202204,999,22540,C,Fond du Lac  WI ,48,48,16080,0,0,0,0,0,0,1,10,793,6,6,2479,0,0,0,0,0,0,0,0,0
202204,999,22660,C,Fort Collins  CO ,565,565,189430,2,4,675,3,11,2439,18,212,33028,392,392,135378,2,4,675,2,8,1920,6,49,9422
202204,999,22900,C,Fort Smith  AR-OK ,145,145,26638,16,32,3134,4,12,1405,1,11,1520,108,108,22221,14,28,2809,3,9,1150,1,11,1520
202204,999,23460,C,Gadsden  AL ,77,77,12134,0,0,0,0,0,0,0,0,0,23,23,4334,0,0,0,0,0,0,0,0,0
202204,999,24140,C,Goldsboro  NC ,156,156,31230,0,0,0,0,0,0,3,72,5262,121,121,25363,0,0,0,0,0,0,0,0,0
202204,999,24220,C,Grand Forks  ND-MN ,27,27,7747,0,0,0,0,0,0,0,0,0,24,24,6226,0,0,0,0,0,0,0,0,0
202204,999,24260,C,Grand Island  NE ,71,71,14435,7,14,3079,6,18,2026,0,0,0,54,54,10868,7,14,3079,4,12,1576,0,0,0
202204,999,24300,C,Grand Junction  CO ,264,264,47038,2,4,401,0,0,0,2,48,3885,264,264,47038,2,4,401,0,0,0,2,48,3885
202204,999,24500,C,Great Falls  MT ,52,52,17213,1,2,600,0,0,0,1,121,24000,52,52,17213,1,2,600,0,0,0,1,121,24000
202204,999,25060,C,Gulfport-Biloxi  MS ,1053,1053,203187,1,2,185,5,19,1955,9,71,5283,641,641,135948,0,0,0,1,4,450,3,32,1981
202204,999,25860,C,Hickory-Lenoir-Morganton  NC ,610,610,145419,2,4,510,0,0,0,9,174,10177,559,559,136771,1,2,150,0,0,0,4,138,8172
202204,999,25940,C,Hilton Head Island-Bluffton  SC ,898,898,399857,4,8,3148,6,18,7142,1,43,7876,496,496,163959,4,8,3148,6,18,7142,0,0,0
202204,999,26140,C,Homosassa Springs  FL ,501,501,109649,3,6,295,0,0,0,2,10,865,5,5,1232,0,0,0,0,0,0,0,0,0
202204,999,26380,C,Houma-Thibodaux  LA ,290,290,76133,14,28,1423,2,6,524,0,0,0,229,229,59702,9,18,645,0,0,0,0,0,0
202204,999,27100,C,Jackson  MI ,59,59,16523,2,4,325,0,0,0,0,0,0,26,26,9057,0,0,0,0,0,0,0,0,0
202204,999,27340,C,Jacksonville  NC ,560,560,114618,6,12,1939,2,6,2438,0,0,0,560,560,114618,6,12,1939,2,6,2438,0,0,0
202204,999,27620,C,Jefferson City  MO ,54,54,13649,0,0,0,0,0,0,0,0,0,44,44,11747,0,0,0,0,0,0,0,0,0
202204,999,27980,C,Kahului-Wailuku-Lahaina  HI ,131,131,83107,6,12,2217,0,0,0,9,49,53052,0,0,0,0,0,0,0,0,0,0,0,0
202204,999,28660,C,Killeen-Temple  TX ,1098,1098,223869,31,62,6228,0,0,0,0,0,0,1023,1023,207833,26,52,5262,0,0,0,0,0,0
202204,999,29100,C,La Crosse-Onalaska  WI-MN ,59,59,19883,6,12,2491,1,3,525,4,101,13900,29,29,11316,1,2,460,0,0,0,2,78,10600
202204,999,29420,C,Lake Havasu City-Kingman  AZ ,812,812,220792,15,30,1437,4,12,455,0,0,0,808,808,220404,15,30,1437,4,12,455,0,0,0
202204,999,29540,C,Lancaster  PA ,239,239,68815,8,16,3298,2,8,1051,14,97,10128,170,170,51614,8,16,3298,2,8,1051,9,72,7441
202204,999,29620,C,Lansing-East Lansing  MI ,158,158,44777,2,4,640,0,0,0,3,99,10986,106,106,30898,1,2,362,0,0,0,0,0,0
202204,999,29700,C,Laredo  TX ,505,505,76550,4,8,579,2,6,790,7,61,3789,0,0,0,0,0,0,0,0,0,0,0,0
202204,999,30020,C,Lawton  OK ,25,25,4360,0,0,0,0,0,0,0,0,0,9,9,2987,0,0,0,0,0,0,0,0,0
202204,999,30300,C,Lewiston  ID-WA ,46,46,14709,1,2,648,0,0,0,0,0,0,45,45,14375,1,2,648,0,0,0,0,0,0
202204,999,30860,C,Logan  UT-ID ,315,315,98826,0,0,0,0,0,0,7,49,8738,283,283,91573,0,0,0,0,0,0,7,49,8738
202204,999,30980,C,Longview  TX ,162,162,35588,4,8,787,0,0,0,1,6,656,109,109,24529,4,8,787,0,0,0,0,0,0
202204,999,31340,C,Lynchburg  VA ,191,191,42557,1,2,284,1,3,603,4,46,1193,182,182,40832,0,0,0,0,0,0,0,0,0
202204,999,31740,C,Manhattan  KS ,85,85,25754,2,4,615,2,6,500,1,24,7874,28,28,9223,1,2,247,0,0,0,1,24,7874
202204,999,33540,C,Missoula  MT ,107,107,28561,1,2,79,2,7,652,17,183,17745,107,107,28561,1,2,79,2,7,652,17,183,17745
202204,999,36100,C,Ocala  FL ,2016,2016,452797,1,2,100,0,0,0,2,48,3071,2011,2011,452349,1,2,100,0,0,0,2,48,3071
202204,999,36980,C,Owensboro  KY ,109,109,10112,2,4,389,0,0,0,0,0,0,106,106,9508,1,2,216,0,0,0,0,0,0
202204,999,37340,C,Palm Bay-Melbourne-Titusville  FL ,1507,1507,558658,1,2,225,0,0,0,2,60,13518,1445,1445,545373,1,2,225,0,0,0,2,60,13518
202204,999,37460,C,Panama City  FL ,662,662,254057,4,8,1660,3,9,2039,6,48,11301,602,602,239041,4,8,1660,3,9,2039,6,48,11301
202204,999,37900,C,Peoria  IL ,59,59,17527,1,2,400,0,0,0,5,39,2078,36,36,11379,0,0,0,0,0,0,0,0,0
202204,999,38340,C,Pittsfield  MA ,35,35,15153,0,0,0,0,0,0,3,39,6457,2,2,745,0,0,0,0,0,0,0,0,0
202204,999,38540,C,Pocatello  ID ,108,108,20976,4,8,844,14,55,7266,1,5,173,44,44,6047,3,6,344,13,52,6955,0,0,0
202204,999,39150,C,Prescott Valley-Prescott  AZ ,719,719,236882,21,42,7019,0,0,0,2,96,7254,697,697,226380,21,42,7019,0,0,0,2,96,7254
202204,999,40060,C,Richmond  VA ,1615,1615,424976,42,84,7662,0,0,0,72,2121,198487,1478,1478,400965,42,84,7662,0,0,0,66,2086,194663
202204,999,40220,C,Roanoke  VA ,193,193,57072,2,4,628,0,0,0,1,34,4155,91,91,22322,2,4,628,0,0,0,0,0,0
202204,999,41100,C,St. George  UT ,953,953,196355,0,0,0,4,15,3083,11,109,11295,762,762,163253,0,0,0,4,15,3083,11,109,11295
202204,999,41500,C,Salinas  CA ,216,216,53729,0,0,0,1,3,446,12,179,10612,67,67,16529,0,0,0,1,3,446,8,157,7583
202204,999,41660,C,San Angelo  TX ,97,97,21740,0,0,0,0,0,0,0,0,0,97,97,21740,0,0,0,0,0,0,0,0,0
202204,999,41740,C,San Diego-Chula Vista-Carlsbad  CA ,1355,1355,394007,23,46,7480,41,139,29077,108,1974,397666,1321,1321,381640,23,46,7480,40,136,26452,104,1892,389962
202204,999,42020,C,San Luis Obispo-Paso Robles  CA ,251,251,69378,2,4,440,1,3,824,6,85,27973,226,226,62649,2,4,440,1,3,824,6,85,27973
202204,999,42200,C,Santa Maria-Santa Barbara  CA ,168,168,43651,2,4,579,1,3,200,24,589,74549,52,52,28026,0,0,0,0,0,0,0,0,0
202204,999,42540,C,Scranton--Wilkes-Barre  PA ,162,162,44170,3,6,960,0,0,0,5,25,2239,46,46,14944,3,6,960,0,0,0,0,0,0
202204,999,42700,C,Sebring-Avon Park  FL ,244,244,55762,1,2,150,0,0,0,0,0,0,244,244,55762,1,2,150,0,0,0,0,0,0
202204,999,43100,C,Sheboygan  WI ,47,47,16242,2,4,806,0,0,0,0,0,0,12,12,5183,2,4,806,0,0,0,0,0,0
202204,999,43420,C,Sierra Vista-Douglas  AZ ,143,143,22288,1,2,275,0,0,0,0,0,0,140,140,21437,0,0,0,0,0,0,0,0,0
202204,999,43580,C,Sioux City  IA-NE-SD ,122,122,37181,0,0,0,3,9,0,0,0,0,60,60,20141,0,0,0,0,0,0,0,0,0
202204,999,43620,C,Sioux Falls  SD ,633,633,152506,2,4,849,16,62,9010,50,1195,129632,607,607,145338,2,4,849,15,59,9010,50,1195,129632
202204,999,44140,C,Springfield  MA ,169,169,46961,6,12,1678,0,0,0,7,77,10491,65,65,20531,3,6,580,0,0,0,1,28,4616
202204,999,44180,C,Springfield  MO ,465,465,136780,4,8,948,0,0,0,6,176,23157,296,296,95258,4,8,948,0,0,0,6,176,23157
202204,999,44940,C,Sumter  SC ,132,132,21151,32,64,6101,0,0,0,1,36,965,98,98,15408,32,64,6101,0,0,0,1,36,965
202204,999,45220,C,Tallahassee  FL ,534,534,110751,3,6,665,0,0,0,18,487,62259,190,190,42566,0,0,0,0,0,0,0,0,0
202204,999,45300,C,Tampa-St. Petersburg-Clearwater  FL ,5299,5299,1501134,18,36,7918,0,0,0,61,1335,154020,5189,5189,1477187,17,34,7638,0,0,0,53,1292,143150
202204,999,45460,C,Terre Haute  IN ,39,39,10067,8,16,2100,4,16,740,1,5,471,22,22,7159,8,16,2100,4,16,740,0,0,0
202204,999,45500,C,Texarkana  TX-AR ,43,43,8955,0,0,0,0,0,0,0,0,0,12,12,1920,0,0,0,0,0,0,0,0,0
202204,999,45820,C,Topeka  KS ,128,128,31784,0,0,0,0,0,0,0,0,0,108,108,28865,0,0,0,0,0,0,0,0,0
202204,999,46220,C,Tuscaloosa  AL ,315,315,78032,1,2,360,7,28,1962,3,117,20235,142,142,30188,0,0,0,0,0,0,0,0,0
202204,999,46300,C,Twin Falls  ID ,254,254,68685,4,8,1489,0,0,0,1,10,1560,195,195,52890,4,8,1489,0,0,0,1,10,1560
202204,999,46520,C,Urban Honolulu  HI ,253,253,89735,33,66,8945,0,0,0,16,555,147499,253,253,89735,33,66,8945,0,0,0,16,555,147499
202204,999,46540,C,Utica-Rome  NY ,89,89,27220,0,0,0,0,0,0,4,29,4531,50,50,20109,0,0,0,0,0,0,0,0,0
202204,999,46660,C,Valdosta  GA ,467,467,85920,4,8,530,0,0,0,4,47,4616,201,201,41524,0,0,0,0,0,0,0,0,0
202204,999,47300,C,Visalia  CA ,486,486,126491,8,16,2166,0,0,0,30,361,59126,486,486,126491,8,16,2166,0,0,0,30,361,59126
202204,999,47380,C,Waco  TX ,450,450,74148,9,18,2267,0,0,0,16,315,30075,373,373,58959,4,8,1284,0,0,0,13,300,28532
202204,999,47940,C,Waterloo-Cedar Falls  IA ,77,77,24534,0,0,0,0,0,0,0,0,0,61,61,19628,0,0,0,0,0,0,0,0,0
202204,999,48060,C,Watertown-Fort Drum  NY ,49,49,11768,0,0,0,0,0,0,0,0,0,2,2,500,0,0,0,0,0,0,0,0,0
202204,999,48300,C,Wenatchee  WA ,237,237,63136,2,4,783,1,4,602,5,225,23652,108,108,38638,2,4,783,1,4,602,5,225,23652
202204,999,48540,C,Wheeling  WV-OH ,3,3,1093,0,0,0,0,0,0,0,0,0,0,0,0,0,0,0,0,0,0,0,0,0
202204,999,48660,C,Wichita Falls  TX ,71,71,19041,0,0,0,0,0,0,0,0,0,50,50,14830,0,0,0,0,0,0,0,0,0
202204,999,48900,C,Wilmington  NC ,996,996,326367,7,14,2934,0,0,0,18,651,82412,432,432,137827,1,2,375,0,0,0,0,0,0
202204,999,49420,C,Yakima  WA ,148,148,38556,5,10,1551,5,19,2433,6,80,8988,111,111,29383,4,8,1066,5,19,2433,4,70,6728
202204,999,49740,C,Yuma  AZ ,298,298,50983,5,10,1192,0,0,0,0,0,0,255,255,43977,2,4,321,0,0,0,0,0,0
