Survey,CSA,CBSA,MONCOV,CBSA,,1-unit,,,2-units,,,3-4 units,,,5+ units,,,1-unit rep,,,2-units rep,,,3-4 units rep,,,5+ units rep
Date,Code,Code,,Name,Bldgs,Units,Value,Bldgs,Units,Value,Bldgs,Units,Value,Bldgs,Units,Value,Bldgs,Units,Value,Bldgs,Units,Value,      Bldgs,Units,Value,Bldgs,Units,Value
 
202211,104,10580,C,Albany-Schenectady-Troy  NY ,1170,1170,377481,35,70,16150,11,43,6962,65,1128,177168,713,713,219399,4,8,580,9,36,6185,25,709,131200
202211,104,24020,C,Glens Falls  NY ,225,225,65018,8,16,2913,6,22,2873,4,22,2855,216,216,63268,8,16,2913,6,22,2873,4,22,2855
202211,106,10740,C,Albuquerque  NM ,1919,1919,474472,0,0,0,1,4,400,22,995,95301,1796,1796,443272,0,0,0,1,4,400,7,898,91260
202211,106,42140,C,Santa Fe  NM ,166,166,78340,7,14,2062,0,0,0,15,267,25189,0,0,0,0,0,0,0,0,0,0,0,0
202211,107,11020,C,Altoona  PA ,81,81,22726,0,0,0,0,0,0,6,52,7654,37,37,12066,0,0,0,0,0,0,6,52,7654
202211,108,11100,C,Amarillo  TX ,739,739,185683,24,48,6215,1,4,601,2,72,9186,727,727,182353,24,48,6215,1,4,601,2,72,9186
202211,118,11540,C,Appleton  WI ,473,473,182198,47,94,17155,0,0,0,27,333,38552,393,393,154129,47,94,17155,0,0,0,9,183,24967
202211,118,36780,C,Oshkosh-Neenah  WI ,307,307,114021,15,30,6014,0,0,0,7,102,14332,288,288,107382,15,30,6014,0,0,0,7,102,14332
202211,120,11700,C,Asheville  NC ,2551,2551,934174,1,2,30,0,0,0,43,885,121362,1097,1097,409126,1,2,30,0,0,0,9,277,45858
202211,122,12020,C,Athens-Clarke County  GA ,765,765,230451,9,18,3233,3,12,1396,57,1425,160825,409,409,137303,9,18,3233,3,12,1396,57,1425,160825
202211,122,12060,C,Atlanta-Sandy Springs-Alpharetta  GA ,25278,25278,6571765,80,160,29849,85,307,43784,482,18497,2356654,21261,21261,5712910,80,160,29849,85,307,43784,442,17913,2270931
202211,122,23580,C,Gainesville  GA ,1141,1141,274314,1,2,198,12,44,4390,25,641,112681,270,270,69077,1,2,198,12,44,4390,25,641,112681
202211,122,40660,C,Rome  GA ,287,287,61552,0,0,0,0,0,0,0,0,0,287,287,61552,0,0,0,0,0,0,0,0,0
202211,140,13460,C,Bend  OR ,1122,1122,417284,48,96,19244,15,47,7513,34,489,66213,1122,1122,417284,48,96,19244,15,47,7513,34,489,66213
202211,142,13820,C,Birmingham-Hoover  AL ,2882,2882,931964,32,64,11110,12,46,6912,29,992,185049,2146,2146,642216,32,64,11110,12,46,6912,29,992,185049
202211,144,14020,C,Bloomington  IN ,330,330,105189,4,8,1027,0,0,0,9,201,24732,188,188,65632,3,6,852,0,0,0,9,201,24732
202211,145,14010,C,Bloomington  IL ,233,233,64004,6,12,980,0,0,0,3,118,11400,113,113,28529,0,0,0,0,0,0,3,118,11400
202211,146,14100,C,Bloomsburg-Berwick  PA ,94,94,27431,0,0,0,0,0,0,8,42,3810,32,32,9396,0,0,0,0,0,0,0,0,0
202211,147,14260,C,Boise City  ID ,5737,5737,1591805,36,72,13546,98,390,43002,194,3896,651030,5248,5248,1409436,36,72,13546,98,390,43002,194,3896,651030
202211,148,12700,C,Barnstable Town  MA ,509,509,293351,19,28,46386,5,15,3500,3,272,45112,358,358,207410,9,18,2090,5,15,3500,0,0,0
202211,148,14460,C,Boston-Cambridge-Newton  MA-NH ,3704,3704,1462861,212,424,100665,104,346,81500,439,8820,1994676,1922,1922,896435,162,324,78459,87,294,72011,129,5937,1593957
202211,148,31700,C,Manchester-Nashua  NH ,579,579,181351,18,36,7518,11,38,6180,3,154,15335,264,264,94301,11,22,4466,5,20,2948,3,154,15335
202211,148,39300,C,Providence-Warwick  RI-MA ,1456,1456,412257,109,218,32592,21,72,10747,19,267,35277,601,601,202065,52,104,16087,13,43,5517,2,24,2749
202211,148,49340,C,Worcester  MA-CT ,1026,1026,287963,44,88,17803,3,10,1845,46,1113,179167,557,557,154162,31,62,13380,3,10,1845,15,718,130834
202211,150,14540,C,Bowling Green  KY ,793,793,195681,4,8,834,9,35,3675,86,758,71477,790,790,195231,4,8,834,8,32,3450,86,758,71477
202211,154,15180,C,Brownsville-Harlingen  TX ,1645,1645,196459,63,126,11415,24,80,10318,28,275,24330,66,66,15474,0,0,0,0,0,0,0,0,0
202211,160,15380,C,Buffalo-Cheektowaga  NY ,1112,1112,390488,14,28,5360,15,55,11107,26,296,59245,902,902,340835,12,24,4760,13,49,10406,11,86,13594
202211,162,15540,C,Burlington-South Burlington  VT ,400,400,130922,17,34,7017,1,3,145,31,492,78613,263,263,91717,11,22,5013,0,0,0,14,372,64127
202211,163,15980,C,Cape Coral-Fort Myers  FL ,8809,8809,2052968,122,244,32780,30,116,15348,142,3360,424717,5045,5045,1039826,60,120,13941,24,95,12184,124,2476,358562
202211,163,34940,C,Naples-Marco Island  FL ,3275,3275,1493636,14,28,6504,43,167,39202,68,1389,288674,3275,3275,1493636,14,28,6504,43,167,39202,68,1389,288674
202211,164,16020,C,Cape Girardeau  MO-IL ,117,117,34022,5,10,2233,2,6,150,3,15,1732,0,0,0,0,0,0,0,0,0,0,0,0
202211,168,16300,C,Cedar Rapids  IA ,409,409,112885,30,60,11961,2,8,600,15,405,40128,383,383,105527,24,48,9311,2,8,600,15,405,40128
202211,168,26980,C,Iowa City  IA ,460,460,150482,41,82,19214,16,62,12280,14,776,135977,336,336,114656,7,14,4031,6,23,4718,10,664,125173
202211,170,16620,C,Charleston  WV ,154,154,21125,1,2,334,1,4,150,0,0,0,117,117,15556,1,2,334,1,4,150,0,0,0
202211,170,26580,C,Huntington-Ashland  WV-KY-OH ,239,239,48742,4,8,500,2,6,280,0,0,0,51,51,11880,4,8,500,2,6,280,0,0,0
202211,172,16740,C,Charlotte-Concord-Gastonia  NC-SC ,17900,17900,4895564,31,62,11754,12,47,6026,193,7469,954740,15466,15466,4152808,31,62,11754,12,47,6026,171,7097,900320
202211,174,16860,C,Chattanooga  TN-GA ,2009,2009,469516,81,162,12269,23,78,9769,35,596,59555,1462,1462,352212,36,72,5797,10,35,4033,0,0,0
202211,174,17420,C,Cleveland  TN ,728,728,181912,7,14,1726,33,119,17875,2,14,923,526,526,145322,7,14,1726,33,119,17875,2,14,923
202211,174,19140,C,Dalton  GA ,344,344,59735,16,32,2168,4,15,2209,7,55,4194,64,64,15142,0,0,0,0,0,0,0,0,0
202211,176,16980,C,Chicago-Naperville-Elgin  IL-IN-WI ,8011,8011,2587295,139,278,54496,205,663,140667,233,6861,1013875,6695,6695,2225560,128,256,51005,198,642,137247,178,6477,954893
202211,176,28100,C,Kankakee  IL ,107,107,28278,0,0,0,0,0,0,0,0,0,83,83,20698,0,0,0,0,0,0,0,0,0
202211,176,33140,C,Michigan City-La Porte  IN ,111,111,34428,0,0,0,1,3,250,4,195,24700,70,70,21911,0,0,0,0,0,0,0,0,0
202211,178,17140,C,Cincinnati  OH-KY-IN ,3903,3903,1262854,132,264,41464,47,166,20274,76,1535,188720,3424,3424,1144664,131,262,41289,47,166,20274,67,1322,172856
202211,184,10420,C,Akron  OH ,768,768,253520,34,68,8000,112,437,35008,135,1736,262531,659,659,212408,34,68,8000,105,416,25558,118,1622,257016
202211,184,15940,C,Canton-Massillon  OH ,452,452,129058,16,32,5930,27,96,9493,31,207,15323,402,402,122450,16,32,5930,18,68,8058,17,117,8410
202211,184,17460,C,Cleveland-Elyria  OH ,2624,2624,839186,17,34,2963,30,109,13063,32,326,52066,2263,2263,742995,7,14,2715,24,91,11818,31,321,48107
202211,190,17860,C,Columbia  MO ,597,597,205770,4,8,971,0,0,0,8,135,16502,586,586,203435,4,8,971,0,0,0,8,135,16502
202211,192,17900,C,Columbia  SC ,3849,3849,939801,8,16,3963,47,175,25467,57,1454,211873,1880,1880,557952,2,4,1561,7,28,2268,20,312,45022
202211,194,12220,C,Auburn-Opelika  AL ,1119,1119,304017,12,24,4085,4,13,1334,23,1026,165828,259,259,75501,1,2,314,0,0,0,0,0,0
202211,194,17980,C,Columbus  GA-AL ,602,602,158193,17,34,5188,0,0,0,27,820,162060,579,579,153378,17,34,5188,0,0,0,27,820,162060
202211,198,18140,C,Columbus  OH ,5298,5298,1871108,44,88,15685,20,73,10770,326,6249,621607,4283,4283,1527873,40,80,13895,18,67,8820,306,5951,590675
202211,204,18580,C,Corpus Christi  TX ,1644,1644,404556,0,0,0,1,3,300,12,256,18724,1230,1230,295544,0,0,0,0,0,0,0,0,0
202211,206,19100,C,Dallas-Fort Worth-Arlington  TX ,41275,41275,11163349,322,644,82965,155,583,74694,649,29753,3812261,30980,30980,8517846,151,302,39722,74,284,39251,475,21328,2759818
202211,206,43300,C,Sherman-Denison  TX ,1266,1266,253280,19,38,4297,0,0,0,28,700,85579,963,963,199021,11,22,2861,0,0,0,17,588,74954
202211,209,19340,C,Davenport-Moline-Rock Island  IA-IL ,429,429,108026,10,20,3719,29,100,18141,10,66,6247,216,216,46097,0,0,0,1,3,450,1,21,1388
202211,212,19430,C,Dayton-Kettering  OH ,1189,1189,442691,10,20,4190,13,44,7130,43,939,105332,699,699,280283,8,16,3684,11,38,6533,28,585,62287
202211,212,44220,C,Springfield  OH ,106,106,39358,0,0,0,13,51,5303,3,20,1652,106,106,39358,0,0,0,13,51,5303,3,20,1652
202211,216,14500,C,Boulder  CO ,565,565,329239,13,26,10249,20,65,30177,46,700,153944,525,525,291360,11,22,8794,18,59,28622,32,462,92560
202211,216,19740,C,Denver-Aurora-Lakewood  CO ,9645,9645,2973066,184,368,74634,55,199,43114,240,12115,1801315,9121,9121,2801850,183,366,74191,54,196,42652,216,11414,1698492
202211,216,24540,C,Greeley  CO ,3193,3193,935094,39,78,11091,24,82,16162,113,2480,356657,1287,1287,403114,0,0,0,5,19,4322,75,1591,228969
202211,218,11180,C,Ames  IA ,243,243,69212,4,8,2121,13,46,10034,2,16,2099,144,144,43615,4,8,2121,13,46,10034,2,16,2099
202211,218,19780,C,Des Moines-West Des Moines  IA ,3495,3495,1120201,38,76,16558,15,52,12010,55,2047,338684,3307,3307,1056585,35,70,15446,7,27,6763,44,1977,330113
202211,220,11460,C,Ann Arbor  MI ,536,536,177430,3,6,1611,3,9,1458,2,13,685,389,389,140033,3,6,1611,1,3,700,1,8,135
202211,220,19820,C,Detroit-Warren-Dearborn  MI ,4500,4500,1578288,22,44,9402,72,266,50006,123,2612,589267,3459,3459,1269643,19,38,8050,54,204,44145,106,2486,571757
202211,220,22420,C,Flint  MI ,307,307,87739,1,2,292,17,54,2435,2,26,5763,260,260,77848,1,2,292,0,0,0,2,26,5763
202211,220,33780,C,Monroe  MI ,187,187,49588,0,0,0,1,4,500,10,59,4070,112,112,32093,0,0,0,1,4,500,0,0,0
202211,222,20020,C,Dothan  AL ,451,451,120440,5,10,866,1,4,479,0,0,0,295,295,85170,5,10,866,1,4,479,0,0,0
202211,232,20740,C,Eau Claire  WI ,371,371,139747,87,174,34579,11,44,6939,50,372,67082,273,273,106312,31,62,12264,3,12,2193,7,75,11280
202211,236,21300,C,Elmira  NY ,22,22,4610,0,0,0,0,0,0,6,43,4819,3,3,600,0,0,0,0,0,0,0,0,0
202211,238,21340,C,El Paso  TX ,2325,2325,549496,59,118,15007,9,27,3557,25,207,24432,304,304,75372,0,0,0,0,0,0,0,0,0
202211,238,29740,C,Las Cruces  NM ,1020,1020,274107,3,6,1065,4,16,2502,1,6,469,263,263,74019,0,0,0,0,0,0,0,0,0
202211,240,21500,C,Erie  PA ,160,160,52448,7,14,2545,0,0,0,9,54,6368,104,104,39781,7,14,2545,0,0,0,9,54,6368
202211,244,22020,C,Fargo  ND-MN ,1111,1111,365959,2,4,370,0,0,0,24,1192,151004,763,763,266808,2,4,370,0,0,0,18,1007,121805
202211,246,22180,C,Fayetteville  NC ,2017,2017,400539,1,2,340,0,0,0,22,418,43987,1339,1339,307368,1,2,340,0,0,0,22,418,43987
202211,258,23060,C,Fort Wayne  IN ,1361,1361,420645,20,40,5095,0,0,0,17,591,67686,1361,1361,420645,20,40,5095,0,0,0,17,591,67686
202211,260,23420,C,Fresno  CA ,2770,2770,838102,6,12,3050,15,52,9928,70,698,91209,2154,2154,611526,4,8,1222,15,52,9928,28,337,38827
202211,260,25260,C,Hanford-Corcoran  CA ,428,428,124630,2,4,857,6,18,4602,0,0,0,353,353,107531,2,4,857,6,18,4602,0,0,0
202211,260,31460,C,Madera  CA ,814,814,203312,3,6,300,4,16,800,4,64,7033,814,814,203312,3,6,300,4,16,800,4,64,7033
202211,264,23540,C,Gainesville  FL ,1333,1333,322699,6,12,1500,0,0,0,16,1242,49105,175,175,41518,0,0,0,0,0,0,0,0,0
202211,266,24340,C,Grand Rapids-Kentwood  MI ,2295,2295,748563,76,152,27453,29,100,15841,70,864,114197,1589,1589,495927,1,2,560,7,22,3030,42,531,74585
202211,266,34740,C,Muskegon  MI ,296,296,79407,5,10,1439,0,0,0,9,217,15624,222,222,63202,0,0,0,0,0,0,9,217,15624
202211,267,24580,C,Green Bay  WI ,643,643,245258,11,22,5895,0,0,0,28,293,32393,442,442,171124,9,18,4915,0,0,0,12,176,23332
202211,268,15500,C,Burlington  NC ,1699,1699,269200,1,2,180,2,8,1371,11,146,54058,1699,1699,269200,1,2,180,2,8,1371,11,146,54058
202211,268,24660,C,Greensboro-High Point  NC ,2190,2190,588655,10,20,4487,0,0,0,27,681,96959,1487,1487,361126,6,12,3742,0,0,0,27,681,96959
202211,268,49180,C,Winston-Salem  NC ,3568,3568,899610,2,4,788,1,3,276,10,55,2169,2453,2453,586495,1,2,558,0,0,0,0,0,0
202211,272,24780,C,Greenville  NC ,664,664,156726,22,44,7017,0,0,0,8,192,23405,332,332,80060,22,44,7017,0,0,0,8,192,23405
202211,273,24860,C,Greenville-Anderson  SC ,5968,5968,1635732,56,112,13476,33,115,17357,85,1262,164829,5936,5936,1630725,56,112,13476,33,115,17357,85,1262,164829
202211,273,43900,C,Spartanburg  SC ,2699,2699,454043,0,0,0,0,0,0,10,160,19192,0,0,0,0,0,0,0,0,0,0,0,0
202211,276,23900,C,Gettysburg  PA ,378,378,121692,0,0,0,0,0,0,0,0,0,378,378,121692,0,0,0,0,0,0,0,0,0
202211,276,25420,C,Harrisburg-Carlisle  PA ,1354,1354,338611,1,2,281,5,17,1660,34,771,101633,995,995,244740,0,0,0,5,17,1660,21,700,92583
202211,276,30140,C,Lebanon  PA ,199,199,41163,0,0,0,0,0,0,14,199,23145,28,28,7815,0,0,0,0,0,0,1,129,11600
202211,276,49620,C,York-Hanover  PA ,895,895,220896,2,4,682,0,0,0,18,292,19336,552,552,153122,0,0,0,0,0,0,7,180,11049
202211,277,25500,C,Harrisonburg  VA ,617,617,146049,5,10,1998,2,8,2750,6,32,4030,617,617,146049,5,10,1998,2,8,2750,6,32,4030
202211,277,44420,C,Staunton  VA ,367,367,94250,3,6,710,0,0,0,2,57,5000,367,367,94250,3,6,710,0,0,0,2,57,5000
202211,278,25540,C,Hartford-East Hartford-Middletown  CT ,620,620,174410,58,116,9215,3,12,1051,59,517,44836,352,352,102566,56,112,8795,3,12,1051,9,157,20416
202211,278,35980,C,Norwich-New London  CT ,369,369,98795,4,8,1011,1,4,450,3,42,6808,231,231,62313,3,6,817,1,4,450,3,42,6808
202211,279,25620,C,Hattiesburg  MS ,156,156,26370,1,2,230,3,9,375,1,5,400,0,0,0,0,0,0,0,0,0,0,0,0
202211,284,26300,C,Hot Springs  AR ,63,63,21851,16,32,3840,0,0,0,0,0,0,63,63,21851,16,32,3840,0,0,0,0,0,0
202211,288,26420,C,Houston-The Woodlands-Sugar Land  TX ,45584,45584,11268881,421,842,114692,4,16,1711,813,25154,2732224,43141,43141,10614909,377,754,103389,4,16,1711,781,24913,2711834
202211,290,19460,C,Decatur  AL ,265,265,73195,0,0,0,0,0,0,0,0,0,252,252,71035,0,0,0,0,0,0,0,0,0
202211,290,26620,C,Huntsville  AL ,3448,3448,706208,0,0,0,0,0,0,25,412,61012,1886,1886,325529,0,0,0,0,0,0,25,412,61012
202211,292,26820,C,Idaho Falls  ID ,1137,1137,209418,2,4,264,32,126,16079,5,72,8133,1115,1115,203107,2,4,264,30,120,15179,5,72,8133
202211,294,18020,C,Columbus  IN ,200,200,60483,0,0,0,0,0,0,0,0,0,200,200,60483,0,0,0,0,0,0,0,0,0
202211,294,26900,C,Indianapolis-Carmel-Anderson  IN ,8367,8367,2829003,90,180,29789,23,82,9265,118,4644,538999,6621,6621,2306457,72,144,23454,22,78,8965,91,3387,381292
202211,294,34620,C,Muncie  IN ,196,196,31537,0,0,0,0,0,0,2,10,1191,162,162,22007,0,0,0,0,0,0,0,0,0
202211,296,27060,C,Ithaca  NY ,164,164,52158,4,8,1164,0,0,0,12,82,8147,33,33,9813,2,4,550,0,0,0,0,0,0
202211,297,27180,C,Jackson  TN ,454,454,105615,1,2,160,0,0,0,0,0,0,106,106,27686,1,2,160,0,0,0,0,0,0
202211,298,27140,C,Jackson  MS ,1164,1164,322770,1,2,247,1,3,131,0,0,0,837,837,229641,0,0,0,0,0,0,0,0,0
202211,300,27260,C,Jacksonville  FL ,13345,13345,3219071,33,66,8665,11,35,8403,178,8100,1091411,12063,12063,2735658,31,62,8065,11,35,8403,176,8064,1061321
202211,304,27740,C,Johnson City  TN ,738,738,191729,5,10,2052,0,0,0,24,185,19868,472,472,147082,1,2,252,0,0,0,22,171,18678
202211,304,28700,C,Kingsport-Bristol  TN-VA ,734,734,175506,12,24,4420,10,36,4897,5,55,3632,563,563,152903,12,24,4420,8,30,4205,1,10,1000
202211,306,27780,C,Johnstown  PA ,56,56,14209,0,0,0,0,0,0,0,0,0,0,0,0,0,0,0,0,0,0,0,0,0
202211,308,27860,C,Jonesboro  AR ,645,645,101858,61,122,9850,59,202,10851,20,119,6419,155,155,27706,18,36,3832,10,35,2256,2,12,350
202211,309,27900,C,Joplin  MO ,512,512,95476,59,118,16794,4,13,1193,27,446,60038,387,387,74710,50,100,16109,2,7,894,19,406,58229
202211,310,12980,C,Battle Creek  MI ,60,60,11695,1,2,440,0,0,0,0,0,0,8,8,2196,0,0,0,0,0,0,0,0,0
202211,310,28020,C,Kalamazoo-Portage  MI ,318,318,110414,11,22,4932,13,51,5857,7,40,5279,146,146,49466,6,12,2955,0,0,0,0,0,0
202211,312,28140,C,Kansas City  MO-KS ,5035,5035,1678697,134,268,48369,82,299,57528,125,5034,711221,4010,4010,1284938,94,188,24168,75,278,54243,111,4496,630642
202211,312,29940,C,Lawrence  KS ,164,164,63494,3,6,589,1,3,600,13,231,29109,11,11,3444,0,0,0,0,0,0,0,0,0
202211,312,41140,C,St. Joseph  MO-KS ,76,76,17162,5,10,1180,0,0,0,0,0,0,32,32,7711,3,6,730,0,0,0,0,0,0
202211,313,28420,C,Kennewick-Richland  WA ,1194,1194,413046,16,32,7113,36,133,23104,18,485,60775,754,754,275986,5,10,2003,33,123,20681,11,284,38410
202211,313,47460,C,Walla Walla  WA ,106,106,33803,22,44,8369,0,0,0,0,0,0,87,87,29443,21,42,7957,0,0,0,0,0,0
202211,315,28940,C,Knoxville  TN ,3805,3805,1024479,16,32,5551,2,6,705,46,970,110711,3167,3167,909967,16,32,5551,1,3,405,31,830,101319
202211,315,34100,C,Morristown  TN ,763,763,171899,15,30,2022,21,67,10451,1,6,636,85,85,28612,0,0,0,19,60,9671,0,0,0
202211,316,29020,C,Kokomo  IN ,107,107,31801,0,0,0,0,0,0,0,0,0,91,91,26912,0,0,0,0,0,0,0,0,0
202211,318,29180,C,Lafayette  LA ,1930,1930,466841,0,0,0,0,0,0,2,20,4025,1058,1058,246681,0,0,0,0,0,0,2,20,4025
202211,320,29200,C,Lafayette-West Lafayette  IN ,486,486,149641,1,2,210,1,3,230,23,986,135909,423,423,132194,0,0,0,0,0,0,6,475,78518
202211,324,29340,C,Lake Charles  LA ,754,754,149419,18,36,3513,0,0,0,12,232,27917,329,329,57859,13,26,3030,0,0,0,12,232,27917
202211,332,29820,C,Las Vegas-Henderson-Paradise  NV ,8836,8836,2466268,52,104,17751,45,174,20500,174,3511,339243,8812,8812,2456806,52,104,17751,45,174,20500,174,3511,339243
202211,336,30460,C,Lexington-Fayette  KY ,1374,1374,356408,17,34,2933,19,60,8081,37,1042,103600,688,688,202716,15,30,2495,19,60,8081,15,86,9334
202211,338,30620,C,Lima  OH ,100,100,23712,1,2,80,0,0,0,0,0,0,61,61,14365,0,0,0,0,0,0,0,0,0
202211,339,30700,C,Lincoln  NE ,1107,1107,359839,17,34,5668,3,11,1117,66,2280,221733,100,100,26472,5,10,1790,1,4,845,2,24,2824
202211,340,30780,C,Little Rock-North Little Rock-Conway  AR ,1757,1757,465124,30,60,6750,1,3,226,34,1410,104042,1589,1589,440933,25,50,5803,1,3,226,34,1410,104042
202211,340,38220,C,Pine Bluff  AR ,39,39,5229,0,0,0,0,0,0,2,24,550,20,20,2543,0,0,0,0,0,0,0,0,0
202211,348,31080,C,Los Angeles-Long Beach-Anaheim  CA ,10116,10116,2769493,757,1514,347073,113,366,100646,511,18079,3367889,8417,8417,2246517,703,1406,321140,88,288,86045,401,16307,3093945
202211,348,37100,C,Oxnard-Thousand Oaks-Ventura  CA ,489,489,150732,10,20,4380,7,27,5729,35,743,133668,274,274,72081,10,20,4380,3,11,3203,26,476,105168
202211,348,40140,C,Riverside-San Bernardino-Ontario  CA ,11450,11450,3231724,67,134,11281,70,242,44875,201,2705,355789,7051,7051,1893751,60,120,8669,67,233,43358,166,2461,336757
202211,350,21060,C,Elizabethtown-Fort Knox  KY ,478,478,119481,33,66,9510,4,15,1362,13,248,31900,478,478,119481,33,66,9510,4,15,1362,13,248,31900
202211,350,31140,C,Louisville-Jefferson County  KY-IN ,3220,3220,1009192,29,58,13095,4,16,2200,54,1662,599953,3011,3011,949977,29,58,13095,4,16,2200,53,1657,598360
202211,352,31180,C,Lubbock  TX ,2281,2281,554762,142,284,38146,7,28,4051,57,700,58238,0,0,0,0,0,0,0,0,0,0,0,0
202211,356,31420,C,Macon-Bibb County  GA ,600,600,155344,0,0,0,0,0,0,0,0,0,442,442,128802,0,0,0,0,0,0,0,0,0
202211,356,47580,C,Warner Robins  GA ,1383,1383,287366,0,0,0,0,0,0,36,1050,93217,1168,1168,237382,0,0,0,0,0,0,36,1050,93217
202211,357,27500,C,Janesville-Beloit  WI ,309,309,80868,16,32,6347,0,0,0,4,114,40907,171,171,47500,16,32,6347,0,0,0,1,76,36000
202211,357,31540,C,Madison  WI ,1438,1438,617719,71,142,36330,7,27,5884,62,3614,596068,1244,1244,555679,55,110,28026,7,27,5884,51,3242,535755
202211,359,31860,C,Mankato  MN ,233,233,70790,12,24,3005,5,15,3990,16,254,33468,79,79,25359,9,18,1320,0,0,0,0,0,0
202211,360,31900,C,Mansfield  OH ,115,115,36163,6,12,1661,16,57,7199,5,63,7983,84,84,25703,2,4,684,9,36,5199,5,63,7983
202211,365,32580,C,McAllen-Edinburg-Mission  TX ,3646,3646,806519,156,312,29189,253,1004,93184,38,538,45233,2023,2023,468812,41,82,7691,238,946,91483,37,522,44833
202211,366,24420,C,Grants Pass  OR ,236,236,52303,14,28,4474,0,0,0,0,0,0,0,0,0,0,0,0,0,0,0,0,0,0
202211,366,32780,C,Medford  OR ,730,730,186162,9,18,3311,9,34,4086,16,222,31581,586,586,152619,7,14,2544,3,11,1704,8,134,17952
202211,368,32820,C,Memphis  TN-MS-AR ,3372,3372,824653,1,2,650,0,0,0,14,816,94645,2950,2950,736873,1,2,650,0,0,0,12,806,93428
202211,370,33100,C,Miami-Fort Lauderdale-Pompano Beach  FL ,6437,6437,3128905,138,276,53067,35,124,21904,296,11525,2011888,5537,5537,2710208,137,274,53020,30,109,18724,165,9656,1702392
202211,370,38940,C,Port St. Lucie  FL ,4670,4670,1328715,165,330,43004,35,111,11710,128,2286,328887,4660,4660,1319625,165,330,43004,31,95,10616,128,2286,328887
202211,370,42680,C,Sebastian-Vero Beach  FL ,1069,1069,492155,14,28,4515,4,12,808,0,0,0,196,196,52945,4,8,1374,0,0,0,0,0,0
202211,372,33260,C,Midland  TX ,549,549,128403,0,0,0,0,0,0,0,0,0,549,549,128403,0,0,0,0,0,0,0,0,0
202211,372,36220,C,Odessa  TX ,957,957,237561,2,4,447,0,0,0,5,25,2996,0,0,0,0,0,0,0,0,0,0,0,0
202211,376,33340,C,Milwaukee-Waukesha  WI ,1493,1493,687867,133,266,66714,0,0,0,49,1161,213923,1129,1129,510697,118,236,59857,0,0,0,43,1131,208923
202211,376,39540,C,Racine  WI ,129,129,52297,8,16,3305,0,0,0,0,0,0,118,118,49022,8,16,3305,0,0,0,0,0,0
202211,378,33460,C,Minneapolis-St. Paul-Bloomington  MN-WI ,8744,8744,3060186,79,158,29671,49,179,43593,255,14465,2582091,8019,8019,2801694,72,144,27287,46,170,41667,176,12115,2208880
202211,378,41060,C,St. Cloud  MN ,426,426,126748,6,12,1632,0,0,0,0,0,0,221,221,73239,0,0,0,0,0,0,0,0,0
202211,380,19300,C,Daphne-Fairhope-Foley  AL ,2928,2928,862718,16,32,5114,0,0,0,13,275,21631,2106,2106,690426,16,32,5114,0,0,0,10,240,18851
202211,380,33660,C,Mobile  AL ,719,719,175075,0,0,0,3,12,1365,0,0,0,673,673,167226,0,0,0,3,12,1365,0,0,0
202211,384,33740,C,Monroe  LA ,384,384,93363,20,40,4554,14,49,7607,13,79,9146,300,300,75764,15,30,4184,1,4,533,0,0,0
202211,388,33860,C,Montgomery  AL ,755,755,191283,0,0,0,0,0,0,0,0,0,743,743,188710,0,0,0,0,0,0,0,0,0
202211,390,34060,C,Morgantown  WV ,11,11,1488,0,0,0,0,0,0,0,0,0,1,1,75,0,0,0,0,0,0,0,0,0
202211,396,34820,C,Myrtle Beach-Conway-North Myrtle Beach  SC-NC ,10888,10888,2487683,24,48,5672,5,16,1816,28,474,48234,7321,7321,1379609,23,46,5447,4,13,1346,10,301,37320
202211,400,34980,C,Nashville-Davidson--Murfreesboro--Franklin  TN ,14523,14523,4409380,30,60,8089,38,142,21395,113,2859,381142,11072,11072,3612039,28,56,7341,31,115,19072,84,2468,336952
202211,404,35100,C,New Bern  NC ,596,596,161969,1,2,200,0,0,0,3,72,9077,377,377,101894,1,2,200,0,0,0,3,72,9077
202211,406,25220,C,Hammond  LA ,839,839,153827,6,12,951,0,0,0,19,525,48600,752,752,138296,0,0,0,0,0,0,0,0,0
202211,406,35380,C,New Orleans-Metairie  LA ,2976,2976,883594,167,334,38027,6,18,3670,15,630,113360,2195,2195,698068,26,52,6167,0,0,0,0,0,0
202211,408,14860,C,Bridgeport-Stamford-Norwalk  CT ,534,534,409035,25,50,8357,2,6,563,36,996,173824,353,353,198323,24,48,8167,2,6,563,20,872,156300
202211,408,20700,C,East Stroudsburg  PA ,206,206,65654,0,0,0,0,0,0,4,22,4049,67,67,28173,0,0,0,0,0,0,0,0,0
202211,408,28740,C,Kingston  NY ,237,237,92464,3,6,1241,0,0,0,17,165,20624,157,157,68691,3,6,1241,0,0,0,16,160,19404
202211,408,35300,C,New Haven-Milford  CT ,449,449,133055,12,24,3872,1,3,329,34,685,111275,172,172,75152,6,12,1656,0,0,0,18,550,102282
202211,408,35620,C,New York-Newark-Jersey City  NY-NJ-PA ,11505,11505,3381577,572,1144,153623,195,643,68205,1291,41378,5679828,6743,6743,2142410,370,740,105804,116,389,43351,743,31800,4330562
202211,408,39100,C,Poughkeepsie-Newburgh-Middletown  NY ,767,767,255862,5,10,2328,8,28,6926,46,733,116844,242,242,82084,1,2,298,4,14,3033,2,21,3259
202211,408,45940,C,Trenton-Princeton  NJ ,144,144,18755,0,0,0,0,0,0,29,383,26970,53,53,7107,0,0,0,0,0,0,4,115,8426
202211,412,35840,C,North Port-Sarasota-Bradenton  FL ,10452,10452,3264493,187,374,66050,13,47,28115,103,3851,527866,9834,9834,3079106,8,16,4237,12,44,24800,96,3815,521838
202211,412,39460,C,Punta Gorda  FL ,4448,4448,1317908,153,306,50856,28,109,26999,27,633,104282,4341,4341,1266914,143,286,46567,28,109,26999,24,544,91202
202211,416,36420,C,Oklahoma City  OK ,5661,5661,1683894,223,446,52676,2,7,1701,11,375,115670,5075,5075,1577576,201,402,48215,2,7,1701,11,375,115670
202211,420,36540,C,Omaha-Council Bluffs  NE-IA ,2465,2465,565327,70,140,10976,51,201,15355,109,3090,238200,2050,2050,425332,63,126,8988,51,201,15355,98,3035,232051
202211,422,19660,C,Deltona-Daytona Beach-Ormond Beach  FL ,5824,5824,1909829,91,182,33098,0,0,0,64,2087,237621,4967,4967,1640527,90,180,32583,0,0,0,50,1791,205514
202211,422,29460,C,Lakeland-Winter Haven  FL ,8665,8665,2312228,35,70,7503,1,3,347,87,2515,280525,7678,7678,2069588,35,70,7503,1,3,347,87,2515,280525
202211,422,36740,C,Orlando-Kissimmee-Sanford  FL ,15110,15110,4134717,93,186,33439,41,158,25437,295,11051,1538553,12815,12815,3481109,93,186,33439,41,158,25437,248,9920,1461672
202211,422,45540,C,The Villages  FL ,3540,3540,942943,0,0,0,0,0,0,29,768,158614,0,0,0,0,0,0,0,0,0,0,0,0
202211,425,37620,C,Parkersburg-Vienna  WV ,64,64,13968,0,0,0,0,0,0,0,0,0,44,44,10397,0,0,0,0,0,0,0,0,0
202211,426,37860,C,Pensacola-Ferry Pass-Brent  FL ,3118,3118,781740,7,14,1798,0,0,0,4,162,20180,3118,3118,781740,7,14,1798,0,0,0,4,162,20180
202211,428,12100,C,Atlantic City-Hammonton  NJ ,418,418,118088,11,22,4324,0,0,0,25,324,27842,351,351,102659,11,22,4324,0,0,0,5,120,13097
202211,428,20100,C,Dover  DE ,892,892,138333,12,24,3756,0,0,0,1,24,3062,872,872,134032,12,24,3756,0,0,0,1,24,3062
202211,428,36140,C,Ocean City  NJ ,557,557,251999,72,144,38026,11,36,17007,8,42,715,481,481,232795,71,142,38026,10,33,16498,8,42,715
202211,428,37980,C,Philadelphia-Camden-Wilmington  PA-NJ-DE-MD ,7107,7107,1477462,172,344,47753,178,594,73041,326,4721,606677,3823,3823,913440,149,298,43107,138,462,58207,153,2699,399470
202211,428,39740,C,Reading  PA ,321,321,84652,3,6,959,0,0,0,0,0,0,170,170,45118,3,6,959,0,0,0,0,0,0
202211,428,47220,C,Vineland-Bridgeton  NJ ,139,139,17492,0,0,0,0,0,0,0,0,0,94,94,13941,0,0,0,0,0,0,0,0,0
202211,429,38060,C,Phoenix-Mesa-Chandler  AZ ,25831,25831,7133769,726,1452,182354,64,227,53686,483,15470,2678440,25459,25459,7019238,719,1438,180536,64,227,53686,468,13998,2421169
202211,430,38300,C,Pittsburgh  PA ,2920,2920,885820,51,102,26838,28,90,15115,49,753,108546,1300,1300,449660,32,64,21679,11,39,8695,12,127,13785
202211,430,48260,C,Weirton-Steubenville  WV-OH ,31,31,7752,0,0,0,0,0,0,0,0,0,11,11,3358,0,0,0,0,0,0,0,0,0
202211,438,30340,C,Lewiston-Auburn  ME ,196,196,44291,1,2,200,0,0,0,10,242,26000,80,80,16319,0,0,0,0,0,0,0,0,0
202211,438,38860,C,Portland-South Portland  ME ,1891,1891,619375,52,104,20060,11,34,3848,56,1453,191602,760,760,295826,34,68,14124,3,9,1050,26,1031,169291
202211,440,10540,C,Albany-Lebanon  OR ,212,212,59672,13,26,5895,1,3,636,4,78,10338,138,138,41194,13,26,5895,1,3,636,4,78,10338
202211,440,18700,C,Corvallis  OR ,169,169,50666,1,2,456,0,0,0,6,110,14984,123,123,33680,1,2,456,0,0,0,6,110,14984
202211,440,31020,C,Longview  WA ,283,283,79127,4,8,1211,17,68,9283,15,198,23542,283,283,79127,4,8,1211,17,68,9283,15,198,23542
202211,440,38900,C,Portland-Vancouver-Hillsboro  OR-WA ,5648,5648,1863090,46,92,17490,19,67,11429,194,5967,848733,4541,4541,1491684,41,82,15506,19,67,11429,160,5361,772762
202211,440,41420,C,Salem  OR ,868,868,275583,9,18,3608,4,14,1699,77,1315,135602,467,467,156565,5,10,2037,1,4,265,49,819,85761
202211,444,39380,C,Pueblo  CO ,480,480,79284,0,0,0,0,0,0,0,0,0,480,480,79284,0,0,0,0,0,0,0,0,0
202211,450,20500,C,Durham-Chapel Hill  NC ,3002,3002,1105181,34,68,9445,3,9,1691,57,2737,485650,567,567,222645,1,2,340,0,0,0,1,60,9700
202211,450,39580,C,Raleigh-Cary  NC ,11870,11870,3071854,22,44,8437,2,8,1832,173,8702,1133689,11870,11870,3071854,22,44,8437,2,8,1832,173,8702,1133689
202211,452,39660,C,Rapid City  SD ,594,594,175405,4,8,1557,5,20,2371,30,997,125248,551,551,160033,3,6,837,5,20,2371,30,997,125248
202211,454,39820,C,Redding  CA ,359,359,111478,0,0,0,0,0,0,0,0,0,236,236,76638,0,0,0,0,0,0,0,0,0
202211,456,16180,C,Carson City  NV ,159,159,41964,0,0,0,4,12,1527,14,85,8487,0,0,0,0,0,0,0,0,0,0,0,0
202211,456,39900,C,Reno  NV ,2093,2093,574509,59,118,16006,17,61,8429,187,3308,410121,459,459,112401,34,68,10771,4,13,2101,72,1110,131033
202211,462,40340,C,Rochester  MN ,575,575,181651,5,10,1272,13,51,11550,15,1013,126811,403,403,139150,2,4,620,12,48,11171,15,1013,126811
202211,464,40380,C,Rochester  NY ,1070,1070,320801,38,76,16138,28,98,10313,59,1024,128981,660,660,217253,30,60,13288,23,83,8888,35,709,92816
202211,466,40420,C,Rockford  IL ,283,283,59125,10,20,2681,3,9,248,0,0,0,264,264,56775,10,20,2681,3,9,248,0,0,0
202211,468,40580,C,Rocky Mount  NC ,458,458,73420,0,0,0,0,0,0,0,0,0,42,42,11328,0,0,0,0,0,0,0,0,0
202211,472,40900,C,Sacramento-Roseville-Folsom  CA ,7694,7694,2261607,64,128,19017,32,115,24687,72,2238,366976,7458,7458,2195536,64,128,19017,32,115,24687,72,2238,366976
202211,472,49700,C,Yuba City  CA ,569,569,153812,14,28,2593,0,0,0,14,113,11781,490,490,130488,8,16,1397,0,0,0,5,60,5589
202211,474,13020,C,Bay City  MI ,63,63,18832,0,0,0,0,0,0,0,0,0,16,16,7308,0,0,0,0,0,0,0,0,0
202211,474,33220,C,Midland  MI ,93,93,20983,9,18,1771,0,0,0,0,0,0,18,18,5558,0,0,0,0,0,0,0,0,0
202211,474,40980,C,Saginaw  MI ,136,136,33304,9,18,2437,3,9,1485,1,20,4077,80,80,20285,6,12,1420,0,0,0,1,20,4077
202211,476,41180,C,St. Louis  MO-IL ,4330,4330,1501788,62,124,17688,23,88,12129,141,4130,589654,2963,2963,954709,35,70,10041,21,81,10886,92,2629,369254
202211,480,41540,C,Salisbury  MD-DE ,3961,3961,658638,108,216,31931,3,10,1919,24,460,44134,3918,3918,653350,106,212,31651,3,10,1919,24,460,44134
202211,482,36260,C,Ogden-Clearfield  UT ,2905,2905,905172,4,8,1370,41,153,25254,98,1710,253296,2318,2318,724798,4,8,1370,20,74,13148,71,1245,186506
202211,482,39340,C,Provo-Orem  UT ,5029,5029,1644373,79,158,32431,42,155,27894,140,2263,350169,4949,4949,1596585,73,146,28728,42,155,27894,140,2263,350169
202211,482,41620,C,Salt Lake City  UT ,3548,3548,1054627,39,78,11973,39,139,29832,114,5476,800605,3058,3058,907358,9,18,3915,14,55,14274,59,2051,334316
202211,484,41700,C,San Antonio-New Braunfels  TX ,9751,9751,2422365,93,186,24231,47,183,28171,384,12495,1502424,8006,8006,2002679,92,184,23831,47,183,28171,327,10934,1304402
202211,488,32900,C,Merced  CA ,399,399,133328,1,2,360,1,3,257,14,352,55841,212,212,60021,1,2,360,0,0,0,14,352,55841
202211,488,33700,C,Modesto  CA ,613,613,130349,3,6,1120,1,3,527,5,34,4025,515,515,107844,3,6,1120,1,3,527,4,29,3325
202211,488,34900,C,Napa  CA ,174,174,53240,1,2,233,0,0,0,12,789,135258,58,58,16972,0,0,0,0,0,0,1,15,1411
202211,488,41860,C,San Francisco-Oakland-Berkeley  CA ,3103,3103,1079811,53,106,34437,44,151,36464,181,6813,1494516,2177,2177,782655,31,62,16955,26,90,23365,97,5469,1258246
202211,488,41940,C,San Jose-Sunnyvale-Santa Clara  CA ,3573,3573,1155402,10,20,5383,2,8,2420,56,2509,517175,3158,3158,1020418,7,14,4570,2,8,2420,51,2251,446070
202211,488,42100,C,Santa Cruz-Watsonville  CA ,391,391,78442,1,2,950,1,3,1352,16,193,18348,340,340,73060,1,2,950,1,3,1352,5,122,12870
202211,488,42220,C,Santa Rosa-Petaluma  CA ,844,844,251539,2,4,705,2,7,1065,55,1289,307175,658,658,214257,2,4,705,2,7,1065,36,1193,287759
202211,488,44700,C,Stockton  CA ,2992,2992,998481,9,18,4566,0,0,0,31,545,78122,1852,1852,667713,7,14,3862,0,0,0,12,210,32651
202211,488,46700,C,Vallejo  CA ,927,927,262936,0,0,0,0,0,0,1,86,12202,919,919,260650,0,0,0,0,0,0,1,86,12202
202211,496,25980,C,Hinesville  GA ,722,722,162591,2,4,370,0,0,0,1,72,12225,437,437,94951,2,4,370,0,0,0,1,72,12225
202211,496,42340,C,Savannah  GA ,1999,1999,555056,58,116,11934,24,93,11807,58,761,89554,1621,1621,465089,43,86,8894,22,85,11063,50,704,84558
202211,500,14740,C,Bremerton-Silverdale-Port Orchard  WA ,997,997,342327,3,6,915,16,50,8207,19,574,83655,997,997,342327,3,6,915,16,50,8207,19,574,83655
202211,500,34580,C,Mount Vernon-Anacortes  WA ,246,246,73480,8,16,3052,9,35,3988,12,242,23155,245,245,73404,7,14,2812,8,32,3551,1,10,1502
202211,500,36500,C,Olympia-Lacey-Tumwater  WA ,557,557,147378,8,16,2089,5,19,11302,51,833,113265,449,449,123169,8,16,2089,5,19,11302,39,769,110543
202211,500,42660,C,Seattle-Tacoma-Bellevue  WA ,6667,6667,2510148,440,880,212822,208,692,147203,328,16833,2509804,5896,5896,2193608,434,868,210411,207,689,146702,267,14960,2247255
202211,508,43340,C,Shreveport-Bossier City  LA ,866,866,242087,0,0,0,0,0,0,0,0,0,526,526,165630,0,0,0,0,0,0,0,0,0
202211,515,21140,C,Elkhart-Goshen  IN ,314,314,103099,0,0,0,0,0,0,5,60,8000,308,308,101379,0,0,0,0,0,0,5,60,8000
202211,515,35660,C,Niles  MI ,207,207,96376,6,12,2850,0,0,0,1,5,600,111,111,56143,6,12,2850,0,0,0,1,5,600
202211,515,43780,C,South Bend-Mishawaka  IN-MI ,373,373,145283,1,2,390,0,0,0,4,186,34632,318,318,130582,1,2,390,0,0,0,4,186,34632
202211,518,17660,C,Coeur dAlene  ID ,1221,1221,449880,26,52,11649,5,15,6284,61,1045,122179,946,946,381354,17,34,8193,0,0,0,47,825,98329
202211,518,44060,C,Spokane-Spokane Valley  WA ,1948,1948,531410,75,150,31890,15,52,9889,91,1672,195307,1852,1852,507937,70,140,30221,15,52,9889,76,1568,184676
202211,522,44100,C,Springfield  IL ,148,148,49420,10,20,3561,0,0,0,2,24,3084,128,128,44004,8,16,2878,0,0,0,0,0,0
202211,524,44300,C,State College  PA ,240,240,80931,4,8,1564,4,16,3266,4,338,121950,147,147,58908,0,0,0,4,16,3266,4,338,121950
202211,532,45060,C,Syracuse  NY ,393,393,101710,6,12,310,0,0,0,6,30,1875,236,236,65475,0,0,0,0,0,0,0,0,0
202211,534,45780,C,Toledo  OH ,613,613,224823,8,16,4625,4,15,1254,15,437,36564,404,404,157601,7,14,4355,3,12,940,14,415,35621
202211,536,46060,C,Tucson  AZ ,3600,3600,1177086,26,52,6146,3,12,2771,98,1620,206270,2053,2053,739072,3,6,678,3,12,2771,43,796,82616
202211,538,46140,C,Tulsa  OK ,3620,3620,943565,19,38,4927,6,21,2447,43,1223,126177,3282,3282,874254,19,38,4927,6,21,2447,26,1097,116484
202211,540,46340,C,Tyler  TX ,670,670,169692,31,62,8070,10,32,4747,4,30,3797,452,452,113469,14,28,3643,10,32,4747,0,0,0
202211,544,47020,C,Victoria  TX ,221,221,50121,0,0,0,0,0,0,0,0,0,197,197,49542,0,0,0,0,0,0,0,0,0
202211,545,47260,C,Virginia Beach-Norfolk-Newport News  VA-NC ,3392,3392,893166,8,16,3600,3,11,2352,86,2365,211612,3188,3188,868514,8,16,3600,2,8,1728,86,2365,211612
202211,548,12580,C,Baltimore-Columbia-Towson  MD ,2631,2631,687799,5,10,750,2,6,669,52,3479,464006,2363,2363,624442,5,10,750,2,6,669,49,3448,457574
202211,548,15680,C,California-Lexington Park  MD ,224,224,85240,0,0,0,0,0,0,0,0,0,224,224,85240,0,0,0,0,0,0,0,0,0
202211,548,16540,C,Chambersburg-Waynesboro  PA ,273,273,74656,12,24,3645,3,12,1920,9,51,5333,236,236,66304,12,24,3645,3,12,1920,8,46,4684
202211,548,25180,C,Hagerstown-Martinsburg  MD-WV ,1755,1755,442890,13,26,4349,0,0,0,12,268,30551,1477,1477,362620,7,14,2679,0,0,0,6,48,5910
202211,548,47900,C,Washington-Arlington-Alexandria  DC-VA-MD-WV ,11084,11084,3057511,38,76,9828,5,20,3645,272,18314,2441083,8964,8964,2515979,34,68,8938,5,20,3645,193,16842,2250797
202211,548,49020,C,Winchester  VA-WV ,682,682,186395,0,0,0,0,0,0,17,300,47630,681,681,186163,0,0,0,0,0,0,17,300,47630
202211,554,48140,C,Wausau-Weston  WI ,337,337,101776,6,12,1576,0,0,0,5,124,14938,241,241,74801,4,8,976,0,0,0,5,124,14938
202211,556,48620,C,Wichita  KS ,1477,1477,536675,376,752,89846,18,65,9906,15,396,47604,1201,1201,424581,347,694,83737,16,59,9386,15,396,47604
202211,558,48700,C,Williamsport  PA ,43,43,12417,0,0,0,0,0,0,0,0,0,13,13,4942,0,0,0,0,0,0,0,0,0
202211,566,49660,C,Youngstown-Warren-Boardman  OH-PA ,315,315,73004,1,2,377,1,3,381,0,0,0,248,248,57894,1,2,377,1,3,381,0,0,0
202211,999,10180,C,Abilene  TX ,442,442,106460,24,48,5248,0,0,0,36,274,24000,441,441,106160,24,48,5248,0,0,0,36,274,24000
202211,999,10500,C,Albany  GA ,167,167,24879,0,0,0,0,0,0,2,33,3657,113,113,11504,0,0,0,0,0,0,0,0,0
202211,999,10780,C,Alexandria  LA ,332,332,81606,20,40,2900,0,0,0,0,0,0,253,253,60975,20,40,2900,0,0,0,0,0,0
202211,999,10900,C,Allentown-Bethlehem-Easton  PA-NJ ,1383,1383,338405,12,24,2195,4,16,1845,24,727,78692,1103,1103,265377,4,8,754,4,16,1845,15,605,76872
202211,999,11260,C,Anchorage  AK ,682,682,215755,4,8,1399,13,48,8060,19,224,33879,37,37,10555,4,8,1399,2,8,1164,0,0,0
202211,999,11500,C,Anniston-Oxford  AL ,72,72,12352,1,2,125,0,0,0,0,0,0,60,60,10930,1,2,125,0,0,0,0,0,0
202211,999,12260,C,Augusta-Richmond County  GA-SC ,3217,3217,782194,3,6,731,23,89,9222,31,666,80960,2181,2181,576381,3,6,731,23,89,9222,31,666,80960
202211,999,12420,C,Austin-Round Rock-Georgetown  TX ,19525,19525,5515115,165,330,28850,35,130,18907,450,21387,2867353,12227,12227,3645641,130,260,21237,27,102,15980,391,19969,2690831
202211,999,12540,C,Bakersfield  CA ,2356,2356,613882,7,14,895,2,6,4692,30,278,30112,400,400,65753,4,8,421,0,0,0,8,116,12954
202211,999,12620,C,Bangor  ME ,298,298,71246,22,44,7214,8,31,4866,0,0,0,137,137,38218,18,36,6508,7,28,4669,0,0,0
202211,999,12940,C,Baton Rouge  LA ,3332,3332,778886,11,22,10996,1,3,385,12,267,30039,438,438,92789,10,20,2076,0,0,0,0,0,0
202211,999,13140,C,Beaumont-Port Arthur  TX ,1286,1286,311399,7,14,1721,0,0,0,1,6,600,1131,1131,281872,4,8,1167,0,0,0,1,6,600
202211,999,13220,C,Beckley  WV ,102,102,22139,0,0,0,0,0,0,0,0,0,92,92,20959,0,0,0,0,0,0,0,0,0
202211,999,13380,C,Bellingham  WA ,707,707,216135,5,10,1766,21,78,15773,23,640,80619,514,514,148199,4,8,1178,21,78,15773,23,640,80619
202211,999,13740,C,Billings  MT ,739,739,133495,36,72,10463,0,0,0,12,249,29298,531,531,123354,36,72,10463,0,0,0,12,249,29298
202211,999,13780,C,Binghamton  NY ,125,125,24365,0,0,0,0,0,0,32,277,26881,17,17,4577,0,0,0,0,0,0,0,0,0
202211,999,13900,C,Bismarck  ND ,362,362,114226,45,90,18605,18,70,5564,1,8,1704,305,305,95828,45,90,18605,18,70,5564,1,8,1704
202211,999,13980,C,Blacksburg-Christiansburg  VA ,357,357,97627,8,16,3081,0,0,0,4,107,18392,325,325,87721,8,16,3081,0,0,0,4,107,18392
202211,999,15260,C,Brunswick  GA ,826,826,279516,44,88,10605,3,11,2810,19,537,64392,696,696,251970,44,88,10605,3,11,2810,19,537,64392
202211,999,16060,C,Carbondale-Marion  IL ,68,68,10684,2,4,285,18,69,5435,2,10,1100,53,53,8459,2,4,285,18,69,5435,2,10,1100
202211,999,16220,C,Casper  WY ,127,127,38735,5,10,1575,1,4,470,3,65,7169,48,48,10128,0,0,0,0,0,0,0,0,0
202211,999,16580,C,Champaign-Urbana  IL ,310,310,99506,0,0,0,8,32,4000,10,575,97464,279,279,87066,0,0,0,8,32,4000,10,575,97464
202211,999,16700,C,Charleston-North Charleston  SC ,5626,5626,1908410,1,2,526,8,32,8607,105,1910,221181,2190,2190,874404,1,2,526,8,32,8607,34,274,57277
202211,999,16820,C,Charlottesville  VA ,1007,1007,334832,13,26,4028,6,20,1584,35,474,40580,272,272,63011,0,0,0,0,0,0,5,120,6000
202211,999,16940,C,Cheyenne  WY ,376,376,76328,0,0,0,38,150,19024,14,649,46888,208,208,43139,0,0,0,36,144,18536,13,644,46521
202211,999,17020,C,Chico  CA ,894,894,256551,21,42,4532,12,48,3509,40,766,85855,689,689,215829,21,42,4532,12,48,3509,40,766,85855
202211,999,17300,C,Clarksville  TN-KY ,1479,1479,292405,16,32,5052,98,388,39881,228,2139,184152,1445,1445,289142,16,32,5052,98,388,39881,228,2139,184152
202211,999,17780,C,College Station-Bryan  TX ,1485,1485,335082,7,14,1962,10,40,4827,15,166,12852,1478,1478,333644,7,14,1962,10,40,4827,15,166,12852
202211,999,17820,C,Colorado Springs  CO ,3539,3539,1358677,16,32,4527,2,8,872,123,4815,736955,3463,3463,1339451,16,32,4527,2,8,872,123,4815,736955
202211,999,18880,C,Crestview-Fort Walton Beach-Destin  FL ,2619,2619,1393551,39,78,14342,12,36,6530,59,1222,231309,2619,2619,1393551,39,78,14342,12,36,6530,59,1222,231309
202211,999,19060,C,Cumberland  MD-WV ,61,61,17109,0,0,0,1,3,420,0,0,0,55,55,15999,0,0,0,1,3,420,0,0,0
202211,999,19180,C,Danville  IL ,4,4,607,0,0,0,0,0,0,0,0,0,0,0,0,0,0,0,0,0,0,0,0,0
202211,999,19500,C,Decatur  IL ,16,16,5425,0,0,0,0,0,0,1,20,3569,11,11,4211,0,0,0,0,0,0,0,0,0
202211,999,20220,C,Dubuque  IA ,141,141,50975,1,2,540,2,6,1600,3,54,1415,97,97,34929,1,2,540,2,6,1600,0,0,0
202211,999,20260,C,Duluth  MN-WI ,532,532,137905,7,14,3295,0,0,0,3,187,32400,404,404,104843,6,12,3001,0,0,0,3,187,32400
202211,999,20940,C,El Centro  CA ,378,378,60721,2,4,302,0,0,0,11,125,13135,72,72,9014,2,4,302,0,0,0,10,120,12635
202211,999,21420,C,Enid  OK ,43,43,12114,0,0,0,0,0,0,0,0,0,43,43,12114,0,0,0,0,0,0,0,0,0
202211,999,21660,C,Eugene-Springfield  OR ,836,836,220260,11,22,3328,2,8,865,25,699,72267,425,425,107341,3,6,353,1,4,650,25,699,72267
202211,999,21780,C,Evansville  IN-KY ,762,762,262318,65,130,18638,0,0,0,14,195,14848,521,521,196921,48,96,14690,0,0,0,12,185,14148
202211,999,21820,C,Fairbanks  AK ,28,28,5072,0,0,0,0,0,0,0,0,0,0,0,0,0,0,0,0,0,0,0,0,0
202211,999,22140,C,Farmington  NM ,133,133,29297,0,0,0,0,0,0,0,0,0,133,133,29297,0,0,0,0,0,0,0,0,0
202211,999,22220,C,Fayetteville-Springdale-Rogers  AR-MO ,5097,5097,1559845,87,174,34308,42,162,24128,81,1388,142925,4221,4221,1367770,81,162,31518,42,162,24128,46,983,110614
202211,999,22380,C,Flagstaff  AZ ,388,388,148338,2,4,588,0,0,0,8,251,57433,388,388,148338,2,4,588,0,0,0,8,251,57433
202211,999,22500,C,Florence  SC ,668,668,117756,22,44,3300,1,3,285,1,7,560,654,654,115039,22,44,3300,1,3,285,1,7,560
202211,999,22520,C,Florence-Muscle Shoals  AL ,191,191,24376,22,44,1760,0,0,0,4,26,1898,88,88,11748,22,44,1760,0,0,0,4,26,1898
202211,999,22540,C,Fond du Lac  WI ,131,131,40883,0,0,0,1,3,596,3,26,2062,6,6,2871,0,0,0,0,0,0,0,0,0
202211,999,22660,C,Fort Collins  CO ,1322,1322,473529,12,24,4958,5,18,4298,47,924,166280,938,938,340891,4,8,1315,3,12,2762,17,325,72225
202211,999,22900,C,Fort Smith  AR-OK ,369,369,78597,70,140,17948,19,58,11550,5,122,17603,298,298,70232,65,130,17058,14,43,10275,5,122,17603
202211,999,23460,C,Gadsden  AL ,146,146,27613,0,0,0,0,0,0,0,0,0,92,92,19573,0,0,0,0,0,0,0,0,0
202211,999,24140,C,Goldsboro  NC ,322,322,69511,1,2,251,0,0,0,3,72,5262,244,244,54088,1,2,251,0,0,0,0,0,0
202211,999,24220,C,Grand Forks  ND-MN ,164,164,46448,0,0,0,0,0,0,0,0,0,159,159,44552,0,0,0,0,0,0,0,0,0
202211,999,24260,C,Grand Island  NE ,172,172,40679,16,32,6814,7,23,3391,0,0,0,129,129,31391,16,32,6814,7,23,3391,0,0,0
202211,999,24300,C,Grand Junction  CO ,636,636,152670,4,8,853,0,0,0,6,121,8472,636,636,152670,4,8,853,0,0,0,6,121,8472
202211,999,24500,C,Great Falls  MT ,188,188,53106,2,4,1200,0,0,0,7,337,53231,188,188,53106,2,4,1200,0,0,0,7,337,53231
202211,999,25060,C,Gulfport-Biloxi  MS ,2876,2876,460750,9,18,1514,15,55,5617,33,306,18471,1795,1795,281081,4,8,469,2,8,900,17,188,8481
202211,999,25860,C,Hickory-Lenoir-Morganton  NC ,1706,1706,397345,13,26,3275,0,0,0,65,794,87327,1305,1305,316630,9,18,1835,0,0,0,38,578,71849
202211,999,25940,C,Hilton Head Island-Bluffton  SC ,2543,2543,1132521,4,8,3148,14,50,16138,13,262,35209,299,299,214165,4,8,3148,6,18,7142,0,0,0
202211,999,26140,C,Homosassa Springs  FL ,1437,1437,318760,7,14,1062,0,0,0,2,10,865,26,26,9294,1,2,210,0,0,0,0,0,0
202211,999,26380,C,Houma-Thibodaux  LA ,753,753,192349,26,52,4042,2,6,500,10,52,5479,751,751,192246,26,52,4042,2,6,500,10,52,5479
202211,999,27100,C,Jackson  MI ,132,132,37780,2,4,325,0,0,0,0,0,0,41,41,13044,0,0,0,0,0,0,0,0,0
202211,999,27340,C,Jacksonville  NC ,1169,1169,258071,16,32,3203,2,6,2438,3,72,6280,1169,1169,258071,16,32,3203,2,6,2438,3,72,6280
202211,999,27620,C,Jefferson City  MO ,157,157,45497,3,6,1395,1,4,522,0,0,0,109,109,33420,2,4,550,1,4,522,0,0,0
202211,999,27980,C,Kahului-Wailuku-Lahaina  HI ,278,278,170909,30,60,8707,0,0,0,15,366,118783,0,0,0,0,0,0,0,0,0,0,0,0
202211,999,28660,C,Killeen-Temple  TX ,2462,2462,550362,264,528,57679,0,0,0,49,753,108211,1068,1068,209691,177,354,39646,0,0,0,0,0,0
202211,999,29100,C,La Crosse-Onalaska  WI-MN ,186,186,69265,34,68,13871,2,7,1205,7,192,23983,98,98,40261,10,20,4415,1,4,600,3,129,15933
202211,999,29420,C,Lake Havasu City-Kingman  AZ ,1897,1897,522084,40,80,5953,8,27,2770,0,0,0,1625,1625,444885,38,76,5414,8,27,2770,0,0,0
202211,999,29540,C,Lancaster  PA ,657,657,198818,20,40,9724,8,30,5381,35,290,36183,478,478,151444,20,40,9724,2,7,1287,28,255,32902
202211,999,29620,C,Lansing-East Lansing  MI ,439,439,132050,10,20,3043,6,24,1825,18,440,52792,235,235,79093,2,4,630,6,24,1825,12,239,30487
202211,999,29700,C,Laredo  TX ,1193,1193,187055,18,36,3052,9,27,3460,17,172,11005,0,0,0,0,0,0,0,0,0,0,0,0
202211,999,30020,C,Lawton  OK ,76,76,12228,0,0,0,0,0,0,0,0,0,36,36,8734,0,0,0,0,0,0,0,0,0
202211,999,30300,C,Lewiston  ID-WA ,120,120,36364,5,10,2149,0,0,0,0,0,0,84,84,22971,5,10,2149,0,0,0,0,0,0
202211,999,30860,C,Logan  UT-ID ,806,806,264419,2,4,891,2,7,1763,25,303,45420,696,696,237029,2,4,891,1,4,1013,25,303,45420
202211,999,30980,C,Longview  TX ,358,358,83921,10,20,1972,12,48,6943,27,344,27898,244,244,58535,5,10,1012,0,0,0,12,144,15741
202211,999,31340,C,Lynchburg  VA ,484,484,115018,2,4,509,5,16,2746,20,276,23902,459,459,110040,1,2,225,1,4,332,9,158,20843
202211,999,31740,C,Manhattan  KS ,237,237,74672,2,4,525,2,6,500,2,49,10387,113,113,36395,1,2,247,0,0,0,2,49,10387
202211,999,33540,C,Missoula  MT ,340,340,94139,10,20,2597,4,15,1785,49,696,77545,340,340,94139,10,20,2597,4,15,1785,49,696,77545
202211,999,36100,C,Ocala  FL ,5032,5032,1212828,1,2,100,0,0,0,43,1167,132268,5021,5021,1210448,1,2,100,0,0,0,43,1167,132268
202211,999,36980,C,Owensboro  KY ,213,213,21786,8,16,1889,2,7,1545,1,5,680,206,206,20374,7,14,1716,2,7,1545,1,5,680
202211,999,37340,C,Palm Bay-Melbourne-Titusville  FL ,3897,3897,1444652,1,2,1070,6,22,6126,25,965,167366,3760,3760,1417547,1,2,1070,6,22,6126,25,965,167366
202211,999,37460,C,Panama City  FL ,2028,2028,731381,7,14,2660,3,9,2039,11,130,30911,262,262,98910,1,2,228,0,0,0,1,47,10440
202211,999,37900,C,Peoria  IL ,151,151,50764,1,2,700,0,0,0,14,140,7363,59,59,22914,1,2,700,0,0,0,9,112,5000
202211,999,38340,C,Pittsfield  MA ,89,89,44648,1,2,475,1,3,1167,0,0,0,13,13,10756,0,0,0,0,0,0,0,0,0
202211,999,38540,C,Pocatello  ID ,288,288,65974,12,24,2984,24,90,10836,6,126,12585,190,190,53386,10,20,2348,17,68,8555,5,121,12412
202211,999,39150,C,Prescott Valley-Prescott  AZ ,1668,1668,579726,67,134,20639,0,0,0,8,481,106226,1563,1563,539727,67,134,20639,0,0,0,8,481,106226
202211,999,40060,C,Richmond  VA ,4250,4250,1120264,66,132,17148,3,9,837,171,5383,572094,4091,4091,1096294,66,132,17148,3,9,837,158,5284,562089
202211,999,40220,C,Roanoke  VA ,427,427,127301,2,4,628,0,0,0,8,281,34338,210,210,55589,2,4,628,0,0,0,0,0,0
202211,999,41100,C,St. George  UT ,2372,2372,478544,0,0,0,10,37,6809,44,596,72707,1812,1812,371649,0,0,0,8,31,6123,39,540,69268
202211,999,41500,C,Salinas  CA ,469,469,118103,8,16,3261,11,42,6377,26,375,35724,344,344,85006,1,2,200,1,3,446,14,299,24062
202211,999,41660,C,San Angelo  TX ,315,315,76942,0,0,0,0,0,0,0,0,0,315,315,76942,0,0,0,0,0,0,0,0,0
202211,999,41740,C,San Diego-Chula Vista-Carlsbad  CA ,3297,3297,966038,55,110,17774,101,348,72740,247,4953,968280,3209,3209,937234,55,110,17774,101,348,72740,236,4828,955783
202211,999,42020,C,San Luis Obispo-Paso Robles  CA ,626,626,179400,10,20,2499,10,36,6123,24,369,53655,573,573,162721,10,20,2499,10,36,6123,24,369,53655
202211,999,42200,C,Santa Maria-Santa Barbara  CA ,424,424,100873,13,26,8695,7,23,4313,43,834,96882,155,155,74929,3,6,5357,4,12,2400,0,0,0
202211,999,42540,C,Scranton--Wilkes-Barre  PA ,454,454,129220,10,20,2660,0,0,0,6,30,2923,165,165,55953,10,20,2660,0,0,0,0,0,0
202211,999,42700,C,Sebring-Avon Park  FL ,603,603,138910,11,22,3706,0,0,0,0,0,0,603,603,138910,11,22,3706,0,0,0,0,0,0
202211,999,43100,C,Sheboygan  WI ,115,115,41834,12,24,4881,0,0,0,0,0,0,33,33,11847,5,10,2056,0,0,0,0,0,0
202211,999,43420,C,Sierra Vista-Douglas  AZ ,388,388,51785,4,8,1100,0,0,0,0,0,0,371,371,47021,0,0,0,0,0,0,0,0,0
202211,999,43580,C,Sioux City  IA-NE-SD ,277,277,83980,1,2,500,9,28,0,6,81,6750,140,140,45700,1,2,500,0,0,0,6,81,6750
202211,999,43620,C,Sioux Falls  SD ,1572,1572,383891,10,20,3571,60,226,28653,157,3574,481483,1478,1478,359606,9,18,3321,56,212,27733,155,3564,480671
202211,999,44140,C,Springfield  MA ,398,398,117916,15,30,5520,1,4,577,24,267,32425,147,147,54712,7,14,2522,1,4,577,0,0,0
202211,999,44180,C,Springfield  MO ,1339,1339,394961,19,38,4390,6,18,1700,13,229,31557,999,999,301347,16,32,3556,2,6,950,13,229,31557
202211,999,44940,C,Sumter  SC ,385,385,70436,32,64,6101,0,0,0,1,36,965,385,385,70436,32,64,6101,0,0,0,1,36,965
202211,999,45220,C,Tallahassee  FL ,1282,1282,259838,9,18,1994,0,0,0,57,1516,197597,396,396,73475,0,0,0,0,0,0,4,80,13900
202211,999,45300,C,Tampa-St. Petersburg-Clearwater  FL ,14785,14785,4425931,96,192,24669,223,784,41347,730,12023,1183492,8370,8370,2902025,90,180,22823,222,781,40670,698,11829,1133945
202211,999,45460,C,Terre Haute  IN ,109,109,24080,10,20,2805,5,20,925,16,88,8871,63,63,16339,10,20,2805,5,20,925,8,48,5100
202211,999,45500,C,Texarkana  TX-AR ,118,118,27055,9,18,1965,2,8,828,1,5,385,70,70,16174,9,18,1965,2,8,828,1,5,385
202211,999,45820,C,Topeka  KS ,398,398,90795,8,16,1600,0,0,0,0,0,0,374,374,86836,8,16,1600,0,0,0,0,0,0
202211,999,46220,C,Tuscaloosa  AL ,681,681,178371,1,2,360,13,45,7552,6,211,31736,276,276,61119,0,0,0,0,0,0,0,0,0
202211,999,46300,C,Twin Falls  ID ,490,490,133078,9,18,3358,0,0,0,8,105,20842,349,349,91624,1,2,150,0,0,0,0,0,0
202211,999,46520,C,Urban Honolulu  HI ,615,615,226200,70,140,22042,0,0,0,48,1739,619153,615,615,226200,70,140,22042,0,0,0,48,1739,619153
202211,999,46540,C,Utica-Rome  NY ,183,183,60290,0,0,0,0,0,0,14,92,13885,39,39,32707,0,0,0,0,0,0,0,0,0
202211,999,46660,C,Valdosta  GA ,1177,1177,220172,11,22,1458,0,0,0,11,142,13947,557,557,115621,0,0,0,0,0,0,0,0,0
202211,999,47300,C,Visalia  CA ,1262,1262,330734,23,46,6627,0,0,0,87,919,124918,1262,1262,330734,23,46,6627,0,0,0,87,919,124918
202211,999,47380,C,Waco  TX ,918,918,141463,24,48,5547,0,0,0,24,374,36175,752,752,110483,15,30,3777,0,0,0,14,324,31032
202211,999,47940,C,Waterloo-Cedar Falls  IA ,175,175,59057,14,28,3217,1,4,800,5,43,6133,170,170,57352,14,28,3217,1,4,800,5,43,6133
202211,999,48060,C,Watertown-Fort Drum  NY ,149,149,26904,0,0,0,0,0,0,0,0,0,6,6,1350,0,0,0,0,0,0,0,0,0
202211,999,48300,C,Wenatchee  WA ,553,553,164941,7,14,2889,9,36,7783,7,245,27016,229,229,93314,4,8,1725,9,36,7783,7,245,27016
202211,999,48540,C,Wheeling  WV-OH ,9,9,2281,0,0,0,2,6,700,0,0,0,4,4,888,0,0,0,0,0,0,0,0,0
202211,999,48660,C,Wichita Falls  TX ,159,159,41408,0,0,0,0,0,0,0,0,0,125,125,34169,0,0,0,0,0,0,0,0,0
202211,999,48900,C,Wilmington  NC ,2379,2379,749073,66,132,19830,3,11,2177,51,1621,210278,1098,1098,313158,38,76,8232,0,0,0,0,0,0
202211,999,49420,C,Yakima  WA ,418,418,107591,21,42,5676,26,90,11343,8,158,13563,345,345,88053,17,34,4076,13,45,6047,7,152,12207
202211,999,49740,C,Yuma  AZ ,688,688,115209,11,22,2908,0,0,0,7,98,11754,624,624,104792,3,6,477,0,0,0,6,90,10995
