Survey,CSA,CBSA,MONCOV,CBSA,,1-unit,,,2-units,,,3-4 units,,,5+ units,,,1-unit rep,,,2-units rep,,,3-4 units rep,,,5+ units rep
Date,Code,Code,,Name,Bldgs,Units,Value,Bldgs,Units,Value,Bldgs,Units,Value,Bldgs,Units,Value,Bldgs,Units,Value,Bldgs,Units,Value,      Bldgs,Units,Value,Bldgs,Units,Value
 
202201,104,10580,C,Albany-Schenectady-Troy  NY ,66,66,20553,1,2,300,0,0,0,1,16,1200,52,52,16877,0,0,0,0,0,0,1,16,1200
202201,104,24020,C,Glens Falls  NY ,12,12,3299,1,2,297,2,7,916,0,0,0,5,5,1586,1,2,297,2,7,916,0,0,0
202201,106,10740,C,Albuquerque  NM ,180,180,45178,0,0,0,0,0,0,2,91,4292,115,115,30699,0,0,0,0,0,0,1,84,4000
202201,106,42140,C,Santa Fe  NM ,23,23,6248,0,0,0,0,0,0,2,30,4208,0,0,0,0,0,0,0,0,0,0,0,0
202201,107,11020,C,Altoona  PA ,7,7,1813,0,0,0,0,0,0,0,0,0,1,1,45,0,0,0,0,0,0,0,0,0
202201,108,11100,C,Amarillo  TX ,89,89,21532,1,2,257,0,0,0,0,0,0,87,87,20814,1,2,257,0,0,0,0,0,0
202201,118,11540,C,Appleton  WI ,46,46,14766,1,2,400,0,0,0,1,5,567,40,40,13211,1,2,400,0,0,0,0,0,0
202201,118,36780,C,Oshkosh-Neenah  WI ,25,25,10091,0,0,0,0,0,0,0,0,0,23,23,9468,0,0,0,0,0,0,0,0,0
202201,120,11700,C,Asheville  NC ,209,209,65499,1,2,441,0,0,0,6,127,12760,8,8,6292,0,0,0,0,0,0,0,0,0
202201,122,12020,C,Athens-Clarke County  GA ,56,56,12360,0,0,0,0,0,0,11,106,12482,27,27,7061,0,0,0,0,0,0,11,106,12482
202201,122,12060,C,Atlanta-Sandy Springs-Alpharetta  GA ,2272,2272,532376,5,10,1688,6,21,3575,24,533,46049,2040,2040,478777,3,6,1283,4,15,3077,20,509,41851
202201,122,23580,C,Gainesville  GA ,109,109,25505,0,0,0,5,17,1941,2,10,1699,11,11,2858,0,0,0,5,17,1941,0,0,0
202201,122,40660,C,Rome  GA ,20,20,2923,0,0,0,0,0,0,0,0,0,20,20,2923,0,0,0,0,0,0,0,0,0
202201,140,13460,C,Bend  OR ,125,125,42675,4,8,1364,3,9,983,1,13,1477,78,78,31616,4,8,1364,2,6,481,0,0,0
202201,142,13820,C,Birmingham-Hoover  AL ,270,270,84653,0,0,0,0,0,0,0,0,0,204,204,60953,0,0,0,0,0,0,0,0,0
202201,144,14020,C,Bloomington  IN ,22,22,6004,1,2,284,0,0,0,1,31,3640,6,6,1710,0,0,0,0,0,0,0,0,0
202201,145,14010,C,Bloomington  IL ,15,15,3855,1,2,146,0,0,0,0,0,0,11,11,2965,0,0,0,0,0,0,0,0,0
202201,146,14100,C,Bloomsburg-Berwick  PA ,9,9,1942,0,0,0,0,0,0,0,0,0,3,3,684,0,0,0,0,0,0,0,0,0
202201,147,14260,C,Boise City  ID ,611,611,163202,1,2,331,6,22,2424,3,56,6708,430,430,119678,1,2,331,4,16,1333,0,0,0
202201,148,12700,C,Barnstable Town  MA ,47,47,23556,0,0,0,1,3,900,0,0,0,19,19,11723,0,0,0,1,3,900,0,0,0
202201,148,14460,C,Boston-Cambridge-Newton  MA-NH ,332,332,109801,12,24,6365,6,19,3415,50,528,107137,167,167,64311,8,16,4617,4,13,2475,8,226,69461
202201,148,31700,C,Manchester-Nashua  NH ,60,60,14783,1,2,296,0,0,0,0,0,0,25,25,6422,0,0,0,0,0,0,0,0,0
202201,148,39300,C,Providence-Warwick  RI-MA ,122,122,36538,8,16,2112,1,4,523,2,10,1861,60,60,22192,5,10,1411,1,4,523,0,0,0
202201,148,49340,C,Worcester  MA-CT ,101,101,24490,2,4,1000,0,0,0,2,31,4085,45,45,9786,1,2,500,0,0,0,0,0,0
202201,150,14540,C,Bowling Green  KY ,68,68,16269,0,0,0,0,0,0,9,72,4932,68,68,16269,0,0,0,0,0,0,9,72,4932
202201,154,15180,C,Brownsville-Harlingen  TX ,269,269,20271,4,8,484,2,6,713,2,22,1613,160,160,6959,2,4,202,0,0,0,0,0,0
202201,160,15380,C,Buffalo-Cheektowaga  NY ,65,65,22404,3,6,1132,0,0,0,2,21,3675,51,51,18715,3,6,1132,0,0,0,0,0,0
202201,162,15540,C,Burlington-South Burlington  VT ,38,38,11453,0,0,0,1,3,145,1,7,1000,24,24,7644,0,0,0,0,0,0,0,0,0
202201,163,15980,C,Cape Coral-Fort Myers  FL ,941,941,192545,8,16,2155,2,8,933,9,182,39294,941,941,192545,8,16,2155,2,8,933,9,182,39294
202201,163,34940,C,Naples-Marco Island  FL ,362,362,150004,3,6,1141,2,8,1857,6,116,41224,362,362,150004,3,6,1141,2,8,1857,6,116,41224
202201,164,16020,C,Cape Girardeau  MO-IL ,5,5,1377,1,2,325,1,3,75,1,5,577,0,0,0,0,0,0,0,0,0,0,0,0
202201,168,16300,C,Cedar Rapids  IA ,12,12,2936,0,0,0,0,0,0,2,20,4327,12,12,2936,0,0,0,0,0,0,2,20,4327
202201,168,26980,C,Iowa City  IA ,16,16,5272,1,2,301,1,4,483,1,8,1147,5,5,2560,0,0,0,0,0,0,0,0,0
202201,170,16620,C,Charleston  WV ,12,12,1940,0,0,0,0,0,0,0,0,0,7,7,1161,0,0,0,0,0,0,0,0,0
202201,170,26580,C,Huntington-Ashland  WV-KY-OH ,21,21,3999,0,0,0,0,0,0,0,0,0,0,0,0,0,0,0,0,0,0,0,0,0
202201,172,16740,C,Charlotte-Concord-Gastonia  NC-SC ,1638,1638,412665,5,10,1510,0,0,0,27,1577,256388,1313,1313,325692,5,10,1510,0,0,0,25,1531,252701
202201,174,16860,C,Chattanooga  TN-GA ,194,194,46670,3,6,433,0,0,0,4,57,5972,131,131,33025,0,0,0,0,0,0,0,0,0
202201,174,17420,C,Cleveland  TN ,79,79,16938,0,0,0,2,8,1379,0,0,0,59,59,13311,0,0,0,2,8,1379,0,0,0
202201,174,19140,C,Dalton  GA ,31,31,5633,0,0,0,1,4,480,0,0,0,24,24,4001,0,0,0,1,4,480,0,0,0
202201,176,16980,C,Chicago-Naperville-Elgin  IL-IN-WI ,475,475,151632,7,14,2019,16,50,9996,17,455,102658,369,369,124328,6,12,1733,15,47,9431,10,383,92232
202201,176,28100,C,Kankakee  IL ,5,5,1404,0,0,0,0,0,0,0,0,0,5,5,1404,0,0,0,0,0,0,0,0,0
202201,176,33140,C,Michigan City-La Porte  IN ,7,7,2000,0,0,0,0,0,0,0,0,0,0,0,0,0,0,0,0,0,0,0,0,0
202201,178,17140,C,Cincinnati  OH-KY-IN ,316,316,93070,9,18,2042,0,0,0,4,194,10438,252,252,76292,9,18,2042,0,0,0,4,194,10438
202201,184,10420,C,Akron  OH ,60,60,20615,0,0,0,1,3,300,1,6,80,52,52,17719,0,0,0,0,0,0,0,0,0
202201,184,15940,C,Canton-Massillon  OH ,32,32,9901,1,2,370,1,3,154,1,5,384,26,26,8862,1,2,370,0,0,0,0,0,0
202201,184,17460,C,Cleveland-Elyria  OH ,175,175,54786,1,2,11,1,3,208,1,5,826,125,125,44197,0,0,0,0,0,0,1,5,826
202201,190,17860,C,Columbia  MO ,29,29,10998,0,0,0,0,0,0,1,13,1772,29,29,10998,0,0,0,0,0,0,1,13,1772
202201,192,17900,C,Columbia  SC ,432,432,101045,0,0,0,0,0,0,24,538,64150,138,138,30762,0,0,0,0,0,0,22,528,62683
202201,194,12220,C,Auburn-Opelika  AL ,120,120,31751,0,0,0,0,0,0,7,99,14395,27,27,7711,0,0,0,0,0,0,0,0,0
202201,194,17980,C,Columbus  GA-AL ,70,70,16849,12,24,4500,0,0,0,0,0,0,66,66,15986,12,24,4500,0,0,0,0,0,0
202201,198,18140,C,Columbus  OH ,411,411,141181,1,2,275,1,4,57,27,610,30741,345,345,122243,0,0,0,1,4,57,25,600,29742
202201,204,18580,C,Corpus Christi  TX ,182,182,44352,0,0,0,0,0,0,2,31,2584,149,149,35647,0,0,0,0,0,0,0,0,0
202201,206,19100,C,Dallas-Fort Worth-Arlington  TX ,4026,4026,1058943,14,28,3431,17,60,10657,62,2747,382119,3450,3450,910854,6,12,1734,15,53,9454,50,2321,328860
202201,206,43300,C,Sherman-Denison  TX ,148,148,22727,3,6,536,0,0,0,1,11,1241,130,130,20628,1,2,257,0,0,0,0,0,0
202201,209,19340,C,Davenport-Moline-Rock Island  IA-IL ,22,22,4920,0,0,0,1,4,740,0,0,0,6,6,2002,0,0,0,1,4,740,0,0,0
202201,212,19430,C,Dayton-Kettering  OH ,147,147,45276,0,0,0,2,6,1124,1,23,2790,144,144,44964,0,0,0,1,3,825,0,0,0
202201,212,44220,C,Springfield  OH ,18,18,5376,0,0,0,0,0,0,1,6,652,18,18,5376,0,0,0,0,0,0,1,6,652
202201,216,14500,C,Boulder  CO ,26,26,11272,1,2,463,2,7,1420,4,48,9893,20,20,7603,0,0,0,1,4,667,2,24,5194
202201,216,19740,C,Denver-Aurora-Lakewood  CO ,1034,1034,313616,33,66,12717,2,7,1881,14,448,82288,945,945,289836,32,64,12063,2,7,1881,11,397,75762
202201,216,24540,C,Greeley  CO ,284,284,76953,7,14,1732,2,6,1276,5,33,2864,195,195,51629,6,12,1388,0,0,0,3,16,1575
202201,218,11180,C,Ames  IA ,11,11,3052,0,0,0,0,0,0,0,0,0,5,5,1498,0,0,0,0,0,0,0,0,0
202201,218,19780,C,Des Moines-West Des Moines  IA ,256,256,75204,4,8,1618,1,4,905,4,67,6289,239,239,70268,3,6,1327,1,4,905,2,54,4997
202201,220,11460,C,Ann Arbor  MI ,43,43,12878,0,0,0,3,9,1458,1,14,1098,33,33,10267,0,0,0,1,3,700,0,0,0
202201,220,19820,C,Detroit-Warren-Dearborn  MI ,357,357,119942,3,6,937,2,7,708,8,53,10983,278,278,99906,1,2,535,0,0,0,6,34,8687
202201,220,22420,C,Flint  MI ,42,42,9898,0,0,0,0,0,0,0,0,0,37,37,8855,0,0,0,0,0,0,0,0,0
202201,220,33780,C,Monroe  MI ,16,16,3808,0,0,0,0,0,0,1,7,250,11,11,2850,0,0,0,0,0,0,0,0,0
202201,222,20020,C,Dothan  AL ,27,27,8111,0,0,0,0,0,0,0,0,0,15,15,5450,0,0,0,0,0,0,0,0,0
202201,232,20740,C,Eau Claire  WI ,14,14,4442,2,4,880,0,0,0,2,15,2500,11,11,3352,2,4,880,0,0,0,2,15,2500
202201,236,21300,C,Elmira  NY ,4,4,967,0,0,0,0,0,0,1,12,1864,2,2,550,0,0,0,0,0,0,0,0,0
202201,238,21340,C,El Paso  TX ,202,202,47200,4,8,986,1,3,392,2,15,1798,11,11,2632,0,0,0,0,0,0,0,0,0
202201,238,29740,C,Las Cruces  NM ,90,90,24193,0,0,0,1,3,237,1,6,422,17,17,6111,0,0,0,0,0,0,0,0,0
202201,240,21500,C,Erie  PA ,17,17,5730,0,0,0,0,0,0,0,0,0,10,10,4123,0,0,0,0,0,0,0,0,0
202201,244,22020,C,Fargo  ND-MN ,16,16,5225,0,0,0,0,0,0,0,0,0,7,7,2336,0,0,0,0,0,0,0,0,0
202201,246,22180,C,Fayetteville  NC ,185,185,36487,0,0,0,0,0,0,0,0,0,119,119,27216,0,0,0,0,0,0,0,0,0
202201,258,23060,C,Fort Wayne  IN ,98,98,27173,7,14,841,0,0,0,1,10,743,4,4,1140,0,0,0,0,0,0,0,0,0
202201,260,23420,C,Fresno  CA ,253,253,75451,3,6,838,2,6,635,4,36,4928,40,40,10007,0,0,0,0,0,0,0,0,0
202201,260,25260,C,Hanford-Corcoran  CA ,23,23,5762,0,0,0,0,0,0,0,0,0,0,0,0,0,0,0,0,0,0,0,0,0
202201,260,31460,C,Madera  CA ,45,45,10849,0,0,0,0,0,0,0,0,0,45,45,10849,0,0,0,0,0,0,0,0,0
202201,264,23540,C,Gainesville  FL ,115,115,29065,0,0,0,0,0,0,1,105,3575,14,14,5838,0,0,0,0,0,0,0,0,0
202201,266,24340,C,Grand Rapids-Kentwood  MI ,170,170,53151,6,12,2896,1,3,483,4,39,3919,116,116,39868,4,8,2160,0,0,0,0,0,0
202201,266,34740,C,Muskegon  MI ,14,14,3236,0,0,0,0,0,0,9,217,15624,11,11,2522,0,0,0,0,0,0,9,217,15624
202201,267,24580,C,Green Bay  WI ,53,53,18932,1,2,398,0,0,0,2,11,891,34,34,13242,0,0,0,0,0,0,0,0,0
202201,268,15500,C,Burlington  NC ,139,139,23823,0,0,0,0,0,0,0,0,0,139,139,23823,0,0,0,0,0,0,0,0,0
202201,268,24660,C,Greensboro-High Point  NC ,164,164,46102,0,0,0,0,0,0,9,216,30148,163,163,45924,0,0,0,0,0,0,9,216,30148
202201,268,49180,C,Winston-Salem  NC ,283,283,67229,0,0,0,0,0,0,1,6,237,178,178,39279,0,0,0,0,0,0,0,0,0
202201,272,24780,C,Greenville  NC ,62,62,23347,3,6,343,0,0,0,0,0,0,34,34,16745,3,6,343,0,0,0,0,0,0
202201,273,24860,C,Greenville-Anderson  SC ,608,608,150363,1,2,240,0,0,0,10,120,30784,604,604,149563,1,2,240,0,0,0,10,120,30784
202201,273,43900,C,Spartanburg  SC ,260,260,42337,0,0,0,0,0,0,0,0,0,0,0,0,0,0,0,0,0,0,0,0,0
202201,276,23900,C,Gettysburg  PA ,28,28,8902,0,0,0,0,0,0,0,0,0,28,28,8902,0,0,0,0,0,0,0,0,0
202201,276,25420,C,Harrisburg-Carlisle  PA ,146,146,32295,0,0,0,0,0,0,2,11,1303,129,129,28118,0,0,0,0,0,0,1,6,689
202201,276,30140,C,Lebanon  PA ,16,16,2947,0,0,0,0,0,0,1,5,876,1,1,75,0,0,0,0,0,0,0,0,0
202201,276,49620,C,York-Hanover  PA ,102,102,28885,0,0,0,0,0,0,1,8,592,73,73,23510,0,0,0,0,0,0,0,0,0
202201,277,25500,C,Harrisonburg  VA ,53,53,13808,0,0,0,0,0,0,1,5,680,49,49,12937,0,0,0,0,0,0,0,0,0
202201,277,44420,C,Staunton  VA ,22,22,5914,0,0,0,0,0,0,1,20,1500,22,22,5914,0,0,0,0,0,0,1,20,1500
202201,278,25540,C,Hartford-East Hartford-Middletown  CT ,44,44,10531,0,0,0,0,0,0,3,21,1448,21,21,5149,0,0,0,0,0,0,0,0,0
202201,278,35980,C,Norwich-New London  CT ,37,37,9582,1,2,327,0,0,0,0,0,0,28,28,7491,1,2,327,0,0,0,0,0,0
202201,279,25620,C,Hattiesburg  MS ,12,12,2911,0,0,0,0,0,0,0,0,0,5,5,1250,0,0,0,0,0,0,0,0,0
202201,284,26300,C,Hot Springs  AR ,12,12,2963,0,0,0,0,0,0,0,0,0,12,12,2963,0,0,0,0,0,0,0,0,0
202201,288,26420,C,Houston-The Woodlands-Sugar Land  TX ,4469,4469,1003737,33,66,8296,0,0,0,40,1382,172914,4139,4139,934392,33,66,8296,0,0,0,36,1343,169216
202201,290,19460,C,Decatur  AL ,17,17,4000,0,0,0,0,0,0,0,0,0,6,6,1716,0,0,0,0,0,0,0,0,0
202201,290,26620,C,Huntsville  AL ,386,386,71451,1,2,169,0,0,0,1,7,817,79,79,21955,0,0,0,0,0,0,0,0,0
202201,292,26820,C,Idaho Falls  ID ,89,89,24179,0,0,0,0,0,0,0,0,0,85,85,23474,0,0,0,0,0,0,0,0,0
202201,294,18020,C,Columbus  IN ,11,11,2800,0,0,0,0,0,0,0,0,0,0,0,0,0,0,0,0,0,0,0,0,0
202201,294,26900,C,Indianapolis-Carmel-Anderson  IN ,880,880,258208,10,20,3949,1,3,433,24,602,103984,864,864,255009,10,20,3949,1,3,433,24,602,103984
202201,294,34620,C,Muncie  IN ,8,8,1623,0,0,0,0,0,0,1,5,627,2,2,226,0,0,0,0,0,0,0,0,0
202201,296,27060,C,Ithaca  NY ,5,5,1241,0,0,0,0,0,0,2,16,1422,1,1,100,0,0,0,0,0,0,0,0,0
202201,297,27180,C,Jackson  TN ,43,43,10010,0,0,0,0,0,0,0,0,0,5,5,1689,0,0,0,0,0,0,0,0,0
202201,298,27140,C,Jackson  MS ,106,106,27555,0,0,0,0,0,0,0,0,0,89,89,24539,0,0,0,0,0,0,0,0,0
202201,300,27260,C,Jacksonville  FL ,1372,1372,297665,0,0,0,0,0,0,41,1619,168610,1266,1266,268798,0,0,0,0,0,0,40,1596,168350
202201,304,27740,C,Johnson City  TN ,62,62,15985,0,0,0,0,0,0,3,33,2686,39,39,12563,0,0,0,0,0,0,3,33,2686
202201,304,28700,C,Kingsport-Bristol  TN-VA ,50,50,12836,11,22,4070,1,4,561,1,16,936,34,34,10638,11,22,4070,1,4,561,0,0,0
202201,306,27780,C,Johnstown  PA ,6,6,1521,0,0,0,0,0,0,0,0,0,0,0,0,0,0,0,0,0,0,0,0,0
202201,308,27860,C,Jonesboro  AR ,55,55,8116,3,6,412,5,18,867,2,14,1175,4,4,511,0,0,0,0,0,0,0,0,0
202201,309,27900,C,Joplin  MO ,40,40,6215,4,8,646,0,0,0,3,25,2006,6,6,1231,0,0,0,0,0,0,0,0,0
202201,310,12980,C,Battle Creek  MI ,6,6,1519,0,0,0,0,0,0,0,0,0,0,0,0,0,0,0,0,0,0,0,0,0
202201,310,28020,C,Kalamazoo-Portage  MI ,24,24,8633,2,4,921,0,0,0,0,0,0,23,23,8249,2,4,921,0,0,0,0,0,0
202201,312,28140,C,Kansas City  MO-KS ,485,485,158011,5,10,2967,9,34,5572,17,904,112275,448,448,146306,5,10,2967,9,34,5572,17,904,112275
202201,312,29940,C,Lawrence  KS ,18,18,6111,1,2,196,0,0,0,1,9,839,0,0,0,0,0,0,0,0,0,0,0,0
202201,312,41140,C,St. Joseph  MO-KS ,6,6,1227,1,2,225,0,0,0,0,0,0,1,1,110,0,0,0,0,0,0,0,0,0
202201,313,28420,C,Kennewick-Richland  WA ,148,148,43479,0,0,0,0,0,0,4,168,21910,55,55,17668,0,0,0,0,0,0,4,168,21910
202201,313,47460,C,Walla Walla  WA ,12,12,3752,1,2,494,1,3,350,0,0,0,9,9,3102,1,2,494,0,0,0,0,0,0
202201,315,28940,C,Knoxville  TN ,382,382,90305,0,0,0,0,0,0,4,63,3415,318,318,81117,0,0,0,0,0,0,2,24,275
202201,315,34100,C,Morristown  TN ,49,49,11523,0,0,0,5,15,2000,0,0,0,36,36,9053,0,0,0,5,15,2000,0,0,0
202201,316,29020,C,Kokomo  IN ,6,6,1592,0,0,0,0,0,0,0,0,0,4,4,981,0,0,0,0,0,0,0,0,0
202201,318,29180,C,Lafayette  LA ,188,188,48844,0,0,0,0,0,0,1,11,3245,153,153,43110,0,0,0,0,0,0,1,11,3245
202201,320,29200,C,Lafayette-West Lafayette  IN ,33,33,9083,0,0,0,0,0,0,0,0,0,27,27,7694,0,0,0,0,0,0,0,0,0
202201,324,29340,C,Lake Charles  LA ,69,69,12707,4,8,527,0,0,0,0,0,0,15,15,2782,3,6,430,0,0,0,0,0,0
202201,332,29820,C,Las Vegas-Henderson-Paradise  NV ,1087,1087,295747,0,0,0,13,52,5410,39,986,98227,1084,1084,294656,0,0,0,13,52,5410,39,986,98227
202201,336,30460,C,Lexington-Fayette  KY ,119,119,28866,0,0,0,1,3,440,3,90,8554,49,49,13490,0,0,0,0,0,0,0,0,0
202201,338,30620,C,Lima  OH ,7,7,1699,0,0,0,1,3,207,1,5,560,0,0,0,0,0,0,0,0,0,0,0,0
202201,339,30700,C,Lincoln  NE ,80,80,18433,2,4,449,1,3,480,2,65,7377,4,4,750,0,0,0,0,0,0,0,0,0
202201,340,30780,C,Little Rock-North Little Rock-Conway  AR ,212,212,56342,1,2,140,0,0,0,0,0,0,177,177,52097,1,2,140,0,0,0,0,0,0
202201,340,38220,C,Pine Bluff  AR ,4,4,667,0,0,0,0,0,0,2,24,550,1,1,200,0,0,0,0,0,0,2,24,550
202201,348,31080,C,Los Angeles-Long Beach-Anaheim  CA ,898,898,269840,73,146,35600,8,25,9491,26,751,121442,654,654,204297,67,134,32636,6,19,8222,13,592,97335
202201,348,37100,C,Oxnard-Thousand Oaks-Ventura  CA ,43,43,13782,1,2,487,1,3,661,10,155,17634,5,5,1686,0,0,0,0,0,0,6,108,12429
202201,348,40140,C,Riverside-San Bernardino-Ontario  CA ,976,976,270997,3,6,155,3,12,2597,8,54,7900,772,772,222360,3,6,155,2,8,1920,4,22,4403
202201,350,21060,C,Elizabethtown-Fort Knox  KY ,29,29,7199,2,4,365,0,0,0,0,0,0,29,29,7199,2,4,365,0,0,0,0,0,0
202201,350,31140,C,Louisville-Jefferson County  KY-IN ,333,333,89551,4,8,1251,0,0,0,1,5,1593,202,202,62602,2,4,600,0,0,0,0,0,0
202201,352,31180,C,Lubbock  TX ,314,314,73383,32,64,9453,0,0,0,1,5,359,311,311,72799,32,64,9453,0,0,0,0,0,0
202201,356,31420,C,Macon-Bibb County  GA ,57,57,11264,0,0,0,0,0,0,0,0,0,25,25,4724,0,0,0,0,0,0,0,0,0
202201,356,47580,C,Warner Robins  GA ,131,131,24470,0,0,0,0,0,0,0,0,0,104,104,18138,0,0,0,0,0,0,0,0,0
202201,357,27500,C,Janesville-Beloit  WI ,23,23,5698,2,4,901,0,0,0,1,12,1550,13,13,3067,1,2,600,0,0,0,0,0,0
202201,357,31540,C,Madison  WI ,107,107,41064,5,10,2096,0,0,0,2,95,14386,83,83,34422,2,4,1046,0,0,0,1,47,7500
202201,359,31860,C,Mankato  MN ,10,10,2160,0,0,0,0,0,0,1,14,2272,1,1,260,0,0,0,0,0,0,0,0,0
202201,360,31900,C,Mansfield  OH ,2,2,500,0,0,0,1,4,293,1,5,529,1,1,285,0,0,0,0,0,0,0,0,0
202201,365,32580,C,McAllen-Edinburg-Mission  TX ,388,388,82135,6,12,797,9,35,2467,6,30,2700,362,362,79438,5,10,647,9,35,2467,6,30,2700
202201,366,24420,C,Grants Pass  OR ,20,20,5659,0,0,0,0,0,0,0,0,0,8,8,2397,0,0,0,0,0,0,0,0,0
202201,366,32780,C,Medford  OR ,58,58,18241,0,0,0,7,28,2283,2,32,4084,47,47,15298,0,0,0,7,28,2283,1,27,3412
202201,368,32820,C,Memphis  TN-MS-AR ,363,363,81603,0,0,0,0,0,0,1,5,609,283,283,67752,0,0,0,0,0,0,0,0,0
202201,370,33100,C,Miami-Fort Lauderdale-Pompano Beach  FL ,561,561,223258,9,18,3505,5,19,3085,43,1111,240811,474,474,185193,8,16,3245,5,19,3085,33,962,222826
202201,370,38940,C,Port St. Lucie  FL ,435,435,117802,12,24,2740,1,3,392,15,417,58270,412,412,110463,12,24,2740,0,0,0,14,412,56523
202201,370,42680,C,Sebastian-Vero Beach  FL ,68,68,28393,6,12,2019,0,0,0,0,0,0,64,64,24992,6,12,2019,0,0,0,0,0,0
202201,372,33260,C,Midland  TX ,57,57,11204,0,0,0,0,0,0,0,0,0,57,57,11204,0,0,0,0,0,0,0,0,0
202201,372,36220,C,Odessa  TX ,82,82,19213,0,0,0,0,0,0,1,34,4075,0,0,0,0,0,0,0,0,0,0,0,0
202201,376,33340,C,Milwaukee-Waukesha  WI ,101,101,46461,8,16,4373,0,0,0,3,152,26513,66,66,31892,7,14,4023,0,0,0,1,142,25500
202201,376,39540,C,Racine  WI ,8,8,2501,0,0,0,0,0,0,0,0,0,7,7,2126,0,0,0,0,0,0,0,0,0
202201,378,33460,C,Minneapolis-St. Paul-Bloomington  MN-WI ,654,654,233944,2,4,1134,5,19,2568,17,544,69593,590,590,213601,1,2,744,5,19,2568,14,507,65452
202201,378,41060,C,St. Cloud  MN ,17,17,4197,1,2,259,0,0,0,0,0,0,1,1,285,0,0,0,0,0,0,0,0,0
202201,380,19300,C,Daphne-Fairhope-Foley  AL ,275,275,76012,0,0,0,0,0,0,1,5,260,107,107,33391,0,0,0,0,0,0,0,0,0
202201,380,33660,C,Mobile  AL ,48,48,10275,0,0,0,0,0,0,0,0,0,43,43,9642,0,0,0,0,0,0,0,0,0
202201,384,33740,C,Monroe  LA ,32,32,7488,0,0,0,1,3,472,2,10,1158,0,0,0,0,0,0,0,0,0,0,0,0
202201,388,33860,C,Montgomery  AL ,79,79,21154,0,0,0,0,0,0,0,0,0,76,76,20727,0,0,0,0,0,0,0,0,0
202201,390,34060,C,Morgantown  WV ,1,1,137,0,0,0,0,0,0,0,0,0,0,0,0,0,0,0,0,0,0,0,0,0
202201,396,34820,C,Myrtle Beach-Conway-North Myrtle Beach  SC-NC ,646,646,146536,9,18,1575,0,0,0,1,5,250,452,452,95746,8,16,1350,0,0,0,0,0,0
202201,400,34980,C,Nashville-Davidson--Murfreesboro--Franklin  TN ,1370,1370,400042,1,2,203,6,22,1873,9,1219,103336,1088,1088,323363,1,2,203,3,11,880,4,1142,94113
202201,404,35100,C,New Bern  NC ,38,38,6822,0,0,0,0,0,0,2,15,2114,8,8,1914,0,0,0,0,0,0,0,0,0
202201,406,25220,C,Hammond  LA ,93,93,17209,1,2,100,0,0,0,2,52,5149,76,76,14503,0,0,0,0,0,0,0,0,0
202201,406,35380,C,New Orleans-Metairie  LA ,317,317,85349,10,20,2291,0,0,0,1,56,10003,218,218,59835,0,0,0,0,0,0,0,0,0
202201,408,14860,C,Bridgeport-Stamford-Norwalk  CT ,47,47,32415,3,6,1187,0,0,0,3,55,8705,37,37,25222,2,4,1030,0,0,0,3,55,8705
202201,408,20700,C,East Stroudsburg  PA ,10,10,2830,0,0,0,0,0,0,0,0,0,1,1,368,0,0,0,0,0,0,0,0,0
202201,408,28740,C,Kingston  NY ,11,11,5647,0,0,0,0,0,0,0,0,0,5,5,3573,0,0,0,0,0,0,0,0,0
202201,408,35300,C,New Haven-Milford  CT ,70,70,18538,0,0,0,0,0,0,6,147,15240,50,50,14291,0,0,0,0,0,0,3,132,14300
202201,408,35620,C,New York-Newark-Jersey City  NY-NJ-PA ,988,988,269585,58,116,16262,12,36,4198,147,3523,389479,708,708,196357,49,98,14471,7,21,2485,99,2916,321069
202201,408,39100,C,Poughkeepsie-Newburgh-Middletown  NY ,71,71,19994,0,0,0,1,3,392,3,44,6236,16,16,4612,0,0,0,1,3,392,0,0,0
202201,408,45940,C,Trenton-Princeton  NJ ,13,13,1938,0,0,0,1,3,254,2,11,591,3,3,306,0,0,0,0,0,0,0,0,0
202201,412,35840,C,North Port-Sarasota-Bradenton  FL ,790,790,240682,2,4,1081,2,7,1177,3,122,28037,790,790,240682,2,4,1081,2,7,1177,3,122,28037
202201,412,39460,C,Punta Gorda  FL ,411,411,122701,16,32,4880,2,8,1603,2,32,4515,411,411,122701,16,32,4880,2,8,1603,2,32,4515
202201,416,36420,C,Oklahoma City  OK ,565,565,163883,15,30,3547,0,0,0,0,0,0,497,497,151765,15,30,3547,0,0,0,0,0,0
202201,420,36540,C,Omaha-Council Bluffs  NE-IA ,171,171,41718,6,12,1213,43,172,10670,9,230,18098,118,118,27591,6,12,1213,43,172,10670,7,220,16945
202201,422,19660,C,Deltona-Daytona Beach-Ormond Beach  FL ,548,548,161116,7,14,2491,0,0,0,1,20,2473,457,457,130186,6,12,1976,0,0,0,0,0,0
202201,422,29460,C,Lakeland-Winter Haven  FL ,766,766,181805,3,6,590,0,0,0,0,0,0,610,610,140449,3,6,590,0,0,0,0,0,0
202201,422,36740,C,Orlando-Kissimmee-Sanford  FL ,1582,1582,426183,1,2,120,6,24,337,17,1153,168239,1385,1385,375636,1,2,120,6,24,337,12,1074,160238
202201,422,45540,C,The Villages  FL ,332,332,91671,0,0,0,0,0,0,0,0,0,331,331,91482,0,0,0,0,0,0,0,0,0
202201,425,37620,C,Parkersburg-Vienna  WV ,9,9,1676,0,0,0,0,0,0,0,0,0,7,7,1320,0,0,0,0,0,0,0,0,0
202201,426,37860,C,Pensacola-Ferry Pass-Brent  FL ,279,279,66749,8,16,2055,0,0,0,4,162,20180,279,279,66749,8,16,2055,0,0,0,4,162,20180
202201,428,12100,C,Atlantic City-Hammonton  NJ ,52,52,16977,1,2,284,0,0,0,4,71,2388,42,42,15274,1,2,284,0,0,0,3,60,1011
202201,428,20100,C,Dover  DE ,98,98,15365,0,0,0,0,0,0,1,23,3773,90,90,14369,0,0,0,0,0,0,0,0,0
202201,428,36140,C,Ocean City  NJ ,54,54,40247,7,14,3731,0,0,0,1,5,616,49,49,38697,7,14,3731,0,0,0,0,0,0
202201,428,37980,C,Philadelphia-Camden-Wilmington  PA-NJ-DE-MD ,757,757,129057,9,18,2316,2,6,785,30,275,29985,486,486,96843,9,18,2316,2,6,785,13,141,17599
202201,428,39740,C,Reading  PA ,32,32,7941,0,0,0,0,0,0,1,5,658,12,12,3474,0,0,0,0,0,0,0,0,0
202201,428,47220,C,Vineland-Bridgeton  NJ ,16,16,1503,0,0,0,0,0,0,0,0,0,14,14,1404,0,0,0,0,0,0,0,0,0
202201,429,38060,C,Phoenix-Mesa-Chandler  AZ ,2986,2986,790837,81,162,16865,2,7,725,42,1393,241712,2947,2947,780104,80,160,16606,2,7,725,40,1274,220897
202201,430,38300,C,Pittsburgh  PA ,289,289,83743,3,6,1874,2,7,1378,7,66,9052,163,163,53680,2,4,1674,1,4,900,3,15,2860
202201,430,48260,C,Weirton-Steubenville  WV-OH ,1,1,218,0,0,0,0,0,0,0,0,0,0,0,0,0,0,0,0,0,0,0,0,0
202201,438,30340,C,Lewiston-Auburn  ME ,11,11,2529,0,0,0,0,0,0,1,6,522,3,3,768,0,0,0,0,0,0,0,0,0
202201,438,38860,C,Portland-South Portland  ME ,166,166,53588,6,12,2171,0,0,0,6,110,23808,69,69,26818,4,8,1536,0,0,0,4,100,22942
202201,440,10540,C,Albany-Lebanon  OR ,7,7,1704,1,2,397,0,0,0,1,5,683,5,5,1266,1,2,397,0,0,0,0,0,0
202201,440,18700,C,Corvallis  OR ,20,20,6423,0,0,0,0,0,0,0,0,0,9,9,3148,0,0,0,0,0,0,0,0,0
202201,440,31020,C,Longview  WA ,32,32,7795,0,0,0,0,0,0,0,0,0,8,8,1946,0,0,0,0,0,0,0,0,0
202201,440,38900,C,Portland-Vancouver-Hillsboro  OR-WA ,536,536,153704,2,4,150,5,18,3412,15,272,34856,390,390,111310,2,4,150,4,14,2713,10,169,22204
202201,440,41420,C,Salem  OR ,110,110,31183,0,0,0,0,0,0,6,81,9895,61,61,18430,0,0,0,0,0,0,0,0,0
202201,444,39380,C,Pueblo  CO ,61,61,9851,0,0,0,0,0,0,0,0,0,61,61,9851,0,0,0,0,0,0,0,0,0
202201,450,20500,C,Durham-Chapel Hill  NC ,308,308,106384,4,8,132,0,0,0,2,78,13366,250,250,86959,4,8,132,0,0,0,1,66,11595
202201,450,39580,C,Raleigh-Cary  NC ,1111,1111,266627,0,0,0,0,0,0,16,576,64078,868,868,223724,0,0,0,0,0,0,16,576,64078
202201,452,39660,C,Rapid City  SD ,33,33,9422,1,2,365,0,0,0,0,0,0,31,31,8795,1,2,365,0,0,0,0,0,0
202201,454,39820,C,Redding  CA ,31,31,8517,0,0,0,0,0,0,0,0,0,16,16,4494,0,0,0,0,0,0,0,0,0
202201,456,16180,C,Carson City  NV ,16,16,4215,0,0,0,0,0,0,1,6,599,0,0,0,0,0,0,0,0,0,0,0,0
202201,456,39900,C,Reno  NV ,213,213,58612,4,8,1087,1,4,525,9,176,22207,45,45,11331,2,4,667,0,0,0,0,0,0
202201,462,40340,C,Rochester  MN ,30,30,9524,1,2,163,0,0,0,0,0,0,15,15,6007,0,0,0,0,0,0,0,0,0
202201,464,40380,C,Rochester  NY ,76,76,21421,0,0,0,1,3,315,8,109,11946,27,27,9096,0,0,0,0,0,0,4,49,5200
202201,466,40420,C,Rockford  IL ,2,2,570,0,0,0,0,0,0,0,0,0,2,2,570,0,0,0,0,0,0,0,0,0
202201,468,40580,C,Rocky Mount  NC ,32,32,4747,0,0,0,0,0,0,0,0,0,6,6,822,0,0,0,0,0,0,0,0,0
202201,472,40900,C,Sacramento-Roseville-Folsom  CA ,633,633,200098,4,8,818,3,12,2615,3,76,13274,633,633,200098,4,8,818,3,12,2615,3,76,13274
202201,472,49700,C,Yuba City  CA ,42,42,9856,0,0,0,0,0,0,0,0,0,34,34,7649,0,0,0,0,0,0,0,0,0
202201,474,13020,C,Bay City  MI ,2,2,499,0,0,0,0,0,0,0,0,0,0,0,0,0,0,0,0,0,0,0,0,0
202201,474,33220,C,Midland  MI ,4,4,1076,1,2,157,0,0,0,0,0,0,2,2,436,1,2,157,0,0,0,0,0,0
202201,474,40980,C,Saginaw  MI ,10,10,2137,0,0,0,0,0,0,0,0,0,0,0,0,0,0,0,0,0,0,0,0,0
202201,476,41180,C,St. Louis  MO-IL ,366,366,115789,13,26,3298,1,3,678,11,583,83120,271,271,82630,12,24,3219,0,0,0,8,552,80275
202201,480,41540,C,Salisbury  MD-DE ,347,347,57080,2,4,625,0,0,0,0,0,0,346,346,56962,2,4,625,0,0,0,0,0,0
202201,482,36260,C,Ogden-Clearfield  UT ,324,324,97038,1,2,290,3,11,1170,5,127,17039,261,261,81222,0,0,0,0,0,0,3,114,15625
202201,482,39340,C,Provo-Orem  UT ,608,608,186062,3,6,1208,7,25,5240,17,189,26442,602,602,182014,1,2,263,7,25,5240,17,189,26442
202201,482,41620,C,Salt Lake City  UT ,443,443,118905,1,2,79,2,7,1225,12,709,94198,381,381,98345,0,0,0,0,0,0,5,388,48416
202201,484,41700,C,San Antonio-New Braunfels  TX ,1042,1042,244943,17,34,4367,0,0,0,43,1543,197745,965,965,229834,17,34,4367,0,0,0,42,1538,196679
202201,488,32900,C,Merced  CA ,76,76,19897,0,0,0,0,0,0,1,5,13823,0,0,0,0,0,0,0,0,0,0,0,0
202201,488,33700,C,Modesto  CA ,50,50,8991,1,2,300,0,0,0,1,5,361,37,37,6412,1,2,300,0,0,0,0,0,0
202201,488,34900,C,Napa  CA ,11,11,3460,0,0,0,0,0,0,1,62,10722,0,0,0,0,0,0,0,0,0,0,0,0
202201,488,41860,C,San Francisco-Oakland-Berkeley  CA ,298,298,92730,3,6,2568,2,6,1353,17,777,189791,205,205,59668,2,4,1037,1,3,497,8,685,170378
202201,488,41940,C,San Jose-Sunnyvale-Santa Clara  CA ,170,170,60311,1,2,500,0,0,0,4,81,19714,155,155,55834,1,2,500,0,0,0,2,12,3468
202201,488,42100,C,Santa Cruz-Watsonville  CA ,31,31,9515,0,0,0,1,3,1352,1,5,386,26,26,8987,0,0,0,1,3,1352,0,0,0
202201,488,42220,C,Santa Rosa-Petaluma  CA ,103,103,28369,0,0,0,0,0,0,3,95,33679,80,80,23303,0,0,0,0,0,0,2,90,32846
202201,488,44700,C,Stockton  CA ,290,290,65378,1,2,592,0,0,0,3,70,9045,131,131,13484,0,0,0,0,0,0,2,48,6266
202201,488,46700,C,Vallejo  CA ,60,60,17639,0,0,0,0,0,0,0,0,0,49,49,14955,0,0,0,0,0,0,0,0,0
202201,496,25980,C,Hinesville  GA ,56,56,9400,0,0,0,0,0,0,0,0,0,29,29,3105,0,0,0,0,0,0,0,0,0
202201,496,42340,C,Savannah  GA ,224,224,56802,0,0,0,0,0,0,20,320,33807,192,192,50055,0,0,0,0,0,0,20,320,33807
202201,500,14740,C,Bremerton-Silverdale-Port Orchard  WA ,102,102,34951,0,0,0,0,0,0,3,178,29429,102,102,34951,0,0,0,0,0,0,3,178,29429
202201,500,34580,C,Mount Vernon-Anacortes  WA ,30,30,8894,0,0,0,0,0,0,1,19,1773,20,20,6341,0,0,0,0,0,0,0,0,0
202201,500,36500,C,Olympia-Lacey-Tumwater  WA ,45,45,10812,3,6,596,0,0,0,7,197,27075,33,33,8104,3,6,596,0,0,0,6,192,26862
202201,500,42660,C,Seattle-Tacoma-Bellevue  WA ,620,620,220918,46,92,17585,19,65,12443,41,1127,167917,446,446,157087,45,90,17364,18,62,11663,31,895,141702
202201,508,43340,C,Shreveport-Bossier City  LA ,71,71,17213,0,0,0,0,0,0,0,0,0,65,65,15913,0,0,0,0,0,0,0,0,0
202201,515,21140,C,Elkhart-Goshen  IN ,30,30,10227,0,0,0,0,0,0,0,0,0,29,29,9941,0,0,0,0,0,0,0,0,0
202201,515,35660,C,Niles  MI ,13,13,5673,0,0,0,0,0,0,0,0,0,7,7,3528,0,0,0,0,0,0,0,0,0
202201,515,43780,C,South Bend-Mishawaka  IN-MI ,29,29,11249,0,0,0,0,0,0,0,0,0,20,20,8874,0,0,0,0,0,0,0,0,0
202201,518,17660,C,Coeur dAlene  ID ,127,127,42584,3,6,1155,0,0,0,6,104,10003,56,56,26393,1,2,485,0,0,0,0,0,0
202201,518,44060,C,Spokane-Spokane Valley  WA ,127,127,35951,9,18,3608,5,19,3304,1,18,2082,92,92,26923,7,14,2941,4,16,2916,0,0,0
202201,522,44100,C,Springfield  IL ,4,4,988,0,0,0,0,0,0,0,0,0,1,1,280,0,0,0,0,0,0,0,0,0
202201,524,44300,C,State College  PA ,19,19,5914,0,0,0,0,0,0,0,0,0,12,12,4480,0,0,0,0,0,0,0,0,0
202201,532,45060,C,Syracuse  NY ,22,22,5300,0,0,0,0,0,0,0,0,0,8,8,1985,0,0,0,0,0,0,0,0,0
202201,534,45780,C,Toledo  OH ,65,65,15758,1,2,225,0,0,0,1,31,1951,61,61,15037,1,2,225,0,0,0,0,0,0
202201,536,46060,C,Tucson  AZ ,489,489,153193,2,4,476,0,0,0,4,66,9902,400,400,130540,0,0,0,0,0,0,0,0,0
202201,538,46140,C,Tulsa  OK ,431,431,111835,3,6,744,1,3,405,2,115,10729,422,422,109916,2,4,520,1,3,405,1,104,9882
202201,540,46340,C,Tyler  TX ,56,56,13415,1,2,247,1,4,539,0,0,0,46,46,11005,0,0,0,1,4,539,0,0,0
202201,544,47020,C,Victoria  TX ,14,14,3349,0,0,0,0,0,0,0,0,0,14,14,3349,0,0,0,0,0,0,0,0,0
202201,545,47260,C,Virginia Beach-Norfolk-Newport News  VA-NC ,315,315,82563,0,0,0,1,4,813,2,14,2314,287,287,79877,0,0,0,1,4,813,2,14,2314
202201,548,12580,C,Baltimore-Columbia-Towson  MD ,338,338,73228,0,0,0,0,0,0,4,434,63271,323,323,70218,0,0,0,0,0,0,2,258,31490
202201,548,15680,C,California-Lexington Park  MD ,16,16,6766,0,0,0,0,0,0,0,0,0,16,16,6766,0,0,0,0,0,0,0,0,0
202201,548,16540,C,Chambersburg-Waynesboro  PA ,19,19,5255,1,2,240,0,0,0,1,5,649,15,15,4247,1,2,240,0,0,0,0,0,0
202201,548,25180,C,Hagerstown-Martinsburg  MD-WV ,135,135,31144,0,0,0,0,0,0,1,19,1696,17,17,6812,0,0,0,0,0,0,0,0,0
202201,548,47900,C,Washington-Arlington-Alexandria  DC-VA-MD-WV ,976,976,272627,3,6,714,0,0,0,19,1396,156061,864,864,244627,2,4,514,0,0,0,15,1318,146826
202201,548,49020,C,Winchester  VA-WV ,51,51,12706,0,0,0,0,0,0,0,0,0,51,51,12706,0,0,0,0,0,0,0,0,0
202201,554,48140,C,Wausau-Weston  WI ,16,16,4163,2,4,320,0,0,0,0,0,0,5,5,1595,1,2,190,0,0,0,0,0,0
202201,556,48620,C,Wichita  KS ,127,127,47968,52,104,11184,0,0,0,0,0,0,108,108,43839,51,102,10884,0,0,0,0,0,0
202201,558,48700,C,Williamsport  PA ,4,4,1008,0,0,0,0,0,0,0,0,0,0,0,0,0,0,0,0,0,0,0,0,0
202201,566,49660,C,Youngstown-Warren-Boardman  OH-PA ,21,21,4749,0,0,0,0,0,0,0,0,0,14,14,2988,0,0,0,0,0,0,0,0,0
202201,999,10180,C,Abilene  TX ,38,38,8315,8,16,1573,0,0,0,0,0,0,35,35,7613,8,16,1573,0,0,0,0,0,0
202201,999,10500,C,Albany  GA ,15,15,2476,0,0,0,0,0,0,1,15,1125,13,13,2058,0,0,0,0,0,0,1,15,1125
202201,999,10780,C,Alexandria  LA ,31,31,9177,0,0,0,0,0,0,0,0,0,23,23,7070,0,0,0,0,0,0,0,0,0
202201,999,10900,C,Allentown-Bethlehem-Easton  PA-NJ ,111,111,25408,7,14,905,0,0,0,2,87,7738,77,77,18397,6,12,368,0,0,0,1,75,7600
202201,999,11260,C,Anchorage  AK ,67,67,21268,1,2,329,1,4,688,1,19,2854,3,3,813,1,2,329,0,0,0,0,0,0
202201,999,11500,C,Anniston-Oxford  AL ,7,7,1039,0,0,0,0,0,0,0,0,0,5,5,745,0,0,0,0,0,0,0,0,0
202201,999,12260,C,Augusta-Richmond County  GA-SC ,359,359,90931,3,6,731,7,28,2936,2,16,1000,206,206,62479,3,6,731,7,28,2936,2,16,1000
202201,999,12420,C,Austin-Round Rock-Georgetown  TX ,2000,2000,520320,16,32,2260,2,6,1256,48,1897,219443,1572,1572,413585,16,32,2260,1,3,922,47,1891,218889
202201,999,12540,C,Bakersfield  CA ,146,146,35775,0,0,0,0,0,0,0,0,0,135,135,33610,0,0,0,0,0,0,0,0,0
202201,999,12620,C,Bangor  ME ,15,15,3064,1,2,218,0,0,0,0,0,0,0,0,0,1,2,218,0,0,0,0,0,0
202201,999,12940,C,Baton Rouge  LA ,343,343,74409,0,0,0,0,0,0,0,0,0,54,54,10931,0,0,0,0,0,0,0,0,0
202201,999,13140,C,Beaumont-Port Arthur  TX ,105,105,24446,1,2,185,0,0,0,0,0,0,89,89,21344,0,0,0,0,0,0,0,0,0
202201,999,13220,C,Beckley  WV ,5,5,1119,0,0,0,0,0,0,0,0,0,4,4,1039,0,0,0,0,0,0,0,0,0
202201,999,13380,C,Bellingham  WA ,68,68,18401,2,4,771,2,8,1128,1,5,493,29,29,7545,0,0,0,2,8,1128,0,0,0
202201,999,13740,C,Billings  MT ,77,77,8696,0,0,0,0,0,0,0,0,0,23,23,6684,0,0,0,0,0,0,0,0,0
202201,999,13780,C,Binghamton  NY ,12,12,2207,0,0,0,0,0,0,3,23,2265,0,0,0,0,0,0,0,0,0,0,0,0
202201,999,13900,C,Bismarck  ND ,0,0,0,0,0,0,0,0,0,0,0,0,0,0,0,0,0,0,0,0,0,0,0,0
202201,999,13980,C,Blacksburg-Christiansburg  VA ,30,30,5882,0,0,0,0,0,0,0,0,0,14,14,3692,0,0,0,0,0,0,0,0,0
202201,999,15260,C,Brunswick  GA ,41,41,12214,1,2,301,0,0,0,1,5,2696,0,0,0,0,0,0,0,0,0,0,0,0
202201,999,16060,C,Carbondale-Marion  IL ,14,14,2410,1,2,125,9,36,2255,0,0,0,5,5,1227,1,2,125,9,36,2255,0,0,0
202201,999,16220,C,Casper  WY ,16,16,5229,0,0,0,0,0,0,1,5,498,7,7,2867,0,0,0,0,0,0,0,0,0
202201,999,16580,C,Champaign-Urbana  IL ,15,15,4183,0,0,0,0,0,0,0,0,0,14,14,3990,0,0,0,0,0,0,0,0,0
202201,999,16700,C,Charleston-North Charleston  SC ,490,490,153053,0,0,0,0,0,0,9,222,19970,183,183,61508,0,0,0,0,0,0,1,6,1253
202201,999,16820,C,Charlottesville  VA ,98,98,27343,1,2,341,0,0,0,2,45,4412,23,23,4890,0,0,0,0,0,0,0,0,0
202201,999,16940,C,Cheyenne  WY ,39,39,9343,0,0,0,0,0,0,0,0,0,38,38,9221,0,0,0,0,0,0,0,0,0
202201,999,17020,C,Chico  CA ,110,110,22334,3,6,780,2,8,1113,8,161,22074,19,19,3916,0,0,0,0,0,0,7,156,21498
202201,999,17300,C,Clarksville  TN-KY ,270,270,44481,1,2,240,3,12,800,39,310,23042,267,267,44268,1,2,240,3,12,800,39,310,23042
202201,999,17780,C,College Station-Bryan  TX ,184,184,34052,2,4,580,5,20,2610,0,0,0,183,183,33846,2,4,580,5,20,2610,0,0,0
202201,999,17820,C,Colorado Springs  CO ,410,410,146848,10,20,1835,2,8,872,21,1159,143452,407,407,145488,10,20,1835,2,8,872,21,1159,143452
202201,999,18880,C,Crestview-Fort Walton Beach-Destin  FL ,273,273,125596,2,4,399,0,0,0,6,108,14006,221,221,107959,1,2,48,0,0,0,6,108,14006
202201,999,19060,C,Cumberland  MD-WV ,0,0,0,0,0,0,0,0,0,0,0,0,0,0,0,0,0,0,0,0,0,0,0,0
202201,999,19180,C,Danville  IL ,1,1,275,0,0,0,0,0,0,0,0,0,0,0,0,0,0,0,0,0,0,0,0,0
202201,999,19500,C,Decatur  IL ,0,0,0,0,0,0,0,0,0,0,0,0,0,0,0,0,0,0,0,0,0,0,0,0
202201,999,20220,C,Dubuque  IA ,8,8,2055,1,2,230,0,0,0,0,0,0,2,2,536,0,0,0,0,0,0,0,0,0
202201,999,20260,C,Duluth  MN-WI ,20,20,4854,0,0,0,0,0,0,0,0,0,7,7,1525,0,0,0,0,0,0,0,0,0
202201,999,20940,C,El Centro  CA ,25,25,4610,0,0,0,0,0,0,1,7,757,1,1,235,0,0,0,0,0,0,0,0,0
202201,999,21420,C,Enid  OK ,5,5,1237,0,0,0,0,0,0,0,0,0,5,5,1237,0,0,0,0,0,0,0,0,0
202201,999,21660,C,Eugene-Springfield  OR ,83,83,21961,4,8,1483,0,0,0,5,46,5679,30,30,8760,0,0,0,0,0,0,0,0,0
202201,999,21780,C,Evansville  IN-KY ,65,65,18918,4,8,1265,0,0,0,1,15,1117,46,46,14936,3,6,840,0,0,0,0,0,0
202201,999,21820,C,Fairbanks  AK ,0,0,0,0,0,0,0,0,0,0,0,0,0,0,0,0,0,0,0,0,0,0,0,0
202201,999,22140,C,Farmington  NM ,13,13,2697,0,0,0,0,0,0,0,0,0,13,13,2697,0,0,0,0,0,0,0,0,0
202201,999,22220,C,Fayetteville-Springdale-Rogers  AR-MO ,467,467,130482,9,18,2581,0,0,0,5,60,6617,332,332,97092,5,10,951,0,0,0,0,0,0
202201,999,22380,C,Flagstaff  AZ ,46,46,16688,1,2,88,0,0,0,2,37,3415,46,46,16688,1,2,88,0,0,0,2,37,3415
202201,999,22500,C,Florence  SC ,34,34,5927,0,0,0,0,0,0,0,0,0,32,32,5711,0,0,0,0,0,0,0,0,0
202201,999,22520,C,Florence-Muscle Shoals  AL ,26,26,3245,0,0,0,0,0,0,0,0,0,8,8,1148,0,0,0,0,0,0,0,0,0
202201,999,22540,C,Fond du Lac  WI ,7,7,2155,0,0,0,0,0,0,0,0,0,2,2,690,0,0,0,0,0,0,0,0,0
202201,999,22660,C,Fort Collins  CO ,156,156,52280,0,0,0,1,4,960,5,45,7393,156,156,52280,0,0,0,1,4,960,5,45,7393
202201,999,22900,C,Fort Smith  AR-OK ,40,40,6784,3,6,488,0,0,0,0,0,0,30,30,5642,3,6,488,0,0,0,0,0,0
202201,999,23460,C,Gadsden  AL ,14,14,2194,0,0,0,0,0,0,0,0,0,6,6,1052,0,0,0,0,0,0,0,0,0
202201,999,24140,C,Goldsboro  NC ,23,23,3204,0,0,0,0,0,0,0,0,0,23,23,3204,0,0,0,0,0,0,0,0,0
202201,999,24220,C,Grand Forks  ND-MN ,1,1,141,0,0,0,0,0,0,0,0,0,0,0,0,0,0,0,0,0,0,0,0,0
202201,999,24260,C,Grand Island  NE ,31,31,5044,3,6,1747,0,0,0,0,0,0,28,28,4364,3,6,1747,0,0,0,0,0,0
202201,999,24300,C,Grand Junction  CO ,23,23,3314,0,0,0,0,0,0,0,0,0,23,23,3314,0,0,0,0,0,0,0,0,0
202201,999,24500,C,Great Falls  MT ,8,8,2444,0,0,0,0,0,0,0,0,0,8,8,2444,0,0,0,0,0,0,0,0,0
202201,999,25060,C,Gulfport-Biloxi  MS ,217,217,47012,0,0,0,1,3,301,1,10,847,119,119,30832,0,0,0,0,0,0,0,0,0
202201,999,25860,C,Hickory-Lenoir-Morganton  NC ,88,88,26523,1,2,150,0,0,0,1,9,501,57,57,20477,1,2,150,0,0,0,0,0,0
202201,999,25940,C,Hilton Head Island-Bluffton  SC ,306,306,106004,0,0,0,0,0,0,0,0,0,121,121,39551,0,0,0,0,0,0,0,0,0
202201,999,26140,C,Homosassa Springs  FL ,150,150,34246,0,0,0,0,0,0,0,0,0,149,149,33837,0,0,0,0,0,0,0,0,0
202201,999,26380,C,Houma-Thibodaux  LA ,83,83,15734,1,2,156,1,3,262,0,0,0,65,65,10640,0,0,0,0,0,0,0,0,0
202201,999,27100,C,Jackson  MI ,14,14,3263,2,4,325,0,0,0,0,0,0,7,7,1835,2,4,325,0,0,0,0,0,0
202201,999,27340,C,Jacksonville  NC ,107,107,22936,1,2,180,2,6,2438,0,0,0,107,107,22936,1,2,180,2,6,2438,0,0,0
202201,999,27620,C,Jefferson City  MO ,16,16,3993,0,0,0,0,0,0,0,0,0,11,11,2785,0,0,0,0,0,0,0,0,0
202201,999,27980,C,Kahului-Wailuku-Lahaina  HI ,21,21,20412,2,4,820,0,0,0,2,14,41000,21,21,20412,2,4,820,0,0,0,2,14,41000
202201,999,28660,C,Killeen-Temple  TX ,224,224,38063,16,32,2953,0,0,0,0,0,0,90,90,18828,13,26,2463,0,0,0,0,0,0
202201,999,29100,C,La Crosse-Onalaska  WI-MN ,5,5,1670,0,0,0,0,0,0,0,0,0,4,4,1390,0,0,0,0,0,0,0,0,0
202201,999,29420,C,Lake Havasu City-Kingman  AZ ,146,146,36772,0,0,0,0,0,0,0,0,0,145,145,36675,0,0,0,0,0,0,0,0,0
202201,999,29540,C,Lancaster  PA ,57,57,15457,2,4,600,1,4,684,2,11,1017,38,38,11274,1,2,400,1,4,684,1,6,720
202201,999,29620,C,Lansing-East Lansing  MI ,31,31,8037,0,0,0,0,0,0,3,41,4405,10,10,3184,0,0,0,0,0,0,0,0,0
202201,999,29700,C,Laredo  TX ,115,115,17076,0,0,0,0,0,0,2,16,979,0,0,0,0,0,0,0,0,0,0,0,0
202201,999,30020,C,Lawton  OK ,8,8,1703,0,0,0,0,0,0,0,0,0,1,1,356,0,0,0,0,0,0,0,0,0
202201,999,30300,C,Lewiston  ID-WA ,10,10,2872,0,0,0,0,0,0,0,0,0,7,7,2076,0,0,0,0,0,0,0,0,0
202201,999,30860,C,Logan  UT-ID ,61,61,16953,0,0,0,0,0,0,2,10,2399,52,52,15224,0,0,0,0,0,0,2,10,2399
202201,999,30980,C,Longview  TX ,39,39,8313,0,0,0,0,0,0,0,0,0,31,31,6585,0,0,0,0,0,0,0,0,0
202201,999,31340,C,Lynchburg  VA ,23,23,5522,0,0,0,0,0,0,1,13,337,21,21,5150,0,0,0,0,0,0,0,0,0
202201,999,31740,C,Manhattan  KS ,15,15,4435,0,0,0,1,3,250,0,0,0,3,3,991,0,0,0,0,0,0,0,0,0
202201,999,33540,C,Missoula  MT ,26,26,7420,0,0,0,0,0,0,6,44,5312,26,26,7420,0,0,0,0,0,0,6,44,5312
202201,999,36100,C,Ocala  FL ,464,464,100440,0,0,0,0,0,0,2,48,3071,463,463,100350,0,0,0,0,0,0,2,48,3071
202201,999,36980,C,Owensboro  KY ,20,20,2111,1,2,216,0,0,0,0,0,0,19,19,1910,1,2,216,0,0,0,0,0,0
202201,999,37340,C,Palm Bay-Melbourne-Titusville  FL ,445,445,165181,0,0,0,0,0,0,0,0,0,433,433,163206,0,0,0,0,0,0,0,0,0
202201,999,37460,C,Panama City  FL ,115,115,43024,2,4,838,0,0,0,0,0,0,100,100,39298,2,4,838,0,0,0,0,0,0
202201,999,37900,C,Peoria  IL ,9,9,2489,0,0,0,0,0,0,1,5,286,0,0,0,0,0,0,0,0,0,0,0,0
202201,999,38340,C,Pittsfield  MA ,9,9,3791,0,0,0,0,0,0,1,10,1656,0,0,0,0,0,0,0,0,0,0,0,0
202201,999,38540,C,Pocatello  ID ,15,15,2059,1,2,158,0,0,0,1,5,173,8,8,1342,1,2,158,0,0,0,0,0,0
202201,999,39150,C,Prescott Valley-Prescott  AZ ,150,150,47872,0,0,0,0,0,0,0,0,0,99,99,30846,0,0,0,0,0,0,0,0,0
202201,999,40060,C,Richmond  VA ,335,335,74226,19,38,4208,0,0,0,22,110,7370,307,307,69773,19,38,4208,0,0,0,21,105,6716
202201,999,40220,C,Roanoke  VA ,40,40,11067,0,0,0,0,0,0,1,31,3788,22,22,5348,0,0,0,0,0,0,0,0,0
202201,999,41100,C,St. George  UT ,223,223,46077,0,0,0,1,3,600,0,0,0,180,180,38574,0,0,0,1,3,600,0,0,0
202201,999,41500,C,Salinas  CA ,27,27,5275,0,0,0,0,0,0,1,5,629,14,14,2272,0,0,0,0,0,0,0,0,0
202201,999,41660,C,San Angelo  TX ,25,25,5438,0,0,0,0,0,0,0,0,0,25,25,5438,0,0,0,0,0,0,0,0,0
202201,999,41740,C,San Diego-Chula Vista-Carlsbad  CA ,322,322,94809,9,18,3802,11,35,6758,12,384,51417,315,315,92132,9,18,3802,11,35,6758,11,361,49288
202201,999,42020,C,San Luis Obispo-Paso Robles  CA ,41,41,12447,0,0,0,0,0,0,2,25,29000,34,34,10292,0,0,0,0,0,0,2,25,29000
202201,999,42200,C,Santa Maria-Santa Barbara  CA ,38,38,12131,0,0,0,0,0,0,3,50,6476,8,8,7081,0,0,0,0,0,0,0,0,0
202201,999,42540,C,Scranton--Wilkes-Barre  PA ,37,37,9190,0,0,0,0,0,0,1,5,684,5,5,1229,0,0,0,0,0,0,0,0,0
202201,999,42700,C,Sebring-Avon Park  FL ,51,51,11800,0,0,0,0,0,0,0,0,0,51,51,11800,0,0,0,0,0,0,0,0,0
202201,999,43100,C,Sheboygan  WI ,6,6,1999,0,0,0,0,0,0,0,0,0,0,0,0,0,0,0,0,0,0,0,0,0
202201,999,43420,C,Sierra Vista-Douglas  AZ ,39,39,5352,0,0,0,0,0,0,0,0,0,31,31,3981,0,0,0,0,0,0,0,0,0
202201,999,43580,C,Sioux City  IA-NE-SD ,20,20,6209,0,0,0,1,3,0,0,0,0,8,8,2888,0,0,0,0,0,0,0,0,0
202201,999,43620,C,Sioux Falls  SD ,75,75,16407,0,0,0,0,0,0,20,100,13910,72,72,15822,0,0,0,0,0,0,20,100,13910
202201,999,44140,C,Springfield  MA ,39,39,10396,1,2,299,0,0,0,2,12,1632,6,6,1968,0,0,0,0,0,0,0,0,0
202201,999,44180,C,Springfield  MO ,120,120,31701,0,0,0,0,0,0,3,89,12436,77,77,22275,0,0,0,0,0,0,2,78,11157
202201,999,44940,C,Sumter  SC ,25,25,3938,0,0,0,0,0,0,0,0,0,25,25,3938,0,0,0,0,0,0,0,0,0
202201,999,45220,C,Tallahassee  FL ,125,125,25678,0,0,0,0,0,0,4,127,16230,40,40,7752,0,0,0,0,0,0,0,0,0
202201,999,45300,C,Tampa-St. Petersburg-Clearwater  FL ,1472,1472,416693,3,6,1006,0,0,0,12,68,6879,1451,1451,412959,3,6,1006,0,0,0,11,63,6448
202201,999,45460,C,Terre Haute  IN ,6,6,1050,1,2,197,0,0,0,0,0,0,1,1,160,0,0,0,0,0,0,0,0,0
202201,999,45500,C,Texarkana  TX-AR ,18,18,3104,0,0,0,0,0,0,0,0,0,11,11,1500,0,0,0,0,0,0,0,0,0
202201,999,45820,C,Topeka  KS ,14,14,4288,0,0,0,0,0,0,0,0,0,9,9,3588,0,0,0,0,0,0,0,0,0
202201,999,46220,C,Tuscaloosa  AL ,63,63,16775,0,0,0,0,0,0,0,0,0,56,56,15328,0,0,0,0,0,0,0,0,0
202201,999,46300,C,Twin Falls  ID ,31,31,6731,2,4,966,0,0,0,0,0,0,30,30,6489,2,4,966,0,0,0,0,0,0
202201,999,46520,C,Urban Honolulu  HI ,23,23,11044,11,22,2393,0,0,0,8,100,18909,23,23,11044,11,22,2393,0,0,0,8,100,18909
202201,999,46540,C,Utica-Rome  NY ,13,13,3342,0,0,0,0,0,0,2,16,2260,1,1,50,0,0,0,0,0,0,0,0,0
202201,999,46660,C,Valdosta  GA ,104,104,18799,1,2,133,0,0,0,1,12,1179,35,35,7469,0,0,0,0,0,0,0,0,0
202201,999,47300,C,Visalia  CA ,111,111,25548,0,0,0,0,0,0,9,128,27243,111,111,25548,0,0,0,0,0,0,9,128,27243
202201,999,47380,C,Waco  TX ,129,129,19215,5,10,983,0,0,0,1,5,514,116,116,16910,5,10,983,0,0,0,0,0,0
202201,999,47940,C,Waterloo-Cedar Falls  IA ,12,12,3139,1,2,220,0,0,0,0,0,0,6,6,1498,0,0,0,0,0,0,0,0,0
202201,999,48060,C,Watertown-Fort Drum  NY ,12,12,3056,0,0,0,0,0,0,0,0,0,0,0,0,0,0,0,0,0,0,0,0,0
202201,999,48300,C,Wenatchee  WA ,45,45,10744,0,0,0,0,0,0,4,217,21852,15,15,5037,0,0,0,0,0,0,4,217,21852
202201,999,48540,C,Wheeling  WV-OH ,0,0,0,0,0,0,0,0,0,0,0,0,0,0,0,0,0,0,0,0,0,0,0,0
202201,999,48660,C,Wichita Falls  TX ,18,18,4723,0,0,0,0,0,0,0,0,0,12,12,3431,0,0,0,0,0,0,0,0,0
202201,999,48900,C,Wilmington  NC ,244,244,78180,1,2,433,0,0,0,4,175,21919,114,114,34962,0,0,0,0,0,0,0,0,0
202201,999,49420,C,Yakima  WA ,23,23,6780,1,2,309,0,0,0,0,0,0,23,23,6780,1,2,309,0,0,0,0,0,0
202201,999,49740,C,Yuma  AZ ,72,72,12690,0,0,0,0,0,0,0,0,0,58,58,10451,0,0,0,0,0,0,0,0,0
