Survey,CSA,CBSA,MONCOV,CBSA,,1-unit,,,2-units,,,3-4 units,,,5+ units,,,1-unit rep,,,2-units rep,,,3-4 units rep,,,5+ units rep
Date,Code,Code,,Name,Bldgs,Units,Value,Bldgs,Units,Value,Bldgs,Units,Value,Bldgs,Units,Value,Bldgs,Units,Value,Bldgs,Units,Value,      Bldgs,Units,Value,Bldgs,Units,Value
 
202207,104,10580,C,Albany-Schenectady-Troy  NY ,813,813,262352,34,68,15450,8,29,4634,37,437,55497,429,429,142786,5,10,1300,2,8,2040,6,161,29195
202207,104,24020,C,Glens Falls  NY ,145,145,40868,2,4,697,3,11,1439,4,22,2855,84,84,26278,2,4,697,3,11,1439,4,22,2855
202207,106,10740,C,Albuquerque  NM ,1393,1393,367620,0,0,0,1,4,400,18,965,94051,1303,1303,345097,0,0,0,1,4,400,7,898,91260
202207,106,42140,C,Santa Fe  NM ,126,126,51728,0,0,0,0,0,0,3,51,5613,0,0,0,0,0,0,0,0,0,0,0,0
202207,107,11020,C,Altoona  PA ,53,53,14050,0,0,0,0,0,0,6,52,7654,24,24,7128,0,0,0,0,0,0,6,52,7654
202207,108,11100,C,Amarillo  TX ,516,516,128591,13,26,3350,0,0,0,3,77,9809,425,425,105739,9,18,2315,0,0,0,0,0,0
202207,118,11540,C,Appleton  WI ,323,323,118667,38,76,14463,0,0,0,15,180,27522,269,269,99868,38,76,14463,0,0,0,5,101,20254
202207,118,36780,C,Oshkosh-Neenah  WI ,185,185,71348,5,10,2013,0,0,0,6,46,4600,169,169,65887,5,10,2013,0,0,0,6,46,4600
202207,120,11700,C,Asheville  NC ,1830,1830,648114,1,2,30,0,0,0,27,476,53940,244,244,96754,0,0,0,0,0,0,0,0,0
202207,122,12020,C,Athens-Clarke County  GA ,537,537,164108,4,8,1193,2,8,897,32,666,76583,418,418,133015,4,8,1193,2,8,897,32,666,76583
202207,122,12060,C,Atlanta-Sandy Springs-Alpharetta  GA ,16851,16851,4088536,36,72,14038,44,161,21274,252,9778,1233673,14606,14606,3552053,36,72,14038,43,158,20318,229,9183,1157432
202207,122,23580,C,Gainesville  GA ,819,819,196755,1,2,198,12,44,4390,17,445,82250,204,204,51842,1,2,198,12,44,4390,17,445,82250
202207,122,40660,C,Rome  GA ,169,169,31915,0,0,0,0,0,0,0,0,0,169,169,31915,0,0,0,0,0,0,0,0,0
202207,140,13460,C,Bend  OR ,760,760,277316,30,60,10618,15,47,7513,19,299,38212,760,760,277316,30,60,10618,15,47,7513,19,299,38212
202207,142,13820,C,Birmingham-Hoover  AL ,2039,2039,658882,1,2,160,0,0,0,7,606,97945,1528,1528,458074,1,2,160,0,0,0,7,606,97945
202207,144,14020,C,Bloomington  IN ,206,206,60581,3,6,852,0,0,0,9,201,24732,204,204,60179,3,6,852,0,0,0,9,201,24732
202207,145,14010,C,Bloomington  IL ,172,172,46023,2,4,292,0,0,0,1,54,7800,101,101,27686,0,0,0,0,0,0,1,54,7800
202207,146,14100,C,Bloomsburg-Berwick  PA ,62,62,17945,0,0,0,0,0,0,4,22,1996,31,31,8824,0,0,0,0,0,0,0,0,0
202207,147,14260,C,Boise City  ID ,4376,4376,1140782,14,28,6248,67,266,31107,160,2912,474136,4203,4203,1096408,14,28,6248,66,262,30057,158,2870,467131
202207,148,12700,C,Barnstable Town  MA ,301,301,183271,8,16,1590,3,9,2200,0,0,0,174,174,108210,8,16,1590,3,9,2200,0,0,0
202207,148,14460,C,Boston-Cambridge-Newton  MA-NH ,2413,2413,926390,117,234,59757,71,236,53520,265,6305,1416636,1272,1272,558284,75,150,37977,49,166,39625,92,4680,1185538
202207,148,31700,C,Manchester-Nashua  NH ,418,418,121191,8,16,3047,4,12,2155,1,40,3835,148,148,53197,0,0,0,0,0,0,1,40,3835
202207,148,39300,C,Providence-Warwick  RI-MA ,949,949,254969,58,116,17330,8,26,3521,12,76,7715,360,360,113380,17,34,5923,1,4,523,1,18,1800
202207,148,49340,C,Worcester  MA-CT ,697,697,192478,32,64,13235,1,3,465,26,838,130324,323,323,87315,14,28,4972,1,3,465,8,568,96699
202207,150,14540,C,Bowling Green  KY ,566,566,139166,3,6,650,6,23,1925,36,314,22817,564,564,138866,3,6,650,5,20,1700,36,314,22817
202207,154,15180,C,Brownsville-Harlingen  TX ,1247,1247,136594,24,48,4217,15,50,6242,14,157,14099,524,524,45637,2,4,202,0,0,0,0,0,0
202207,160,15380,C,Buffalo-Cheektowaga  NY ,584,584,214895,9,18,3382,6,21,4032,17,194,36746,430,430,177750,9,18,3382,5,18,3819,3,21,3266
202207,162,15540,C,Burlington-South Burlington  VT ,274,274,89055,12,24,4104,1,3,145,27,270,27594,138,138,50171,2,4,240,0,0,0,4,76,7452
202207,163,15980,C,Cape Coral-Fort Myers  FL ,6320,6320,1324197,102,204,25793,27,106,13722,92,1725,286993,3807,3807,777973,42,84,10170,23,91,11415,83,1433,264370
202207,163,34940,C,Naples-Marco Island  FL ,2175,2175,953089,9,18,3272,26,104,22793,32,965,162591,2175,2175,953089,9,18,3272,26,104,22793,32,965,162591
202207,164,16020,C,Cape Girardeau  MO-IL ,74,74,21451,2,4,802,2,6,150,3,15,1732,0,0,0,0,0,0,0,0,0,0,0,0
202207,168,16300,C,Cedar Rapids  IA ,276,276,70010,19,38,6764,0,0,0,9,322,31666,257,257,64787,15,30,5327,0,0,0,9,322,31666
202207,168,26980,C,Iowa City  IA ,317,317,101274,20,40,9576,6,23,4718,9,548,108142,210,210,72472,5,10,2775,6,23,4718,5,507,102265
202207,170,16620,C,Charleston  WV ,104,104,14472,1,2,334,1,4,150,0,0,0,63,63,8642,1,2,334,1,4,150,0,0,0
202207,170,26580,C,Huntington-Ashland  WV-KY-OH ,156,156,31652,3,6,300,2,6,280,0,0,0,5,5,1472,3,6,300,2,6,280,0,0,0
202207,172,16740,C,Charlotte-Concord-Gastonia  NC-SC ,12898,12898,3528170,17,34,5613,12,47,6026,122,5192,660046,10868,10868,2870706,17,34,5613,12,47,6026,109,4872,618635
202207,174,16860,C,Chattanooga  TN-GA ,1407,1407,332907,45,90,6457,18,63,8829,26,394,40177,967,967,241020,16,32,2283,14,51,8133,0,0,0
202207,174,17420,C,Cleveland  TN ,530,530,127297,3,6,766,29,104,15478,2,14,923,191,191,49683,0,0,0,0,0,0,0,0,0
202207,174,19140,C,Dalton  GA ,232,232,42680,7,14,695,3,12,1760,6,30,1610,188,188,32294,7,14,695,3,12,1760,6,30,1610
202207,176,16980,C,Chicago-Naperville-Elgin  IL-IN-WI ,5436,5436,1730572,71,142,27776,132,428,87729,151,3586,619949,4546,4546,1471319,69,138,27076,124,402,83573,109,3245,567316
202207,176,28100,C,Kankakee  IL ,71,71,18276,0,0,0,0,0,0,0,0,0,57,57,13766,0,0,0,0,0,0,0,0,0
202207,176,33140,C,Michigan City-La Porte  IN ,66,66,20601,0,0,0,0,0,0,0,0,0,0,0,0,0,0,0,0,0,0,0,0,0
202207,178,17140,C,Cincinnati  OH-KY-IN ,2696,2696,855371,88,176,26680,30,104,12976,50,948,109068,2368,2368,772116,88,176,26680,30,104,12976,44,838,100597
202207,184,10420,C,Akron  OH ,429,429,147810,0,0,0,19,69,11118,53,296,32800,363,363,122145,0,0,0,14,54,5943,43,230,29921
202207,184,15940,C,Canton-Massillon  OH ,254,254,83693,15,30,5730,13,43,4999,14,87,7138,219,219,78836,15,30,5730,8,28,4230,5,32,2914
202207,184,17460,C,Cleveland-Elyria  OH ,1766,1766,552503,10,20,1996,19,69,8379,17,238,38756,1349,1349,453715,2,4,1290,16,60,7757,15,228,34235
202207,190,17860,C,Columbia  MO ,401,401,137593,2,4,396,0,0,0,6,65,8609,343,343,124947,2,4,396,0,0,0,6,65,8609
202207,192,17900,C,Columbia  SC ,3124,3124,707450,2,4,1026,46,172,24859,50,1009,148292,854,854,164999,2,4,1026,46,172,24859,35,919,135089
202207,194,12220,C,Auburn-Opelika  AL ,788,788,207378,8,16,2601,2,7,645,10,457,57952,170,170,48706,0,0,0,0,0,0,0,0,0
202207,194,17980,C,Columbus  GA-AL ,470,470,121104,12,24,4500,0,0,0,21,573,123718,312,312,82865,0,0,0,0,0,0,0,0,0
202207,198,18140,C,Columbus  OH ,3605,3605,1255102,24,48,9609,11,40,4561,167,2867,222853,3038,3038,1059068,22,44,8834,9,34,3532,153,2753,214852
202207,204,18580,C,Corpus Christi  TX ,1212,1212,294166,0,0,0,0,0,0,14,238,19495,876,876,208717,0,0,0,0,0,0,0,0,0
202207,206,19100,C,Dallas-Fort Worth-Arlington  TX ,29673,29673,8119241,239,478,61735,123,463,56884,421,19351,2418401,25344,25344,6894984,221,442,56637,109,412,52833,400,19015,2378735
202207,206,43300,C,Sherman-Denison  TX ,1038,1038,202692,18,36,4052,0,0,0,16,469,57662,837,837,168548,11,22,2861,0,0,0,9,396,50458
202207,209,19340,C,Davenport-Moline-Rock Island  IA-IL ,300,300,75536,7,14,2725,15,53,10304,3,15,1713,214,214,58133,6,12,2400,14,50,10054,0,0,0
202207,212,19430,C,Dayton-Kettering  OH ,824,824,301475,2,4,507,10,35,4730,32,554,66703,513,513,202536,0,0,0,8,29,4133,25,357,42806
202207,212,44220,C,Springfield  OH ,78,78,25982,0,0,0,13,51,5303,1,6,652,78,78,25982,0,0,0,13,51,5303,1,6,652
202207,216,14500,C,Boulder  CO ,285,285,147294,9,18,8053,12,40,24363,24,320,70701,261,261,122045,8,16,6930,11,37,23660,14,155,30528
202207,216,19740,C,Denver-Aurora-Lakewood  CO ,7194,7194,2186470,172,344,64802,34,126,26851,175,8061,1189916,6132,6132,1871520,171,342,64186,29,111,24779,96,3035,540861
202207,216,24540,C,Greeley  CO ,2327,2327,683218,11,22,2894,10,34,7078,76,1468,207510,945,945,289390,0,0,0,4,16,3408,57,1136,157327
202207,218,11180,C,Ames  IA ,151,151,45736,1,2,482,0,0,0,0,0,0,76,76,26650,1,2,482,0,0,0,0,0,0
202207,218,19780,C,Des Moines-West Des Moines  IA ,2515,2515,781459,25,50,11850,11,39,9282,27,982,168933,2343,2343,719553,23,46,11269,7,27,6763,15,909,161021
202207,220,11460,C,Ann Arbor  MI ,382,382,121734,2,4,861,3,9,1458,2,13,685,281,281,96109,2,4,861,1,3,700,1,8,135
202207,220,19820,C,Detroit-Warren-Dearborn  MI ,3170,3170,1082960,17,34,6826,52,193,35943,79,2015,496513,2505,2505,877383,15,30,6170,42,159,33254,72,1977,489223
202207,220,22420,C,Flint  MI ,232,232,60986,0,0,0,16,51,1767,0,0,0,144,144,39897,0,0,0,15,48,1099,0,0,0
202207,220,33780,C,Monroe  MI ,135,135,33851,0,0,0,1,4,500,7,44,2693,83,83,22012,0,0,0,1,4,500,0,0,0
202207,222,20020,C,Dothan  AL ,283,283,80091,5,10,866,1,4,479,0,0,0,162,162,53474,5,10,866,1,4,479,0,0,0
202207,232,20740,C,Eau Claire  WI ,232,232,83220,35,70,13950,3,12,2193,13,245,32815,175,175,66066,11,22,4682,3,12,2193,6,65,9680
202207,236,21300,C,Elmira  NY ,13,13,2717,0,0,0,0,0,0,2,20,2241,3,3,600,0,0,0,0,0,0,0,0,0
202207,238,21340,C,El Paso  TX ,1674,1674,394568,36,72,9106,6,18,2369,16,126,14909,242,242,60443,0,0,0,0,0,0,0,0,0
202207,238,29740,C,Las Cruces  NM ,726,726,193787,3,6,1065,2,8,1659,0,0,0,646,646,176009,3,6,1065,2,8,1659,0,0,0
202207,240,21500,C,Erie  PA ,106,106,35606,4,8,1005,0,0,0,5,30,2152,69,69,26976,4,8,1005,0,0,0,5,30,2152
202207,244,22020,C,Fargo  ND-MN ,705,705,230344,0,0,0,0,0,0,14,741,87254,686,686,223268,0,0,0,0,0,0,14,741,87254
202207,246,22180,C,Fayetteville  NC ,1466,1466,289875,1,2,340,1,4,531,5,74,5902,986,986,223630,1,2,340,1,4,531,5,74,5902
202207,258,23060,C,Fort Wayne  IN ,889,889,273466,15,30,3662,0,0,0,11,452,53446,889,889,273466,15,30,3662,0,0,0,11,452,53446
202207,260,23420,C,Fresno  CA ,2369,2369,701858,4,8,1222,16,56,9527,26,273,46118,1723,1723,494719,4,8,1222,14,48,8928,7,119,22285
202207,260,25260,C,Hanford-Corcoran  CA ,251,251,77675,1,2,360,0,0,0,0,0,0,183,183,62920,0,0,0,0,0,0,0,0,0
202207,260,31460,C,Madera  CA ,569,569,143098,0,0,0,0,0,0,4,64,7033,569,569,143098,0,0,0,0,0,0,4,64,7033
202207,264,23540,C,Gainesville  FL ,1030,1030,233684,5,10,1424,0,0,0,12,797,33953,26,26,10871,0,0,0,0,0,0,2,40,8178
202207,266,24340,C,Grand Rapids-Kentwood  MI ,1509,1509,484518,28,56,11010,21,73,12583,33,382,47980,890,890,276073,1,2,560,5,16,2100,6,56,9350
202207,266,34740,C,Muskegon  MI ,184,184,49565,3,6,863,0,0,0,9,217,15624,128,128,36959,0,0,0,0,0,0,9,217,15624
202207,267,24580,C,Green Bay  WI ,437,437,159944,9,18,4412,0,0,0,23,226,25055,285,285,110448,5,10,2535,0,0,0,7,108,14573
202207,268,15500,C,Burlington  NC ,1074,1074,170038,1,2,180,0,0,0,1,38,2549,871,871,135552,0,0,0,0,0,0,0,0,0
202207,268,24660,C,Greensboro-High Point  NC ,1610,1610,433023,8,16,4160,0,0,0,25,624,89084,1025,1025,236876,7,14,3922,0,0,0,25,624,89084
202207,268,49180,C,Winston-Salem  NC ,2374,2374,642807,0,0,0,1,3,276,6,33,1301,1616,1616,379475,0,0,0,1,3,276,6,33,1301
202207,272,24780,C,Greenville  NC ,473,473,111147,16,32,5033,0,0,0,0,0,0,239,239,56989,16,32,5033,0,0,0,0,0,0
202207,273,24860,C,Greenville-Anderson  SC ,3919,3919,1052499,46,92,9367,18,61,6409,75,1095,140664,3476,3476,936763,45,90,9196,1,4,930,45,683,109478
202207,273,43900,C,Spartanburg  SC ,1931,1931,319899,0,0,0,0,0,0,6,94,11275,0,0,0,0,0,0,0,0,0,0,0,0
202207,276,23900,C,Gettysburg  PA ,262,262,84522,0,0,0,0,0,0,0,0,0,262,262,84522,0,0,0,0,0,0,0,0,0
202207,276,25420,C,Harrisburg-Carlisle  PA ,968,968,233763,1,2,281,5,17,1660,25,690,83936,800,800,196305,1,2,281,2,6,792,16,525,72399
202207,276,30140,C,Lebanon  PA ,129,129,25775,0,0,0,0,0,0,9,50,8042,14,14,3243,0,0,0,0,0,0,0,0,0
202207,276,49620,C,York-Hanover  PA ,621,621,153944,2,4,682,0,0,0,10,128,10200,376,376,104789,2,4,682,0,0,0,1,30,2289
202207,277,25500,C,Harrisonburg  VA ,486,486,111756,0,0,0,2,8,2750,3,15,1890,486,486,111756,0,0,0,2,8,2750,3,15,1890
202207,277,44420,C,Staunton  VA ,258,258,66835,1,2,200,0,0,0,2,57,5000,258,258,66835,1,2,200,0,0,0,2,57,5000
202207,278,25540,C,Hartford-East Hartford-Middletown  CT ,409,409,111263,42,84,5175,0,0,0,41,324,27065,239,239,69675,36,72,3834,0,0,0,15,128,12737
202207,278,35980,C,Norwich-New London  CT ,250,250,66704,2,4,687,1,4,450,2,34,5608,175,175,46659,2,4,687,1,4,450,2,34,5608
202207,279,25620,C,Hattiesburg  MS ,125,125,20201,0,0,0,2,6,250,1,5,400,0,0,0,0,0,0,0,0,0,0,0,0
202207,284,26300,C,Hot Springs  AR ,40,40,10316,16,32,3840,0,0,0,0,0,0,40,40,10316,16,32,3840,0,0,0,0,0,0
202207,288,26420,C,Houston-The Woodlands-Sugar Land  TX ,32218,32218,7806346,225,450,60879,3,12,1110,521,14694,1649497,29032,29032,7035173,202,404,54971,3,12,1110,487,14189,1592968
202207,290,19460,C,Decatur  AL ,184,184,49084,0,0,0,0,0,0,0,0,0,176,176,47638,0,0,0,0,0,0,0,0,0
202207,290,26620,C,Huntsville  AL ,2500,2500,512190,0,0,0,0,0,0,0,0,0,1397,1397,241791,0,0,0,0,0,0,0,0,0
202207,292,26820,C,Idaho Falls  ID ,887,887,171106,2,4,264,20,78,9800,5,72,8133,869,869,166471,2,4,264,18,72,8900,5,72,8133
202207,294,18020,C,Columbus  IN ,173,173,47652,0,0,0,0,0,0,0,0,0,173,173,47652,0,0,0,0,0,0,0,0,0
202207,294,26900,C,Indianapolis-Carmel-Anderson  IN ,5958,5958,2015223,61,122,20812,4,15,1665,77,2856,362862,4890,4890,1712170,52,104,18346,4,15,1665,65,2221,250742
202207,294,34620,C,Muncie  IN ,149,149,22092,0,0,0,0,0,0,1,5,596,47,47,9772,0,0,0,0,0,0,0,0,0
202207,296,27060,C,Ithaca  NY ,135,135,43999,3,6,914,0,0,0,8,71,8306,22,22,7013,1,2,300,0,0,0,0,0,0
202207,297,27180,C,Jackson  TN ,310,310,72719,0,0,0,0,0,0,0,0,0,65,65,18018,0,0,0,0,0,0,0,0,0
202207,298,27140,C,Jackson  MS ,888,888,236751,1,2,247,1,3,131,0,0,0,647,647,168980,0,0,0,0,0,0,0,0,0
202207,300,27260,C,Jacksonville  FL ,9091,9091,2194636,25,50,6417,9,27,7953,138,5672,695523,9035,9035,2173075,24,48,6117,9,27,7953,138,5672,695523
202207,304,27740,C,Johnson City  TN ,484,484,122954,4,8,1602,0,0,0,14,120,12123,325,325,98375,1,2,252,0,0,0,14,120,12123
202207,304,28700,C,Kingsport-Bristol  TN-VA ,525,525,121416,12,24,4420,10,36,4897,4,45,2632,406,406,105657,12,24,4420,8,30,4205,0,0,0
202207,306,27780,C,Johnstown  PA ,42,42,10329,0,0,0,0,0,0,0,0,0,2,2,675,0,0,0,0,0,0,0,0,0
202207,308,27860,C,Jonesboro  AR ,473,473,74896,29,58,4078,36,117,6171,10,67,3798,78,78,15191,0,0,0,0,0,0,0,0,0
202207,309,27900,C,Joplin  MO ,330,330,65768,31,62,7923,2,7,714,21,412,58556,32,32,4930,0,0,0,0,0,0,0,0,0
202207,310,12980,C,Battle Creek  MI ,41,41,8788,0,0,0,0,0,0,0,0,0,6,6,1573,0,0,0,0,0,0,0,0,0
202207,310,28020,C,Kalamazoo-Portage  MI ,218,218,73116,7,14,3355,1,3,461,0,0,0,97,97,32235,4,8,2155,0,0,0,0,0,0
202207,312,28140,C,Kansas City  MO-KS ,3567,3567,1159936,84,168,34714,49,177,37876,77,3368,470600,3067,3067,1013561,77,154,32821,49,177,37876,74,3042,425550
202207,312,29940,C,Lawrence  KS ,102,102,39641,3,6,589,0,0,0,0,0,0,58,58,23153,0,0,0,0,0,0,0,0,0
202207,312,41140,C,St. Joseph  MO-KS ,46,46,10434,4,8,930,0,0,0,0,0,0,15,15,3737,2,4,480,0,0,0,0,0,0
202207,313,28420,C,Kennewick-Richland  WA ,884,884,302695,13,26,4853,23,90,16219,14,429,56275,359,359,134272,7,14,3063,22,86,15528,7,228,33910
202207,313,47460,C,Walla Walla  WA ,62,62,22081,13,26,5629,0,0,0,0,0,0,46,46,18508,13,26,5629,0,0,0,0,0,0
202207,315,28940,C,Knoxville  TN ,2691,2691,695865,3,6,675,2,6,705,37,857,101984,2220,2220,623859,3,6,675,0,0,0,22,642,85095
202207,315,34100,C,Morristown  TN ,563,563,127681,15,30,2022,20,64,9701,0,0,0,247,247,42590,15,30,2022,20,64,9701,0,0,0
202207,316,29020,C,Kokomo  IN ,75,75,21975,0,0,0,0,0,0,0,0,0,64,64,18614,0,0,0,0,0,0,0,0,0
202207,318,29180,C,Lafayette  LA ,1375,1375,332623,0,0,0,0,0,0,2,20,4025,734,734,172127,0,0,0,0,0,0,2,20,4025
202207,320,29200,C,Lafayette-West Lafayette  IN ,349,349,107279,1,2,210,0,0,0,9,287,32070,302,302,93195,0,0,0,0,0,0,0,0,0
202207,324,29340,C,Lake Charles  LA ,532,532,106239,16,32,2967,0,0,0,12,232,27917,214,214,36782,12,24,2580,0,0,0,12,232,27917
202207,332,29820,C,Las Vegas-Henderson-Paradise  NV ,6754,6754,1879033,37,74,13489,33,130,15061,127,2487,236874,6733,6733,1870919,37,74,13489,33,130,15061,127,2487,236874
202207,336,30460,C,Lexington-Fayette  KY ,832,832,223635,9,18,2098,15,48,6584,22,648,62441,303,303,105444,7,14,1660,8,26,3360,0,0,0
202207,338,30620,C,Lima  OH ,81,81,18823,1,2,80,0,0,0,1,5,585,2,2,693,0,0,0,0,0,0,0,0,0
202207,339,30700,C,Lincoln  NE ,793,793,242251,13,26,4156,2,7,273,38,1115,107833,86,86,21925,0,0,0,0,0,0,2,24,2824
202207,340,30780,C,Little Rock-North Little Rock-Conway  AR ,1362,1362,343505,29,58,5130,1,3,226,31,868,86177,954,954,271761,8,16,1647,1,3,226,20,700,75252
202207,340,38220,C,Pine Bluff  AR ,21,21,3015,0,0,0,0,0,0,2,24,550,10,10,1308,0,0,0,0,0,0,2,24,550
202207,348,31080,C,Los Angeles-Long Beach-Anaheim  CA ,6682,6682,1904430,488,976,227993,90,292,82374,348,10180,1845628,5442,5442,1483786,457,914,212262,69,228,68781,273,9287,1685879
202207,348,37100,C,Oxnard-Thousand Oaks-Ventura  CA ,269,269,84268,10,20,4380,0,0,0,21,401,56563,106,106,30343,10,20,4380,0,0,0,10,201,28203
202207,348,40140,C,Riverside-San Bernardino-Ontario  CA ,8494,8494,2425969,40,80,6022,42,143,27545,123,1540,200648,6687,6687,1955623,34,68,4046,28,101,19917,84,1249,168121
202207,350,21060,C,Elizabethtown-Fort Knox  KY ,315,315,79128,19,38,4345,1,3,165,0,0,0,246,246,61421,17,34,3945,1,3,165,0,0,0
202207,350,31140,C,Louisville-Jefferson County  KY-IN ,2272,2272,646420,23,46,8910,0,0,0,14,267,24382,1340,1340,436956,14,28,5982,0,0,0,4,74,8110
202207,352,31180,C,Lubbock  TX ,1438,1438,356209,111,222,31731,7,28,4051,14,212,21007,1424,1424,353092,110,220,31431,7,28,4051,14,212,21007
202207,356,31420,C,Macon-Bibb County  GA ,357,357,74205,0,0,0,0,0,0,0,0,0,113,113,25405,0,0,0,0,0,0,0,0,0
202207,356,47580,C,Warner Robins  GA ,1089,1089,185949,0,0,0,0,0,0,10,212,26797,916,916,145499,0,0,0,0,0,0,10,212,26797
202207,357,27500,C,Janesville-Beloit  WI ,209,209,55031,12,24,4670,0,0,0,4,114,40907,119,119,33118,12,24,4670,0,0,0,1,76,36000
202207,357,31540,C,Madison  WI ,951,951,403701,48,96,23008,4,15,4000,42,1882,304233,694,694,320422,24,48,11666,4,15,4000,30,1604,259294
202207,359,31860,C,Mankato  MN ,135,135,41918,9,18,1320,2,6,1596,11,202,27981,39,39,15009,9,18,1320,0,0,0,0,0,0
202207,360,31900,C,Mansfield  OH ,78,78,24198,3,6,742,10,40,5491,6,68,8512,56,56,16975,1,2,342,9,36,5199,5,63,7983
202207,365,32580,C,McAllen-Edinburg-Mission  TX ,2712,2712,587441,74,148,12803,158,628,41405,25,351,30978,2056,2056,470395,57,114,10744,144,573,39844,25,351,30978
202207,366,24420,C,Grants Pass  OR ,158,158,35007,11,22,2578,0,0,0,0,0,0,0,0,0,0,0,0,0,0,0,0,0,0
202207,366,32780,C,Medford  OR ,452,452,127430,6,12,2211,8,31,2984,12,137,19010,393,393,114972,6,12,2211,3,11,1704,5,98,13766
202207,368,32820,C,Memphis  TN-MS-AR ,2433,2433,585577,1,2,650,0,0,0,13,522,44645,2115,2115,520366,1,2,650,0,0,0,11,512,43428
202207,370,33100,C,Miami-Fort Lauderdale-Pompano Beach  FL ,4412,4412,1988656,74,148,27474,21,78,16040,189,7990,1419702,3780,3780,1693085,74,148,27474,19,72,13746,115,6855,1263664
202207,370,38940,C,Port St. Lucie  FL ,3307,3307,871691,80,160,21323,29,89,10020,104,2116,296000,3150,3150,824614,77,154,20318,29,89,10020,100,2071,289534
202207,370,42680,C,Sebastian-Vero Beach  FL ,694,694,336431,8,16,2580,3,9,606,0,0,0,128,128,35612,0,0,0,0,0,0,0,0,0
202207,372,33260,C,Midland  TX ,345,345,75046,0,0,0,0,0,0,0,0,0,345,345,75046,0,0,0,0,0,0,0,0,0
202207,372,36220,C,Odessa  TX ,627,627,158998,1,2,224,0,0,0,1,5,599,0,0,0,0,0,0,0,0,0,0,0,0
202207,376,33340,C,Milwaukee-Waukesha  WI ,954,954,441572,92,184,43293,0,0,0,24,879,150924,620,620,285053,83,166,39390,0,0,0,18,817,143692
202207,376,39540,C,Racine  WI ,84,84,34815,6,12,2095,0,0,0,0,0,0,79,79,33370,6,12,2095,0,0,0,0,0,0
202207,378,33460,C,Minneapolis-St. Paul-Bloomington  MN-WI ,6247,6247,2091767,27,54,12930,34,126,30211,166,9923,1816456,5563,5563,1861711,26,52,12530,32,120,28926,122,8683,1628144
202207,378,41060,C,St. Cloud  MN ,304,304,91158,7,14,2039,0,0,0,0,0,0,153,153,49014,0,0,0,0,0,0,0,0,0
202207,380,19300,C,Daphne-Fairhope-Foley  AL ,1958,1958,548986,2,4,425,0,0,0,5,56,4311,1254,1254,390184,2,4,425,0,0,0,0,0,0
202207,380,33660,C,Mobile  AL ,503,503,122755,0,0,0,3,12,1365,0,0,0,200,200,52063,0,0,0,3,12,1365,0,0,0
202207,384,33740,C,Monroe  LA ,264,264,60912,3,6,223,8,27,4245,13,80,9499,51,51,12083,0,0,0,0,0,0,0,0,0
202207,388,33860,C,Montgomery  AL ,576,576,147342,0,0,0,0,0,0,0,0,0,567,567,145469,0,0,0,0,0,0,0,0,0
202207,390,34060,C,Morgantown  WV ,7,7,1002,0,0,0,0,0,0,0,0,0,1,1,75,0,0,0,0,0,0,0,0,0
202207,396,34820,C,Myrtle Beach-Conway-North Myrtle Beach  SC-NC ,7035,7035,1635144,17,34,3425,3,9,1003,17,339,38947,5221,5221,1114439,16,32,3200,3,9,1003,9,295,36747
202207,400,34980,C,Nashville-Davidson--Murfreesboro--Franklin  TN ,10442,10442,3163906,21,42,5958,34,129,20633,112,2644,330332,7906,7906,2583702,20,40,5698,31,118,19753,75,2159,278602
202207,404,35100,C,New Bern  NC ,453,453,116207,0,0,0,0,0,0,3,72,9077,306,306,77588,0,0,0,0,0,0,3,72,9077
202207,406,25220,C,Hammond  LA ,563,563,109739,3,6,575,0,0,0,15,297,26021,512,512,100250,0,0,0,0,0,0,0,0,0
202207,406,35380,C,New Orleans-Metairie  LA ,2065,2065,591252,108,216,24322,3,9,1835,10,397,71334,1390,1390,426050,17,34,3469,0,0,0,0,0,0
202207,408,14860,C,Bridgeport-Stamford-Norwalk  CT ,362,362,286051,14,28,4062,2,6,563,20,713,134519,279,279,180245,13,26,3872,2,6,563,13,666,129940
202207,408,20700,C,East Stroudsburg  PA ,126,126,40598,0,0,0,0,0,0,3,17,3485,51,51,20385,0,0,0,0,0,0,0,0,0
202207,408,28740,C,Kingston  NY ,138,138,52392,3,6,1241,0,0,0,17,165,20624,78,78,32538,3,6,1241,0,0,0,16,160,19404
202207,408,35300,C,New Haven-Milford  CT ,302,302,71586,8,16,2591,3,10,2048,17,312,29412,56,56,15507,3,6,1059,0,0,0,6,213,22729
202207,408,35620,C,New York-Newark-Jersey City  NY-NJ-PA ,7696,7696,2146119,358,716,94801,126,413,43974,889,30371,4202609,5457,5457,1538669,283,566,83148,87,292,33649,574,25113,3504639
202207,408,39100,C,Poughkeepsie-Newburgh-Middletown  NY ,512,512,168331,5,10,2328,5,18,4479,32,580,92346,147,147,51404,2,4,1437,4,15,4086,25,499,79461
202207,408,45940,C,Trenton-Princeton  NJ ,111,111,12960,0,0,0,0,0,0,18,244,14168,75,75,9379,0,0,0,0,0,0,10,200,11082
202207,412,35840,C,North Port-Sarasota-Bradenton  FL ,7629,7629,2278333,175,350,60283,7,25,10615,66,2301,315768,7176,7176,2130936,5,10,2550,6,22,7300,64,2290,312261
202207,412,39460,C,Punta Gorda  FL ,2788,2788,821164,106,212,36304,17,65,17311,20,506,81783,69,69,32638,6,12,2724,0,0,0,0,0,0
202207,416,36420,C,Oklahoma City  OK ,4222,4222,1228476,153,306,35954,1,4,601,8,350,111920,3886,3886,1159384,141,282,34121,1,4,601,8,350,111920
202207,420,36540,C,Omaha-Council Bluffs  NE-IA ,1682,1682,385399,13,26,3142,45,180,11307,76,2060,161808,1533,1533,345112,11,22,2792,45,180,11307,71,2035,159133
202207,422,19660,C,Deltona-Daytona Beach-Ormond Beach  FL ,3987,3987,1296425,51,102,18134,0,0,0,45,1687,196294,3026,3026,937833,50,100,17618,0,0,0,40,1564,183378
202207,422,29460,C,Lakeland-Winter Haven  FL ,6436,6436,1624387,26,52,4779,0,0,0,59,1268,145758,4980,4980,1201364,25,50,4398,0,0,0,59,1268,145758
202207,422,36740,C,Orlando-Kissimmee-Sanford  FL ,10984,10984,2915429,45,90,16184,29,114,15567,214,7101,958387,9320,9320,2443480,45,90,16184,29,114,15567,183,6376,914250
202207,422,45540,C,The Villages  FL ,2577,2577,686068,0,0,0,0,0,0,14,520,103106,2570,2570,684738,0,0,0,0,0,0,14,520,103106
202207,425,37620,C,Parkersburg-Vienna  WV ,45,45,10317,0,0,0,0,0,0,0,0,0,37,37,9101,0,0,0,0,0,0,0,0,0
202207,426,37860,C,Pensacola-Ferry Pass-Brent  FL ,2126,2126,528169,7,14,1798,0,0,0,4,162,20180,2126,2126,528169,7,14,1798,0,0,0,4,162,20180
202207,428,12100,C,Atlantic City-Hammonton  NJ ,303,303,81538,8,16,3648,0,0,0,12,151,10304,253,253,70186,8,16,3648,0,0,0,0,0,0
202207,428,20100,C,Dover  DE ,633,633,97247,2,4,825,0,0,0,1,24,3062,586,586,86079,2,4,825,0,0,0,0,0,0
202207,428,36140,C,Ocean City  NJ ,340,340,156082,38,76,19251,4,13,12614,6,30,175,326,326,153383,38,76,19251,4,13,12614,6,30,175
202207,428,37980,C,Philadelphia-Camden-Wilmington  PA-NJ-DE-MD ,4907,4907,985599,124,248,31972,84,281,42670,196,2804,359424,2828,2828,659493,114,228,28861,78,263,34440,118,2062,274938
202207,428,39740,C,Reading  PA ,232,232,61679,3,6,959,0,0,0,0,0,0,141,141,38337,3,6,959,0,0,0,0,0,0
202207,428,47220,C,Vineland-Bridgeton  NJ ,93,93,10394,0,0,0,0,0,0,0,0,0,66,66,8373,0,0,0,0,0,0,0,0,0
202207,429,38060,C,Phoenix-Mesa-Chandler  AZ ,19821,19821,5450154,501,1002,108050,52,186,46156,269,9658,1760628,17325,17325,4675046,497,994,107011,52,186,46156,257,8677,1590748
202207,430,38300,C,Pittsburgh  PA ,2099,2099,607693,18,36,6601,19,60,11237,43,633,93453,868,868,292661,9,18,4639,8,27,5969,1,5,1976
202207,430,48260,C,Weirton-Steubenville  WV-OH ,21,21,5290,0,0,0,0,0,0,0,0,0,8,8,2523,0,0,0,0,0,0,0,0,0
202207,438,30340,C,Lewiston-Auburn  ME ,136,136,31824,1,2,200,0,0,0,9,218,22500,79,79,17556,0,0,0,0,0,0,9,218,22500
202207,438,38860,C,Portland-South Portland  ME ,1236,1236,402163,30,60,11343,3,9,1050,49,1302,166834,352,352,144551,16,32,5988,1,3,550,21,889,145993
202207,440,10540,C,Albany-Lebanon  OR ,123,123,32856,5,10,1944,0,0,0,11,115,15390,64,64,19087,5,10,1944,0,0,0,4,78,10338
202207,440,18700,C,Corvallis  OR ,133,133,37673,0,0,0,0,0,0,6,110,14984,105,105,28231,0,0,0,0,0,0,6,110,14984
202207,440,31020,C,Longview  WA ,189,189,52112,4,8,1211,16,64,8892,8,96,10909,180,180,49288,4,8,1211,16,64,8892,8,96,10909
202207,440,38900,C,Portland-Vancouver-Hillsboro  OR-WA ,4050,4050,1286575,33,66,11600,13,44,7860,122,3406,459485,2879,2879,919200,30,60,10626,9,31,5393,97,2964,391559
202207,440,41420,C,Salem  OR ,633,633,196673,3,6,1304,1,4,265,63,826,83369,346,346,114037,0,0,0,1,4,265,30,468,43944
202207,444,39380,C,Pueblo  CO ,398,398,65041,0,0,0,0,0,0,0,0,0,0,0,0,0,0,0,0,0,0,0,0,0
202207,450,20500,C,Durham-Chapel Hill  NC ,2087,2087,751652,23,46,5738,1,3,277,27,1217,184808,1541,1541,547472,19,38,4440,1,3,277,21,1035,162269
202207,450,39580,C,Raleigh-Cary  NC ,8454,8454,2183068,12,24,4813,0,0,0,92,4394,531549,8454,8454,2183068,12,24,4813,0,0,0,92,4394,531549
202207,452,39660,C,Rapid City  SD ,415,415,118908,4,8,1557,2,8,976,25,952,121478,390,390,110695,3,6,837,2,8,976,25,952,121478
202207,454,39820,C,Redding  CA ,205,205,62620,0,0,0,0,0,0,1,5,563,3,3,849,0,0,0,0,0,0,0,0,0
202207,456,16180,C,Carson City  NV ,117,117,30868,0,0,0,2,6,764,9,53,5292,0,0,0,0,0,0,0,0,0,0,0,0
202207,456,39900,C,Reno  NV ,1567,1567,431381,31,62,8050,11,39,5340,116,2145,264284,365,365,91510,13,26,4279,2,7,1124,38,702,81282
202207,462,40340,C,Rochester  MN ,351,351,111037,4,8,946,4,15,3224,10,639,72510,226,226,79542,2,4,620,3,12,2845,10,639,72510
202207,464,40380,C,Rochester  NY ,663,663,206156,23,46,8446,21,76,8568,36,752,91903,401,401,138308,22,44,7796,19,70,7938,27,567,71134
202207,466,40420,C,Rockford  IL ,195,195,42680,3,6,603,0,0,0,0,0,0,129,129,33081,3,6,603,0,0,0,0,0,0
202207,468,40580,C,Rocky Mount  NC ,313,313,50776,0,0,0,0,0,0,0,0,0,156,156,25618,0,0,0,0,0,0,0,0,0
202207,472,40900,C,Sacramento-Roseville-Folsom  CA ,5349,5349,1579204,37,74,9650,30,107,23474,49,1419,211809,5176,5176,1531335,37,74,9650,30,107,23474,49,1419,211809
202207,472,49700,C,Yuba City  CA ,456,456,124606,11,22,2094,0,0,0,8,73,7647,434,434,116985,9,18,1745,0,0,0,4,48,4758
202207,474,13020,C,Bay City  MI ,40,40,11881,0,0,0,0,0,0,0,0,0,9,9,4575,0,0,0,0,0,0,0,0,0
202207,474,33220,C,Midland  MI ,66,66,14321,4,8,742,0,0,0,0,0,0,40,40,7160,4,8,742,0,0,0,0,0,0
202207,474,40980,C,Saginaw  MI ,95,95,23062,6,12,1690,3,9,1485,0,0,0,56,56,14359,4,8,1145,0,0,0,0,0,0
202207,476,41180,C,St. Louis  MO-IL ,2920,2920,978909,39,78,11172,7,25,3525,76,2473,332574,2293,2293,697691,21,42,6679,6,22,3300,54,2275,307783
202207,480,41540,C,Salisbury  MD-DE ,2573,2573,430199,95,190,26540,3,10,1919,11,192,23780,2544,2544,426641,94,188,26400,3,10,1919,11,192,23780
202207,482,36260,C,Ogden-Clearfield  UT ,2265,2265,695973,5,10,1770,28,103,15771,74,1442,212079,1901,1901,584014,5,10,1770,18,66,9356,65,1397,207181
202207,482,39340,C,Provo-Orem  UT ,4113,4113,1303517,23,46,12295,23,84,17256,103,1717,263098,4052,4052,1267818,21,42,11270,23,84,17256,103,1717,263098
202207,482,41620,C,Salt Lake City  UT ,2681,2681,764708,29,58,9425,31,109,23830,90,3802,536067,2439,2439,695746,16,32,7173,12,47,12458,52,1583,235665
202207,484,41700,C,San Antonio-New Braunfels  TX ,7224,7224,1783845,66,132,17228,46,180,27371,234,7352,917532,6690,6690,1666422,66,132,17228,46,180,27371,234,7352,917532
202207,488,32900,C,Merced  CA ,203,203,71904,1,2,360,0,0,0,4,200,31728,73,73,20305,1,2,360,0,0,0,4,200,31728
202207,488,33700,C,Modesto  CA ,396,396,87626,2,4,1100,0,0,0,4,29,3800,262,262,56440,2,4,1100,0,0,0,3,24,3100
202207,488,34900,C,Napa  CA ,95,95,28806,1,2,233,0,0,0,8,522,89086,10,10,2181,0,0,0,0,0,0,1,15,1411
202207,488,41860,C,San Francisco-Oakland-Berkeley  CA ,2307,2307,768090,36,72,21428,30,103,24783,131,3419,767867,1541,1541,524091,19,38,9985,22,78,17942,75,2921,665162
202207,488,41940,C,San Jose-Sunnyvale-Santa Clara  CA ,2334,2334,721126,9,18,5020,1,4,649,46,1513,264101,1998,1998,597843,7,14,4570,1,4,649,44,1283,199705
202207,488,42100,C,Santa Cruz-Watsonville  CA ,234,234,50371,0,0,0,1,3,1352,11,103,8108,75,75,20669,0,0,0,1,3,1352,0,0,0
202207,488,42220,C,Santa Rosa-Petaluma  CA ,583,583,166786,1,2,527,1,3,215,20,614,140221,446,446,139634,1,2,527,1,3,215,9,558,129138
202207,488,44700,C,Stockton  CA ,2325,2325,763980,3,6,850,0,0,0,21,347,50190,910,910,363815,2,4,450,0,0,0,7,113,20959
202207,488,46700,C,Vallejo  CA ,604,604,187303,0,0,0,0,0,0,0,0,0,526,526,168275,0,0,0,0,0,0,0,0,0
202207,496,25980,C,Hinesville  GA ,467,467,99845,2,4,370,0,0,0,0,0,0,266,266,52301,2,4,370,0,0,0,0,0,0
202207,496,42340,C,Savannah  GA ,1468,1468,404044,45,90,9140,22,85,11063,46,483,54653,1209,1209,343953,43,86,8894,22,85,11063,45,469,53918
202207,500,14740,C,Bremerton-Silverdale-Port Orchard  WA ,741,741,245709,2,4,561,11,33,4120,10,434,62701,741,741,245709,2,4,561,11,33,4120,10,434,62701
202207,500,34580,C,Mount Vernon-Anacortes  WA ,195,195,59502,6,12,2420,2,7,921,8,163,15782,194,194,59427,6,12,2420,1,4,484,1,10,1502
202207,500,36500,C,Olympia-Lacey-Tumwater  WA ,415,415,107955,8,16,2089,5,19,11302,36,607,67994,336,336,90222,8,16,2089,5,19,11302,28,565,66207
202207,500,42660,C,Seattle-Tacoma-Bellevue  WA ,4616,4616,1684897,298,596,142704,162,537,107772,258,11528,1689115,3891,3891,1398242,290,580,139038,157,521,103940,218,11033,1626366
202207,508,43340,C,Shreveport-Bossier City  LA ,596,596,158128,0,0,0,0,0,0,0,0,0,340,340,86758,0,0,0,0,0,0,0,0,0
202207,515,21140,C,Elkhart-Goshen  IN ,181,181,60039,0,0,0,0,0,0,1,6,476,163,163,55921,0,0,0,0,0,0,0,0,0
202207,515,35660,C,Niles  MI ,137,137,63434,3,6,1590,0,0,0,1,5,600,51,51,20986,3,6,1590,0,0,0,1,5,600
202207,515,43780,C,South Bend-Mishawaka  IN-MI ,237,237,89150,1,2,390,0,0,0,0,0,0,180,180,73096,1,2,390,0,0,0,0,0,0
202207,518,17660,C,Coeur dAlene  ID ,893,893,323638,15,30,5872,2,6,2514,46,762,86288,420,420,213465,5,10,2311,0,0,0,11,198,28600
202207,518,44060,C,Spokane-Spokane Valley  WA ,1255,1255,335382,52,104,21847,12,41,7979,63,1122,118524,438,438,127816,35,70,16241,11,38,7592,26,620,81976
202207,522,44100,C,Springfield  IL ,114,114,35388,6,12,1878,0,0,0,0,0,0,90,90,29170,6,12,1878,0,0,0,0,0,0
202207,524,44300,C,State College  PA ,144,144,48731,4,8,1258,3,12,2524,2,140,60291,88,88,36545,0,0,0,3,12,2524,2,140,60291
202207,532,45060,C,Syracuse  NY ,256,256,62510,6,12,310,0,0,0,4,20,1250,132,132,35907,0,0,0,0,0,0,0,0,0
202207,534,45780,C,Toledo  OH ,412,412,150036,7,14,488,2,8,400,10,109,12002,251,251,98461,6,12,248,2,8,400,9,89,11145
202207,536,46060,C,Tucson  AZ ,2712,2712,873233,17,34,4072,3,12,2771,74,1281,156036,1714,1714,605629,1,2,268,3,12,2771,36,740,74854
202207,538,46140,C,Tulsa  OK ,2492,2492,651964,15,30,3646,2,6,645,28,862,106766,1945,1945,506073,14,28,3399,2,6,645,17,784,100766
202207,540,46340,C,Tyler  TX ,428,428,106282,22,44,5723,2,8,1140,4,20,2491,288,288,71449,4,8,1038,2,8,1140,0,0,0
202207,544,47020,C,Victoria  TX ,186,186,43706,0,0,0,0,0,0,0,0,0,173,173,43392,0,0,0,0,0,0,0,0,0
202207,545,47260,C,Virginia Beach-Norfolk-Newport News  VA-NC ,2393,2393,629570,4,8,1220,2,8,1728,70,1941,168040,1781,1781,509520,4,8,1220,2,8,1728,67,1819,156430
202207,548,12580,C,Baltimore-Columbia-Towson  MD ,1896,1896,453046,1,2,350,1,3,269,42,2590,410672,1720,1720,420630,0,0,0,1,3,269,33,1956,284471
202207,548,15680,C,California-Lexington Park  MD ,149,149,54899,0,0,0,0,0,0,0,0,0,149,149,54899,0,0,0,0,0,0,0,0,0
202207,548,16540,C,Chambersburg-Waynesboro  PA ,205,205,55789,10,20,2905,1,4,520,9,51,5333,172,172,48438,10,20,2905,1,4,520,8,46,4684
202207,548,25180,C,Hagerstown-Martinsburg  MD-WV ,1334,1334,337999,3,6,1220,0,0,0,12,268,30551,1287,1287,328725,3,6,1220,0,0,0,12,268,30551
202207,548,47900,C,Washington-Arlington-Alexandria  DC-VA-MD-WV ,7826,7826,2181777,26,52,7074,0,0,0,168,10070,1416284,6869,6869,1919383,24,48,6734,0,0,0,137,9374,1329667
202207,548,49020,C,Winchester  VA-WV ,498,498,133805,0,0,0,0,0,0,3,198,21780,497,497,133573,0,0,0,0,0,0,3,198,21780
202207,554,48140,C,Wausau-Weston  WI ,235,235,69945,4,8,990,0,0,0,4,108,14000,143,143,44274,2,4,390,0,0,0,4,108,14000
202207,556,48620,C,Wichita  KS ,966,966,350800,286,572,67623,15,55,8276,14,372,45703,779,779,275945,272,544,65073,13,49,7756,14,372,45703
202207,558,48700,C,Williamsport  PA ,36,36,10223,0,0,0,0,0,0,0,0,0,12,12,4108,0,0,0,0,0,0,0,0,0
202207,566,49660,C,Youngstown-Warren-Boardman  OH-PA ,203,203,46115,1,2,377,0,0,0,0,0,0,153,153,34686,1,2,377,0,0,0,0,0,0
202207,999,10180,C,Abilene  TX ,313,313,73835,15,30,3218,0,0,0,36,274,24000,312,312,73535,15,30,3218,0,0,0,36,274,24000
202207,999,10500,C,Albany  GA ,120,120,17307,0,0,0,0,0,0,2,33,3657,79,79,7263,0,0,0,0,0,0,0,0,0
202207,999,10780,C,Alexandria  LA ,214,214,55979,10,20,1620,0,0,0,0,0,0,156,156,40880,10,20,1620,0,0,0,0,0,0
202207,999,10900,C,Allentown-Bethlehem-Easton  PA-NJ ,821,821,198857,9,18,974,3,12,1785,14,392,51222,596,596,151200,9,18,974,3,12,1785,8,241,42217
202207,999,11260,C,Anchorage  AK ,492,492,155519,2,4,658,7,27,4653,13,148,22354,21,21,5617,2,4,658,0,0,0,0,0,0
202207,999,11500,C,Anniston-Oxford  AL ,53,53,8584,0,0,0,0,0,0,0,0,0,45,45,7630,0,0,0,0,0,0,0,0,0
202207,999,12260,C,Augusta-Richmond County  GA-SC ,2291,2291,574977,3,6,731,23,89,9222,17,322,37657,846,846,225253,3,6,731,23,89,9222,17,322,37657
202207,999,12420,C,Austin-Round Rock-Georgetown  TX ,14264,14264,3947738,103,206,20258,28,104,13912,333,15635,1508482,10322,10322,3029048,92,184,18094,23,87,12260,326,15568,1501794
202207,999,12540,C,Bakersfield  CA ,1935,1935,521636,4,8,361,0,0,0,18,200,22509,306,306,51572,2,4,186,0,0,0,4,80,7983
202207,999,12620,C,Bangor  ME ,171,171,40887,17,34,5853,6,23,3593,0,0,0,53,53,16206,15,30,5408,5,20,3396,0,0,0
202207,999,12940,C,Baton Rouge  LA ,2457,2457,552672,6,12,9871,0,0,0,12,267,30039,471,471,99509,5,10,950,0,0,0,12,267,30039
202207,999,13140,C,Beaumont-Port Arthur  TX ,907,907,215079,6,12,1449,0,0,0,1,6,600,794,794,193368,3,6,895,0,0,0,1,6,600
202207,999,13220,C,Beckley  WV ,71,71,16827,0,0,0,0,0,0,0,0,0,65,65,16072,0,0,0,0,0,0,0,0,0
202207,999,13380,C,Bellingham  WA ,495,495,144869,5,10,1935,18,67,13655,13,441,50547,362,362,105485,3,6,654,18,67,13655,13,441,50547
202207,999,13740,C,Billings  MT ,504,504,92096,19,38,6147,0,0,0,12,249,29298,297,297,82262,19,38,6147,0,0,0,12,249,29298
202207,999,13780,C,Binghamton  NY ,73,73,13924,0,0,0,0,0,0,21,198,19125,6,6,1890,0,0,0,0,0,0,0,0,0
202207,999,13900,C,Bismarck  ND ,196,196,67664,23,46,7710,1,4,930,1,8,1704,158,158,55134,23,46,7710,1,4,930,1,8,1704
202207,999,13980,C,Blacksburg-Christiansburg  VA ,223,223,60512,1,2,190,0,0,0,4,107,18392,207,207,57052,1,2,190,0,0,0,4,107,18392
202207,999,15260,C,Brunswick  GA ,366,366,115467,7,14,2106,0,0,0,6,30,16174,2,2,150,0,0,0,0,0,0,0,0,0
202207,999,16060,C,Carbondale-Marion  IL ,48,48,7150,1,2,125,9,36,2255,2,10,1100,34,34,5113,1,2,125,9,36,2255,2,10,1100
202207,999,16220,C,Casper  WY ,96,96,23832,1,2,126,1,3,371,6,31,3088,40,40,8438,0,0,0,0,0,0,0,0,0
202207,999,16580,C,Champaign-Urbana  IL ,216,216,70782,0,0,0,8,32,4000,3,367,74201,212,212,70011,0,0,0,8,32,4000,3,367,74201
202207,999,16700,C,Charleston-North Charleston  SC ,3628,3628,1214511,0,0,0,3,12,3565,47,1120,105134,1441,1441,557705,0,0,0,0,0,0,2,98,13386
202207,999,16820,C,Charlottesville  VA ,666,666,203457,7,14,2406,0,0,0,25,301,37939,68,68,20944,0,0,0,0,0,0,0,0,0
202207,999,16940,C,Cheyenne  WY ,310,310,60449,0,0,0,14,56,5776,4,92,11500,306,306,59854,0,0,0,14,56,5776,4,92,11500
202207,999,17020,C,Chico  CA ,657,657,206883,8,16,2379,11,44,3189,33,604,70698,507,507,177086,8,16,2379,11,44,3189,33,604,70698
202207,999,17300,C,Clarksville  TN-KY ,1234,1234,239198,11,22,2982,81,320,25826,175,1603,134688,1210,1210,236971,11,22,2982,81,320,25826,175,1603,134688
202207,999,17780,C,College Station-Bryan  TX ,1118,1118,247716,4,8,1161,7,28,3261,10,82,10427,1112,1112,246483,4,8,1161,7,28,3261,10,82,10427
202207,999,17820,C,Colorado Springs  CO ,2871,2871,1089976,16,32,4527,2,8,872,86,3578,508477,2869,2869,1089771,16,32,4527,2,8,872,86,3578,508477
202207,999,18880,C,Crestview-Fort Walton Beach-Destin  FL ,1825,1825,914209,5,10,1359,3,9,1764,24,247,71779,1825,1825,914209,5,10,1359,3,9,1764,24,247,71779
202207,999,19060,C,Cumberland  MD-WV ,34,34,8775,0,0,0,0,0,0,0,0,0,31,31,8220,0,0,0,0,0,0,0,0,0
202207,999,19180,C,Danville  IL ,4,4,607,0,0,0,0,0,0,0,0,0,0,0,0,0,0,0,0,0,0,0,0,0
202207,999,19500,C,Decatur  IL ,11,11,3888,0,0,0,0,0,0,1,20,3569,8,8,3188,0,0,0,0,0,0,0,0,0
202207,999,20220,C,Dubuque  IA ,89,89,28523,1,2,500,2,6,1600,1,14,367,42,42,14297,1,2,500,2,6,1600,0,0,0
202207,999,20260,C,Duluth  MN-WI ,321,321,83185,3,6,1501,0,0,0,1,33,6400,234,234,61188,3,6,1501,0,0,0,1,33,6400
202207,999,20940,C,El Centro  CA ,263,263,45818,2,4,302,0,0,0,6,65,4775,40,40,6503,2,4,302,0,0,0,5,60,4275
202207,999,21420,C,Enid  OK ,31,31,8785,0,0,0,0,0,0,0,0,0,31,31,8785,0,0,0,0,0,0,0,0,0
202207,999,21660,C,Eugene-Springfield  OR ,532,532,148615,6,12,2234,1,4,650,12,418,33489,359,359,103267,1,2,273,1,4,650,12,418,33489
202207,999,21780,C,Evansville  IN-KY ,516,516,175699,40,80,11901,0,0,0,10,124,4662,210,210,87219,22,44,7230,0,0,0,2,48,1120
202207,999,21820,C,Fairbanks  AK ,16,16,3222,0,0,0,0,0,0,0,0,0,16,16,3222,0,0,0,0,0,0,0,0,0
202207,999,22140,C,Farmington  NM ,91,91,19650,0,0,0,0,0,0,0,0,0,50,50,9789,0,0,0,0,0,0,0,0,0
202207,999,22220,C,Fayetteville-Springdale-Rogers  AR-MO ,3580,3580,1096270,64,128,27950,36,141,20241,59,846,102429,2734,2734,904573,62,124,27020,36,141,20241,38,599,83093
202207,999,22380,C,Flagstaff  AZ ,293,293,114920,1,2,88,0,0,0,2,37,3415,293,293,114920,1,2,88,0,0,0,2,37,3415
202207,999,22500,C,Florence  SC ,479,479,82597,11,22,1650,0,0,0,0,0,0,477,477,82381,11,22,1650,0,0,0,0,0,0
202207,999,22520,C,Florence-Muscle Shoals  AL ,200,200,24741,22,44,1760,0,0,0,0,0,0,66,66,9090,22,44,1760,0,0,0,0,0,0
202207,999,22540,C,Fond du Lac  WI ,91,91,29037,0,0,0,0,0,0,4,31,2458,15,15,5082,0,0,0,0,0,0,0,0,0
202207,999,22660,C,Fort Collins  CO ,1003,1003,356094,7,14,3267,4,14,3456,34,744,138126,1003,1003,356094,7,14,3267,4,14,3456,34,744,138126
202207,999,22900,C,Fort Smith  AR-OK ,266,266,52938,31,62,5620,6,19,2035,4,38,4903,208,208,45465,28,56,5160,4,13,1525,4,38,4903
202207,999,23460,C,Gadsden  AL ,119,119,20584,0,0,0,0,0,0,0,0,0,42,42,9349,0,0,0,0,0,0,0,0,0
202207,999,24140,C,Goldsboro  NC ,229,229,48609,0,0,0,0,0,0,3,72,5262,172,172,37101,0,0,0,0,0,0,0,0,0
202207,999,24220,C,Grand Forks  ND-MN ,102,102,28395,0,0,0,0,0,0,0,0,0,98,98,26649,0,0,0,0,0,0,0,0,0
202207,999,24260,C,Grand Island  NE ,106,106,23864,17,34,7164,7,21,2526,0,0,0,78,78,18302,16,32,6814,5,15,2076,0,0,0
202207,999,24300,C,Grand Junction  CO ,446,446,77549,2,4,401,0,0,0,5,116,8316,446,446,77549,2,4,401,0,0,0,5,116,8316
202207,999,24500,C,Great Falls  MT ,107,107,34581,2,4,1200,0,0,0,2,126,24250,88,88,29486,2,4,1200,0,0,0,0,0,0
202207,999,25060,C,Gulfport-Biloxi  MS ,1886,1886,308945,3,6,556,9,33,3360,28,262,14746,1168,1168,190445,0,0,0,1,4,450,17,188,8481
202207,999,25860,C,Hickory-Lenoir-Morganton  NC ,1097,1097,266432,9,18,2265,0,0,0,40,386,37700,786,786,203588,6,12,1185,0,0,0,24,238,25949
202207,999,25940,C,Hilton Head Island-Bluffton  SC ,1955,1955,872530,4,8,3148,6,18,7142,12,292,46799,830,830,455105,4,8,3148,6,18,7142,2,20,1800
202207,999,26140,C,Homosassa Springs  FL ,950,950,208500,6,12,876,0,0,0,2,10,865,5,5,1232,1,2,210,0,0,0,0,0,0
202207,999,26380,C,Houma-Thibodaux  LA ,420,420,112051,25,50,3304,3,9,785,0,0,0,318,318,84548,17,34,2060,0,0,0,0,0,0
202207,999,27100,C,Jackson  MI ,99,99,26952,2,4,325,0,0,0,0,0,0,31,31,9235,0,0,0,0,0,0,0,0,0
202207,999,27340,C,Jacksonville  NC ,854,854,178056,6,12,1939,2,6,2438,0,0,0,854,854,178056,6,12,1939,2,6,2438,0,0,0
202207,999,27620,C,Jefferson City  MO ,105,105,30369,0,0,0,1,4,522,0,0,0,69,69,21146,0,0,0,1,4,522,0,0,0
202207,999,27980,C,Kahului-Wailuku-Lahaina  HI ,193,193,129291,29,58,8098,0,0,0,2,14,41000,193,193,129291,29,58,8098,0,0,0,2,14,41000
202207,999,28660,C,Killeen-Temple  TX ,1804,1804,389196,94,188,19295,0,0,0,4,66,7927,868,868,176030,53,106,11381,0,0,0,0,0,0
202207,999,29100,C,La Crosse-Onalaska  WI-MN ,115,115,40701,19,38,7462,2,7,1125,8,193,24472,60,60,24346,4,8,1560,1,4,600,3,129,15933
202207,999,29420,C,Lake Havasu City-Kingman  AZ ,1393,1393,388626,28,56,3542,7,24,2483,0,0,0,1386,1386,387948,28,56,3542,7,24,2483,0,0,0
202207,999,29540,C,Lancaster  PA ,426,426,129441,15,30,7695,9,32,5125,26,205,27399,277,277,82831,13,26,6895,7,26,4231,20,175,25618
202207,999,29620,C,Lansing-East Lansing  MI ,306,306,88722,4,8,1408,0,0,0,3,187,26103,155,155,51224,1,2,490,0,0,0,1,132,20000
202207,999,29700,C,Laredo  TX ,841,841,130518,10,20,1639,5,15,1934,11,110,6974,0,0,0,0,0,0,0,0,0,0,0,0
202207,999,30020,C,Lawton  OK ,51,51,8271,0,0,0,0,0,0,0,0,0,4,4,684,0,0,0,0,0,0,0,0,0
202207,999,30300,C,Lewiston  ID-WA ,89,89,25384,3,6,1361,0,0,0,0,0,0,53,53,15473,1,2,200,0,0,0,0,0,0
202207,999,30860,C,Logan  UT-ID ,596,596,198903,0,0,0,1,3,750,12,176,24380,522,522,180712,0,0,0,0,0,0,12,176,24380
202207,999,30980,C,Longview  TX ,254,254,56780,6,12,1167,0,0,0,5,36,4494,17,17,4126,0,0,0,0,0,0,0,0,0
202207,999,31340,C,Lynchburg  VA ,313,313,74436,2,4,509,2,6,1207,10,192,12816,296,296,71085,1,2,225,0,0,0,3,115,10820
202207,999,31740,C,Manhattan  KS ,156,156,48866,2,4,525,2,6,500,1,24,7874,58,58,18903,1,2,247,0,0,0,1,24,7874
202207,999,33540,C,Missoula  MT ,210,210,56438,6,12,1458,2,7,652,33,463,47627,210,210,56438,6,12,1458,2,7,652,33,463,47627
202207,999,36100,C,Ocala  FL ,3156,3156,741287,1,2,100,0,0,0,38,1071,121667,3156,3156,741287,1,2,100,0,0,0,38,1071,121667
202207,999,36980,C,Owensboro  KY ,159,159,15150,2,4,389,0,0,0,0,0,0,154,154,14143,1,2,216,0,0,0,0,0,0
202207,999,37340,C,Palm Bay-Melbourne-Titusville  FL ,2601,2601,945808,1,2,1070,0,0,0,8,319,79940,1139,1139,497790,1,2,1070,0,0,0,8,319,79940
202207,999,37460,C,Panama City  FL ,1239,1239,462789,8,16,3098,4,12,2653,16,188,39695,117,117,58873,0,0,0,0,0,0,1,47,10440
202207,999,37900,C,Peoria  IL ,105,105,36828,3,6,480,0,0,0,10,111,4172,72,72,28803,0,0,0,0,0,0,7,96,3000
202207,999,38340,C,Pittsfield  MA ,61,61,26843,0,0,0,0,0,0,0,0,0,6,6,4799,0,0,0,0,0,0,0,0,0
202207,999,38540,C,Pocatello  ID ,200,200,42678,4,8,844,17,65,8303,5,77,6653,132,132,34462,4,8,844,13,52,6955,4,72,6480
202207,999,39150,C,Prescott Valley-Prescott  AZ ,1168,1168,398246,35,70,12077,0,0,0,7,152,12380,1118,1118,376373,34,68,11787,0,0,0,7,152,12380
202207,999,40060,C,Richmond  VA ,3011,3011,761641,57,114,13049,1,3,166,109,3493,397782,2902,2902,744693,57,114,13049,1,3,166,100,3431,391351
202207,999,40220,C,Roanoke  VA ,320,320,93572,2,4,628,0,0,0,4,143,17475,142,142,37283,2,4,628,0,0,0,0,0,0
202207,999,41100,C,St. George  UT ,1654,1654,338506,4,8,786,7,26,4946,34,513,61399,1273,1273,267731,0,0,0,6,23,4683,30,481,58989
202207,999,41500,C,Salinas  CA ,356,356,87033,2,4,937,2,6,910,24,375,35071,52,52,5342,0,0,0,0,0,0,0,0,0
202207,999,41660,C,San Angelo  TX ,144,144,33642,0,0,0,0,0,0,0,0,0,144,144,33642,0,0,0,0,0,0,0,0,0
202207,999,41740,C,San Diego-Chula Vista-Carlsbad  CA ,2431,2431,726311,36,72,11458,77,270,55926,172,3392,644529,2366,2366,704582,36,72,11458,76,267,53301,165,3291,634707
202207,999,42020,C,San Luis Obispo-Paso Robles  CA ,408,408,115661,4,8,1150,2,6,1345,21,357,51426,104,104,23015,4,8,1150,0,0,0,13,200,27973
202207,999,42200,C,Santa Maria-Santa Barbara  CA ,277,277,70566,7,14,2479,5,15,2600,29,596,75332,173,173,57640,1,2,750,5,15,2600,17,505,63557
202207,999,42540,C,Scranton--Wilkes-Barre  PA ,291,291,82199,3,6,960,0,0,0,6,30,2923,110,110,35449,3,6,960,0,0,0,0,0,0
202207,999,42700,C,Sebring-Avon Park  FL ,401,401,91900,1,2,150,0,0,0,0,0,0,401,401,91900,1,2,150,0,0,0,0,0,0
202207,999,43100,C,Sheboygan  WI ,76,76,28397,9,18,3499,0,0,0,0,0,0,25,25,10726,7,14,2436,0,0,0,0,0,0
202207,999,43420,C,Sierra Vista-Douglas  AZ ,259,259,36109,3,6,825,0,0,0,0,0,0,250,250,33607,0,0,0,0,0,0,0,0,0
202207,999,43580,C,Sioux City  IA-NE-SD ,199,199,60088,1,2,500,6,18,0,0,0,0,104,104,33612,1,2,500,0,0,0,0,0,0
202207,999,43620,C,Sioux Falls  SD ,1142,1142,280301,6,12,2277,47,185,21443,97,2598,312138,1087,1087,265613,6,12,2277,45,179,21147,96,2593,311732
202207,999,44140,C,Springfield  MA ,278,278,81196,8,16,2438,1,4,577,13,204,25113,117,117,41052,4,8,980,1,4,577,2,118,15416
202207,999,44180,C,Springfield  MO ,868,868,246372,13,26,3261,4,12,1325,13,229,31557,637,637,183138,12,24,2983,2,6,950,13,229,31557
202207,999,44940,C,Sumter  SC ,260,260,43883,33,66,6331,0,0,0,1,36,965,0,0,0,0,0,0,0,0,0,0,0,0
202207,999,45220,C,Tallahassee  FL ,900,900,189193,6,12,1330,0,0,0,37,986,129776,326,326,72293,0,0,0,0,0,0,0,0,0
202207,999,45300,C,Tampa-St. Petersburg-Clearwater  FL ,10281,10281,3106521,40,80,13433,107,371,23895,409,6729,721476,10000,10000,3020257,37,74,12593,107,371,23895,390,6619,692128
202207,999,45460,C,Terre Haute  IN ,74,74,16184,8,16,2100,5,20,925,5,26,2636,43,43,11004,8,16,2100,5,20,925,1,6,750
202207,999,45500,C,Texarkana  TX-AR ,80,80,17566,3,6,720,1,4,450,1,5,385,29,29,5841,3,6,720,1,4,450,1,5,385
202207,999,45820,C,Topeka  KS ,233,233,56412,0,0,0,0,0,0,0,0,0,197,197,50098,0,0,0,0,0,0,0,0,0
202207,999,46220,C,Tuscaloosa  AL ,495,495,125221,1,2,360,16,61,4449,9,313,52706,215,215,50253,0,0,0,0,0,0,0,0,0
202207,999,46300,C,Twin Falls  ID ,366,366,99639,4,8,1489,0,0,0,5,60,14040,335,335,93380,4,8,1489,0,0,0,5,60,14040
202207,999,46520,C,Urban Honolulu  HI ,451,451,154583,48,96,11895,0,0,0,30,706,176514,451,451,154583,48,96,11895,0,0,0,30,706,176514
202207,999,46540,C,Utica-Rome  NY ,134,134,42974,0,0,0,0,0,0,8,64,9664,25,25,21222,0,0,0,0,0,0,0,0,0
202207,999,46660,C,Valdosta  GA ,847,847,158300,7,14,928,0,0,0,7,89,8741,407,407,84372,0,0,0,0,0,0,0,0,0
202207,999,47300,C,Visalia  CA ,849,849,209518,13,26,3116,0,0,0,70,715,100123,718,718,183914,4,8,1366,0,0,0,57,614,83323
202207,999,47380,C,Waco  TX ,703,703,109353,14,28,3291,0,0,0,19,330,31618,585,585,86846,7,14,1915,0,0,0,13,300,28532
202207,999,47940,C,Waterloo-Cedar Falls  IA ,114,114,40323,4,8,780,0,0,0,0,0,0,83,83,27947,4,8,780,0,0,0,0,0,0
202207,999,48060,C,Watertown-Fort Drum  NY ,103,103,17453,0,0,0,0,0,0,0,0,0,4,4,850,0,0,0,0,0,0,0,0,0
202207,999,48300,C,Wenatchee  WA ,420,420,125474,5,10,1973,9,36,7783,6,235,25334,229,229,89114,5,10,1973,9,36,7783,6,235,25334
202207,999,48540,C,Wheeling  WV-OH ,4,4,1291,0,0,0,0,0,0,0,0,0,1,1,198,0,0,0,0,0,0,0,0,0
202207,999,48660,C,Wichita Falls  TX ,114,114,27952,0,0,0,0,0,0,0,0,0,95,95,23628,0,0,0,0,0,0,0,0,0
202207,999,48900,C,Wilmington  NC ,1626,1626,541740,28,56,10205,3,11,2177,31,981,126555,730,730,236195,12,24,3650,0,0,0,0,0,0
202207,999,49420,C,Yakima  WA ,295,295,77319,13,26,3547,12,42,5068,12,125,16922,236,236,62672,11,22,2577,8,30,3999,5,86,8107
202207,999,49740,C,Yuma  AZ ,522,522,87561,8,16,2023,0,0,0,7,98,11754,483,483,81534,8,16,2023,0,0,0,7,98,11754
