Survey,CSA,CBSA,MONCOV,CBSA,,1-unit,,,2-units,,,3-4 units,,,5+ units,,,1-unit rep,,,2-units rep,,,3-4 units rep,,,5+ units rep
Date,Code,Code,,Name,Bldgs,Units,Value,Bldgs,Units,Value,Bldgs,Units,Value,Bldgs,Units,Value,Bldgs,Units,Value,Bldgs,Units,Value,      Bldgs,Units,Value,Bldgs,Units,Value
 
202206,104,10580, ,Albany-Schenectady-Troy  NY ,710,710,227235,34,68,15376,6,22,3871,33,440,59896,410,410,138621,1,2,720,2,8,2040,3,61,6195
202206,104,24020, ,Glens Falls  NY ,114,114,31425,1,2,297,3,11,1439,2,10,1155,62,62,18953,1,2,297,3,11,1439,2,10,1155
202206,106,10740, ,Albuquerque  NM ,1240,1240,325463,0,0,0,1,4,400,17,957,93718,1160,1160,305442,0,0,0,1,4,400,7,898,91260
202206,106,42140,C,Santa Fe  NM ,112,112,47647,0,0,0,0,0,0,0,0,0,112,112,47647,0,0,0,0,0,0,0,0,0
202206,107,11020, ,Altoona  PA ,40,40,11691,0,0,0,0,0,0,6,52,7654,16,16,5812,0,0,0,0,0,0,6,52,7654
202206,108,11100, ,Amarillo  TX ,450,450,111786,13,26,3350,0,0,0,2,72,9186,441,441,109021,13,26,3350,0,0,0,2,72,9186
202206,118,11540, ,Appleton  WI ,281,281,102174,37,74,14063,0,0,0,9,141,21656,238,238,89132,37,74,14063,0,0,0,1,77,15703
202206,118,36780, ,Oshkosh-Neenah  WI ,162,162,58913,5,10,2013,0,0,0,6,46,4600,149,149,54524,5,10,2013,0,0,0,6,46,4600
202206,120,11700, ,Asheville  NC ,1628,1628,550298,3,6,911,0,0,0,29,569,59972,717,717,255435,1,2,30,0,0,0,2,22,2112
202206,122,12020, ,Athens-Clarke County  GA ,476,476,140605,2,4,383,0,0,0,32,666,76583,264,264,88751,2,4,383,0,0,0,32,666,76583
202206,122,12060, ,Atlanta-Sandy Springs-Alpharetta  GA ,14987,14987,3624359,31,62,12132,38,139,15991,194,7318,917753,13223,13223,3234248,31,62,12132,38,139,15991,176,6748,846196
202206,122,23580,C,Gainesville  GA ,718,718,173335,1,2,198,12,44,4390,17,445,82250,174,174,45150,1,2,198,12,44,4390,17,445,82250
202206,122,40660,C,Rome  GA ,147,147,27311,0,0,0,0,0,0,0,0,0,147,147,27311,0,0,0,0,0,0,0,0,0
202206,140,13460,C,Bend  OR ,699,699,256410,28,56,9781,15,47,7513,15,245,29948,699,699,256410,28,56,9781,15,47,7513,15,245,29948
202206,142,13820, ,Birmingham-Hoover  AL ,1785,1785,584272,1,2,160,0,0,0,6,333,47930,1453,1453,448786,1,2,160,0,0,0,6,333,47930
202206,144,14020, ,Bloomington  IN ,173,173,51649,3,6,852,0,0,0,3,99,11625,171,171,51248,3,6,852,0,0,0,3,99,11625
202206,145,14010, ,Bloomington  IL ,158,158,41624,2,4,292,0,0,0,1,54,7800,92,92,24591,0,0,0,0,0,0,1,54,7800
202206,146,14100, ,Bloomsburg-Berwick  PA ,49,49,13076,0,0,0,0,0,0,3,17,1542,22,22,6521,0,0,0,0,0,0,0,0,0
202206,147,14260, ,Boise City  ID ,3879,3879,1000765,12,24,5551,60,239,25097,152,2702,429494,3349,3349,850044,12,24,5551,59,235,24706,126,2510,402744
202206,148,12700,C,Barnstable Town  MA ,287,287,162375,8,16,1590,3,9,2200,0,0,0,122,122,78423,7,14,1400,3,9,2200,0,0,0
202206,148,14460, ,Boston-Cambridge-Newton  MA-NH ,2064,2064,775329,110,220,55973,61,201,44503,225,5431,1252980,1135,1135,485128,71,142,37055,37,126,26898,81,3963,1046661
202206,148,31700, ,Manchester-Nashua  NH ,364,364,105046,7,14,2684,3,9,1616,1,40,3835,137,137,50421,0,0,0,0,0,0,1,40,3835
202206,148,39300, ,Providence-Warwick  RI-MA ,827,827,222574,52,104,15465,8,26,3521,9,61,6481,339,339,117328,15,30,5373,1,4,523,1,18,1800
202206,148,49340, ,Worcester  MA-CT ,620,620,170381,25,50,10329,1,3,465,21,779,122749,323,323,88689,17,34,7246,1,3,465,8,575,98035
202206,150,14540, ,Bowling Green  KY ,497,497,121802,2,4,400,3,11,1025,31,280,20667,495,495,121502,2,4,400,2,8,800,31,280,20667
202206,154,15180, ,Brownsville-Harlingen  TX ,1001,1001,122177,21,42,3537,13,43,5290,13,139,11843,63,63,17408,0,0,0,0,0,0,0,0,0
202206,160,15380, ,Buffalo-Cheektowaga  NY ,505,505,181028,9,18,3382,2,8,1482,17,179,32584,385,385,146758,9,18,3382,2,8,1482,4,27,3745
202206,162,15540, ,Burlington-South Burlington  VT ,236,236,77477,10,20,3358,1,3,145,22,180,19727,130,130,47449,3,6,581,0,0,0,6,47,6408
202206,163,15980,C,Cape Coral-Fort Myers  FL ,5651,5651,1178936,54,108,13799,27,106,13722,78,1398,232287,3422,3422,692807,8,16,1852,23,91,11415,71,1202,216786
202206,163,34940,C,Naples-Marco Island  FL ,1893,1893,803586,8,16,3011,24,96,21880,25,849,127884,1893,1893,803586,8,16,3011,24,96,21880,25,849,127884
202206,164,16020, ,Cape Girardeau  MO-IL ,62,62,17963,1,2,325,2,6,150,3,15,1732,0,0,0,0,0,0,0,0,0,0,0,0
202206,168,16300, ,Cedar Rapids  IA ,256,256,64747,14,28,4945,0,0,0,7,302,29416,243,243,61141,11,22,3837,0,0,0,7,302,29416
202206,168,26980, ,Iowa City  IA ,270,270,86130,20,40,9576,3,11,2180,8,539,106852,189,189,65231,5,10,2775,3,11,2180,5,507,102265
202206,170,16620, ,Charleston  WV ,91,91,12865,0,0,0,0,0,0,0,0,0,60,60,7854,0,0,0,0,0,0,0,0,0
202206,170,26580, ,Huntington-Ashland  WV-KY-OH ,137,137,27049,3,6,300,2,6,280,0,0,0,4,4,722,3,6,300,2,6,280,0,0,0
202206,172,16740, ,Charlotte-Concord-Gastonia  NC-SC ,11495,11495,3148824,17,34,5613,12,47,6026,112,4885,619981,10075,10075,2726747,17,34,5613,12,47,6026,100,4652,592131
202206,174,16860, ,Chattanooga  TN-GA ,1250,1250,294994,31,62,4452,12,44,6978,22,332,33987,926,926,225401,6,12,854,9,35,6456,0,0,0
202206,174,17420,C,Cleveland  TN ,475,475,112767,3,6,766,28,101,15224,2,14,923,348,348,89755,3,6,766,28,101,15224,2,14,923
202206,174,19140, ,Dalton  GA ,211,211,39064,7,14,695,3,12,1760,6,30,1610,171,171,29635,7,14,695,3,12,1760,6,30,1610
202206,176,16980, ,Chicago-Naperville-Elgin  IL-IN-WI ,4665,4665,1473029,68,136,25727,119,385,77785,124,3086,543329,3877,3877,1224074,66,132,25206,111,359,73646,86,2802,501389
202206,176,28100, ,Kankakee  IL ,65,65,16413,0,0,0,0,0,0,0,0,0,54,54,12923,0,0,0,0,0,0,0,0,0
202206,176,33140, ,Michigan City-La Porte  IN ,45,45,13800,0,0,0,0,0,0,0,0,0,0,0,0,0,0,0,0,0,0,0,0,0
202206,178,17140, ,Cincinnati  OH-KY-IN ,2413,2413,762893,77,154,23279,28,97,12015,41,639,55669,2175,2175,697636,77,154,23279,28,97,12015,38,561,49975
202206,184,10420, ,Akron  OH ,369,369,128334,0,0,0,17,62,8360,50,279,30974,312,312,105790,0,0,0,13,50,5322,42,225,28921
202206,184,15940, ,Canton-Massillon  OH ,219,219,69845,13,26,4984,8,26,2873,9,57,4896,187,187,65337,13,26,4984,3,11,2104,2,12,1440
202206,184,17460, ,Cleveland-Elyria  OH ,1502,1502,474576,8,16,1735,18,65,7685,17,238,38756,1056,1056,352732,2,4,1290,15,56,7062,15,228,34235
202206,190,17860, ,Columbia  MO ,355,355,120278,2,4,396,0,0,0,6,65,8609,349,349,118977,2,4,396,0,0,0,6,65,8609
202206,192,17900, ,Columbia  SC ,2775,2775,626958,1,2,200,46,172,24859,48,994,146035,842,842,169156,1,2,200,46,172,24859,35,919,135089
202206,194,12220,C,Auburn-Opelika  AL ,681,681,179616,6,12,1760,1,4,300,8,430,54670,456,456,125324,3,6,671,1,4,300,5,371,46637
202206,194,17980, ,Columbus  GA-AL ,401,401,106075,12,24,4500,0,0,0,19,530,116948,266,266,72448,0,0,0,0,0,0,0,0,0
202206,198,18140, ,Columbus  OH ,3061,3061,1056505,24,48,9609,6,21,3053,128,2101,155123,2425,2425,849903,19,38,6569,5,18,2078,116,2010,148067
202206,204,18580, ,Corpus Christi  TX ,1032,1032,254501,0,0,0,0,0,0,12,197,16156,726,726,177859,0,0,0,0,0,0,0,0,0
202206,206,19100, ,Dallas-Fort Worth-Arlington  TX ,26316,26316,7235300,228,456,59788,117,441,54358,355,14914,1809981,21124,21124,5576200,120,240,31685,96,363,45650,277,11664,1417853
202206,206,43300, ,Sherman-Denison  TX ,975,975,186770,16,32,3622,0,0,0,15,458,56698,804,804,158573,11,22,2861,0,0,0,9,396,50458
202206,209,19340, ,Davenport-Moline-Rock Island  IA-IL ,260,260,63034,5,10,1885,12,42,8974,3,15,1713,180,180,45252,4,8,1560,12,42,8974,0,0,0
202206,212,19430, ,Dayton-Kettering  OH ,731,731,264564,2,4,507,9,32,3855,31,527,63428,464,464,180812,0,0,0,7,26,3258,25,357,42806
202206,212,44220, ,Springfield  OH ,65,65,21678,0,0,0,13,51,5303,1,6,652,65,65,21678,0,0,0,13,51,5303,1,6,652
202206,216,14500, ,Boulder  CO ,217,217,102776,11,22,8886,8,28,6129,22,288,62884,178,178,73433,1,2,802,4,14,2393,7,98,16235
202206,216,19740, ,Denver-Aurora-Lakewood  CO ,6520,6520,1973498,167,334,62700,29,107,21677,156,6747,976733,6080,6080,1817054,166,332,62084,29,107,21677,139,6356,917392
202206,216,24540, ,Greeley  CO ,2092,2092,610508,7,14,1496,8,28,5893,71,1361,190293,1206,1206,361997,0,0,0,4,16,3408,57,1166,160099
202206,218,11180, ,Ames  IA ,131,131,38529,1,2,482,0,0,0,0,0,0,64,64,21512,1,2,482,0,0,0,0,0,0
202206,218,19780, ,Des Moines-West Des Moines  IA ,2210,2210,675307,23,46,10939,8,29,6700,25,972,167809,2070,2070,623274,21,42,10358,5,20,4811,15,909,161021
202206,220,11460, ,Ann Arbor  MI ,345,345,110225,1,2,290,3,9,1458,1,5,550,256,256,87653,1,2,290,1,3,700,0,0,0
202206,220,19820, ,Detroit-Warren-Dearborn  MI ,2842,2842,967437,13,26,5282,40,146,25659,68,1966,487135,2139,2139,778765,12,24,5002,29,110,22672,58,1899,476493
202206,220,22420, ,Flint  MI ,214,214,54536,0,0,0,16,51,1767,0,0,0,135,135,35839,0,0,0,15,48,1099,0,0,0
202206,220,33780, ,Monroe  MI ,115,115,29151,0,0,0,1,4,500,6,39,2234,58,58,15482,0,0,0,1,4,500,0,0,0
202206,222,20020, ,Dothan  AL ,237,237,67669,5,10,866,1,4,479,0,0,0,101,101,37571,5,10,866,1,4,479,0,0,0
202206,232,20740, ,Eau Claire  WI ,200,200,69939,30,60,12129,2,8,1443,11,207,27937,150,150,54835,9,18,4002,2,8,1443,6,65,9680
202206,236,21300, ,Elmira  NY ,12,12,2504,0,0,0,0,0,0,1,11,1233,0,0,0,0,0,0,0,0,0,0,0,0
202206,238,21340, ,El Paso  TX ,1472,1472,346645,30,60,7565,5,15,1973,13,104,12323,208,208,51732,0,0,0,0,0,0,0,0,0
202206,238,29740,C,Las Cruces  NM ,633,633,166776,1,2,304,2,6,474,7,47,3507,0,0,0,0,0,0,0,0,0,0,0,0
202206,240,21500, ,Erie  PA ,93,93,30954,4,8,1005,0,0,0,5,30,2152,59,59,23041,4,8,1005,0,0,0,5,30,2152
202206,244,22020, ,Fargo  ND-MN ,581,581,191382,0,0,0,0,0,0,11,528,54124,570,570,187001,0,0,0,0,0,0,11,528,54124
202206,246,22180, ,Fayetteville  NC ,1280,1280,249907,0,0,0,1,4,531,5,74,5902,854,854,191005,0,0,0,1,4,531,5,74,5902
202206,258,23060, ,Fort Wayne  IN ,711,711,217606,15,30,3662,0,0,0,10,416,52346,711,711,217606,15,30,3662,0,0,0,10,416,52346
202206,260,23420, ,Fresno  CA ,2254,2254,671769,4,8,1222,16,56,9527,26,266,44231,1669,1669,483985,4,8,1222,14,48,8928,14,175,31376
202206,260,25260,C,Hanford-Corcoran  CA ,215,215,65559,1,2,360,0,0,0,0,0,0,162,162,53376,0,0,0,0,0,0,0,0,0
202206,260,31460,C,Madera  CA ,503,503,124286,0,0,0,0,0,0,4,64,7033,503,503,124286,0,0,0,0,0,0,4,64,7033
202206,264,23540, ,Gainesville  FL ,929,929,209093,5,10,1424,0,0,0,9,633,21553,618,618,145976,5,10,1424,0,0,0,0,0,0
202206,266,24340, ,Grand Rapids-Kentwood  MI ,1339,1339,429652,25,50,9725,20,70,12023,26,297,36324,857,857,264376,4,8,1475,8,27,4175,5,76,11500
202206,266,34740, ,Muskegon  MI ,151,151,39777,3,6,863,0,0,0,9,217,15624,109,109,30607,0,0,0,0,0,0,9,217,15624
202206,267,24580, ,Green Bay  WI ,394,394,144735,7,14,3467,0,0,0,20,205,23101,253,253,98442,4,8,2170,0,0,0,7,108,14573
202206,268,15500,C,Burlington  NC ,923,923,142994,1,2,180,0,0,0,0,0,0,923,923,142994,1,2,180,0,0,0,0,0,0
202206,268,24660, ,Greensboro-High Point  NC ,1407,1407,376058,8,16,4160,0,0,0,25,624,89084,1026,1026,242387,7,14,3922,0,0,0,25,624,89084
202206,268,49180, ,Winston-Salem  NC ,2046,2046,529310,0,0,0,1,3,276,6,33,1301,1390,1390,318719,0,0,0,0,0,0,0,0,0
202206,272,24780,C,Greenville  NC ,419,419,97850,15,30,4733,0,0,0,0,0,0,212,212,49899,15,30,4733,0,0,0,0,0,0
202206,273,24860, ,Greenville-Anderson  SC ,3369,3369,921485,40,80,8233,18,61,6409,74,1069,138076,3180,3180,867069,40,80,8233,18,61,6409,72,1059,137993
202206,273,43900,C,Spartanburg  SC ,1707,1707,282290,0,0,0,0,0,0,4,69,8277,0,0,0,0,0,0,0,0,0,0,0,0
202206,276,23900,C,Gettysburg  PA ,181,181,58251,0,0,0,0,0,0,0,0,0,181,181,58251,0,0,0,0,0,0,0,0,0
202206,276,25420, ,Harrisburg-Carlisle  PA ,852,852,202332,0,0,0,4,14,1302,22,589,65578,715,715,170215,0,0,0,1,3,435,14,429,54637
202206,276,30140, ,Lebanon  PA ,109,109,21728,0,0,0,0,0,0,7,40,6648,15,15,3445,0,0,0,0,0,0,0,0,0
202206,276,49620, ,York-Hanover  PA ,535,535,136114,0,0,0,0,0,0,9,116,9312,257,257,71964,0,0,0,0,0,0,1,30,2289
202206,277,25500,C,Harrisonburg  VA ,400,400,94857,0,0,0,2,8,2750,1,5,680,400,400,94857,0,0,0,2,8,2750,1,5,680
202206,277,44420,C,Staunton  VA ,228,228,59354,1,2,200,0,0,0,2,57,5000,228,228,59354,1,2,200,0,0,0,2,57,5000
202206,278,25540, ,Hartford-East Hartford-Middletown  CT ,352,352,93564,42,84,5175,0,0,0,26,206,20042,176,176,46893,40,80,4755,0,0,0,3,18,1250
202206,278,35980, ,Norwich-New London  CT ,216,216,57717,2,4,687,0,0,0,2,34,5608,145,145,39289,2,4,687,0,0,0,2,34,5608
202206,279,25620, ,Hattiesburg  MS ,116,116,18408,0,0,0,2,6,250,1,5,400,0,0,0,0,0,0,0,0,0,0,0,0
202206,284,26300, ,Hot Springs  AR ,31,31,8741,16,32,3840,0,0,0,0,0,0,31,31,8741,16,32,3840,0,0,0,0,0,0
202206,288,26420, ,Houston-The Woodlands-Sugar Land  TX ,28948,28948,7001944,183,366,48688,2,8,630,409,11564,1259211,26427,26427,6392149,166,332,44321,2,8,630,378,11074,1203737
202206,290,19460, ,Decatur  AL ,179,179,47270,0,0,0,0,0,0,0,0,0,172,172,45946,0,0,0,0,0,0,0,0,0
202206,290,26620, ,Huntsville  AL ,2218,2218,452481,0,0,0,0,0,0,8,147,18321,590,590,172594,0,0,0,0,0,0,0,0,0
202206,292,26820, ,Idaho Falls  ID ,798,798,147389,2,4,264,20,78,9800,5,72,8133,782,782,143370,2,4,264,18,72,8900,5,72,8133
202206,294,18020, ,Columbus  IN ,143,143,34146,0,0,0,0,0,0,0,0,0,143,143,34146,0,0,0,0,0,0,0,0,0
202206,294,26900, ,Indianapolis-Carmel-Anderson  IN ,5272,5272,1755133,58,116,20273,8,28,3804,74,2699,344150,4647,4647,1638991,51,102,18606,8,28,3804,70,2618,334448
202206,294,34620, ,Muncie  IN ,113,113,15099,0,0,0,0,0,0,1,5,596,91,91,8969,0,0,0,0,0,0,0,0,0
202206,296,27060, ,Ithaca  NY ,128,128,41804,1,2,320,0,0,0,6,32,2191,103,103,34366,0,0,0,0,0,0,0,0,0
202206,297,27180, ,Jackson  TN ,272,272,62335,0,0,0,0,0,0,0,0,0,53,53,13423,0,0,0,0,0,0,0,0,0
202206,298,27140, ,Jackson  MS ,798,798,210263,1,2,247,1,3,131,0,0,0,651,651,185392,0,0,0,0,0,0,0,0,0
202206,300,27260, ,Jacksonville  FL ,8104,8104,1948542,24,48,6332,9,27,7953,135,5480,665209,8055,8055,1929955,23,46,6032,9,27,7953,135,5480,665209
202206,304,27740, ,Johnson City  TN ,400,400,103005,2,4,900,0,0,0,12,107,10560,258,258,81108,0,0,0,0,0,0,12,107,10560
202206,304,28700, ,Kingsport-Bristol  TN-VA ,456,456,104325,12,24,4420,10,36,4897,4,45,2632,352,352,90561,12,24,4420,8,30,4205,0,0,0
202206,306,27780, ,Johnstown  PA ,34,34,8245,0,0,0,0,0,0,0,0,0,1,1,325,0,0,0,0,0,0,0,0,0
202206,308,27860, ,Jonesboro  AR ,415,415,65399,25,50,3528,31,101,5342,9,56,3173,107,107,18706,1,2,227,3,10,685,0,0,0
202206,309,27900, ,Joplin  MO ,284,284,55876,30,60,7665,2,7,714,19,385,56663,123,123,22068,7,14,2101,1,4,575,14,322,50414
202206,310,12980, ,Battle Creek  MI ,35,35,7686,0,0,0,0,0,0,0,0,0,6,6,1573,0,0,0,0,0,0,0,0,0
202206,310,28020, ,Kalamazoo-Portage  MI ,195,195,65648,7,14,3355,1,3,461,0,0,0,98,98,32289,4,8,2155,0,0,0,0,0,0
202206,312,28140, ,Kansas City  MO-KS ,3064,3064,998222,55,110,18596,45,163,35404,73,2802,388439,2799,2799,918275,55,110,18596,45,163,35404,73,2802,388439
202206,312,29940, ,Lawrence  KS ,93,93,36281,3,6,589,0,0,0,0,0,0,53,53,21364,0,0,0,0,0,0,0,0,0
202206,312,41140, ,St. Joseph  MO-KS ,39,39,9175,4,8,930,0,0,0,0,0,0,11,11,3100,2,4,480,0,0,0,0,0,0
202206,313,28420, ,Kennewick-Richland  WA ,773,773,264397,10,20,4612,10,40,5745,13,424,55676,298,298,110944,2,4,1068,9,36,5053,7,228,33910
202206,313,47460, ,Walla Walla  WA ,53,53,18719,9,18,3592,0,0,0,0,0,0,39,39,15541,9,18,3592,0,0,0,0,0,0
202206,315,28940, ,Knoxville  TN ,2367,2367,599363,0,0,0,2,6,705,32,805,98368,1952,1952,536203,0,0,0,0,0,0,20,626,84295
202206,315,34100, ,Morristown  TN ,489,489,112843,4,8,1010,10,33,4526,0,0,0,172,172,39483,1,2,650,8,26,3746,0,0,0
202206,316,29020, ,Kokomo  IN ,59,59,16860,0,0,0,0,0,0,0,0,0,49,49,13804,0,0,0,0,0,0,0,0,0
202206,318,29180, ,Lafayette  LA ,1222,1222,283071,0,0,0,0,0,0,2,20,4025,329,329,79027,0,0,0,0,0,0,2,20,4025
202206,320,29200, ,Lafayette-West Lafayette  IN ,282,282,87136,0,0,0,0,0,0,7,242,26984,242,242,74492,0,0,0,0,0,0,0,0,0
202206,324,29340, ,Lake Charles  LA ,466,466,92245,14,28,2400,0,0,0,0,0,0,185,185,31285,11,22,2110,0,0,0,0,0,0
202206,332,29820,C,Las Vegas-Henderson-Paradise  NV ,6331,6331,1759810,20,40,7369,33,130,15061,118,2247,201015,6312,6312,1752389,20,40,7369,33,130,15061,118,2247,201015
202206,336,30460,C,Lexington-Fayette  KY ,738,738,194941,8,16,1879,14,45,6144,19,543,52208,268,268,90068,7,14,1660,8,26,3360,0,0,0
202206,338,30620, ,Lima  OH ,70,70,16331,1,2,80,0,0,0,1,5,585,0,0,0,0,0,0,0,0,0,0,0,0
202206,339,30700, ,Lincoln  NE ,697,697,213856,12,24,3798,2,7,273,34,1008,92667,73,73,18578,0,0,0,0,0,0,2,24,2824
202206,340,30780, ,Little Rock-North Little Rock-Conway  AR ,1150,1150,290730,25,50,4445,3,10,1278,28,788,78155,792,792,226987,8,16,1647,3,10,1278,19,642,68469
202206,340,38220, ,Pine Bluff  AR ,16,16,2311,0,0,0,0,0,0,2,24,550,6,6,753,0,0,0,0,0,0,2,24,550
202206,348,31080, ,Los Angeles-Long Beach-Anaheim  CA ,5867,5867,1690991,430,860,202609,73,234,68963,303,9091,1676372,4943,4943,1358342,400,800,186884,59,191,60215,246,8514,1581108
202206,348,37100, ,Oxnard-Thousand Oaks-Ventura  CA ,245,245,79358,10,20,4380,2,6,1453,18,367,48034,34,34,12062,10,20,4380,0,0,0,5,96,8742
202206,348,40140, ,Riverside-San Bernardino-Ontario  CA ,7587,7587,2164953,37,74,5568,38,128,24286,112,1356,169385,6382,6382,1879668,33,66,4456,38,128,24286,77,1089,139037
202206,350,21060, ,Elizabethtown-Fort Knox  KY ,290,290,72649,19,38,4345,1,3,165,0,0,0,227,227,56250,17,34,3945,1,3,165,0,0,0
202206,350,31140, ,Louisville-Jefferson County  KY-IN ,2019,2019,568984,21,42,8065,0,0,0,11,217,20478,1194,1194,384337,13,26,5463,0,0,0,4,74,8110
202206,352,31180, ,Lubbock  TX ,1274,1274,313281,109,218,31315,7,28,4051,14,212,21007,1262,1262,310770,108,216,31015,7,28,4051,14,212,21007
202206,356,31420, ,Macon-Bibb County  GA ,323,323,67544,0,0,0,0,0,0,0,0,0,107,107,24295,0,0,0,0,0,0,0,0,0
202206,356,47580,C,Warner Robins  GA ,1006,1006,167795,0,0,0,0,0,0,0,0,0,852,852,131838,0,0,0,0,0,0,0,0,0
202206,357,27500, ,Janesville-Beloit  WI ,187,187,49084,11,22,3995,0,0,0,4,114,40907,108,108,29735,11,22,3995,0,0,0,1,76,36000
202206,357,31540, ,Madison  WI ,839,839,353689,40,80,18923,4,15,4000,38,1741,282469,620,620,282227,21,42,9777,4,15,4000,28,1516,245994
202206,359,31860, ,Mankato  MN ,119,119,36721,9,18,1320,1,3,798,9,186,26165,51,51,19243,9,18,1320,0,0,0,3,101,14584
202206,360,31900,C,Mansfield  OH ,70,70,21594,3,6,742,10,40,5491,6,68,8512,50,50,15104,1,2,342,9,36,5199,5,63,7983
202206,365,32580, ,McAllen-Edinburg-Mission  TX ,2358,2358,507297,57,114,10016,148,588,37381,16,228,14298,1784,1784,405534,41,82,8061,134,533,35820,16,228,14298
202206,366,24420,C,Grants Pass  OR ,142,142,31419,9,18,2137,0,0,0,0,0,0,0,0,0,0,0,0,0,0,0,0,0,0
202206,366,32780, ,Medford  OR ,403,403,108600,6,12,2211,8,31,2984,11,132,18337,378,378,102360,6,12,2211,8,31,2984,5,98,13766
202206,368,32820, ,Memphis  TN-MS-AR ,2157,2157,513081,1,2,650,0,0,0,11,450,35396,1879,1879,456821,1,2,650,0,0,0,9,440,34178
202206,370,33100, ,Miami-Fort Lauderdale-Pompano Beach  FL ,3836,3836,1761431,61,122,22906,18,68,14463,139,7027,1262093,3237,3237,1492737,61,122,22906,16,62,12169,101,6552,1194592
202206,370,38940, ,Port St. Lucie  FL ,2887,2887,759458,80,160,21323,29,89,10020,57,1162,174704,2490,2490,621385,77,154,20318,28,86,9142,54,1129,169963
202206,370,42680, ,Sebastian-Vero Beach  FL ,588,588,293727,8,16,2580,2,6,404,0,0,0,132,132,75215,0,0,0,0,0,0,0,0,0
202206,372,33260,C,Midland  TX ,296,296,65053,0,0,0,0,0,0,0,0,0,296,296,65053,0,0,0,0,0,0,0,0,0
202206,372,36220,C,Odessa  TX ,536,536,137334,0,0,0,0,0,0,0,0,0,536,536,137334,0,0,0,0,0,0,0,0,0
202206,376,33340, ,Milwaukee-Waukesha  WI ,822,822,375844,81,162,37317,0,0,0,14,551,91931,520,520,229875,73,146,33996,0,0,0,8,495,85429
202206,376,39540, ,Racine  WI ,70,70,29647,6,12,2095,0,0,0,0,0,0,66,66,28487,6,12,2095,0,0,0,0,0,0
202206,378,33460, ,Minneapolis-St. Paul-Bloomington  MN-WI ,5464,5464,1814467,27,54,12571,27,99,23880,133,8799,1636441,4834,4834,1614887,23,46,10671,25,93,22596,92,7480,1436615
202206,378,41060, ,St. Cloud  MN ,235,235,70404,4,8,1034,0,0,0,0,0,0,122,122,42075,0,0,0,0,0,0,0,0,0
202206,380,19300,C,Daphne-Fairhope-Foley  AL ,1720,1720,468416,1,2,229,0,0,0,4,42,3199,1102,1102,327896,1,2,229,0,0,0,0,0,0
202206,380,33660, ,Mobile  AL ,444,444,107841,0,0,0,3,12,1365,0,0,0,182,182,46653,0,0,0,3,12,1365,0,0,0
202206,384,33740, ,Monroe  LA ,236,236,54416,2,4,148,7,23,3616,11,65,7701,48,48,11325,0,0,0,0,0,0,0,0,0
202206,388,33860, ,Montgomery  AL ,530,530,136629,0,0,0,0,0,0,0,0,0,522,522,134988,0,0,0,0,0,0,0,0,0
202206,390,34060, ,Morgantown  WV ,6,6,697,0,0,0,0,0,0,0,0,0,1,1,75,0,0,0,0,0,0,0,0,0
202206,396,34820, ,Myrtle Beach-Conway-North Myrtle Beach  SC-NC ,6011,6011,1377092,17,34,3425,3,9,1003,21,446,46930,4084,4084,775281,16,32,3200,3,9,1003,9,295,36747
202206,400,34980, ,Nashville-Davidson--Murfreesboro--Franklin  TN ,9349,9349,2802305,20,40,5797,30,112,19544,79,2132,231399,8123,8123,2486037,9,18,1769,15,57,11621,47,1887,206478
202206,404,35100, ,New Bern  NC ,412,412,106438,0,0,0,0,0,0,3,72,9077,285,285,73773,0,0,0,0,0,0,3,72,9077
202206,406,25220,C,Hammond  LA ,468,468,89212,3,6,575,0,0,0,14,234,19783,0,0,0,0,0,0,0,0,0,0,0,0
202206,406,35380, ,New Orleans-Metairie  LA ,1818,1818,514245,92,184,20733,2,6,1223,8,333,59790,1210,1210,363439,15,30,3029,0,0,0,0,0,0
202206,408,14860, ,Bridgeport-Stamford-Norwalk  CT ,328,328,256750,14,28,4062,1,3,140,16,277,31491,284,284,237838,14,28,4062,1,3,140,11,240,29415
202206,408,20700, ,East Stroudsburg  PA ,104,104,33914,0,0,0,0,0,0,3,17,3485,39,39,16002,0,0,0,0,0,0,0,0,0
202206,408,28740, ,Kingston  NY ,114,114,42183,1,2,341,0,0,0,16,160,19404,65,65,25757,1,2,341,0,0,0,16,160,19404
202206,408,35300, ,New Haven-Milford  CT ,271,271,64316,7,14,2411,3,10,2048,16,274,24384,52,52,14406,3,6,1217,0,0,0,1,14,700
202206,408,35620, ,New York-Newark-Jersey City  NY-NJ-PA ,6426,6426,1817995,307,614,82345,107,347,39488,749,26180,3532624,4160,4160,1197662,217,434,64043,73,242,29111,458,21005,2881393
202206,408,39100, ,Poughkeepsie-Newburgh-Middletown  NY ,444,444,144815,5,10,2328,5,18,4479,17,257,42121,165,165,54988,2,4,1437,5,18,4479,12,198,32061
202206,408,45940, ,Trenton-Princeton  NJ ,88,88,10496,0,0,0,0,0,0,13,128,5927,77,77,8743,0,0,0,0,0,0,0,0,0
202206,412,35840,C,North Port-Sarasota-Bradenton  FL ,6858,6858,2030390,170,340,58085,7,25,10615,63,2185,300534,6452,6452,1896183,5,10,2550,6,22,7300,61,2174,297028
202206,412,39460,C,Punta Gorda  FL ,2567,2567,756667,90,180,31010,14,56,14746,17,424,67920,2567,2567,756667,90,180,31010,14,56,14746,17,424,67920
202206,416,36420, ,Oklahoma City  OK ,3831,3831,1102938,131,262,31915,1,4,601,4,277,96600,3472,3472,1028577,131,262,31915,1,4,601,4,277,96600
202206,420,36540, ,Omaha-Council Bluffs  NE-IA ,1491,1491,341099,13,26,3142,45,180,11307,62,1806,149598,1304,1304,274788,11,22,2792,45,180,11307,57,1781,146923
202206,422,19660, ,Deltona-Daytona Beach-Ormond Beach  FL ,3460,3460,1127261,37,74,13217,0,0,0,36,1369,163053,2603,2603,804398,36,72,12701,0,0,0,31,1264,151748
202206,422,29460,C,Lakeland-Winter Haven  FL ,5759,5759,1460694,22,44,3600,0,0,0,46,1164,127859,4479,4479,1088213,22,44,3600,0,0,0,46,1164,127859
202206,422,36740, ,Orlando-Kissimmee-Sanford  FL ,9792,9792,2597492,32,64,12822,28,111,15263,197,6587,927469,8289,8289,2173034,32,64,12822,28,111,15263,179,6208,896286
202206,422,45540,C,The Villages  FL ,2223,2223,592307,0,0,0,0,0,0,14,520,103106,2217,2217,591167,0,0,0,0,0,0,14,520,103106
202206,425,37620, ,Parkersburg-Vienna  WV ,39,39,9128,0,0,0,0,0,0,0,0,0,32,32,8064,0,0,0,0,0,0,0,0,0
202206,426,37860,C,Pensacola-Ferry Pass-Brent  FL ,1804,1804,446290,7,14,1798,0,0,0,4,162,20180,1804,1804,446290,7,14,1798,0,0,0,4,162,20180
202206,428,12100, ,Atlantic City-Hammonton  NJ ,272,272,75558,7,14,3307,0,0,0,10,133,8711,199,199,61471,7,14,3307,0,0,0,0,0,0
202206,428,20100,C,Dover  DE ,559,559,85716,0,0,0,0,0,0,1,24,3062,547,547,83135,0,0,0,0,0,0,1,24,3062
202206,428,36140, ,Ocean City  NJ ,305,305,141585,34,68,18852,2,7,12507,6,30,175,256,256,134420,26,52,15118,1,4,11997,0,0,0
202206,428,37980, ,Philadelphia-Camden-Wilmington  PA-NJ-DE-MD ,4312,4312,831488,116,232,29670,69,233,30181,163,2375,300442,2736,2736,597838,107,214,26875,61,205,26454,107,1871,241283
202206,428,39740, ,Reading  PA ,199,199,52001,3,6,959,0,0,0,5,26,3420,111,111,30582,3,6,959,0,0,0,0,0,0
202206,428,47220, ,Vineland-Bridgeton  NJ ,82,82,9296,0,0,0,0,0,0,0,0,0,55,55,7162,0,0,0,0,0,0,0,0,0
202206,429,38060, ,Phoenix-Mesa-Chandler  AZ ,17861,17861,4920899,492,984,106456,51,182,45783,218,7134,1064275,15996,15996,4326438,488,976,105417,51,182,45783,209,6300,918480
202206,430,38300, ,Pittsburgh  PA ,1838,1838,532412,17,34,6385,19,62,10935,37,552,82913,806,806,282431,8,16,4374,7,24,5338,4,98,18255
202206,430,48260, ,Weirton-Steubenville  WV-OH ,17,17,4249,0,0,0,0,0,0,0,0,0,7,7,2123,0,0,0,0,0,0,0,0,0
202206,438,30340, ,Lewiston-Auburn  ME ,110,110,27145,1,2,200,0,0,0,7,90,8500,51,51,13316,0,0,0,0,0,0,0,0,0
202206,438,38860, ,Portland-South Portland  ME ,1050,1050,331961,24,48,9381,2,6,800,42,1244,151080,365,365,136983,13,26,5058,1,3,550,20,861,133493
202206,440,10540, ,Albany-Lebanon  OR ,118,118,31270,4,8,1484,0,0,0,12,112,15429,45,45,14458,0,0,0,0,0,0,0,0,0
202206,440,18700,C,Corvallis  OR ,116,116,33002,0,0,0,0,0,0,0,0,0,116,116,33002,0,0,0,0,0,0,0,0,0
202206,440,31020, ,Longview  WA ,169,169,45769,4,8,1211,13,52,7512,5,60,6571,162,162,43540,4,8,1211,13,52,7512,5,60,6571
202206,440,38900, ,Portland-Vancouver-Hillsboro  OR-WA ,3618,3618,1138776,29,58,10457,10,34,6556,97,2256,322920,3194,3194,1030744,25,50,8615,7,25,5066,90,2149,306482
202206,440,41420, ,Salem  OR ,564,564,175193,2,4,829,1,4,265,58,739,73599,319,319,105591,0,0,0,1,4,265,27,408,37063
202206,444,39380,C,Pueblo  CO ,354,354,57921,0,0,0,0,0,0,0,0,0,0,0,0,0,0,0,0,0,0,0,0,0
202206,450,20500,C,Durham-Chapel Hill  NC ,1802,1802,642596,12,24,2584,2,6,949,26,1209,182470,1346,1346,473275,10,20,1984,1,3,277,21,1035,162269
202206,450,39580,C,Raleigh-Cary  NC ,7459,7459,1901710,10,20,3888,0,0,0,82,3480,409221,7459,7459,1901710,10,20,3888,0,0,0,82,3480,409221
202206,452,39660, ,Rapid City  SD ,376,376,107773,4,8,1557,1,4,465,19,634,81902,354,354,100326,3,6,837,1,4,465,19,634,81902
202206,454,39820,C,Redding  CA ,185,185,56162,0,0,0,0,0,0,0,0,0,99,99,32125,0,0,0,0,0,0,0,0,0
202206,456,16180,C,Carson City  NV ,104,104,27434,0,0,0,1,3,382,8,46,4593,0,0,0,0,0,0,0,0,0,0,0,0
202206,456,39900,C,Reno  NV ,1402,1402,386592,25,50,6331,10,35,4812,106,1943,238577,324,324,81808,9,18,2979,2,7,1124,38,702,81282
202206,462,40340, ,Rochester  MN ,297,297,95711,4,8,946,1,3,380,5,479,52464,72,72,22959,2,4,620,0,0,0,1,56,6500
202206,464,40380, ,Rochester  NY ,555,555,171310,16,32,6306,21,76,8568,35,726,90537,333,333,113640,15,30,5656,19,70,7938,26,541,69767
202206,466,40420, ,Rockford  IL ,119,119,21791,3,6,1025,0,0,0,0,0,0,35,35,6060,3,6,1025,0,0,0,0,0,0
202206,468,40580,C,Rocky Mount  NC ,292,292,45835,0,0,0,0,0,0,0,0,0,33,33,8438,0,0,0,0,0,0,0,0,0
202206,472,40900, ,Sacramento-Roseville-Folsom  CA ,4842,4842,1424021,35,70,8972,30,107,23474,48,1412,210770,4691,4691,1382548,35,70,8972,30,107,23474,48,1412,210770
202206,472,49700, ,Yuba City  CA ,420,420,115740,11,22,2094,0,0,0,8,73,7714,364,364,99776,5,10,899,0,0,0,4,48,4758
202206,474,13020, ,Bay City  MI ,33,33,9667,0,0,0,0,0,0,0,0,0,7,7,3425,0,0,0,0,0,0,0,0,0
202206,474,33220, ,Midland  MI ,58,58,12096,4,8,742,0,0,0,0,0,0,37,37,6301,4,8,742,0,0,0,0,0,0
202206,474,40980, ,Saginaw  MI ,80,80,18528,6,12,1690,2,6,990,0,0,0,46,46,11144,4,8,1145,0,0,0,0,0,0
202206,476,41180, ,St. Louis  MO-IL ,2553,2553,851029,34,68,9474,6,22,2925,69,2398,323859,1873,1873,566254,19,38,5914,5,19,2700,50,2215,301144
202206,480,41540, ,Salisbury  MD-DE ,2290,2290,380736,57,114,14700,2,7,1327,9,180,22294,2269,2269,378215,56,112,14560,2,7,1327,9,180,22294
202206,482,36260, ,Ogden-Clearfield  UT ,2034,2034,623060,1,2,220,20,74,10796,47,1149,167202,1689,1689,518670,1,2,220,12,44,5466,38,1071,156050
202206,482,39340, ,Provo-Orem  UT ,3694,3694,1175138,21,42,11457,22,81,16656,94,1638,244420,3637,3637,1141876,19,38,10432,22,81,16656,94,1638,244420
202206,482,41620, ,Salt Lake City  UT ,2439,2439,702462,29,58,9055,29,103,22734,85,3409,479081,2212,2212,634452,9,18,4078,12,47,12458,50,1487,218671
202206,484,41700, ,San Antonio-New Braunfels  TX ,6473,6473,1592919,52,104,13447,30,116,10433,168,5824,759181,5972,5972,1488136,52,104,13447,30,116,10433,168,5824,759181
202206,488,32900, ,Merced  CA ,185,185,65154,0,0,0,0,0,0,4,200,31728,72,72,20019,0,0,0,0,0,0,4,200,31728
202206,488,33700,C,Modesto  CA ,352,352,78157,2,4,1100,0,0,0,4,29,3800,237,237,51336,2,4,1100,0,0,0,3,24,3100
202206,488,34900, ,Napa  CA ,85,85,25695,1,2,233,0,0,0,7,451,76808,10,10,2181,0,0,0,0,0,0,1,15,1411
202206,488,41860, ,San Francisco-Oakland-Berkeley  CA ,2075,2075,688800,28,56,16349,26,90,19634,105,2899,661357,1362,1362,469790,19,38,8225,21,75,15283,50,2173,493452
202206,488,41940,C,San Jose-Sunnyvale-Santa Clara  CA ,1143,1143,399246,7,14,3420,1,4,649,42,1381,243106,962,962,345467,7,14,3420,1,4,649,37,1253,217381
202206,488,42100,C,Santa Cruz-Watsonville  CA ,171,171,37430,2,4,800,1,3,1352,10,96,7567,57,57,17186,1,2,360,1,3,1352,0,0,0
202206,488,42220,C,Santa Rosa-Petaluma  CA ,498,498,133133,1,2,527,1,3,215,18,604,138138,376,376,109087,1,2,527,1,3,215,9,558,129138
202206,488,44700,C,Stockton  CA ,2125,2125,717973,3,6,850,0,0,0,18,309,45391,1544,1544,566261,2,4,450,0,0,0,8,156,26484
202206,488,46700, ,Vallejo  CA ,556,556,171966,0,0,0,0,0,0,0,0,0,487,487,155142,0,0,0,0,0,0,0,0,0
202206,496,25980,C,Hinesville  GA ,418,418,86670,0,0,0,0,0,0,0,0,0,240,240,44628,0,0,0,0,0,0,0,0,0
202206,496,42340, ,Savannah  GA ,1308,1308,358542,45,90,9140,19,73,9443,35,410,45953,1270,1270,351810,45,90,9140,19,73,9443,35,410,45953
202206,500,14740,C,Bremerton-Silverdale-Port Orchard  WA ,651,651,210740,2,4,561,0,0,0,9,395,54633,651,651,210740,2,4,561,0,0,0,9,395,54633
202206,500,34580, ,Mount Vernon-Anacortes  WA ,157,157,47978,6,12,2420,2,7,921,7,142,13822,156,156,47903,6,12,2420,1,4,484,1,10,1502
202206,500,36500, ,Olympia-Lacey-Tumwater  WA ,369,369,96374,9,18,2347,6,22,11919,39,690,76643,254,254,67371,7,14,1808,4,15,10574,14,372,45227
202206,500,42660, ,Seattle-Tacoma-Bellevue  WA ,4070,4070,1481970,250,500,116435,143,475,96190,212,10021,1521075,3418,3418,1222001,241,482,111973,137,456,90875,174,9143,1391746
202206,508,43340, ,Shreveport-Bossier City  LA ,547,547,143366,0,0,0,0,0,0,0,0,0,303,303,87723,0,0,0,0,0,0,0,0,0
202206,515,21140,C,Elkhart-Goshen  IN ,154,154,51648,0,0,0,0,0,0,0,0,0,152,152,51075,0,0,0,0,0,0,0,0,0
202206,515,35660, ,Niles  MI ,122,122,56198,3,6,1590,0,0,0,1,5,600,52,52,21739,3,6,1590,0,0,0,1,5,600
202206,515,43780, ,South Bend-Mishawaka  IN-MI ,208,208,78457,1,2,390,0,0,0,0,0,0,157,157,64199,1,2,390,0,0,0,0,0,0
202206,518,17660, ,Coeur dAlene  ID ,786,786,281269,12,24,4466,2,6,2514,41,674,75254,366,366,185051,3,6,1292,0,0,0,9,162,23400
202206,518,44060, ,Spokane-Spokane Valley  WA ,1115,1115,295117,50,100,21097,12,41,7979,48,696,64350,860,860,230322,44,88,19538,11,38,7592,34,550,48252
202206,522,44100, ,Springfield  IL ,108,108,33838,6,12,1878,0,0,0,0,0,0,89,89,28970,6,12,1878,0,0,0,0,0,0
202206,524,44300, ,State College  PA ,132,132,45233,3,6,944,1,4,724,1,135,58941,82,82,34302,0,0,0,1,4,724,1,135,58941
202206,532,45060, ,Syracuse  NY ,222,222,55682,6,12,310,0,0,0,3,15,938,114,114,32809,0,0,0,0,0,0,0,0,0
202206,534,45780, ,Toledo  OH ,374,374,134122,2,4,562,2,8,400,10,94,11770,230,230,84600,1,2,225,2,8,400,9,89,11145
202206,536,46060,C,Tucson  AZ ,2503,2503,803730,15,30,3597,3,12,2771,66,1182,141404,1613,1613,563698,1,2,268,3,12,2771,33,716,71478
202206,538,46140, ,Tulsa  OK ,2240,2240,592701,8,16,2366,2,6,645,26,849,105766,1737,1737,457629,8,16,2366,2,6,645,17,784,100766
202206,540,46340, ,Tyler  TX ,337,337,83091,20,40,5205,2,8,1140,3,15,1868,212,212,51976,3,6,778,2,8,1140,0,0,0
202206,544,47020, ,Victoria  TX ,174,174,41328,0,0,0,0,0,0,0,0,0,164,164,41086,0,0,0,0,0,0,0,0,0
202206,545,47260,C,Virginia Beach-Norfolk-Newport News  VA-NC ,2104,2104,556651,4,8,1220,1,4,813,63,1661,153711,1912,1912,532593,4,8,1220,1,4,813,63,1661,153711
202206,548,12580, ,Baltimore-Columbia-Towson  MD ,1775,1775,421937,1,2,350,0,0,0,35,2369,368097,1623,1623,392957,0,0,0,0,0,0,16,1314,197345
202206,548,15680,C,California-Lexington Park  MD ,128,128,46739,0,0,0,0,0,0,0,0,0,128,128,46739,0,0,0,0,0,0,0,0,0
202206,548,16540, ,Chambersburg-Waynesboro  PA ,182,182,50159,4,8,1105,1,4,520,9,51,5333,139,139,39625,4,8,1105,1,4,520,8,46,4684
202206,548,25180, ,Hagerstown-Martinsburg  MD-WV ,1190,1190,303269,2,4,860,0,0,0,12,268,30551,1148,1148,294985,2,4,860,0,0,0,12,268,30551
202206,548,47900, ,Washington-Arlington-Alexandria  DC-VA-MD-WV ,7055,7055,1948571,22,44,5503,0,0,0,140,8054,1108425,6352,6352,1756251,20,40,5163,0,0,0,116,7494,1040575
202206,548,49020, ,Winchester  VA-WV ,437,437,113896,0,0,0,0,0,0,0,0,0,436,436,113664,0,0,0,0,0,0,0,0,0
202206,554,48140, ,Wausau-Weston  WI ,193,193,57091,4,8,990,0,0,0,3,24,3000,111,111,34407,2,4,390,0,0,0,3,24,3000
202206,556,48620, ,Wichita  KS ,820,820,298686,237,474,55916,5,16,1967,14,372,45703,625,625,231400,140,280,32712,2,7,1075,14,372,45703
202206,558,48700, ,Williamsport  PA ,30,30,8656,0,0,0,0,0,0,0,0,0,10,10,3477,0,0,0,0,0,0,0,0,0
202206,566,49660, ,Youngstown-Warren-Boardman  OH-PA ,169,169,37596,2,4,596,0,0,0,0,0,0,94,94,22466,1,2,377,0,0,0,0,0,0
202206,999,10180, ,Abilene  TX ,279,279,65093,12,24,2417,0,0,0,36,274,24000,275,275,64166,12,24,2417,0,0,0,36,274,24000
202206,999,10500, ,Albany  GA ,108,108,15721,0,0,0,0,0,0,2,33,3657,73,73,7092,0,0,0,0,0,0,0,0,0
202206,999,10780, ,Alexandria  LA ,172,172,46590,10,20,1620,0,0,0,0,0,0,120,120,33071,10,20,1620,0,0,0,0,0,0
202206,999,10900, ,Allentown-Bethlehem-Easton  PA-NJ ,688,688,167403,9,18,974,3,12,1785,12,367,50403,471,471,122897,7,14,905,3,12,1785,9,316,49817
202206,999,11260,C,Anchorage  AK ,438,438,138277,2,4,658,6,24,4135,11,128,19321,17,17,4269,2,4,658,0,0,0,0,0,0
202206,999,11500, ,Anniston-Oxford  AL ,51,51,7905,0,0,0,0,0,0,0,0,0,44,44,7180,0,0,0,0,0,0,0,0,0
202206,999,12260, ,Augusta-Richmond County  GA-SC ,2086,2086,519347,3,6,731,23,89,9222,8,189,18100,1064,1064,317570,3,6,731,23,89,9222,6,48,3000
202206,999,12420, ,Austin-Round Rock-Georgetown  TX ,12817,12817,3392933,90,180,17450,24,86,11560,296,13540,1136005,9991,9991,2669688,76,152,14417,19,71,10120,289,13311,1112322
202206,999,12540, ,Bakersfield  CA ,1139,1139,292591,3,6,556,0,0,0,12,146,15648,252,252,43179,1,2,380,0,0,0,4,80,7983
202206,999,12620, ,Bangor  ME ,146,146,35232,16,32,5503,6,23,3593,0,0,0,47,47,14179,14,28,5058,5,20,3396,0,0,0
202206,999,12940, ,Baton Rouge  LA ,2166,2166,486045,6,12,9871,0,0,0,12,267,30039,375,375,77594,5,10,950,0,0,0,12,267,30039
202206,999,13140, ,Beaumont-Port Arthur  TX ,804,804,189479,6,12,1449,0,0,0,1,6,600,704,704,170184,3,6,895,0,0,0,1,6,600
202206,999,13220, ,Beckley  WV ,56,56,12862,0,0,0,0,0,0,0,0,0,51,51,12378,0,0,0,0,0,0,0,0,0
202206,999,13380,C,Bellingham  WA ,459,459,135547,5,10,1935,16,61,12091,11,418,47169,326,326,96118,3,6,654,16,61,12091,11,418,47169
202206,999,13740, ,Billings  MT ,465,465,80270,16,32,4797,0,0,0,12,249,29298,258,258,70436,16,32,4797,0,0,0,12,249,29298
202206,999,13780, ,Binghamton  NY ,66,66,12613,0,0,0,0,0,0,18,171,16576,6,6,1890,0,0,0,0,0,0,0,0,0
202206,999,13900, ,Bismarck  ND ,171,171,59122,19,38,6588,1,4,930,1,8,1704,138,138,48076,19,38,6588,1,4,930,1,8,1704
202206,999,13980, ,Blacksburg-Christiansburg  VA ,182,182,49967,1,2,190,0,0,0,1,53,13447,168,168,46911,1,2,190,0,0,0,1,53,13447
202206,999,15260, ,Brunswick  GA ,319,319,100150,6,12,1805,0,0,0,5,25,13478,0,0,0,0,0,0,0,0,0,0,0,0
202206,999,16060, ,Carbondale-Marion  IL ,44,44,6322,1,2,125,9,36,2255,2,10,1100,31,31,4435,1,2,125,9,36,2255,2,10,1100
202206,999,16220,C,Casper  WY ,86,86,21383,1,2,126,1,3,371,5,26,2590,36,36,7718,0,0,0,0,0,0,0,0,0
202206,999,16580, ,Champaign-Urbana  IL ,200,200,63463,0,0,0,8,32,4000,3,367,74201,196,196,62691,0,0,0,8,32,4000,3,367,74201
202206,999,16700, ,Charleston-North Charleston  SC ,3134,3134,1056078,0,0,0,3,12,3565,37,896,82850,1341,1341,453394,0,0,0,0,0,0,2,98,13386
202206,999,16820,C,Charlottesville  VA ,598,598,180698,6,12,2060,0,0,0,20,254,31084,173,173,38946,0,0,0,0,0,0,0,0,0
202206,999,16940, ,Cheyenne  WY ,282,282,54145,0,0,0,10,40,3732,0,0,0,278,278,53550,0,0,0,10,40,3732,0,0,0
202206,999,17020,C,Chico  CA ,589,589,192839,8,16,2379,11,44,3189,33,604,70698,455,455,166220,8,16,2379,11,44,3189,33,604,70698
202206,999,17300, ,Clarksville  TN-KY ,1076,1076,209641,12,24,3427,28,110,10791,136,1192,104932,758,758,132308,8,16,1462,28,110,10791,120,889,75920
202206,999,17780, ,College Station-Bryan  TX ,1011,1011,219622,4,8,1161,7,28,3261,10,82,10427,1005,1005,218389,4,8,1161,7,28,3261,10,82,10427
202206,999,17820, ,Colorado Springs  CO ,2645,2645,994340,13,26,2440,2,8,872,69,3042,421168,2643,2643,994135,13,26,2440,2,8,872,69,3042,421168
202206,999,18880,C,Crestview-Fort Walton Beach-Destin  FL ,1597,1597,795960,5,10,1359,3,9,1764,22,233,69601,1597,1597,795960,5,10,1359,3,9,1764,22,233,69601
202206,999,19060, ,Cumberland  MD-WV ,28,28,6762,0,0,0,0,0,0,0,0,0,18,18,4689,0,0,0,0,0,0,0,0,0
202206,999,19180, ,Danville  IL ,3,3,468,0,0,0,0,0,0,0,0,0,0,0,0,0,0,0,0,0,0,0,0,0
202206,999,19500, ,Decatur  IL ,11,11,3888,0,0,0,0,0,0,1,20,3569,8,8,3188,0,0,0,0,0,0,1,20,3569
202206,999,20220, ,Dubuque  IA ,81,81,25820,0,0,0,2,6,1600,0,0,0,59,59,20361,0,0,0,2,6,1600,0,0,0
202206,999,20260, ,Duluth  MN-WI ,267,267,70177,3,6,1501,0,0,0,1,33,6400,193,193,51176,3,6,1501,0,0,0,1,33,6400
202206,999,20940, ,El Centro  CA ,196,196,35237,2,4,302,1,3,185,6,67,4975,32,32,5060,2,4,302,0,0,0,5,60,4275
202206,999,21420, ,Enid  OK ,25,25,7272,0,0,0,0,0,0,0,0,0,25,25,7272,0,0,0,0,0,0,0,0,0
202206,999,21660,C,Eugene-Springfield  OR ,451,451,129807,5,10,1961,1,4,650,5,299,18590,175,175,56002,0,0,0,1,4,650,5,299,18590
202206,999,21780, ,Evansville  IN-KY ,449,449,151643,38,76,11282,0,0,0,10,123,4588,173,173,71946,22,44,7230,0,0,0,2,48,1120
202206,999,21820, ,Fairbanks  AK ,10,10,3219,0,0,0,0,0,0,0,0,0,10,10,3219,0,0,0,0,0,0,0,0,0
202206,999,22140,C,Farmington  NM ,85,85,18258,0,0,0,0,0,0,0,0,0,85,85,18258,0,0,0,0,0,0,0,0,0
202206,999,22220, ,Fayetteville-Springdale-Rogers  AR-MO ,3126,3126,963766,63,126,27485,28,109,14445,45,683,87875,2421,2421,798574,62,124,27020,28,109,14445,28,477,71730
202206,999,22380, ,Flagstaff  AZ ,259,259,103800,1,2,88,0,0,0,2,37,3415,259,259,103800,1,2,88,0,0,0,2,37,3415
202206,999,22500, ,Florence  SC ,398,398,67823,11,22,1650,0,0,0,0,0,0,396,396,67607,11,22,1650,0,0,0,0,0,0
202206,999,22520, ,Florence-Muscle Shoals  AL ,177,177,21840,22,44,1760,0,0,0,0,0,0,58,58,7932,22,44,1760,0,0,0,0,0,0
202206,999,22540, ,Fond du Lac  WI ,76,76,25128,0,0,0,0,0,0,3,24,1903,11,11,4482,0,0,0,0,0,0,0,0,0
202206,999,22660,C,Fort Collins  CO ,892,892,313053,3,6,1091,2,8,1920,32,675,124295,892,892,313053,3,6,1091,2,8,1920,32,675,124295
202206,999,22900, ,Fort Smith  AR-OK ,212,212,40027,19,38,3737,6,19,2035,2,20,2503,167,167,35018,19,38,3737,4,13,1525,2,20,2503
202206,999,23460, ,Gadsden  AL ,102,102,16896,0,0,0,0,0,0,0,0,0,32,32,6687,0,0,0,0,0,0,0,0,0
202206,999,24140,C,Goldsboro  NC ,216,216,45950,0,0,0,0,0,0,3,72,5262,216,216,45950,0,0,0,0,0,0,3,72,5262
202206,999,24220, ,Grand Forks  ND-MN ,79,79,23340,0,0,0,0,0,0,0,0,0,75,75,21593,0,0,0,0,0,0,0,0,0
202206,999,24260, ,Grand Island  NE ,97,97,21825,14,28,6271,6,18,2026,0,0,0,61,61,14211,13,26,5921,4,12,1576,0,0,0
202206,999,24300,C,Grand Junction  CO ,389,389,67394,2,4,401,0,0,0,3,68,4910,389,389,67394,2,4,401,0,0,0,3,68,4910
202206,999,24500,C,Great Falls  MT ,92,92,26513,1,2,600,0,0,0,1,121,24000,92,92,26513,1,2,600,0,0,0,1,121,24000
202206,999,25060, ,Gulfport-Biloxi  MS ,1616,1616,280616,2,4,370,7,27,2758,26,250,13730,980,980,175504,0,0,0,1,4,450,17,188,8481
202206,999,25860,C,Hickory-Lenoir-Morganton  NC ,941,941,227223,8,16,1905,0,0,0,37,368,36713,655,655,169339,6,12,1185,0,0,0,24,238,25949
202206,999,25940, ,Hilton Head Island-Bluffton  SC ,1684,1684,745011,4,8,3148,6,18,7142,8,212,33842,1194,1194,479543,4,8,3148,6,18,7142,2,20,1800
202206,999,26140,C,Homosassa Springs  FL ,822,822,180428,5,10,691,0,0,0,2,10,865,5,5,1232,1,2,210,0,0,0,0,0,0
202206,999,26380, ,Houma-Thibodaux  LA ,393,393,102855,24,48,3149,3,9,785,0,0,0,303,303,78592,17,34,2060,0,0,0,0,0,0
202206,999,27100, ,Jackson  MI ,90,90,24375,2,4,325,0,0,0,0,0,0,29,29,8545,0,0,0,0,0,0,0,0,0
202206,999,27340,C,Jacksonville  NC ,752,752,156716,6,12,1939,2,6,2438,0,0,0,752,752,156716,6,12,1939,2,6,2438,0,0,0
202206,999,27620, ,Jefferson City  MO ,92,92,25148,0,0,0,1,4,522,0,0,0,71,71,20694,0,0,0,1,4,522,0,0,0
202206,999,27980,C,Kahului-Wailuku-Lahaina  HI ,169,169,108275,28,56,7837,0,0,0,2,14,41000,169,169,108275,28,56,7837,0,0,0,2,14,41000
202206,999,28660, ,Killeen-Temple  TX ,1639,1639,351559,58,116,12171,0,0,0,0,0,0,1438,1438,298597,48,96,10223,0,0,0,0,0,0
202206,999,29100, ,La Crosse-Onalaska  WI-MN ,95,95,34108,13,26,5162,2,7,1125,7,180,22811,48,48,20252,1,2,460,1,4,600,3,129,15933
202206,999,29420, ,Lake Havasu City-Kingman  AZ ,1237,1237,342880,28,56,3542,4,12,455,0,0,0,1231,1231,342298,28,56,3542,4,12,455,0,0,0
202206,999,29540, ,Lancaster  PA ,361,361,107683,9,18,3711,6,22,3178,18,136,13602,259,259,81618,9,18,3711,5,19,2731,12,106,10617
202206,999,29620, ,Lansing-East Lansing  MI ,270,270,77096,3,6,919,0,0,0,1,26,2885,149,149,47641,0,0,0,0,0,0,0,0,0
202206,999,29700, ,Laredo  TX ,745,745,115098,8,16,1286,4,12,1553,10,92,5804,0,0,0,0,0,0,0,0,0,0,0,0
202206,999,30020, ,Lawton  OK ,40,40,6403,0,0,0,0,0,0,0,0,0,14,14,4187,0,0,0,0,0,0,0,0,0
202206,999,30300, ,Lewiston  ID-WA ,78,78,23168,2,4,1108,0,0,0,0,0,0,50,50,14689,0,0,0,0,0,0,0,0,0
202206,999,30860, ,Logan  UT-ID ,515,515,170911,0,0,0,1,3,750,8,155,20669,451,451,155277,0,0,0,0,0,0,8,155,20669
202206,999,30980, ,Longview  TX ,231,231,51872,6,12,1167,0,0,0,3,19,2078,161,161,37518,4,8,787,0,0,0,0,0,0
202206,999,31340,C,Lynchburg  VA ,288,288,67783,1,2,284,2,6,1207,9,181,12531,273,273,64838,0,0,0,0,0,0,3,115,10820
202206,999,31740, ,Manhattan  KS ,136,136,41683,2,4,615,2,6,500,1,24,7874,49,49,15856,1,2,247,0,0,0,1,24,7874
202206,999,33540,C,Missoula  MT ,173,173,47362,5,10,1170,2,7,652,29,379,43783,173,173,47362,5,10,1170,2,7,652,29,379,43783
202206,999,36100,C,Ocala  FL ,2755,2755,639747,1,2,100,0,0,0,27,799,93617,2755,2755,639747,1,2,100,0,0,0,27,799,93617
202206,999,36980, ,Owensboro  KY ,149,149,14195,2,4,389,0,0,0,0,0,0,144,144,13188,1,2,216,0,0,0,0,0,0
202206,999,37340, ,Palm Bay-Melbourne-Titusville  FL ,2352,2352,860382,1,2,1070,0,0,0,4,103,38816,2263,2263,841256,1,2,1070,0,0,0,4,103,38816
202206,999,37460,C,Panama City  FL ,1087,1087,411404,8,16,2886,6,18,4047,16,168,39707,774,774,309809,4,8,1311,5,15,3434,12,135,32622
202206,999,37900, ,Peoria  IL ,100,100,35307,2,4,320,0,0,0,2,10,781,70,70,28091,0,0,0,0,0,0,0,0,0
202206,999,38340, ,Pittsfield  MA ,54,54,25055,0,0,0,0,0,0,3,39,6457,3,3,1288,0,0,0,0,0,0,0,0,0
202206,999,38540, ,Pocatello  ID ,162,162,31000,4,8,844,16,62,7992,2,25,1973,65,65,8651,3,6,344,13,52,6955,0,0,0
202206,999,39150, ,Prescott Valley-Prescott  AZ ,1033,1033,348084,28,56,9156,0,0,0,7,152,12380,954,954,319343,28,56,9156,0,0,0,7,152,12380
202206,999,40060,C,Richmond  VA ,2559,2559,653625,53,106,11918,0,0,0,83,2643,291817,2376,2376,621024,53,106,11918,0,0,0,75,2591,286351
202206,999,40220,C,Roanoke  VA ,279,279,81091,2,4,628,0,0,0,3,104,12709,135,135,33767,2,4,628,0,0,0,0,0,0
202206,999,41100, ,St. George  UT ,1452,1452,298959,2,4,393,6,22,4146,31,491,57932,1107,1107,234706,0,0,0,5,19,3883,27,459,55523
202206,999,41500, ,Salinas  CA ,327,327,79607,1,2,589,2,6,910,22,358,32557,236,236,58852,0,0,0,1,3,446,14,299,24062
202206,999,41660,C,San Angelo  TX ,132,132,30603,0,0,0,0,0,0,0,0,0,132,132,30603,0,0,0,0,0,0,0,0,0
202206,999,41740,C,San Diego-Chula Vista-Carlsbad  CA ,2184,2184,646975,30,60,9803,72,250,51949,159,3279,619908,2126,2126,627035,30,60,9803,71,247,49324,153,3184,610755
202206,999,42020,C,San Luis Obispo-Paso Robles  CA ,361,361,101809,4,8,1150,1,3,824,16,280,51904,237,237,48159,4,8,1150,1,3,824,16,280,51904
202206,999,42200, ,Santa Maria-Santa Barbara  CA ,244,244,63888,6,12,2193,3,9,500,28,639,80826,74,74,44763,0,0,0,2,6,300,0,0,0
202206,999,42540, ,Scranton--Wilkes-Barre  PA ,253,253,70348,3,6,960,0,0,0,6,30,2923,79,79,25982,3,6,960,0,0,0,0,0,0
202206,999,42700,C,Sebring-Avon Park  FL ,359,359,82451,1,2,150,0,0,0,0,0,0,359,359,82451,1,2,150,0,0,0,0,0,0
202206,999,43100, ,Sheboygan  WI ,65,65,23644,6,12,2399,0,0,0,0,0,0,18,18,8122,4,8,1336,0,0,0,0,0,0
202206,999,43420, ,Sierra Vista-Douglas  AZ ,221,221,32168,3,6,825,0,0,0,0,0,0,211,211,29801,0,0,0,0,0,0,0,0,0
202206,999,43580, ,Sioux City  IA-NE-SD ,180,180,54268,1,2,500,5,15,0,0,0,0,94,94,30353,1,2,500,0,0,0,0,0,0
202206,999,43620, ,Sioux Falls  SD ,1004,1004,247059,5,10,1897,36,141,12851,77,1982,228611,957,957,234328,5,10,1897,34,135,12555,76,1977,228204
202206,999,44140, ,Springfield  MA ,248,248,71225,7,14,2038,0,0,0,11,190,23769,107,107,36788,3,6,580,0,0,0,2,118,15416
202206,999,44180, ,Springfield  MO ,704,704,204804,13,26,3261,3,9,1138,8,204,28857,515,515,152886,12,24,2983,2,6,950,8,204,28857
202206,999,44940, ,Sumter  SC ,228,228,38803,32,64,6101,0,0,0,1,36,965,181,181,30984,32,64,6101,0,0,0,1,36,965
202206,999,45220, ,Tallahassee  FL ,788,788,162558,5,10,1108,1,4,378,27,760,97193,230,230,47117,0,0,0,1,4,378,0,0,0
202206,999,45300, ,Tampa-St. Petersburg-Clearwater  FL ,8186,8186,2347548,29,58,11045,0,0,0,107,3852,574936,7956,7956,2280885,27,54,10485,0,0,0,91,3762,551008
202206,999,45460, ,Terre Haute  IN ,65,65,14733,8,16,2100,5,20,925,3,15,1414,25,25,4526,8,16,2100,5,20,925,0,0,0
202206,999,45500, ,Texarkana  TX-AR ,67,67,14414,3,6,720,1,4,450,1,5,385,22,22,4069,3,6,720,1,4,450,1,5,385
202206,999,45820, ,Topeka  KS ,194,194,48034,0,0,0,0,0,0,0,0,0,162,162,42729,0,0,0,0,0,0,0,0,0
202206,999,46220, ,Tuscaloosa  AL ,452,452,114624,1,2,360,13,50,3620,7,244,41275,203,203,47477,0,0,0,0,0,0,0,0,0
202206,999,46300, ,Twin Falls  ID ,352,352,95983,4,8,1489,0,0,0,2,30,4680,272,272,73947,4,8,1489,0,0,0,2,30,4680
202206,999,46520,C,Urban Honolulu  HI ,364,364,132341,41,82,10900,0,0,0,20,641,166716,0,0,0,0,0,0,0,0,0,0,0,0
202206,999,46540, ,Utica-Rome  NY ,122,122,39881,0,0,0,0,0,0,6,43,6719,62,62,28631,0,0,0,0,0,0,0,0,0
202206,999,46660, ,Valdosta  GA ,755,755,140494,6,12,795,0,0,0,6,74,7268,340,340,71636,0,0,0,0,0,0,0,0,0
202206,999,47300,C,Visalia  CA ,775,775,204920,8,16,2166,0,0,0,47,498,74736,732,732,191424,8,16,2166,0,0,0,44,416,63608
202206,999,47380, ,Waco  TX ,647,647,101825,12,24,2869,0,0,0,18,325,31103,541,541,81529,6,12,1689,0,0,0,13,300,28532
202206,999,47940, ,Waterloo-Cedar Falls  IA ,103,103,35248,0,0,0,0,0,0,0,0,0,77,77,25310,0,0,0,0,0,0,0,0,0
202206,999,48060, ,Watertown-Fort Drum  NY ,90,90,14811,0,0,0,0,0,0,0,0,0,87,87,14413,0,0,0,0,0,0,0,0,0
202206,999,48300, ,Wenatchee  WA ,346,346,95657,3,6,1073,9,36,7783,8,246,26628,159,159,60168,3,6,1073,9,36,7783,6,235,25334
202206,999,48540, ,Wheeling  WV-OH ,4,4,1291,0,0,0,0,0,0,0,0,0,1,1,198,0,0,0,0,0,0,0,0,0
202206,999,48660, ,Wichita Falls  TX ,103,103,25368,0,0,0,0,0,0,0,0,0,79,79,20494,0,0,0,0,0,0,0,0,0
202206,999,48900, ,Wilmington  NC ,1477,1477,492343,24,48,8451,0,0,0,29,979,125320,650,650,214792,11,22,2950,0,0,0,0,0,0
202206,999,49420, ,Yakima  WA ,260,260,67590,12,24,3261,10,36,4358,11,117,15114,207,207,54452,10,20,2291,7,27,3548,5,86,8107
202206,999,49740,C,Yuma  AZ ,441,441,73423,8,16,2023,0,0,0,1,8,759,441,441,73423,8,16,2023,0,0,0,1,8,759
