Survey,CSA,CBSA,MONCOV,CBSA,,1-unit,,,2-units,,,3-4 units,,,5+ units,,,1-unit rep,,,2-units rep,,,3-4 units rep,,,5+ units rep
Date,Code,Code,,Name,Bldgs,Units,Value,Bldgs,Units,Value,Bldgs,Units,Value,Bldgs,Units,Value,Bldgs,Units,Value,Bldgs,Units,Value,      Bldgs,Units,Value,Bldgs,Units,Value
 
202205,104,10580,C,Albany-Schenectady-Troy  NY ,606,606,194798,33,66,15200,5,18,3348,28,339,43685,308,308,107160,4,8,1050,2,8,2040,3,106,21950
202205,104,24020,C,Glens Falls  NY ,92,92,25322,1,2,297,3,11,1439,2,10,1155,49,49,14964,1,2,297,3,11,1439,2,10,1155
202205,106,10740,C,Albuquerque  NM ,1039,1039,273411,0,0,0,1,4,400,15,930,91944,971,971,256496,0,0,0,1,4,400,6,883,89986
202205,106,42140,C,Santa Fe  NM ,113,113,40243,0,0,0,0,0,0,2,46,5063,0,0,0,0,0,0,0,0,0,0,0,0
202205,107,11020,C,Altoona  PA ,30,30,9032,0,0,0,0,0,0,6,52,7654,13,13,5227,0,0,0,0,0,0,6,52,7654
202205,108,11100,C,Amarillo  TX ,411,411,101793,10,20,2569,0,0,0,0,0,0,402,402,99028,10,20,2569,0,0,0,0,0,0
202205,118,11540,C,Appleton  WI ,240,240,86808,27,54,10623,0,0,0,6,50,4733,196,196,71813,27,54,10623,0,0,0,0,0,0
202205,118,36780,C,Oshkosh-Neenah  WI ,140,140,50813,3,6,963,0,0,0,6,46,4600,131,131,48012,3,6,963,0,0,0,6,46,4600
202205,120,11700,C,Asheville  NC ,1350,1350,439970,4,8,1352,0,0,0,28,577,58534,594,594,206677,1,2,30,0,0,0,2,22,2112
202205,122,12020,C,Athens-Clarke County  GA ,386,386,112106,1,2,60,0,0,0,32,666,76583,212,212,71327,1,2,60,0,0,0,32,666,76583
202205,122,12060,C,Atlanta-Sandy Springs-Alpharetta  GA ,12580,12580,3026960,28,56,10414,38,139,15991,179,6487,795773,11182,11182,2724117,28,56,10414,38,139,15991,165,6251,772791
202205,122,23580,C,Gainesville  GA ,589,589,141109,1,2,198,12,44,4390,17,445,82250,132,132,33423,1,2,198,12,44,4390,17,445,82250
202205,122,40660,C,Rome  GA ,122,122,22521,0,0,0,0,0,0,0,0,0,122,122,22521,0,0,0,0,0,0,0,0,0
202205,140,13460,C,Bend  OR ,567,567,206289,27,54,9411,13,41,6073,15,245,29948,567,567,206289,27,54,9411,13,41,6073,15,245,29948
202205,142,13820,C,Birmingham-Hoover  AL ,1402,1402,467983,1,2,160,0,0,0,7,387,52265,1235,1235,424211,1,2,160,0,0,0,0,0,0
202205,144,14020,C,Bloomington  IN ,111,111,34000,3,6,852,0,0,0,3,99,11625,87,87,27084,3,6,852,0,0,0,3,99,11625
202205,145,14010,C,Bloomington  IL ,120,120,33309,1,2,146,0,0,0,1,54,7800,61,61,17870,0,0,0,0,0,0,1,54,7800
202205,146,14100,C,Bloomsburg-Berwick  PA ,41,41,10385,0,0,0,0,0,0,2,10,907,17,17,4901,0,0,0,0,0,0,0,0,0
202205,147,14260,C,Boise City  ID ,3353,3353,863175,11,22,5030,54,215,22871,109,2003,296124,3218,3218,829933,11,22,5030,54,215,22871,109,2003,296124
202205,148,12700,C,Barnstable Town  MA ,227,227,130842,8,16,1590,3,9,2200,0,0,0,112,112,73798,8,16,1590,3,9,2200,0,0,0
202205,148,14460,C,Boston-Cambridge-Newton  MA-NH ,1722,1722,643204,90,180,44263,51,167,37365,162,4438,1051824,942,942,405282,62,124,31588,41,134,32071,64,3467,905881
202205,148,31700,C,Manchester-Nashua  NH ,307,307,87174,6,12,2214,2,6,1077,1,40,3835,95,95,36502,0,0,0,0,0,0,1,40,3835
202205,148,39300,C,Providence-Warwick  RI-MA ,683,683,181716,43,86,12335,8,26,3521,6,44,5064,308,308,101862,26,52,7330,6,19,2328,2,24,2749
202205,148,49340,C,Worcester  MA-CT ,532,532,146002,22,44,8951,1,3,465,15,293,33156,292,292,76739,17,34,7115,1,3,465,4,136,14528
202205,150,14540,C,Bowling Green  KY ,412,412,98457,2,4,400,3,11,1025,28,256,18867,411,411,98307,2,4,400,2,8,800,28,256,18867
202205,154,15180,C,Brownsville-Harlingen  TX ,876,876,105825,16,32,2632,11,36,4339,11,112,9175,56,56,15228,0,0,0,0,0,0,0,0,0
202205,160,15380,C,Buffalo-Cheektowaga  NY ,425,425,151563,8,16,3001,0,0,0,11,133,24583,350,350,133660,8,16,3001,0,0,0,3,22,2794
202205,162,15540,C,Burlington-South Burlington  VT ,187,187,59705,7,14,2488,1,3,145,20,149,16752,82,82,29850,1,2,160,0,0,0,1,9,1800
202205,163,15980,C,Cape Coral-Fort Myers  FL ,4697,4697,983637,39,78,9860,19,75,9323,46,1078,193351,2815,2815,570719,8,16,1852,16,63,7645,41,976,184823
202205,163,34940,C,Naples-Marco Island  FL ,1548,1548,658846,7,14,2147,22,88,17980,19,438,78044,1548,1548,658846,7,14,2147,22,88,17980,19,438,78044
202205,164,16020,C,Cape Girardeau  MO-IL ,48,48,13828,1,2,325,2,6,150,3,15,1732,0,0,0,0,0,0,0,0,0,0,0,0
202205,168,16300,C,Cedar Rapids  IA ,214,214,53302,13,26,4681,0,0,0,7,302,29416,203,203,50269,9,18,3244,0,0,0,7,302,29416
202205,168,26980,C,Iowa City  IA ,218,218,70861,16,32,7601,1,4,700,6,282,50905,155,155,54439,1,2,800,1,4,700,4,258,47465
202205,170,16620,C,Charleston  WV ,75,75,10768,0,0,0,0,0,0,0,0,0,49,49,6573,0,0,0,0,0,0,0,0,0
202205,170,26580,C,Huntington-Ashland  WV-KY-OH ,113,113,22194,3,6,300,2,6,280,0,0,0,1,1,150,3,6,300,2,6,280,0,0,0
202205,172,16740,C,Charlotte-Concord-Gastonia  NC-SC ,9812,9812,2687530,12,24,3786,8,31,4815,103,4497,556567,8619,8619,2331721,12,24,3786,8,31,4815,94,4327,536368
202205,174,16860,C,Chattanooga  TN-GA ,1104,1104,256566,26,52,3734,10,38,6579,18,272,27996,698,698,172114,6,12,854,4,16,2131,0,0,0
202205,174,17420,C,Cleveland  TN ,401,401,94638,3,6,766,17,57,9295,1,8,256,139,139,33984,0,0,0,0,0,0,0,0,0
202205,174,19140,C,Dalton  GA ,173,173,30651,7,14,841,3,10,1378,7,86,6915,0,0,0,0,0,0,0,0,0,0,0,0
202205,176,16980,C,Chicago-Naperville-Elgin  IL-IN-WI ,3821,3821,1197313,58,116,21451,89,290,58473,99,2859,495430,3315,3315,1047435,56,112,20930,84,273,55747,66,2604,457676
202205,176,28100,C,Kankakee  IL ,49,49,12068,0,0,0,0,0,0,0,0,0,41,41,9598,0,0,0,0,0,0,0,0,0
202205,176,33140,C,Michigan City-La Porte  IN ,36,36,10340,0,0,0,0,0,0,0,0,0,0,0,0,0,0,0,0,0,0,0,0,0
202205,178,17140,C,Cincinnati  OH-KY-IN ,1988,1988,631069,53,106,15145,21,71,10192,31,560,45282,1671,1671,555286,53,106,15145,21,71,10192,29,501,40975
202205,184,10420,C,Akron  OH ,313,313,106664,0,0,0,13,48,5888,44,246,26876,267,267,87826,0,0,0,9,36,2850,38,203,25635
202205,184,15940,C,Canton-Massillon  OH ,180,180,57828,13,26,4984,6,19,1879,6,38,2919,153,153,53904,13,26,4984,2,7,1264,0,0,0
202205,184,17460,C,Cleveland-Elyria  OH ,1256,1256,388562,5,10,435,15,54,6477,11,208,35315,955,955,316729,0,0,0,13,48,6062,10,203,31357
202205,190,17860,C,Columbia  MO ,239,239,88546,2,4,396,0,0,0,3,27,3430,235,235,87623,2,4,396,0,0,0,3,27,3430
202205,192,17900,C,Columbia  SC ,2363,2363,531582,1,2,200,46,172,24859,45,976,143507,677,677,127471,1,2,200,46,172,24859,35,919,135089
202205,194,12220,C,Auburn-Opelika  AL ,589,589,151093,5,10,1430,1,4,300,4,394,45511,399,399,105268,3,6,671,1,4,300,2,356,40337
202205,194,17980,C,Columbus  GA-AL ,344,344,92287,12,24,4500,0,0,0,17,488,110336,236,236,64068,0,0,0,0,0,0,0,0,0
202205,198,18140,C,Columbus  OH ,2534,2534,866144,18,36,8169,5,18,2078,101,1674,119911,2147,2147,752786,14,28,5644,5,18,2078,91,1603,113653
202205,204,18580,C,Corpus Christi  TX ,839,839,205010,0,0,0,0,0,0,10,158,12986,607,607,144828,0,0,0,0,0,0,0,0,0
202205,206,19100,C,Dallas-Fort Worth-Arlington  TX ,22060,22060,6070432,181,362,46609,72,264,38311,266,11367,1478606,18586,18586,5088893,165,330,41956,64,236,36087,248,11010,1435037
202205,206,43300,C,Sherman-Denison  TX ,741,741,138950,15,30,3397,0,0,0,14,447,55733,605,605,117433,11,22,2861,0,0,0,9,396,50458
202205,209,19340,C,Davenport-Moline-Rock Island  IA-IL ,225,225,52707,3,6,1045,9,32,6861,3,15,1713,152,152,36526,2,4,720,9,32,6861,0,0,0
202205,212,19430,C,Dayton-Kettering  OH ,585,585,205214,2,4,507,8,29,2980,30,503,60517,369,369,139437,0,0,0,6,23,2383,25,357,42806
202205,212,44220,C,Springfield  OH ,58,58,18637,0,0,0,12,48,4508,1,6,652,58,58,18637,0,0,0,12,48,4508,1,6,652
202205,216,14500,C,Boulder  CO ,166,166,79299,7,14,5831,5,17,3809,20,255,53157,134,134,56133,0,0,0,2,7,1203,7,98,16235
202205,216,19740,C,Denver-Aurora-Lakewood  CO ,5654,5654,1710168,148,296,61776,24,91,19069,135,5140,775289,5447,5447,1639600,146,292,60506,23,88,18571,124,4920,742114
202205,216,24540,C,Greeley  CO ,1613,1613,456210,21,42,6790,10,38,7817,70,1292,178295,759,759,220069,6,12,1388,2,8,1381,14,173,25828
202205,218,11180,C,Ames  IA ,114,114,34021,0,0,0,0,0,0,0,0,0,59,59,20120,0,0,0,0,0,0,0,0,0
202205,218,19780,C,Des Moines-West Des Moines  IA ,1851,1851,559902,23,46,10939,5,18,4207,18,589,94385,1747,1747,522407,21,42,10358,3,12,2948,13,552,90195
202205,220,11460,C,Ann Arbor  MI ,275,275,87565,1,2,290,3,9,1458,1,5,550,196,196,67367,1,2,290,1,3,700,0,0,0
202205,220,19820,C,Detroit-Warren-Dearborn  MI ,2275,2275,770418,11,22,4682,25,89,15225,54,1725,457849,1795,1795,627062,10,20,4402,16,60,12782,48,1694,451942
202205,220,22420,C,Flint  MI ,177,177,45045,0,0,0,15,48,1099,0,0,0,107,107,27984,0,0,0,15,48,1099,0,0,0
202205,220,33780,C,Monroe  MI ,89,89,23257,0,0,0,1,4,500,5,34,1775,48,48,14166,0,0,0,1,4,500,0,0,0
202205,222,20020,C,Dothan  AL ,215,215,62240,5,10,866,1,4,479,0,0,0,129,129,43115,5,10,866,1,4,479,0,0,0
202205,232,20740,C,Eau Claire  WI ,147,147,51562,22,44,8849,1,4,693,7,141,20193,108,108,39524,6,12,2592,1,4,693,3,33,6300
202205,236,21300,C,Elmira  NY ,12,12,2504,0,0,0,0,0,0,0,0,0,3,3,600,0,0,0,0,0,0,0,0,0
202205,238,21340,C,El Paso  TX ,1226,1226,288372,25,50,6286,4,12,1577,11,82,9737,172,172,41737,0,0,0,0,0,0,0,0,0
202205,238,29740,C,Las Cruces  NM ,538,538,141897,0,0,0,2,6,474,5,36,2648,0,0,0,0,0,0,0,0,0,0,0,0
202205,240,21500,C,Erie  PA ,79,79,26113,1,2,225,0,0,0,5,30,2152,50,50,19590,1,2,225,0,0,0,5,30,2152
202205,244,22020,C,Fargo  ND-MN ,472,472,155865,0,0,0,0,0,0,1,42,5573,458,458,150910,0,0,0,0,0,0,1,42,5573
202205,246,22180,C,Fayetteville  NC ,1070,1070,208652,0,0,0,0,0,0,2,10,1380,711,711,158862,0,0,0,0,0,0,2,10,1380
202205,258,23060,C,Fort Wayne  IN ,675,675,205805,15,30,3662,0,0,0,9,411,52271,675,675,205805,15,30,3662,0,0,0,9,411,52271
202205,260,23420,C,Fresno  CA ,2129,2129,627676,3,6,972,15,53,8527,16,181,30872,1612,1612,462340,3,6,972,13,45,7928,2,47,6332
202205,260,25260,C,Hanford-Corcoran  CA ,147,147,43711,1,2,360,0,0,0,0,0,0,103,103,33585,0,0,0,0,0,0,0,0,0
202205,260,31460,C,Madera  CA ,414,414,101497,0,0,0,0,0,0,4,64,7033,414,414,101497,0,0,0,0,0,0,4,64,7033
202205,264,23540,C,Gainesville  FL ,858,858,172925,5,10,1424,0,0,0,7,513,17467,500,500,112218,5,10,1424,0,0,0,0,0,0
202205,266,24340,C,Grand Rapids-Kentwood  MI ,1099,1099,353202,21,42,8300,16,57,9963,22,264,33375,787,787,267168,3,6,915,12,45,8040,5,75,12415
202205,266,34740,C,Muskegon  MI ,115,115,30375,2,4,576,0,0,0,9,217,15624,82,82,23110,0,0,0,0,0,0,9,217,15624
202205,267,24580,C,Green Bay  WI ,321,321,119658,6,12,2817,0,0,0,16,159,17100,207,207,83340,3,6,1520,0,0,0,5,76,9849
202205,268,15500,C,Burlington  NC ,689,689,109072,1,2,180,0,0,0,1,33,2214,564,564,84640,0,0,0,0,0,0,0,0,0
202205,268,24660,C,Greensboro-High Point  NC ,1164,1164,313546,7,14,3922,0,0,0,25,624,89084,735,735,167807,7,14,3922,0,0,0,25,624,89084
202205,268,49180,C,Winston-Salem  NC ,1715,1715,432640,0,0,0,1,3,276,5,28,1104,1127,1127,258831,0,0,0,0,0,0,0,0,0
202205,272,24780,C,Greenville  NC ,356,356,85739,15,30,4733,0,0,0,0,0,0,182,182,45370,15,30,4733,0,0,0,0,0,0
202205,273,24860,C,Greenville-Anderson  SC ,2866,2866,779479,40,80,8233,10,36,1685,70,979,127204,2543,2543,696590,40,80,8233,0,0,0,41,593,98606
202205,273,43900,C,Spartanburg  SC ,1433,1433,236332,0,0,0,0,0,0,3,44,5278,0,0,0,0,0,0,0,0,0,0,0,0
202205,276,23900,C,Gettysburg  PA ,156,156,50908,0,0,0,0,0,0,0,0,0,156,156,50908,0,0,0,0,0,0,0,0,0
202205,276,25420,C,Harrisburg-Carlisle  PA ,716,716,170208,0,0,0,4,14,1302,17,429,37072,491,491,110980,0,0,0,1,3,435,11,279,27351
202205,276,30140,C,Lebanon  PA ,88,88,17311,0,0,0,0,0,0,6,33,5422,10,10,2160,0,0,0,0,0,0,0,0,0
202205,276,49620,C,York-Hanover  PA ,451,451,118745,0,0,0,0,0,0,7,71,5914,206,206,56091,0,0,0,0,0,0,0,0,0
202205,277,25500,C,Harrisonburg  VA ,348,348,82575,0,0,0,0,0,0,1,5,680,348,348,82575,0,0,0,0,0,0,1,5,680
202205,277,44420,C,Staunton  VA ,180,180,45540,1,2,200,0,0,0,1,20,1500,180,180,45540,1,2,200,0,0,0,1,20,1500
202205,278,25540,C,Hartford-East Hartford-Middletown  CT ,292,292,75223,41,82,4955,2,6,826,21,155,11345,138,138,34818,38,76,4522,0,0,0,3,18,1250
202205,278,35980,C,Norwich-New London  CT ,176,176,47262,2,4,687,0,0,0,1,10,2049,117,117,31872,2,4,687,0,0,0,1,10,2049
202205,279,25620,C,Hattiesburg  MS ,105,105,16168,0,0,0,1,3,125,1,5,400,81,81,10034,0,0,0,1,3,125,1,5,400
202205,284,26300,C,Hot Springs  AR ,25,25,6561,16,32,3840,0,0,0,0,0,0,25,25,6561,16,32,3840,0,0,0,0,0,0
202205,288,26420,C,Houston-The Woodlands-Sugar Land  TX ,24445,24445,5894963,136,272,30524,4,16,1419,294,7986,880156,22139,22139,5324389,125,250,27698,4,16,1419,278,7835,866097
202205,290,19460,C,Decatur  AL ,129,129,34819,0,0,0,0,0,0,0,0,0,117,117,31766,0,0,0,0,0,0,0,0,0
202205,290,26620,C,Huntsville  AL ,1889,1889,386453,0,0,0,0,0,0,0,0,0,1067,1067,183644,0,0,0,0,0,0,0,0,0
202205,292,26820,C,Idaho Falls  ID ,670,670,125924,2,4,264,16,62,7760,5,72,8133,655,655,122086,2,4,264,14,56,6860,5,72,8133
202205,294,18020,C,Columbus  IN ,111,111,21240,0,0,0,0,0,0,0,0,0,111,111,21240,0,0,0,0,0,0,0,0,0
202205,294,26900,C,Indianapolis-Carmel-Anderson  IN ,4456,4456,1451033,51,102,17718,4,15,1665,70,2694,344367,4107,4107,1323724,47,94,16449,4,15,1665,64,2167,244219
202205,294,34620,C,Muncie  IN ,103,103,12978,0,0,0,0,0,0,1,5,596,85,85,8007,0,0,0,0,0,0,0,0,0
202205,296,27060,C,Ithaca  NY ,121,121,38684,1,2,320,0,0,0,5,26,1780,98,98,31795,0,0,0,0,0,0,0,0,0
202205,297,27180,C,Jackson  TN ,233,233,53117,0,0,0,0,0,0,0,0,0,47,47,11619,0,0,0,0,0,0,0,0,0
202205,298,27140,C,Jackson  MS ,658,658,167561,0,0,0,1,3,131,0,0,0,504,504,139977,0,0,0,0,0,0,0,0,0
202205,300,27260,C,Jacksonville  FL ,6857,6857,1647371,14,28,1747,9,27,7953,102,4082,490097,6765,6765,1611109,13,26,1447,9,27,7953,102,4082,490097
202205,304,27740,C,Johnson City  TN ,318,318,81005,2,4,900,0,0,0,11,101,8910,197,197,62495,0,0,0,0,0,0,11,101,8910
202205,304,28700,C,Kingsport-Bristol  TN-VA ,386,386,86322,12,24,4420,10,36,4897,4,45,2632,300,300,75008,12,24,4420,8,30,4205,0,0,0
202205,306,27780,C,Johnstown  PA ,29,29,6803,0,0,0,0,0,0,0,0,0,0,0,0,0,0,0,0,0,0,0,0,0
202205,308,27860,C,Jonesboro  AR ,340,340,52958,20,40,2840,26,84,4461,7,46,2605,80,80,13537,1,2,227,3,10,685,0,0,0
202205,309,27900,C,Joplin  MO ,241,241,46251,26,52,6314,2,7,714,4,58,6023,125,125,25025,19,38,5781,1,4,575,0,0,0
202205,310,12980,C,Battle Creek  MI ,32,32,7227,0,0,0,0,0,0,0,0,0,3,3,737,0,0,0,0,0,0,0,0,0
202205,310,28020,C,Kalamazoo-Portage  MI ,165,165,56364,7,14,3355,1,3,461,0,0,0,110,110,43108,4,8,2155,0,0,0,0,0,0
202205,312,28140,C,Kansas City  MO-KS ,2603,2603,850226,34,68,17573,17,61,9908,59,2259,304842,2012,2012,613607,9,18,2610,15,55,9081,56,2088,282050
202205,312,29940,C,Lawrence  KS ,76,76,29145,3,6,589,0,0,0,0,0,0,42,42,16518,0,0,0,0,0,0,0,0,0
202205,312,41140,C,St. Joseph  MO-KS ,34,34,8226,4,8,930,0,0,0,0,0,0,10,10,2980,2,4,480,0,0,0,0,0,0
202205,313,28420,C,Kennewick-Richland  WA ,724,724,230412,4,8,2353,9,36,5053,7,228,33910,236,236,87526,2,4,1068,9,36,5053,7,228,33910
202205,313,47460,C,Walla Walla  WA ,47,47,16991,6,12,2431,0,0,0,0,0,0,36,36,14502,6,12,2431,0,0,0,0,0,0
202205,315,28940,C,Knoxville  TN ,1977,1977,492444,0,0,0,2,6,705,30,770,95618,632,632,194563,0,0,0,0,0,0,20,626,84295
202205,315,34100,C,Morristown  TN ,418,418,94131,4,8,1010,10,33,4526,0,0,0,173,173,29800,4,8,1010,10,33,4526,0,0,0
202205,316,29020,C,Kokomo  IN ,48,48,14451,0,0,0,0,0,0,0,0,0,39,39,11701,0,0,0,0,0,0,0,0,0
202205,318,29180,C,Lafayette  LA ,986,986,238809,0,0,0,0,0,0,1,11,3245,297,297,71761,0,0,0,0,0,0,1,11,3245
202205,320,29200,C,Lafayette-West Lafayette  IN ,208,208,62907,0,0,0,0,0,0,5,202,22462,22,22,7347,0,0,0,0,0,0,0,0,0
202205,324,29340,C,Lake Charles  LA ,402,402,77283,10,20,1620,0,0,0,0,0,0,353,353,67878,7,14,1330,0,0,0,0,0,0
202205,332,29820,C,Las Vegas-Henderson-Paradise  NV ,5326,5326,1470151,16,32,5929,31,122,13721,89,1709,157289,5326,5326,1470151,16,32,5929,31,122,13721,89,1709,157289
202205,336,30460,C,Lexington-Fayette  KY ,624,624,156102,7,14,1689,13,42,5705,15,438,42059,226,226,67547,6,12,1470,8,26,3360,0,0,0
202205,338,30620,C,Lima  OH ,60,60,13499,1,2,80,0,0,0,0,0,0,29,29,5518,0,0,0,0,0,0,0,0,0
202205,339,30700,C,Lincoln  NE ,588,588,181631,10,20,3080,2,7,273,31,912,79060,65,65,16529,0,0,0,0,0,0,2,24,2824
202205,340,30780,C,Little Rock-North Little Rock-Conway  AR ,979,979,242196,20,40,3535,1,3,226,20,493,44037,643,643,176548,7,14,1422,1,3,226,12,368,35534
202205,340,38220,C,Pine Bluff  AR ,15,15,2161,0,0,0,0,0,0,2,24,550,6,6,753,0,0,0,0,0,0,2,24,550
202205,348,31080,C,Los Angeles-Long Beach-Anaheim  CA ,4877,4877,1434976,350,700,166717,64,202,60030,243,7166,1317013,3968,3968,1114911,326,652,154436,52,165,52646,198,6673,1232467
202205,348,37100,C,Oxnard-Thousand Oaks-Ventura  CA ,220,220,71983,12,24,5403,1,4,969,15,304,39055,83,83,27105,0,0,0,0,0,0,2,69,7177
202205,348,40140,C,Riverside-San Bernardino-Ontario  CA ,6229,6229,1790332,34,68,6298,32,106,21150,96,1185,144694,4986,4986,1492582,32,64,5848,32,106,21150,67,966,118756
202205,350,21060,C,Elizabethtown-Fort Knox  KY ,246,246,62986,16,32,3425,1,3,165,0,0,0,246,246,62986,16,32,3425,1,3,165,0,0,0
202205,350,31140,C,Louisville-Jefferson County  KY-IN ,1724,1724,484997,15,30,5643,0,0,0,9,168,16652,1016,1016,327107,8,16,3366,0,0,0,4,74,8110
202205,352,31180,C,Lubbock  TX ,1156,1156,278993,107,214,30935,7,28,4051,14,212,21007,135,135,36629,6,12,2142,7,28,4051,0,0,0
202205,356,31420,C,Macon-Bibb County  GA ,272,272,56980,0,0,0,0,0,0,0,0,0,91,91,20700,0,0,0,0,0,0,0,0,0
202205,356,47580,C,Warner Robins  GA ,861,861,143411,0,0,0,0,0,0,0,0,0,729,729,112711,0,0,0,0,0,0,0,0,0
202205,357,27500,C,Janesville-Beloit  WI ,146,146,38634,10,20,3645,0,0,0,4,114,40907,83,83,23033,10,20,3645,0,0,0,1,76,36000
202205,357,31540,C,Madison  WI ,670,670,278690,28,56,13927,4,15,4000,34,1558,249646,482,482,218822,14,28,7127,4,15,4000,26,1380,220674
202205,359,31860,C,Mankato  MN ,102,102,31469,3,6,120,0,0,0,8,117,15865,29,29,12634,3,6,120,0,0,0,0,0,0
202205,360,31900,C,Mansfield  OH ,61,61,18678,3,6,742,10,40,5491,6,68,8512,43,43,12922,1,2,342,9,36,5199,5,63,7983
202205,365,32580,C,McAllen-Edinburg-Mission  TX ,1962,1962,421981,46,92,8246,124,494,30775,16,228,14298,1488,1488,338588,32,64,6545,110,439,29214,16,228,14298
202205,366,24420,C,Grants Pass  OR ,121,121,26705,7,14,1696,0,0,0,0,0,0,46,46,11735,7,14,1696,0,0,0,0,0,0
202205,366,32780,C,Medford  OR ,349,349,93077,5,10,1888,8,31,2984,9,104,15662,328,328,87750,5,10,1888,8,31,2984,4,78,12166
202205,368,32820,C,Memphis  TN-MS-AR ,1805,1805,423972,1,2,650,0,0,0,7,334,18888,1566,1566,376332,1,2,650,0,0,0,5,324,17671
202205,370,33100,C,Miami-Fort Lauderdale-Pompano Beach  FL ,3181,3181,1387497,50,100,18186,17,65,13396,129,6066,1274926,2685,2685,1184841,50,100,18186,15,59,11102,100,5701,1213890
202205,370,38940,C,Port St. Lucie  FL ,2308,2308,619070,77,154,20668,29,89,10020,56,1150,172980,2181,2181,581411,75,150,19998,29,89,10020,54,1129,169963
202205,370,42680,C,Sebastian-Vero Beach  FL ,471,471,224245,7,14,2299,2,6,404,0,0,0,92,92,26867,0,0,0,0,0,0,0,0,0
202205,372,33260,C,Midland  TX ,241,241,52431,0,0,0,0,0,0,0,0,0,241,241,52431,0,0,0,0,0,0,0,0,0
202205,372,36220,C,Odessa  TX ,451,451,115555,0,0,0,0,0,0,0,0,0,451,451,115555,0,0,0,0,0,0,0,0,0
202205,376,33340,C,Milwaukee-Waukesha  WI ,664,664,303287,64,128,31489,0,0,0,14,571,95437,463,463,214366,58,116,29079,0,0,0,8,495,85429
202205,376,39540,C,Racine  WI ,59,59,24867,5,10,1635,0,0,0,0,0,0,56,56,23992,5,10,1635,0,0,0,0,0,0
202205,378,33460,C,Minneapolis-St. Paul-Bloomington  MN-WI ,4440,4440,1477329,20,40,9303,26,95,22780,103,7489,1391727,3847,3847,1281879,18,36,8307,24,89,21496,68,6291,1214275
202205,378,41060,C,St. Cloud  MN ,179,179,54045,4,8,1034,0,0,0,0,0,0,87,87,31182,0,0,0,0,0,0,0,0,0
202205,380,19300,C,Daphne-Fairhope-Foley  AL ,1435,1435,388884,1,2,229,0,0,0,3,29,2166,1056,1056,313248,1,2,229,0,0,0,0,0,0
202205,380,33660,C,Mobile  AL ,358,358,87308,2,4,965,1,4,400,0,0,0,329,329,82932,2,4,965,1,4,400,0,0,0
202205,384,33740,C,Monroe  LA ,196,196,45069,1,2,74,6,19,2987,8,48,5671,38,38,8877,0,0,0,0,0,0,0,0,0
202205,388,33860,C,Montgomery  AL ,436,436,111105,0,0,0,1,3,265,0,0,0,291,291,84391,0,0,0,0,0,0,0,0,0
202205,390,34060,C,Morgantown  WV ,5,5,622,0,0,0,0,0,0,0,0,0,0,0,0,0,0,0,0,0,0,0,0,0
202205,396,34820,C,Myrtle Beach-Conway-North Myrtle Beach  SC-NC ,4844,4844,1139220,12,24,1856,0,0,0,18,410,44529,3097,3097,582502,11,22,1631,0,0,0,9,295,36747
202205,400,34980,C,Nashville-Davidson--Murfreesboro--Franklin  TN ,7951,7951,2347037,20,40,5797,25,94,14596,64,1944,209582,6621,6621,1866408,19,38,5537,22,83,13716,51,1821,198845
202205,404,35100,C,New Bern  NC ,352,352,89332,0,0,0,0,0,0,3,72,9077,250,250,64118,0,0,0,0,0,0,3,72,9077
202205,406,25220,C,Hammond  LA ,391,391,75035,2,4,400,0,0,0,13,172,13643,4,4,1030,1,2,300,0,0,0,0,0,0
202205,406,35380,C,New Orleans-Metairie  LA ,1542,1542,436380,72,144,16294,1,3,612,7,270,48426,1136,1136,339563,10,20,2203,0,0,0,0,0,0
202205,408,14860,C,Bridgeport-Stamford-Norwalk  CT ,285,285,198315,10,20,3232,0,0,0,15,213,26829,206,206,131914,4,8,1722,0,0,0,6,146,15194
202205,408,20700,C,East Stroudsburg  PA ,87,87,27281,0,0,0,0,0,0,2,12,2921,30,30,12163,0,0,0,0,0,0,0,0,0
202205,408,28740,C,Kingston  NY ,92,92,34319,1,2,341,0,0,0,1,10,1213,61,61,24960,1,2,341,0,0,0,1,10,1213
202205,408,35300,C,New Haven-Milford  CT ,229,229,55251,7,14,2411,2,7,1719,13,230,21000,71,71,19020,2,4,819,0,0,0,0,0,0
202205,408,35620,C,New York-Newark-Jersey City  NY-NJ-PA ,5323,5323,1533961,266,532,69438,84,271,29391,615,19824,2441829,2975,2975,1040533,185,370,54424,45,150,20195,332,15379,1956150
202205,408,39100,C,Poughkeepsie-Newburgh-Middletown  NY ,362,362,119336,4,8,1940,5,18,4479,11,181,30074,111,111,43384,1,2,1049,4,15,4086,7,130,21228
202205,408,45940,C,Trenton-Princeton  NJ ,72,72,8280,0,0,0,0,0,0,10,107,4683,53,53,6546,0,0,0,0,0,0,5,78,2669
202205,412,35840,C,North Port-Sarasota-Bradenton  FL ,5813,5813,1682534,150,300,45905,6,22,7300,57,1934,260403,5519,5519,1584435,5,10,2550,6,22,7300,57,1934,260403
202205,412,39460,C,Punta Gorda  FL ,2145,2145,636847,74,148,25327,14,56,14746,14,352,53852,2145,2145,636847,74,148,25327,14,56,14746,14,352,53852
202205,416,36420,C,Oklahoma City  OK ,3274,3274,929913,97,194,21896,1,4,601,2,10,600,2707,2707,741699,86,172,19539,1,4,601,2,10,600
202205,420,36540,C,Omaha-Council Bluffs  NE-IA ,1313,1313,303585,12,24,2967,46,183,11848,56,1669,133241,1043,1043,229577,11,22,2792,45,180,11307,48,1466,109327
202205,422,19660,C,Deltona-Daytona Beach-Ormond Beach  FL ,2894,2894,937125,24,48,8186,0,0,0,20,962,107732,2275,2275,687873,23,46,7670,0,0,0,17,904,101642
202205,422,29460,C,Lakeland-Winter Haven  FL ,4916,4916,1253082,14,28,2298,0,0,0,32,832,102351,3851,3851,942228,14,28,2298,0,0,0,32,832,102351
202205,422,36740,C,Orlando-Kissimmee-Sanford  FL ,8254,8254,2188304,29,58,11757,23,91,10792,168,5918,848211,7064,7064,1848514,29,58,11757,23,91,10792,152,5653,826923
202205,422,45540,C,The Villages  FL ,1834,1834,488037,0,0,0,0,0,0,14,520,103106,1829,1829,487088,0,0,0,0,0,0,14,520,103106
202205,425,37620,C,Parkersburg-Vienna  WV ,33,33,7243,0,0,0,0,0,0,0,0,0,21,21,5161,0,0,0,0,0,0,0,0,0
202205,426,37860,C,Pensacola-Ferry Pass-Brent  FL ,1649,1649,406576,7,14,1798,0,0,0,4,162,20180,1649,1649,406576,7,14,1798,0,0,0,4,162,20180
202205,428,12100,C,Atlantic City-Hammonton  NJ ,234,234,66931,7,14,3307,0,0,0,8,109,6587,213,213,64857,7,14,3307,0,0,0,0,0,0
202205,428,20100,C,Dover  DE ,469,469,74345,0,0,0,0,0,0,0,0,0,433,433,65997,0,0,0,0,0,0,0,0,0
202205,428,36140,C,Ocean City  NJ ,245,245,116273,32,64,17897,2,7,12507,6,30,175,232,232,113830,31,62,17712,1,4,11997,6,30,175
202205,428,37980,C,Philadelphia-Camden-Wilmington  PA-NJ-DE-MD ,3592,3592,684111,94,188,22431,60,203,27201,133,1793,199505,2146,2146,499024,84,168,19436,57,194,26282,83,1314,146298
202205,428,39740,C,Reading  PA ,176,176,46334,3,6,959,0,0,0,4,20,2631,101,101,28161,3,6,959,0,0,0,0,0,0
202205,428,47220,C,Vineland-Bridgeton  NJ ,66,66,7476,0,0,0,0,0,0,0,0,0,50,50,6205,0,0,0,0,0,0,0,0,0
202205,429,38060,C,Phoenix-Mesa-Chandler  AZ ,15618,15618,4271871,455,910,101620,21,80,13808,173,5431,846524,13854,13854,3785366,451,902,100581,21,80,13808,165,4773,732835
202205,430,38300,C,Pittsburgh  PA ,1565,1565,446714,16,32,6101,16,52,9459,29,413,63461,727,727,245516,9,18,4639,6,20,4400,4,67,12920
202205,430,48260,C,Weirton-Steubenville  WV-OH ,12,12,2872,0,0,0,0,0,0,0,0,0,4,4,1113,0,0,0,0,0,0,0,0,0
202205,438,30340,C,Lewiston-Auburn  ME ,91,91,22537,1,2,200,0,0,0,7,90,8500,59,59,14900,0,0,0,0,0,0,7,90,8500
202205,438,38860,C,Portland-South Portland  ME ,877,877,277042,18,36,7117,2,6,800,36,1122,135200,312,312,122338,8,16,3204,1,3,550,13,949,118711
202205,440,10540,C,Albany-Lebanon  OR ,90,90,23629,3,6,1122,0,0,0,10,87,12226,38,38,11840,0,0,0,0,0,0,0,0,0
202205,440,18700,C,Corvallis  OR ,100,100,28855,0,0,0,0,0,0,0,0,0,100,100,28855,0,0,0,0,0,0,0,0,0
202205,440,31020,C,Longview  WA ,143,143,38534,0,0,0,2,8,850,2,24,2602,136,136,36305,0,0,0,2,8,850,2,24,2602
202205,440,38900,C,Portland-Vancouver-Hillsboro  OR-WA ,3144,3144,972517,24,48,8173,7,25,5137,79,1668,238984,2704,2704,861276,19,38,6007,6,22,4566,73,1596,227750
202205,440,41420,C,Salem  OR ,469,469,143696,2,4,829,1,4,265,47,552,62738,259,259,84760,0,0,0,1,4,265,20,252,28471
202205,444,39380,C,Pueblo  CO ,297,297,48698,0,0,0,0,0,0,0,0,0,0,0,0,0,0,0,0,0,0,0,0,0
202205,450,20500,C,Durham-Chapel Hill  NC ,1574,1574,544564,8,16,1391,1,3,672,14,819,130546,1190,1190,403928,8,16,1391,0,0,0,13,782,127313
202205,450,39580,C,Raleigh-Cary  NC ,6425,6425,1609155,8,16,3367,0,0,0,85,3442,402406,6154,6154,1565970,8,16,3367,0,0,0,75,3198,394340
202205,452,39660,C,Rapid City  SD ,321,321,93529,4,8,1557,1,4,465,16,526,64302,302,302,86850,3,6,837,1,4,465,16,526,64302
202205,454,39820,C,Redding  CA ,160,160,48774,0,0,0,0,0,0,0,0,0,86,86,28152,0,0,0,0,0,0,0,0,0
202205,456,16180,C,Carson City  NV ,88,88,23207,0,0,0,0,0,0,6,36,3594,0,0,0,0,0,0,0,0,0,0,0,0
202205,456,39900,C,Reno  NV ,1183,1183,325716,23,46,5913,8,28,3795,93,1662,202816,266,266,66490,9,18,2979,1,4,636,38,702,81282
202205,462,40340,C,Rochester  MN ,239,239,75678,2,4,326,1,3,380,3,394,42300,146,146,50517,0,0,0,0,0,0,3,394,42300
202205,464,40380,C,Rochester  NY ,450,450,135033,14,28,5306,21,76,8568,24,524,65155,261,261,86075,13,26,4656,19,70,7938,16,344,44895
202205,466,40420,C,Rockford  IL ,100,100,17715,3,6,1025,0,0,0,0,0,0,49,49,10321,3,6,1025,0,0,0,0,0,0
202205,468,40580,C,Rocky Mount  NC ,239,239,38217,0,0,0,0,0,0,0,0,0,122,122,19468,0,0,0,0,0,0,0,0,0
202205,472,40900,C,Sacramento-Roseville-Folsom  CA ,3852,3852,1144686,24,48,5812,11,44,10878,30,961,144465,3730,3730,1111597,24,48,5812,11,44,10878,30,961,144465
202205,472,49700,C,Yuba City  CA ,354,354,92422,11,22,2094,0,0,0,2,12,1387,340,340,87466,9,18,1745,0,0,0,0,0,0
202205,474,13020,C,Bay City  MI ,25,25,7327,0,0,0,0,0,0,0,0,0,5,5,2406,0,0,0,0,0,0,0,0,0
202205,474,33220,C,Midland  MI ,45,45,9806,4,8,815,0,0,0,0,0,0,7,7,2129,0,0,0,0,0,0,0,0,0
202205,474,40980,C,Saginaw  MI ,65,65,14404,3,6,696,2,6,990,0,0,0,37,37,8470,2,4,400,0,0,0,0,0,0
202205,476,41180,C,St. Louis  MO-IL ,2139,2139,702543,31,62,8420,5,18,2285,58,2132,291347,1462,1462,446821,19,38,5701,3,12,1456,37,1495,203486
202205,480,41540,C,Salisbury  MD-DE ,1941,1941,324291,51,102,13206,0,0,0,9,180,22294,1917,1917,321503,50,100,13066,0,0,0,9,180,22294
202205,482,36260,C,Ogden-Clearfield  UT ,1809,1809,554824,1,2,220,14,52,8863,35,1051,151006,1565,1565,481352,1,2,220,8,28,4666,29,1021,147739
202205,482,39340,C,Provo-Orem  UT ,3197,3197,1010131,13,26,5963,21,77,15456,87,1457,213524,3148,3148,981612,12,24,5607,21,77,15456,87,1457,213524
202205,482,41620,C,Salt Lake City  UT ,2023,2023,580959,19,38,5411,26,92,20279,72,2851,405553,1847,1847,529622,2,4,959,13,51,12802,44,1366,205252
202205,484,41700,C,San Antonio-New Braunfels  TX ,5564,5564,1361533,42,84,10842,12,44,5933,129,4488,571945,5120,5120,1267186,42,84,10842,12,44,5933,129,4488,571945
202205,488,32900,C,Merced  CA ,155,155,54316,0,0,0,0,0,0,0,0,0,62,62,17162,0,0,0,0,0,0,0,0,0
202205,488,33700,C,Modesto  CA ,322,322,71120,2,4,1100,0,0,0,3,15,1300,171,171,33555,2,4,1100,0,0,0,2,10,600
202205,488,34900,C,Napa  CA ,64,64,19980,1,2,233,0,0,0,7,365,60911,0,0,0,0,0,0,0,0,0,0,0,0
202205,488,41860,C,San Francisco-Oakland-Berkeley  CA ,1767,1767,586858,24,48,13063,24,83,18384,87,2173,508551,1186,1186,403407,11,22,4718,18,65,13135,40,1360,324886
202205,488,41940,C,San Jose-Sunnyvale-Santa Clara  CA ,978,978,329066,5,10,2020,0,0,0,37,984,141813,741,741,245132,3,6,1570,0,0,0,32,852,115084
202205,488,42100,C,Santa Cruz-Watsonville  CA ,147,147,33713,0,0,0,1,3,1352,9,87,6873,50,50,16243,0,0,0,1,3,1352,0,0,0
202205,488,42220,C,Santa Rosa-Petaluma  CA ,415,415,109874,1,2,527,1,3,215,16,575,144730,307,307,85757,1,2,527,1,3,215,8,520,126124
202205,488,44700,C,Stockton  CA ,1735,1735,630174,1,2,400,0,0,0,12,190,26204,1239,1239,500236,0,0,0,0,0,0,4,72,11538
202205,488,46700,C,Vallejo  CA ,437,437,134171,0,0,0,0,0,0,0,0,0,378,378,119791,0,0,0,0,0,0,0,0,0
202205,496,25980,C,Hinesville  GA ,327,327,65426,0,0,0,0,0,0,0,0,0,178,178,30323,0,0,0,0,0,0,0,0,0
202205,496,42340,C,Savannah  GA ,1162,1162,314044,14,28,2754,8,32,4184,24,344,37046,882,882,255007,14,28,2754,7,28,3779,24,344,37046
202205,500,14740,C,Bremerton-Silverdale-Port Orchard  WA ,549,549,171458,2,4,561,0,0,0,9,395,54633,549,549,171458,2,4,561,0,0,0,9,395,54633
202205,500,34580,C,Mount Vernon-Anacortes  WA ,125,125,38682,6,12,2420,1,3,437,6,112,11022,125,125,38682,6,12,2420,0,0,0,1,10,1502
202205,500,36500,C,Olympia-Lacey-Tumwater  WA ,309,309,81571,9,18,2347,6,22,11919,36,648,73016,210,210,56222,7,14,1808,4,15,10574,14,372,45227
202205,500,42660,C,Seattle-Tacoma-Bellevue  WA ,3413,3413,1229375,213,426,97814,125,414,82684,186,7506,1158340,2639,2639,943887,198,396,91853,122,405,80711,142,6722,1064455
202205,508,43340,C,Shreveport-Bossier City  LA ,473,473,122856,0,0,0,0,0,0,0,0,0,331,331,83493,0,0,0,0,0,0,0,0,0
202205,515,21140,C,Elkhart-Goshen  IN ,134,134,41847,0,0,0,0,0,0,0,0,0,133,133,41561,0,0,0,0,0,0,0,0,0
202205,515,35660,C,Niles  MI ,96,96,45048,3,6,1590,0,0,0,1,5,600,41,41,18098,3,6,1590,0,0,0,1,5,600
202205,515,43780,C,South Bend-Mishawaka  IN-MI ,169,169,63759,1,2,390,0,0,0,0,0,0,128,128,53210,1,2,390,0,0,0,0,0,0
202205,518,17660,C,Coeur dAlene  ID ,667,667,241534,11,22,4079,2,6,2514,34,549,59486,309,309,159602,3,6,1292,0,0,0,6,108,15600
202205,518,44060,C,Spokane-Spokane Valley  WA ,889,889,240268,44,88,18584,9,32,6226,43,642,57580,724,724,195918,38,76,17024,8,29,5839,33,537,46009
202205,522,44100,C,Springfield  IL ,86,86,27225,6,12,1878,0,0,0,0,0,0,58,58,18256,6,12,1878,0,0,0,0,0,0
202205,524,44300,C,State College  PA ,109,109,38553,2,4,629,0,0,0,1,135,58941,70,70,30387,0,0,0,0,0,0,1,135,58941
202205,532,45060,C,Syracuse  NY ,180,180,44941,6,12,310,0,0,0,2,10,625,87,87,25481,6,12,310,0,0,0,0,0,0
202205,534,45780,C,Toledo  OH ,312,312,114948,1,2,225,2,8,400,8,43,2150,302,302,113135,1,2,225,2,8,400,8,43,2150
202205,536,46060,C,Tucson  AZ ,2205,2205,708183,12,24,2884,3,12,2771,50,777,100285,1440,1440,501520,1,2,268,3,12,2771,23,416,46117
202205,538,46140,C,Tulsa  OK ,1768,1768,473492,8,16,2366,2,6,645,16,492,52676,1496,1496,395777,8,16,2366,2,6,645,8,440,48676
202205,540,46340,C,Tyler  TX ,290,290,71063,18,36,4685,1,4,539,2,10,1246,184,184,44802,1,2,257,1,4,539,0,0,0
202205,544,47020,C,Victoria  TX ,92,92,21014,0,0,0,0,0,0,0,0,0,85,85,20845,0,0,0,0,0,0,0,0,0
202205,545,47260,C,Virginia Beach-Norfolk-Newport News  VA-NC ,1761,1761,464685,4,8,1220,1,4,813,57,1212,112011,1615,1615,451234,4,8,1220,1,4,813,57,1212,112011
202205,548,12580,C,Baltimore-Columbia-Towson  MD ,1537,1537,361553,1,2,350,0,0,0,34,1896,304975,1413,1413,338260,0,0,0,0,0,0,15,806,132531
202205,548,15680,C,California-Lexington Park  MD ,106,106,38805,0,0,0,0,0,0,0,0,0,106,106,38805,0,0,0,0,0,0,0,0,0
202205,548,16540,C,Chambersburg-Waynesboro  PA ,148,148,40863,2,4,640,1,4,520,4,21,2198,127,127,36047,2,4,640,1,4,520,3,16,1549
202205,548,25180,C,Hagerstown-Martinsburg  MD-WV ,989,989,249570,2,4,860,0,0,0,12,268,30551,954,954,242677,2,4,860,0,0,0,12,268,30551
202205,548,47900,C,Washington-Arlington-Alexandria  DC-VA-MD-WV ,5839,5839,1574939,17,34,4291,2,7,1559,119,6465,889720,5226,5226,1412181,16,32,4121,1,4,700,95,6003,830306
202205,548,49020,C,Winchester  VA-WV ,343,343,89157,0,0,0,0,0,0,0,0,0,342,342,88925,0,0,0,0,0,0,0,0,0
202205,554,48140,C,Wausau-Weston  WI ,158,158,45721,2,4,490,0,0,0,3,24,3000,90,90,27068,1,2,190,0,0,0,3,24,3000
202205,556,48620,C,Wichita  KS ,665,665,239308,229,458,54044,4,13,1595,14,372,45703,530,530,190282,219,438,52215,2,7,1075,14,372,45703
202205,558,48700,C,Williamsport  PA ,25,25,7136,0,0,0,0,0,0,0,0,0,8,8,2787,0,0,0,0,0,0,0,0,0
202205,566,49660,C,Youngstown-Warren-Boardman  OH-PA ,140,140,31044,1,2,377,0,0,0,0,0,0,77,77,18190,1,2,377,0,0,0,0,0,0
202205,999,10180,C,Abilene  TX ,220,220,50106,12,24,2417,0,0,0,36,274,24000,216,216,49179,12,24,2417,0,0,0,36,274,24000
202205,999,10500,C,Albany  GA ,81,81,13350,0,0,0,0,0,0,2,33,3657,52,52,6136,0,0,0,0,0,0,0,0,0
202205,999,10780,C,Alexandria  LA ,133,133,37052,10,20,1620,0,0,0,0,0,0,90,90,25801,10,20,1620,0,0,0,0,0,0
202205,999,10900,C,Allentown-Bethlehem-Easton  PA-NJ ,572,572,141211,8,16,939,1,4,425,10,338,48489,431,431,110359,7,14,905,1,4,425,8,310,48167
202205,999,11260,C,Anchorage  AK ,370,370,117011,2,4,658,5,20,3445,9,100,15075,14,14,3652,2,4,658,0,0,0,0,0,0
202205,999,11500,C,Anniston-Oxford  AL ,47,47,7382,0,0,0,0,0,0,0,0,0,41,41,6737,0,0,0,0,0,0,0,0,0
202205,999,12260,C,Augusta-Richmond County  GA-SC ,1787,1787,441382,3,6,731,23,89,9222,7,184,17813,672,672,168372,3,6,731,23,89,9222,7,184,17813
202205,999,12420,C,Austin-Round Rock-Georgetown  TX ,10400,10400,2637946,79,158,14822,22,79,10925,237,10688,944114,7027,7027,1792083,70,140,13064,18,67,9742,232,10647,940087
202205,999,12540,C,Bakersfield  CA ,994,994,258961,2,4,176,0,0,0,6,53,6830,229,229,40229,0,0,0,0,0,0,0,0,0
202205,999,12620,C,Bangor  ME ,118,118,27828,15,30,5306,5,19,3143,0,0,0,35,35,10224,13,26,4860,4,16,2946,0,0,0
202205,999,12940,C,Baton Rouge  LA ,1868,1868,413081,6,12,9871,0,0,0,0,0,0,263,263,50293,5,10,950,0,0,0,0,0,0
202205,999,13140,C,Beaumont-Port Arthur  TX ,673,673,157979,4,8,980,0,0,0,2,17,1588,588,588,141519,1,2,426,0,0,0,2,17,1588
202205,999,13220,C,Beckley  WV ,42,42,11347,0,0,0,0,0,0,0,0,0,38,38,10972,0,0,0,0,0,0,0,0,0
202205,999,13380,C,Bellingham  WA ,364,364,106414,5,10,1935,16,61,12091,8,339,38238,259,259,75096,3,6,654,16,61,12091,8,339,38238
202205,999,13740,C,Billings  MT ,432,432,71182,16,32,4797,0,0,0,6,33,4698,225,225,61348,16,32,4797,0,0,0,6,33,4698
202205,999,13780,C,Binghamton  NY ,57,57,10498,0,0,0,0,0,0,15,134,13084,3,3,838,0,0,0,0,0,0,0,0,0
202205,999,13900,C,Bismarck  ND ,138,138,46614,14,28,4738,0,0,0,0,0,0,112,112,37801,14,28,4738,0,0,0,0,0,0
202205,999,13980,C,Blacksburg-Christiansburg  VA ,138,138,38118,1,2,190,0,0,0,1,53,13447,117,117,35100,1,2,190,0,0,0,1,53,13447
202205,999,15260,C,Brunswick  GA ,262,262,81002,5,10,1504,0,0,0,4,20,10783,0,0,0,0,0,0,0,0,0,0,0,0
202205,999,16060,C,Carbondale-Marion  IL ,40,40,5862,1,2,125,9,36,2255,2,10,1100,24,24,3721,1,2,125,9,36,2255,2,10,1100
202205,999,16220,C,Casper  WY ,74,74,18367,1,2,126,0,0,0,4,20,1992,32,32,6998,0,0,0,0,0,0,0,0,0
202205,999,16580,C,Champaign-Urbana  IL ,150,150,45992,0,0,0,8,32,4000,3,367,74201,137,137,42811,0,0,0,8,32,4000,3,367,74201
202205,999,16700,C,Charleston-North Charleston  SC ,2557,2557,845813,1,2,128,3,12,3565,32,775,70237,821,821,319529,0,0,0,3,12,3565,5,114,17656
202205,999,16820,C,Charlottesville  VA ,491,491,146665,5,10,1715,0,0,0,15,209,24487,123,123,26611,0,0,0,0,0,0,0,0,0
202205,999,16940,C,Cheyenne  WY ,243,243,45245,0,0,0,10,40,3732,0,0,0,239,239,44650,0,0,0,10,40,3732,0,0,0
202205,999,17020,C,Chico  CA ,484,484,170820,8,16,2379,11,44,3189,19,332,41991,370,370,148174,8,16,2379,11,44,3189,19,332,41991
202205,999,17300,C,Clarksville  TN-KY ,893,893,174114,7,14,2057,24,94,9045,110,1000,87313,876,876,172553,7,14,2057,24,94,9045,110,1000,87313
202205,999,17780,C,College Station-Bryan  TX ,888,888,191207,4,8,1161,7,28,3261,9,75,9027,883,883,190178,4,8,1161,7,28,3261,9,75,9027
202205,999,17820,C,Colorado Springs  CO ,2193,2193,805921,13,26,2440,2,8,872,61,2688,370588,2191,2191,805716,13,26,2440,2,8,872,61,2688,370588
202205,999,18880,C,Crestview-Fort Walton Beach-Destin  FL ,1416,1416,700430,3,6,909,3,9,1764,18,205,65244,1416,1416,700430,3,6,909,3,9,1764,18,205,65244
202205,999,19060,C,Cumberland  MD-WV ,23,23,5542,0,0,0,0,0,0,0,0,0,21,21,5172,0,0,0,0,0,0,0,0,0
202205,999,19180,C,Danville  IL ,2,2,413,0,0,0,0,0,0,0,0,0,0,0,0,0,0,0,0,0,0,0,0,0
202205,999,19500,C,Decatur  IL ,11,11,3608,0,0,0,0,0,0,0,0,0,4,4,1625,0,0,0,0,0,0,0,0,0
202205,999,20220,C,Dubuque  IA ,67,67,21836,0,0,0,0,0,0,1,19,498,33,33,11183,0,0,0,0,0,0,0,0,0
202205,999,20260,C,Duluth  MN-WI ,195,195,50590,2,4,1027,0,0,0,1,33,6400,132,132,34534,2,4,1027,0,0,0,1,33,6400
202205,999,20940,C,El Centro  CA ,169,169,30868,1,2,132,0,0,0,5,60,4275,86,86,15108,1,2,132,0,0,0,5,60,4275
202205,999,21420,C,Enid  OK ,23,23,6723,0,0,0,0,0,0,0,0,0,23,23,6723,0,0,0,0,0,0,0,0,0
202205,999,21660,C,Eugene-Springfield  OR ,381,381,107579,5,10,1961,1,4,650,5,299,18590,248,248,72653,0,0,0,1,4,650,5,299,18590
202205,999,21780,C,Evansville  IN-KY ,365,365,122444,35,70,10193,0,0,0,9,110,3620,258,258,94063,28,56,8880,0,0,0,9,110,3620
202205,999,21820,C,Fairbanks  AK ,5,5,1559,0,0,0,3,9,1532,0,0,0,0,0,0,0,0,0,0,0,0,0,0,0
202205,999,22140,C,Farmington  NM ,71,71,14634,0,0,0,0,0,0,0,0,0,71,71,14634,0,0,0,0,0,0,0,0,0
202205,999,22220,C,Fayetteville-Springdale-Rogers  AR-MO ,2502,2502,738899,32,64,10574,26,103,12300,49,813,105865,1832,1832,575548,17,34,4275,23,92,10870,26,467,69430
202205,999,22380,C,Flagstaff  AZ ,224,224,91323,1,2,88,0,0,0,2,37,3415,224,224,91323,1,2,88,0,0,0,2,37,3415
202205,999,22500,C,Florence  SC ,326,326,55444,11,22,1650,0,0,0,0,0,0,324,324,55228,11,22,1650,0,0,0,0,0,0
202205,999,22520,C,Florence-Muscle Shoals  AL ,151,151,18714,22,44,1760,0,0,0,0,0,0,51,51,7041,22,44,1760,0,0,0,0,0,0
202205,999,22540,C,Fond du Lac  WI ,63,63,20721,0,0,0,0,0,0,2,18,1427,8,8,3177,0,0,0,0,0,0,0,0,0
202205,999,22660,C,Fort Collins  CO ,768,768,266023,2,4,675,2,8,1920,29,650,118716,768,768,266023,2,4,675,2,8,1920,29,650,118716
202205,999,22900,C,Fort Smith  AR-OK ,178,178,34510,19,38,3737,5,16,1780,2,20,1655,142,142,30394,19,38,3737,4,13,1525,2,20,1655
202205,999,23460,C,Gadsden  AL ,88,88,14002,0,0,0,0,0,0,0,0,0,20,20,3876,0,0,0,0,0,0,0,0,0
202205,999,24140,C,Goldsboro  NC ,190,190,39669,0,0,0,0,0,0,3,72,5262,190,190,39669,0,0,0,0,0,0,3,72,5262
202205,999,24220,C,Grand Forks  ND-MN ,59,59,17713,0,0,0,0,0,0,0,0,0,55,55,15966,0,0,0,0,0,0,0,0,0
202205,999,24260,C,Grand Island  NE ,85,85,17699,8,16,3429,6,18,2026,0,0,0,65,65,13582,7,14,3079,4,12,1576,0,0,0
202205,999,24300,C,Grand Junction  CO ,320,320,56861,2,4,401,0,0,0,3,68,4910,320,320,56861,2,4,401,0,0,0,3,68,4910
202205,999,24500,C,Great Falls  MT ,71,71,21718,1,2,600,0,0,0,1,121,24000,71,71,21718,1,2,600,0,0,0,1,121,24000
202205,999,25060,C,Gulfport-Biloxi  MS ,1367,1367,238323,2,4,370,6,23,2357,10,82,6214,833,833,149966,0,0,0,1,4,450,3,32,1981
202205,999,25860,C,Hickory-Lenoir-Morganton  NC ,759,759,185760,7,14,1755,0,0,0,35,350,35727,696,696,175073,5,10,1035,0,0,0,29,304,33164
202205,999,25940,C,Hilton Head Island-Bluffton  SC ,1121,1121,494621,4,8,3148,6,18,7142,3,114,19397,98,98,80810,4,8,3148,6,18,7142,0,0,0
202205,999,26140,C,Homosassa Springs  FL ,664,664,145587,5,10,691,0,0,0,2,10,865,5,5,1232,1,2,210,0,0,0,0,0,0
202205,999,26380,C,Houma-Thibodaux  LA ,333,333,88396,15,30,1578,2,6,524,0,0,0,257,257,67914,9,18,645,0,0,0,0,0,0
202205,999,27100,C,Jackson  MI ,75,75,20166,2,4,325,0,0,0,0,0,0,33,33,10031,0,0,0,0,0,0,0,0,0
202205,999,27340,C,Jacksonville  NC ,664,664,136250,6,12,1939,2,6,2438,0,0,0,664,664,136250,6,12,1939,2,6,2438,0,0,0
202205,999,27620,C,Jefferson City  MO ,73,73,20166,0,0,0,1,4,522,0,0,0,56,56,16504,0,0,0,1,4,522,0,0,0
202205,999,27980,C,Kahului-Wailuku-Lahaina  HI ,128,128,87714,26,52,7212,0,0,0,2,14,41000,128,128,87714,26,52,7212,0,0,0,2,14,41000
202205,999,28660,C,Killeen-Temple  TX ,1379,1379,288394,51,102,10679,0,0,0,0,0,0,1278,1278,266687,44,88,9321,0,0,0,0,0,0
202205,999,29100,C,La Crosse-Onalaska  WI-MN ,78,78,27049,10,20,3936,1,3,525,6,168,21277,40,40,15965,1,2,460,0,0,0,3,129,15933
202205,999,29420,C,Lake Havasu City-Kingman  AZ ,1047,1047,284751,17,34,1851,4,12,455,0,0,0,879,879,238940,16,32,1582,4,12,455,0,0,0
202205,999,29540,C,Lancaster  PA ,294,294,87296,8,16,3298,6,22,3178,14,97,10128,210,210,65780,8,16,3298,5,19,2731,9,72,7441
202205,999,29620,C,Lansing-East Lansing  MI ,211,211,58835,2,4,640,0,0,0,1,5,698,98,98,29302,0,0,0,0,0,0,0,0,0
202205,999,29700,C,Laredo  TX ,627,627,96145,6,12,933,3,9,1171,8,76,4764,0,0,0,0,0,0,0,0,0,0,0,0
202205,999,30020,C,Lawton  OK ,34,34,5786,0,0,0,0,0,0,0,0,0,0,0,0,0,0,0,0,0,0,0,0,0
202205,999,30300,C,Lewiston  ID-WA ,62,62,19634,1,2,648,0,0,0,0,0,0,60,60,18898,1,2,648,0,0,0,0,0,0
202205,999,30860,C,Logan  UT-ID ,434,434,140884,0,0,0,0,0,0,7,49,8738,383,383,128646,0,0,0,0,0,0,7,49,8738
202205,999,30980,C,Longview  TX ,201,201,44897,4,8,787,0,0,0,2,12,1313,143,143,32960,4,8,787,0,0,0,0,0,0
202205,999,31340,C,Lynchburg  VA ,238,238,56905,1,2,284,1,3,603,8,171,12272,226,226,54569,0,0,0,0,0,0,3,115,10820
202205,999,31740,C,Manhattan  KS ,112,112,33654,2,4,615,2,6,500,1,24,7874,40,40,12423,1,2,247,0,0,0,1,24,7874
202205,999,33540,C,Missoula  MT ,141,141,38693,2,4,415,2,7,652,28,354,29774,141,141,38693,2,4,415,2,7,652,28,354,29774
202205,999,36100,C,Ocala  FL ,2388,2388,546816,1,2,100,0,0,0,11,479,61688,2388,2388,546816,1,2,100,0,0,0,11,479,61688
202205,999,36980,C,Owensboro  KY ,129,129,11935,2,4,389,0,0,0,0,0,0,125,125,11129,1,2,216,0,0,0,0,0,0
202205,999,37340,C,Palm Bay-Melbourne-Titusville  FL ,1880,1880,695954,1,2,1070,0,0,0,2,60,13518,1804,1804,679666,1,2,1070,0,0,0,2,60,13518
202205,999,37460,C,Panama City  FL ,864,864,325775,6,12,2136,3,9,2039,6,48,11301,789,789,307033,6,12,2136,3,9,2039,6,48,11301
202205,999,37900,C,Peoria  IL ,84,84,29092,1,2,160,0,0,0,1,5,391,58,58,22840,0,0,0,0,0,0,0,0,0
202205,999,38340,C,Pittsfield  MA ,44,44,19326,0,0,0,0,0,0,3,39,6457,0,0,0,0,0,0,0,0,0,0,0,0
202205,999,38540,C,Pocatello  ID ,137,137,25633,4,8,844,15,59,7681,2,25,1973,88,88,19807,4,8,844,13,52,6955,1,20,1800
202205,999,39150,C,Prescott Valley-Prescott  AZ ,872,872,283028,25,50,8182,0,0,0,7,152,12380,845,845,270002,25,50,8182,0,0,0,7,152,12380
202205,999,40060,C,Richmond  VA ,2112,2112,546099,42,84,7662,0,0,0,84,2408,274311,1958,1958,518961,42,84,7662,0,0,0,77,2365,269714
202205,999,40220,C,Roanoke  VA ,236,236,69305,2,4,628,0,0,0,2,67,8187,112,112,27972,2,4,628,0,0,0,0,0,0
202205,999,41100,C,St. George  UT ,1223,1223,251396,1,2,221,5,18,3346,20,263,24916,929,929,196922,0,0,0,4,15,3083,16,231,22507
202205,999,41500,C,Salinas  CA ,253,253,63426,1,2,589,1,3,446,14,193,12689,49,49,13911,0,0,0,1,3,446,8,157,7583
202205,999,41660,C,San Angelo  TX ,115,115,26298,0,0,0,0,0,0,0,0,0,115,115,26298,0,0,0,0,0,0,0,0,0
202205,999,41740,C,San Diego-Chula Vista-Carlsbad  CA ,1821,1821,538946,28,56,8726,56,194,39410,125,2149,435656,1788,1788,526097,28,56,8726,55,191,36785,120,2062,427394
202205,999,42020,C,San Luis Obispo-Paso Robles  CA ,302,302,83418,2,4,440,2,7,1519,11,144,30582,159,159,54012,2,4,440,0,0,0,9,125,27973
202205,999,42200,C,Santa Maria-Santa Barbara  CA ,207,207,53613,3,6,865,3,9,500,25,592,74819,63,63,36114,0,0,0,2,6,300,0,0,0
202205,999,42540,C,Scranton--Wilkes-Barre  PA ,211,211,58225,3,6,960,0,0,0,5,25,2239,81,81,24545,3,6,960,0,0,0,0,0,0
202205,999,42700,C,Sebring-Avon Park  FL ,284,284,65039,1,2,150,0,0,0,0,0,0,284,284,65039,1,2,150,0,0,0,0,0,0
202205,999,43100,C,Sheboygan  WI ,56,56,19523,3,6,1338,0,0,0,0,0,0,8,8,2783,2,4,806,0,0,0,0,0,0
202205,999,43420,C,Sierra Vista-Douglas  AZ ,185,185,27075,2,4,550,0,0,0,0,0,0,178,178,25415,0,0,0,0,0,0,0,0,0
202205,999,43580,C,Sioux City  IA-NE-SD ,143,143,42966,0,0,0,4,12,0,0,0,0,68,68,22181,0,0,0,0,0,0,0,0,0
202205,999,43620,C,Sioux Falls  SD ,840,840,207655,5,10,1897,36,141,12851,77,1982,228611,803,803,197620,5,10,1897,34,135,12555,76,1977,228204
202205,999,44140,C,Springfield  MA ,210,210,59572,6,12,1678,0,0,0,8,83,11248,88,88,29253,3,6,580,0,0,0,1,28,4616
202205,999,44180,C,Springfield  MO ,584,584,168244,8,16,1923,2,6,950,7,199,26157,422,422,124309,8,16,1923,2,6,950,7,199,26157
202205,999,44940,C,Sumter  SC ,170,170,27920,32,64,6101,0,0,0,1,36,965,129,129,21059,32,64,6101,0,0,0,1,36,965
202205,999,45220,C,Tallahassee  FL ,659,659,139295,4,8,886,0,0,0,22,616,78766,222,222,51327,0,0,0,0,0,0,0,0,0
202205,999,45300,C,Tampa-St. Petersburg-Clearwater  FL ,6919,6919,1960902,24,48,10200,0,0,0,79,2035,326819,6778,6778,1928571,22,44,9640,0,0,0,67,1970,310589
202205,999,45460,C,Terre Haute  IN ,56,56,13452,8,16,2100,4,16,740,2,10,943,21,21,4151,8,16,2100,4,16,740,0,0,0
202205,999,45500,C,Texarkana  TX-AR ,55,55,11169,0,0,0,0,0,0,0,0,0,18,18,2670,0,0,0,0,0,0,0,0,0
202205,999,45820,C,Topeka  KS ,169,169,41908,0,0,0,0,0,0,0,0,0,142,142,37627,0,0,0,0,0,0,0,0,0
202205,999,46220,C,Tuscaloosa  AL ,386,386,97287,1,2,360,10,38,2716,5,177,30175,175,175,39684,0,0,0,0,0,0,0,0,0
202205,999,46300,C,Twin Falls  ID ,302,302,82456,4,8,1489,0,0,0,1,10,1560,276,276,77255,4,8,1489,0,0,0,1,10,1560
202205,999,46520,C,Urban Honolulu  HI ,292,292,105632,39,78,9995,0,0,0,19,589,154102,292,292,105632,39,78,9995,0,0,0,19,589,154102
202205,999,46540,C,Utica-Rome  NY ,109,109,35794,0,0,0,0,0,0,6,43,6503,21,21,19357,0,0,0,0,0,0,0,0,0
202205,999,46660,C,Valdosta  GA ,640,640,120591,5,10,663,0,0,0,5,60,5893,298,298,61504,0,0,0,0,0,0,0,0,0
202205,999,47300,C,Visalia  CA ,649,649,173654,8,16,2166,0,0,0,34,393,62307,649,649,173654,8,16,2166,0,0,0,34,393,62307
202205,999,47380,C,Waco  TX ,544,544,88028,10,20,2447,0,0,0,17,320,30589,452,452,70222,5,10,1464,0,0,0,13,300,28532
202205,999,47940,C,Waterloo-Cedar Falls  IA ,89,89,29244,0,0,0,0,0,0,0,0,0,68,68,21667,0,0,0,0,0,0,0,0,0
202205,999,48060,C,Watertown-Fort Drum  NY ,63,63,14466,0,0,0,0,0,0,0,0,0,3,3,650,0,0,0,0,0,0,0,0,0
202205,999,48300,C,Wenatchee  WA ,300,300,82831,3,6,1073,9,36,7783,7,240,25922,136,136,51329,3,6,1073,9,36,7783,6,235,25334
202205,999,48540,C,Wheeling  WV-OH ,4,4,1291,0,0,0,0,0,0,0,0,0,1,1,198,0,0,0,0,0,0,0,0,0
202205,999,48660,C,Wichita Falls  TX ,92,92,23230,0,0,0,0,0,0,0,0,0,73,73,18829,0,0,0,0,0,0,0,0,0
202205,999,48900,C,Wilmington  NC ,1231,1231,408750,10,20,4195,0,0,0,23,806,102688,534,534,175193,1,2,375,0,0,0,0,0,0
202205,999,49420,C,Yakima  WA ,199,199,51863,5,10,1551,7,25,2984,9,106,12627,149,149,39193,4,8,1066,5,19,2433,4,62,5907
202205,999,49740,C,Yuma  AZ ,380,380,63329,8,16,2023,0,0,0,1,8,759,346,346,58053,8,16,2023,0,0,0,1,8,759
