Survey,CSA,CBSA,MONCOV,CBSA,,1-unit,,,2-units,,,3-4 units,,,5+ units,,,1-unit rep,,,2-units rep,,,3-4 units rep,,,5+ units rep
Date,Code,Code,,Name,Bldgs,Units,Value,Bldgs,Units,Value,Bldgs,Units,Value,Bldgs,Units,Value,Bldgs,Units,Value,Bldgs,Units,Value,      Bldgs,Units,Value,Bldgs,Units,Value
 
202202,104,10580,C,Albany-Schenectady-Troy  NY ,292,292,48044,31,62,1506,0,0,0,6,51,5451,252,252,37339,30,60,1206,0,0,0,3,32,3048
202202,104,24020,C,Glens Falls  NY ,33,33,9615,1,2,297,2,7,916,0,0,0,17,17,5838,1,2,297,2,7,916,0,0,0
202202,106,10740,C,Albuquerque  NM ,369,369,88577,0,0,0,0,0,0,4,101,4708,301,301,70977,0,0,0,0,0,0,1,84,4000
202202,106,42140,C,Santa Fe  NM ,50,50,15810,0,0,0,0,0,0,0,0,0,50,50,15810,0,0,0,0,0,0,0,0,0
202202,107,11020,C,Altoona  PA ,13,13,3384,0,0,0,0,0,0,0,0,0,2,2,727,0,0,0,0,0,0,0,0,0
202202,108,11100,C,Amarillo  TX ,175,175,42261,2,4,514,0,0,0,0,0,0,171,171,40911,2,4,514,0,0,0,0,0,0
202202,118,11540,C,Appleton  WI ,88,88,28198,8,16,2850,0,0,0,1,5,567,75,75,24328,8,16,2850,0,0,0,1,5,567
202202,118,36780,C,Oshkosh-Neenah  WI ,46,46,17972,0,0,0,0,0,0,0,0,0,42,42,16769,0,0,0,0,0,0,0,0,0
202202,120,11700,C,Asheville  NC ,489,489,142664,3,6,911,0,0,0,11,237,23381,184,184,52780,1,2,30,0,0,0,1,12,912
202202,122,12020,C,Athens-Clarke County  GA ,137,137,35759,1,2,60,0,0,0,12,263,25175,120,120,34627,1,2,60,0,0,0,12,263,25175
202202,122,12060,C,Atlanta-Sandy Springs-Alpharetta  GA ,4845,4845,1150967,7,14,2093,16,59,7818,64,2204,248246,4283,4283,1033011,3,6,1283,14,53,7391,54,2012,230402
202202,122,23580,C,Gainesville  GA ,222,222,52396,0,0,0,9,33,3301,7,41,4953,52,52,12336,0,0,0,9,33,3301,7,41,4953
202202,122,40660,C,Rome  GA ,43,43,8009,0,0,0,0,0,0,0,0,0,43,43,8009,0,0,0,0,0,0,0,0,0
202202,140,13460,C,Bend  OR ,239,239,80803,7,14,3015,11,33,3174,5,84,9228,143,143,58215,7,14,3015,9,27,2171,3,56,6047
202202,142,13820,C,Birmingham-Hoover  AL ,534,534,162097,0,0,0,0,0,0,0,0,0,373,373,102885,0,0,0,0,0,0,0,0,0
202202,144,14020,C,Bloomington  IN ,41,41,11113,2,4,568,0,0,0,2,55,6458,0,0,0,0,0,0,0,0,0,0,0,0
202202,145,14010,C,Bloomington  IL ,22,22,5459,1,2,146,0,0,0,0,0,0,13,13,3509,0,0,0,0,0,0,0,0,0
202202,146,14100,C,Bloomsburg-Berwick  PA ,16,16,3335,0,0,0,0,0,0,0,0,0,7,7,1645,0,0,0,0,0,0,0,0,0
202202,147,14260,C,Boise City  ID ,1225,1225,314402,1,2,331,11,43,3913,47,536,81414,1177,1177,302841,1,2,331,11,43,3913,47,536,81414
202202,148,12700,C,Barnstable Town  MA ,81,81,39923,4,8,600,1,3,900,0,0,0,49,49,26981,4,8,600,1,3,900,0,0,0
202202,148,14460,C,Boston-Cambridge-Newton  MA-NH ,677,677,232286,29,58,14992,16,51,11374,104,2003,404070,277,277,120258,21,42,11760,14,45,10405,24,1402,331691
202202,148,31700,C,Manchester-Nashua  NH ,109,109,28462,1,2,296,0,0,0,1,40,3835,35,35,10758,0,0,0,0,0,0,1,40,3835
202202,148,39300,C,Providence-Warwick  RI-MA ,237,237,68342,17,34,4472,2,7,746,4,21,3772,116,116,41348,10,20,2836,1,4,523,1,6,949
202202,148,49340,C,Worcester  MA-CT ,179,179,47371,4,8,1585,0,0,0,5,81,11245,80,80,21635,2,4,800,0,0,0,1,14,2416
202202,150,14540,C,Bowling Green  KY ,143,143,34197,0,0,0,0,0,0,15,120,8557,143,143,34197,0,0,0,0,0,0,15,120,8557
202202,154,15180,C,Brownsville-Harlingen  TX ,406,406,37405,6,12,765,5,15,1585,4,39,2864,182,182,10023,2,4,202,0,0,0,0,0,0
202202,160,15380,C,Buffalo-Cheektowaga  NY ,138,138,50084,4,8,1732,0,0,0,6,55,8958,105,105,41626,4,8,1732,0,0,0,0,0,0
202202,162,15540,C,Burlington-South Burlington  VT ,73,73,21715,1,2,415,1,3,145,4,25,3022,42,42,13187,0,0,0,0,0,0,0,0,0
202202,163,15980,C,Cape Coral-Fort Myers  FL ,1866,1866,369014,18,36,4288,2,8,933,24,562,95004,1866,1866,369014,18,36,4288,2,8,933,24,562,95004
202202,163,34940,C,Naples-Marco Island  FL ,677,677,291154,3,6,1141,5,20,4393,11,205,68401,68,68,137686,0,0,0,0,0,0,1,72,36000
202202,164,16020,C,Cape Girardeau  MO-IL ,11,11,3049,1,2,325,1,3,75,2,10,1154,0,0,0,0,0,0,0,0,0,0,0,0
202202,168,16300,C,Cedar Rapids  IA ,46,46,10929,2,4,1200,0,0,0,2,20,4327,45,45,10715,2,4,1200,0,0,0,2,20,4327
202202,168,26980,C,Iowa City  IA ,56,56,17043,2,4,797,2,7,845,2,14,2007,15,15,4734,0,0,0,0,0,0,0,0,0
202202,170,16620,C,Charleston  WV ,26,26,4078,0,0,0,0,0,0,0,0,0,14,14,2376,0,0,0,0,0,0,0,0,0
202202,170,26580,C,Huntington-Ashland  WV-KY-OH ,40,40,7694,0,0,0,0,0,0,0,0,0,0,0,0,0,0,0,0,0,0,0,0,0
202202,172,16740,C,Charlotte-Concord-Gastonia  NC-SC ,3585,3585,989447,10,20,3096,2,8,1055,43,2385,298249,3151,3151,856790,10,20,3096,2,8,1055,41,2350,294276
202202,174,16860,C,Chattanooga  TN-GA ,397,397,93753,7,14,1010,5,20,4348,8,102,10704,248,248,62099,0,0,0,5,20,4348,0,0,0
202202,174,17420,C,Cleveland  TN ,141,141,28738,0,0,0,3,11,1666,0,0,0,54,54,10488,0,0,0,0,0,0,0,0,0
202202,174,19140,C,Dalton  GA ,69,69,11440,0,0,0,1,4,480,1,5,143,0,0,0,0,0,0,0,0,0,0,0,0
202202,176,16980,C,Chicago-Naperville-Elgin  IL-IN-WI ,1052,1052,335851,13,26,4375,30,97,17259,30,614,131474,818,818,269277,12,24,4089,29,94,17034,21,554,122660
202202,176,28100,C,Kankakee  IL ,11,11,2750,0,0,0,0,0,0,0,0,0,11,11,2750,0,0,0,0,0,0,0,0,0
202202,176,33140,C,Michigan City-La Porte  IN ,11,11,3050,0,0,0,0,0,0,0,0,0,5,5,1288,0,0,0,0,0,0,0,0,0
202202,178,17140,C,Cincinnati  OH-KY-IN ,633,633,190706,19,38,5350,0,0,0,7,228,13863,571,571,174440,19,38,5350,0,0,0,6,222,13066
202202,184,10420,C,Akron  OH ,108,108,44419,0,0,0,2,6,600,2,11,147,41,41,11013,0,0,0,0,0,0,0,0,0
202202,184,15940,C,Canton-Massillon  OH ,67,67,20069,4,8,1438,2,7,854,2,10,768,56,56,18229,4,8,1438,1,4,700,0,0,0
202202,184,17460,C,Cleveland-Elyria  OH ,363,363,114701,1,2,11,1,3,208,4,172,27471,267,267,93686,0,0,0,0,0,0,4,172,27471
202202,190,17860,C,Columbia  MO ,55,55,21317,0,0,0,0,0,0,1,13,1772,55,55,21317,0,0,0,0,0,0,1,13,1772
202202,192,17900,C,Columbia  SC ,907,907,205225,0,0,0,0,0,0,26,548,65617,310,310,62427,0,0,0,0,0,0,22,528,62683
202202,194,12220,C,Auburn-Opelika  AL ,241,241,63228,1,2,429,0,0,0,12,176,25591,51,51,14128,0,0,0,0,0,0,0,0,0
202202,194,17980,C,Columbus  GA-AL ,222,222,44868,12,24,4500,0,0,0,2,39,6064,116,116,32409,0,0,0,0,0,0,0,0,0
202202,198,18140,C,Columbus  OH ,847,847,294880,5,10,1845,2,8,378,54,1054,74856,758,758,271004,4,8,1570,2,8,378,51,1039,73024
202202,204,18580,C,Corpus Christi  TX ,351,351,85473,0,0,0,0,0,0,4,54,4490,272,272,65074,0,0,0,0,0,0,0,0,0
202202,206,19100,C,Dallas-Fort Worth-Arlington  TX ,7901,7901,2285261,52,104,12953,25,87,14327,116,4672,609546,6870,6870,1991783,45,90,10793,23,81,13502,112,4506,579174
202202,206,43300,C,Sherman-Denison  TX ,271,271,38301,3,6,536,0,0,0,2,20,2256,222,222,32419,1,2,257,0,0,0,0,0,0
202202,209,19340,C,Davenport-Moline-Rock Island  IA-IL ,77,77,16374,1,2,360,2,8,1659,0,0,0,51,51,10727,1,2,360,2,8,1659,0,0,0
202202,212,19430,C,Dayton-Kettering  OH ,215,215,68953,0,0,0,2,6,1124,2,41,4974,152,152,50544,0,0,0,1,3,825,0,0,0
202202,212,44220,C,Springfield  OH ,29,29,8551,0,0,0,0,0,0,1,6,652,29,29,8551,0,0,0,0,0,0,1,6,652
202202,216,14500,C,Boulder  CO ,52,52,22647,2,4,927,3,11,2425,6,74,14985,41,41,14992,0,0,0,1,4,667,2,24,5194
202202,216,19740,C,Denver-Aurora-Lakewood  CO ,2156,2156,663841,82,164,32553,7,26,6453,41,1843,301285,2088,2088,641246,81,162,31899,6,23,5954,37,1776,290795
202202,216,24540,C,Greeley  CO ,576,576,161690,9,18,2184,3,9,2012,25,585,82217,279,279,78168,0,0,0,0,0,0,23,554,78173
202202,218,11180,C,Ames  IA ,22,22,6080,0,0,0,0,0,0,0,0,0,14,14,4147,0,0,0,0,0,0,0,0,0
202202,218,19780,C,Des Moines-West Des Moines  IA ,515,515,155822,4,8,1618,3,12,2948,7,83,7774,471,471,144109,3,6,1327,3,12,2948,2,54,4997
202202,220,11460,C,Ann Arbor  MI ,78,78,26143,0,0,0,3,9,1458,0,0,0,56,56,20444,0,0,0,1,3,700,0,0,0
202202,220,19820,C,Detroit-Warren-Dearborn  MI ,728,728,248960,5,10,2470,10,36,5861,10,333,46653,562,562,208980,4,8,2190,7,26,4915,10,333,46653
202202,220,22420,C,Flint  MI ,61,61,15316,0,0,0,0,0,0,0,0,0,40,40,10292,0,0,0,0,0,0,0,0,0
202202,220,33780,C,Monroe  MI ,33,33,8465,0,0,0,0,0,0,2,13,464,21,21,5972,0,0,0,0,0,0,0,0,0
202202,222,20020,C,Dothan  AL ,53,53,15218,0,0,0,0,0,0,0,0,0,28,28,9711,0,0,0,0,0,0,0,0,0
202202,232,20740,C,Eau Claire  WI ,36,36,10786,3,6,1280,0,0,0,2,15,2500,31,31,8960,3,6,1280,0,0,0,2,15,2500
202202,236,21300,C,Elmira  NY ,9,9,1942,0,0,0,0,0,0,2,26,4039,3,3,600,0,0,0,0,0,0,0,0,0
202202,238,21340,C,El Paso  TX ,413,413,96391,8,16,1971,1,3,392,4,26,3116,23,23,5503,0,0,0,0,0,0,0,0,0
202202,238,29740,C,Las Cruces  NM ,189,189,50435,0,0,0,1,3,237,2,13,914,38,38,13040,0,0,0,0,0,0,0,0,0
202202,240,21500,C,Erie  PA ,28,28,9346,0,0,0,0,0,0,0,0,0,17,17,7001,0,0,0,0,0,0,0,0,0
202202,244,22020,C,Fargo  ND-MN ,50,50,14515,0,0,0,0,0,0,0,0,0,33,33,8818,0,0,0,0,0,0,0,0,0
202202,246,22180,C,Fayetteville  NC ,425,425,84144,0,0,0,0,0,0,2,10,1380,290,290,65182,0,0,0,0,0,0,2,10,1380
202202,258,23060,C,Fort Wayne  IN ,214,214,61411,8,16,1269,0,0,0,1,10,743,214,214,61411,8,16,1269,0,0,0,1,10,743
202202,260,23420,C,Fresno  CA ,453,453,129261,0,0,0,2,7,825,1,7,929,252,252,63951,0,0,0,1,3,525,0,0,0
202202,260,25260,C,Hanford-Corcoran  CA ,45,45,12244,1,2,562,0,0,0,0,0,0,30,30,8824,0,0,0,0,0,0,0,0,0
202202,260,31460,C,Madera  CA ,113,113,32946,0,0,0,0,0,0,0,0,0,113,113,32946,0,0,0,0,0,0,0,0,0
202202,264,23540,C,Gainesville  FL ,269,269,65039,3,6,349,0,0,0,2,186,6333,150,150,46452,3,6,349,0,0,0,0,0,0
202202,266,24340,C,Grand Rapids-Kentwood  MI ,337,337,112014,7,14,3071,3,10,1271,8,73,7754,244,244,89087,1,2,175,1,4,698,0,0,0
202202,266,34740,C,Muskegon  MI ,37,37,9005,0,0,0,0,0,0,9,217,15624,32,32,7771,0,0,0,0,0,0,9,217,15624
202202,267,24580,C,Green Bay  WI ,112,112,43467,0,0,0,0,0,0,3,16,1240,75,75,30687,0,0,0,0,0,0,0,0,0
202202,268,15500,C,Burlington  NC ,254,254,45104,1,2,180,0,0,0,0,0,0,254,254,45104,1,2,180,0,0,0,0,0,0
202202,268,24660,C,Greensboro-High Point  NC ,417,417,120440,0,0,0,0,0,0,12,276,37943,280,280,72495,0,0,0,0,0,0,12,276,37943
202202,268,49180,C,Winston-Salem  NC ,637,637,140189,0,0,0,0,0,0,2,11,434,437,437,85775,0,0,0,0,0,0,0,0,0
202202,272,24780,C,Greenville  NC ,142,142,37827,4,8,543,0,0,0,0,0,0,78,78,22769,4,8,543,0,0,0,0,0,0
202202,273,24860,C,Greenville-Anderson  SC ,1178,1178,292350,7,14,1226,4,12,621,24,380,52700,876,876,223140,1,2,240,4,12,621,10,240,21272
202202,273,43900,C,Spartanburg  SC ,530,530,86369,0,0,0,0,0,0,0,0,0,0,0,0,0,0,0,0,0,0,0,0,0
202202,276,23900,C,Gettysburg  PA ,55,55,17901,0,0,0,0,0,0,0,0,0,55,55,17901,0,0,0,0,0,0,0,0,0
202202,276,25420,C,Harrisburg-Carlisle  PA ,291,291,64570,0,0,0,0,0,0,5,50,6891,238,238,51597,0,0,0,0,0,0,3,39,5540
202202,276,30140,C,Lebanon  PA ,30,30,5626,0,0,0,0,0,0,2,10,1752,1,1,75,0,0,0,0,0,0,0,0,0
202202,276,49620,C,York-Hanover  PA ,199,199,52306,0,0,0,0,0,0,3,25,2122,140,140,40727,0,0,0,0,0,0,0,0,0
202202,277,25500,C,Harrisonburg  VA ,123,123,32149,0,0,0,0,0,0,0,0,0,123,123,32149,0,0,0,0,0,0,0,0,0
202202,277,44420,C,Staunton  VA ,55,55,13655,0,0,0,0,0,0,1,20,1500,55,55,13655,0,0,0,0,0,0,1,20,1500
202202,278,25540,C,Hartford-East Hartford-Middletown  CT ,92,92,22026,2,4,300,0,0,0,7,51,3476,39,39,9788,2,4,300,0,0,0,0,0,0
202202,278,35980,C,Norwich-New London  CT ,66,66,17031,1,2,327,0,0,0,0,0,0,45,45,11882,1,2,327,0,0,0,0,0,0
202202,279,25620,C,Hattiesburg  MS ,24,24,5238,0,0,0,0,0,0,1,5,400,0,0,0,0,0,0,0,0,0,0,0,0
202202,284,26300,C,Hot Springs  AR ,15,15,4027,0,0,0,0,0,0,0,0,0,15,15,4027,0,0,0,0,0,0,0,0,0
202202,288,26420,C,Houston-The Woodlands-Sugar Land  TX ,9467,9467,2221757,49,98,11937,0,0,0,81,3027,357681,8665,8665,2024488,49,98,11937,0,0,0,72,2939,348986
202202,290,19460,C,Decatur  AL ,37,37,10699,0,0,0,0,0,0,0,0,0,24,24,8139,0,0,0,0,0,0,0,0,0
202202,290,26620,C,Huntsville  AL ,809,809,151213,2,4,337,0,0,0,2,13,1518,187,187,50772,0,0,0,0,0,0,0,0,0
202202,292,26820,C,Idaho Falls  ID ,166,166,38623,0,0,0,2,7,915,0,0,0,159,159,37382,0,0,0,1,4,465,0,0,0
202202,294,18020,C,Columbus  IN ,22,22,5600,0,0,0,0,0,0,0,0,0,0,0,0,0,0,0,0,0,0,0,0,0
202202,294,26900,C,Indianapolis-Carmel-Anderson  IN ,1639,1639,509388,19,38,8332,2,6,608,32,921,124573,1603,1603,501710,19,38,8332,2,6,608,32,921,124573
202202,294,34620,C,Muncie  IN ,34,34,3173,0,0,0,0,0,0,0,0,0,27,27,1276,0,0,0,0,0,0,0,0,0
202202,296,27060,C,Ithaca  NY ,12,12,3349,0,0,0,0,0,0,4,34,3041,3,3,472,0,0,0,0,0,0,0,0,0
202202,297,27180,C,Jackson  TN ,96,96,22798,0,0,0,0,0,0,0,0,0,22,22,6411,0,0,0,0,0,0,0,0,0
202202,298,27140,C,Jackson  MS ,249,249,57541,0,0,0,1,3,131,0,0,0,160,160,39427,0,0,0,0,0,0,0,0,0
202202,300,27260,C,Jacksonville  FL ,2827,2827,673850,2,4,689,0,0,0,49,2368,278650,2816,2816,670237,2,4,689,0,0,0,49,2368,278650
202202,304,27740,C,Johnson City  TN ,118,118,28957,0,0,0,0,0,0,11,101,8910,71,71,21975,0,0,0,0,0,0,11,101,8910
202202,304,28700,C,Kingsport-Bristol  TN-VA ,106,106,24419,11,22,4070,4,14,1888,2,29,1696,75,75,20468,11,22,4070,3,11,1542,0,0,0
202202,306,27780,C,Johnstown  PA ,13,13,2937,0,0,0,0,0,0,0,0,0,0,0,0,0,0,0,0,0,0,0,0,0
202202,308,27860,C,Jonesboro  AR ,119,119,17588,7,14,1052,10,33,1639,3,21,1571,16,16,2173,1,2,227,0,0,0,0,0,0
202202,309,27900,C,Joplin  MO ,92,92,15467,7,14,1055,1,3,139,2,16,1864,50,50,9766,3,6,751,0,0,0,0,0,0
202202,310,12980,C,Battle Creek  MI ,11,11,2911,0,0,0,0,0,0,0,0,0,0,0,0,0,0,0,0,0,0,0,0,0
202202,310,28020,C,Kalamazoo-Portage  MI ,53,53,16209,3,6,1321,0,0,0,0,0,0,23,23,7772,2,4,921,0,0,0,0,0,0
202202,312,28140,C,Kansas City  MO-KS ,939,939,302144,9,18,4254,11,41,6226,22,1245,147174,830,830,269892,8,16,3983,11,41,6226,15,947,108737
202202,312,29940,C,Lawrence  KS ,21,21,7505,2,4,393,0,0,0,0,0,0,8,8,2569,0,0,0,0,0,0,0,0,0
202202,312,41140,C,St. Joseph  MO-KS ,11,11,2379,1,2,225,0,0,0,0,0,0,2,2,340,0,0,0,0,0,0,0,0,0
202202,313,28420,C,Kennewick-Richland  WA ,308,308,92035,1,2,224,1,4,566,4,168,21910,109,109,36601,0,0,0,1,4,566,4,168,21910
202202,313,47460,C,Walla Walla  WA ,20,20,6936,1,2,494,2,6,700,0,0,0,14,14,5636,1,2,494,0,0,0,0,0,0
202202,315,28940,C,Knoxville  TN ,816,816,196775,0,0,0,0,0,0,13,315,43384,692,692,178958,0,0,0,0,0,0,10,274,40221
202202,315,34100,C,Morristown  TN ,131,131,32015,1,2,650,6,18,2400,0,0,0,114,114,29162,1,2,650,6,18,2400,0,0,0
202202,316,29020,C,Kokomo  IN ,19,19,5701,0,0,0,0,0,0,0,0,0,16,16,4785,0,0,0,0,0,0,0,0,0
202202,318,29180,C,Lafayette  LA ,442,442,104251,0,0,0,0,0,0,2,16,3774,245,245,56802,0,0,0,0,0,0,1,11,3245
202202,320,29200,C,Lafayette-West Lafayette  IN ,67,67,18234,0,0,0,0,0,0,2,43,4882,2,2,954,0,0,0,0,0,0,0,0,0
202202,324,29340,C,Lake Charles  LA ,155,155,27988,5,10,677,0,0,0,0,0,0,46,46,8035,4,8,580,0,0,0,0,0,0
202202,332,29820,C,Las Vegas-Henderson-Paradise  NV ,2327,2327,634070,2,4,950,19,75,7560,42,1004,100031,2321,2321,631888,2,4,950,19,75,7560,42,1004,100031
202202,336,30460,C,Lexington-Fayette  KY ,239,239,60815,2,4,379,2,6,879,6,160,15180,89,89,28058,1,2,160,0,0,0,0,0,0
202202,338,30620,C,Lima  OH ,14,14,3462,1,2,80,1,3,207,1,5,560,2,2,538,0,0,0,0,0,0,0,0,0
202202,339,30700,C,Lincoln  NE ,190,190,54438,2,4,449,0,0,0,9,174,18112,28,28,6873,0,0,0,0,0,0,2,24,2824
202202,340,30780,C,Little Rock-North Little Rock-Conway  AR ,363,363,101388,4,8,671,1,3,226,6,133,6706,292,292,84851,2,4,380,1,3,226,4,96,4000
202202,340,38220,C,Pine Bluff  AR ,8,8,1039,0,0,0,0,0,0,2,24,550,3,3,250,0,0,0,0,0,0,2,24,550
202202,348,31080,C,Los Angeles-Long Beach-Anaheim  CA ,1782,1782,526949,127,254,60183,15,48,18057,82,2498,372084,1469,1469,405711,119,238,55511,12,38,16314,68,2416,358674
202202,348,37100,C,Oxnard-Thousand Oaks-Ventura  CA ,79,79,23496,1,2,487,2,6,1563,16,240,31261,32,32,9154,0,0,0,0,0,0,5,96,8742
202202,348,40140,C,Riverside-San Bernardino-Ontario  CA ,1890,1890,544850,5,10,259,3,12,2597,25,343,38900,1492,1492,443842,5,10,259,3,12,2597,16,260,29206
202202,350,21060,C,Elizabethtown-Fort Knox  KY ,63,63,15328,2,4,365,0,0,0,0,0,0,44,44,10943,1,2,165,0,0,0,0,0,0
202202,350,31140,C,Louisville-Jefferson County  KY-IN ,680,680,184625,7,14,2155,0,0,0,2,10,3186,421,421,130032,4,8,1179,0,0,0,0,0,0
202202,352,31180,C,Lubbock  TX ,557,557,130458,45,90,12902,0,0,0,2,10,719,551,551,129235,45,90,12902,0,0,0,0,0,0
202202,356,31420,C,Macon-Bibb County  GA ,97,97,19404,0,0,0,0,0,0,0,0,0,30,30,5905,0,0,0,0,0,0,0,0,0
202202,356,47580,C,Warner Robins  GA ,241,241,46719,0,0,0,0,0,0,0,0,0,186,186,33869,0,0,0,0,0,0,0,0,0
202202,357,27500,C,Janesville-Beloit  WI ,50,50,12780,3,6,1201,0,0,0,2,21,2712,30,30,7519,1,2,600,0,0,0,0,0,0
202202,357,31540,C,Madison  WI ,226,226,89367,8,16,3820,1,4,1800,8,250,36917,180,180,75996,4,8,1791,1,4,1800,7,245,35746
202202,359,31860,C,Mankato  MN ,23,23,5248,0,0,0,0,0,0,4,59,8382,5,5,1448,0,0,0,0,0,0,2,34,4324
202202,360,31900,C,Mansfield  OH ,14,14,4427,1,2,200,9,36,5199,2,12,1430,14,14,4427,1,2,200,9,36,5199,2,12,1430
202202,365,32580,C,McAllen-Edinburg-Mission  TX ,694,694,144573,9,18,1225,58,231,13700,9,54,3658,534,534,115848,2,4,705,58,231,13700,9,54,3658
202202,366,24420,C,Grants Pass  OR ,51,51,9149,4,8,742,0,0,0,0,0,0,51,51,9149,4,8,742,0,0,0,0,0,0
202202,366,32780,C,Medford  OR ,128,128,36950,1,2,429,7,28,2283,3,37,4757,118,118,34412,1,2,429,7,28,2283,1,27,3412
202202,368,32820,C,Memphis  TN-MS-AR ,690,690,153098,0,0,0,0,0,0,1,5,609,587,587,135347,0,0,0,0,0,0,0,0,0
202202,370,33100,C,Miami-Fort Lauderdale-Pompano Beach  FL ,1210,1210,465323,22,44,9608,12,44,6865,59,1681,342440,1036,1036,386277,21,42,9348,11,41,5718,46,1510,326568
202202,370,38940,C,Port St. Lucie  FL ,852,852,225934,16,32,5334,1,4,545,16,460,65657,806,806,210724,16,32,5334,1,4,545,16,460,65657
202202,370,42680,C,Sebastian-Vero Beach  FL ,144,144,76924,6,12,2019,0,0,0,0,0,0,134,134,68553,6,12,2019,0,0,0,0,0,0
202202,372,33260,C,Midland  TX ,112,112,22356,0,0,0,0,0,0,0,0,0,112,112,22356,0,0,0,0,0,0,0,0,0
202202,372,36220,C,Odessa  TX ,166,166,38894,0,0,0,0,0,0,2,60,7191,0,0,0,0,0,0,0,0,0,0,0,0
202202,376,33340,C,Milwaukee-Waukesha  WI ,240,240,101279,20,40,10142,0,0,0,2,252,40500,180,180,74975,19,38,9792,0,0,0,2,252,40500
202202,376,39540,C,Racine  WI ,14,14,5966,2,4,600,0,0,0,0,0,0,13,13,5591,2,4,600,0,0,0,0,0,0
202202,378,33460,C,Minneapolis-St. Paul-Bloomington  MN-WI ,1354,1354,473587,5,10,2766,10,37,6329,30,1783,377146,1198,1198,425227,5,10,2766,10,37,6329,22,1704,368929
202202,378,41060,C,St. Cloud  MN ,37,37,10256,2,4,517,0,0,0,0,0,0,6,6,2540,0,0,0,0,0,0,0,0,0
202202,380,19300,C,Daphne-Fairhope-Foley  AL ,526,526,143843,0,0,0,0,0,0,0,0,0,379,379,110991,0,0,0,0,0,0,0,0,0
202202,380,33660,C,Mobile  AL ,111,111,25065,0,0,0,0,0,0,0,0,0,100,100,23565,0,0,0,0,0,0,0,0,0
202202,384,33740,C,Monroe  LA ,66,66,15510,0,0,0,2,6,943,3,15,1737,1,1,300,0,0,0,0,0,0,0,0,0
202202,388,33860,C,Montgomery  AL ,164,164,40774,0,0,0,1,3,277,1,5,420,112,112,31379,0,0,0,0,0,0,0,0,0
202202,390,34060,C,Morgantown  WV ,2,2,274,0,0,0,0,0,0,0,0,0,0,0,0,0,0,0,0,0,0,0,0,0
202202,396,34820,C,Myrtle Beach-Conway-North Myrtle Beach  SC-NC ,1517,1517,345888,9,18,1575,0,0,0,12,322,38489,1014,1014,205900,8,16,1350,0,0,0,9,295,36747
202202,400,34980,C,Nashville-Davidson--Murfreesboro--Franklin  TN ,2798,2798,827366,3,6,610,10,38,6378,14,1292,111805,2140,2140,659015,3,6,610,6,24,5348,8,1166,97099
202202,404,35100,C,New Bern  NC ,129,129,29966,0,0,0,0,0,0,2,43,4888,94,94,23438,0,0,0,0,0,0,1,36,4484
202202,406,25220,C,Hammond  LA ,197,197,34664,2,4,201,0,0,0,3,92,9111,0,0,0,0,0,0,0,0,0,0,0,0
202202,406,35380,C,New Orleans-Metairie  LA ,661,661,175003,24,48,5359,0,0,0,2,99,17684,469,469,126306,3,6,549,0,0,0,0,0,0
202202,408,14860,C,Bridgeport-Stamford-Norwalk  CT ,133,133,89325,6,12,2078,0,0,0,4,63,9212,94,94,59507,4,8,1763,0,0,0,3,55,8705
202202,408,20700,C,East Stroudsburg  PA ,20,20,6637,0,0,0,0,0,0,1,7,2357,4,4,2602,0,0,0,0,0,0,1,7,2357
202202,408,28740,C,Kingston  NY ,22,22,9705,0,0,0,0,0,0,0,0,0,8,8,4930,0,0,0,0,0,0,0,0,0
202202,408,35300,C,New Haven-Milford  CT ,114,114,28183,1,2,192,1,3,737,8,220,19027,37,37,9270,0,0,0,0,0,0,0,0,0
202202,408,35620,C,New York-Newark-Jersey City  NY-NJ-PA ,2049,2049,534692,109,218,26100,28,89,8412,277,6260,701236,1397,1397,364956,79,158,20701,15,49,6370,162,4410,532101
202202,408,39100,C,Poughkeepsie-Newburgh-Middletown  NY ,130,130,39952,1,2,298,1,3,392,4,52,9415,32,32,13347,1,2,298,1,3,392,1,34,6640
202202,408,45940,C,Trenton-Princeton  NJ ,37,37,6841,0,0,0,0,0,0,7,88,3351,20,20,2066,0,0,0,0,0,0,5,78,2669
202202,412,35840,C,North Port-Sarasota-Bradenton  FL ,1974,1974,562113,2,4,1081,3,11,1250,10,437,59701,1921,1921,546937,2,4,1081,3,11,1250,10,437,59701
202202,412,39460,C,Punta Gorda  FL ,853,853,250501,25,50,8048,2,8,1603,2,32,4515,853,853,250501,25,50,8048,2,8,1603,2,32,4515
202202,416,36420,C,Oklahoma City  OK ,1156,1156,317818,31,62,6997,0,0,0,0,0,0,1071,1071,303560,29,58,6701,0,0,0,0,0,0
202202,420,36540,C,Omaha-Council Bluffs  NE-IA ,411,411,92788,7,14,1399,45,180,11307,14,470,34926,338,338,74169,6,12,1213,45,180,11307,12,460,33773
202202,422,19660,C,Deltona-Daytona Beach-Ormond Beach  FL ,1016,1016,311521,10,20,3397,0,0,0,9,389,58440,908,908,278900,9,18,2881,0,0,0,7,354,54113
202202,422,29460,C,Lakeland-Winter Haven  FL ,1725,1725,440760,6,12,1210,0,0,0,4,72,10069,1533,1533,394979,6,12,1210,0,0,0,4,72,10069
202202,422,36740,C,Orlando-Kissimmee-Sanford  FL ,3034,3034,815979,8,16,2919,16,64,8211,23,1619,230988,2698,2698,724238,8,16,2919,16,64,8211,15,1506,220989
202202,422,45540,C,The Villages  FL ,660,660,185160,0,0,0,0,0,0,1,8,1772,658,658,184781,0,0,0,0,0,0,1,8,1772
202202,425,37620,C,Parkersburg-Vienna  WV ,14,14,2931,0,0,0,0,0,0,0,0,0,10,10,2219,0,0,0,0,0,0,0,0,0
202202,426,37860,C,Pensacola-Ferry Pass-Brent  FL ,597,597,142562,7,14,1798,0,0,0,4,162,20180,597,597,142562,7,14,1798,0,0,0,4,162,20180
202202,428,12100,C,Atlantic City-Hammonton  NJ ,103,103,32307,3,6,802,0,0,0,5,84,4016,96,96,31505,3,6,802,0,0,0,0,0,0
202202,428,20100,C,Dover  DE ,193,193,31428,0,0,0,0,0,0,0,0,0,189,189,30568,0,0,0,0,0,0,0,0,0
202202,428,36140,C,Ocean City  NJ ,104,104,58148,13,26,6326,0,0,0,1,5,50,93,93,55453,13,26,6326,0,0,0,1,5,50
202202,428,37980,C,Philadelphia-Camden-Wilmington  PA-NJ-DE-MD ,1377,1377,242962,14,28,3800,10,35,4918,50,546,59282,897,897,185805,14,28,3800,10,35,4918,28,357,38583
202202,428,39740,C,Reading  PA ,63,63,14553,0,0,0,0,0,0,2,10,1315,37,37,8452,0,0,0,0,0,0,0,0,0
202202,428,47220,C,Vineland-Bridgeton  NJ ,32,32,3015,0,0,0,0,0,0,0,0,0,24,24,2617,0,0,0,0,0,0,0,0,0
202202,429,38060,C,Phoenix-Mesa-Chandler  AZ ,6157,6157,1654302,184,368,37071,16,60,8772,62,1866,287189,6083,6083,1613119,182,364,36551,16,60,8772,59,1620,244161
202202,430,38300,C,Pittsburgh  PA ,543,543,154258,4,8,1954,3,10,1963,12,131,16919,277,277,93484,2,4,1674,1,4,900,0,0,0
202202,430,48260,C,Weirton-Steubenville  WV-OH ,5,5,1336,0,0,0,0,0,0,0,0,0,2,2,634,0,0,0,0,0,0,0,0,0
202202,438,30340,C,Lewiston-Auburn  ME ,19,19,4706,0,0,0,0,0,0,2,30,3500,7,7,2098,0,0,0,0,0,0,2,30,3500
202202,438,38860,C,Portland-South Portland  ME ,314,314,98542,8,16,2771,0,0,0,16,654,99874,123,123,48135,5,10,1761,0,0,0,11,629,97620
202202,440,10540,C,Albany-Lebanon  OR ,21,21,5891,2,4,761,0,0,0,2,10,1366,16,16,4745,2,4,761,0,0,0,0,0,0
202202,440,18700,C,Corvallis  OR ,51,51,15083,0,0,0,0,0,0,0,0,0,29,29,8534,0,0,0,0,0,0,0,0,0
202202,440,31020,C,Longview  WA ,51,51,12849,0,0,0,1,4,400,0,0,0,48,48,11892,0,0,0,1,4,400,0,0,0
202202,440,38900,C,Portland-Vancouver-Hillsboro  OR-WA ,1199,1199,343778,7,14,2062,7,26,4864,34,872,120432,840,840,246891,6,12,1584,5,18,3466,27,702,98924
202202,440,41420,C,Salem  OR ,178,178,57181,1,2,354,0,0,0,25,293,34228,165,165,54001,1,2,354,0,0,0,24,288,33496
202202,444,39380,C,Pueblo  CO ,114,114,19560,0,0,0,0,0,0,0,0,0,114,114,19560,0,0,0,0,0,0,0,0,0
202202,450,20500,C,Durham-Chapel Hill  NC ,612,612,209418,4,8,132,0,0,0,3,88,14841,482,482,162843,4,8,132,0,0,0,1,66,11595
202202,450,39580,C,Raleigh-Cary  NC ,2469,2469,560534,0,0,0,0,0,0,22,955,89028,1854,1854,445027,0,0,0,0,0,0,22,955,89028
202202,452,39660,C,Rapid City  SD ,93,93,26403,2,4,1085,0,0,0,0,0,0,93,93,26403,2,4,1085,0,0,0,0,0,0
202202,454,39820,C,Redding  CA ,58,58,16500,0,0,0,0,0,0,0,0,0,35,35,10241,0,0,0,0,0,0,0,0,0
202202,456,16180,C,Carson City  NV ,33,33,8693,0,0,0,0,0,0,2,13,1298,0,0,0,0,0,0,0,0,0,0,0,0
202202,456,39900,C,Reno  NV ,433,433,119521,8,16,2046,2,8,1050,20,363,45802,90,90,22616,3,6,996,0,0,0,0,0,0
202202,462,40340,C,Rochester  MN ,59,59,18690,1,2,163,0,0,0,1,127,15000,35,35,12858,0,0,0,0,0,0,1,127,15000
202202,464,40380,C,Rochester  NY ,148,148,42606,3,6,941,2,6,630,14,322,39602,54,54,18882,3,6,941,0,0,0,10,251,31615
202202,466,40420,C,Rockford  IL ,12,12,3235,0,0,0,0,0,0,0,0,0,11,11,3135,0,0,0,0,0,0,0,0,0
202202,468,40580,C,Rocky Mount  NC ,88,88,12203,0,0,0,0,0,0,0,0,0,34,34,4081,0,0,0,0,0,0,0,0,0
202202,472,40900,C,Sacramento-Roseville-Folsom  CA ,1379,1379,425615,9,18,1888,11,44,10878,11,224,32971,1377,1377,424743,9,18,1888,11,44,10878,11,224,32971
202202,472,49700,C,Yuba City  CA ,125,125,30214,0,0,0,0,0,0,0,0,0,103,103,23740,0,0,0,0,0,0,0,0,0
202202,474,13020,C,Bay City  MI ,8,8,2087,0,0,0,0,0,0,0,0,0,1,1,358,0,0,0,0,0,0,0,0,0
202202,474,33220,C,Midland  MI ,12,12,2286,1,2,157,0,0,0,0,0,0,9,9,1368,1,2,157,0,0,0,0,0,0
202202,474,40980,C,Saginaw  MI ,28,28,5279,0,0,0,0,0,0,0,0,0,14,14,2597,0,0,0,0,0,0,0,0,0
202202,476,41180,C,St. Louis  MO-IL ,674,674,219172,15,30,3677,1,3,678,20,729,97274,461,461,149415,13,26,3518,0,0,0,12,381,45219
202202,480,41540,C,Salisbury  MD-DE ,703,703,114269,20,40,4011,0,0,0,0,0,0,698,698,113742,20,40,4011,0,0,0,0,0,0
202202,482,36260,C,Ogden-Clearfield  UT ,670,670,191620,1,2,290,5,19,1974,12,544,76398,516,516,152133,0,0,0,0,0,0,4,393,54844
202202,482,39340,C,Provo-Orem  UT ,1210,1210,367860,9,18,4071,13,49,9875,45,757,101044,1196,1196,359175,6,12,2537,13,49,9875,45,757,101044
202202,482,41620,C,Salt Lake City  UT ,870,870,238918,7,14,1869,11,38,8747,33,1575,222972,566,566,151459,0,0,0,4,15,4436,12,483,61463
202202,484,41700,C,San Antonio-New Braunfels  TX ,2030,2030,477772,25,50,6422,12,44,5933,54,1814,226078,1870,1870,441025,25,50,6422,12,44,5933,52,1804,223947
202202,488,32900,C,Merced  CA ,56,56,19226,0,0,0,0,0,0,0,0,0,27,27,7403,0,0,0,0,0,0,0,0,0
202202,488,33700,C,Modesto  CA ,116,116,20432,1,2,300,0,0,0,2,10,722,82,82,13188,1,2,300,0,0,0,0,0,0
202202,488,34900,C,Napa  CA ,24,24,7517,0,0,0,0,0,0,2,128,22135,0,0,0,0,0,0,0,0,0,0,0,0
202202,488,41860,C,San Francisco-Oakland-Berkeley  CA ,612,612,190799,9,18,6229,5,17,4513,30,1148,276803,433,433,128712,5,10,2112,3,11,2800,13,960,238324
202202,488,41940,C,San Jose-Sunnyvale-Santa Clara  CA ,345,345,110133,1,2,500,0,0,0,6,156,37383,316,316,101628,1,2,500,0,0,0,2,12,3468
202202,488,42100,C,Santa Cruz-Watsonville  CA ,49,49,12615,0,0,0,1,3,1352,2,11,849,8,8,1270,0,0,0,1,3,1352,0,0,0
202202,488,42220,C,Santa Rosa-Petaluma  CA ,185,185,50467,0,0,0,0,0,0,7,282,78485,147,147,43321,0,0,0,0,0,0,5,272,76818
202202,488,44700,C,Stockton  CA ,673,673,202746,3,6,1776,0,0,0,4,93,11950,260,260,75342,0,0,0,0,0,0,2,48,6266
202202,488,46700,C,Vallejo  CA ,159,159,50018,0,0,0,0,0,0,0,0,0,136,136,44410,0,0,0,0,0,0,0,0,0
202202,496,25980,C,Hinesville  GA ,129,129,21346,0,0,0,0,0,0,0,0,0,74,74,8524,0,0,0,0,0,0,0,0,0
202202,496,42340,C,Savannah  GA ,450,450,109723,7,14,1377,4,16,2159,22,332,35427,373,373,92813,7,14,1377,4,16,2159,22,332,35427
202202,500,14740,C,Bremerton-Silverdale-Port Orchard  WA ,244,244,65459,0,0,0,0,0,0,4,289,42272,244,244,65459,0,0,0,0,0,0,4,289,42272
202202,500,34580,C,Mount Vernon-Anacortes  WA ,43,43,13432,0,0,0,0,0,0,2,39,3640,43,43,13432,0,0,0,0,0,0,0,0,0
202202,500,36500,C,Olympia-Lacey-Tumwater  WA ,101,101,24948,8,16,2089,1,4,727,8,202,27288,77,77,19533,8,16,2089,1,4,727,6,192,26862
202202,500,42660,C,Seattle-Tacoma-Bellevue  WA ,1259,1259,447513,76,152,31364,43,140,27445,82,2746,367960,1020,1020,363720,73,146,29882,41,134,26041,64,2524,340710
202202,508,43340,C,Shreveport-Bossier City  LA ,165,165,39464,0,0,0,0,0,0,0,0,0,124,124,29650,0,0,0,0,0,0,0,0,0
202202,515,21140,C,Elkhart-Goshen  IN ,49,49,16480,0,0,0,0,0,0,0,0,0,48,48,16193,0,0,0,0,0,0,0,0,0
202202,515,35660,C,Niles  MI ,29,29,14137,0,0,0,0,0,0,0,0,0,6,6,4812,0,0,0,0,0,0,0,0,0
202202,515,43780,C,South Bend-Mishawaka  IN-MI ,56,56,18871,0,0,0,0,0,0,0,0,0,31,31,13666,0,0,0,0,0,0,0,0,0
202202,518,17660,C,Coeur dAlene  ID ,246,246,86299,5,10,1826,0,0,0,14,232,23169,110,110,54676,1,2,485,0,0,0,1,18,2600
202202,518,44060,C,Spokane-Spokane Valley  WA ,298,298,80353,29,58,13045,5,19,3304,20,275,8751,226,226,61756,27,54,12378,4,16,2916,17,238,4471
202202,522,44100,C,Springfield  IL ,11,11,2926,1,2,299,0,0,0,0,0,0,6,6,1710,1,2,299,0,0,0,0,0,0
202202,524,44300,C,State College  PA ,37,37,12269,0,0,0,0,0,0,0,0,0,23,23,9435,0,0,0,0,0,0,0,0,0
202202,532,45060,C,Syracuse  NY ,56,56,13609,1,2,850,0,0,0,2,18,2794,24,24,6420,0,0,0,0,0,0,0,0,0
202202,534,45780,C,Toledo  OH ,114,114,31378,1,2,225,0,0,0,2,15,1705,64,64,20819,1,2,225,0,0,0,0,0,0
202202,536,46060,C,Tucson  AZ ,899,899,283181,4,8,952,3,12,2771,21,281,34543,717,717,236858,0,0,0,3,12,2771,12,144,13989
202202,538,46140,C,Tulsa  OK ,753,753,197509,5,10,1434,2,6,645,3,123,11344,737,737,194080,4,8,1210,2,6,645,1,104,9882
202202,540,46340,C,Tyler  TX ,125,125,29824,3,6,751,1,4,539,0,0,0,88,88,21053,1,2,257,1,4,539,0,0,0
202202,544,47020,C,Victoria  TX ,30,30,7177,0,0,0,0,0,0,0,0,0,30,30,7177,0,0,0,0,0,0,0,0,0
202202,545,47260,C,Virginia Beach-Norfolk-Newport News  VA-NC ,693,693,182018,0,0,0,1,4,813,10,197,14314,618,618,171303,0,0,0,1,4,813,10,197,14314
202202,548,12580,C,Baltimore-Columbia-Towson  MD ,575,575,128373,0,0,0,0,0,0,12,799,131081,540,540,122045,0,0,0,0,0,0,11,662,106342
202202,548,15680,C,California-Lexington Park  MD ,34,34,12122,0,0,0,0,0,0,0,0,0,34,34,12122,0,0,0,0,0,0,0,0,0
202202,548,16540,C,Chambersburg-Waynesboro  PA ,41,41,11890,1,2,240,0,0,0,1,5,649,34,34,10130,1,2,240,0,0,0,0,0,0
202202,548,25180,C,Hagerstown-Martinsburg  MD-WV ,286,286,77887,0,0,0,0,0,0,4,32,3940,273,273,75417,0,0,0,0,0,0,4,32,3940
202202,548,47900,C,Washington-Arlington-Alexandria  DC-VA-MD-WV ,2175,2175,591961,3,6,684,0,0,0,35,2146,246679,1842,1842,509555,2,4,514,0,0,0,26,1955,218589
202202,548,49020,C,Winchester  VA-WV ,89,89,22587,0,0,0,0,0,0,0,0,0,89,89,22587,0,0,0,0,0,0,0,0,0
202202,554,48140,C,Wausau-Weston  WI ,47,47,12233,2,4,320,0,0,0,0,0,0,20,20,5155,1,2,190,0,0,0,0,0,0
202202,556,48620,C,Wichita  KS ,235,235,83593,77,154,16170,2,6,645,0,0,0,165,165,64423,70,140,14530,1,3,375,0,0,0
202202,558,48700,C,Williamsport  PA ,10,10,3035,0,0,0,0,0,0,0,0,0,3,3,1325,0,0,0,0,0,0,0,0,0
202202,566,49660,C,Youngstown-Warren-Boardman  OH-PA ,38,38,8255,0,0,0,0,0,0,0,0,0,24,24,5125,0,0,0,0,0,0,0,0,0
202202,999,10180,C,Abilene  TX ,89,89,19376,8,16,1573,0,0,0,0,0,0,84,84,18270,8,16,1573,0,0,0,0,0,0
202202,999,10500,C,Albany  GA ,34,34,5807,0,0,0,0,0,0,1,15,1125,30,30,4970,0,0,0,0,0,0,1,15,1125
202202,999,10780,C,Alexandria  LA ,61,61,17345,0,0,0,0,0,0,0,0,0,45,45,13131,0,0,0,0,0,0,0,0,0
202202,999,10900,C,Allentown-Bethlehem-Easton  PA-NJ ,230,230,57881,7,14,905,1,4,425,7,241,42961,178,178,46313,7,14,905,1,4,425,3,201,41600
202202,999,11260,C,Anchorage  AK ,136,136,43227,1,2,329,2,8,1377,3,39,5859,5,5,1357,1,2,329,0,0,0,0,0,0
202202,999,11500,C,Anniston-Oxford  AL ,14,14,1811,0,0,0,0,0,0,0,0,0,11,11,1554,0,0,0,0,0,0,0,0,0
202202,999,12260,C,Augusta-Richmond County  GA-SC ,741,741,187680,3,6,731,14,54,5538,4,32,2000,421,421,127962,3,6,731,14,54,5538,4,32,2000
202202,999,12420,C,Austin-Round Rock-Georgetown  TX ,3815,3815,974470,37,74,7119,6,22,2688,64,2880,288484,2840,2840,756736,37,74,7119,5,19,2354,62,2869,287468
202202,999,12540,C,Bakersfield  CA ,332,332,79883,2,4,381,0,0,0,3,27,3726,111,111,17329,1,2,88,0,0,0,0,0,0
202202,999,12620,C,Bangor  ME ,29,29,6167,8,16,2781,2,8,2000,0,0,0,1,1,290,7,14,2618,2,8,2000,0,0,0
202202,999,12940,C,Baton Rouge  LA ,696,696,146895,1,2,150,0,0,0,0,0,0,123,123,21375,1,2,150,0,0,0,0,0,0
202202,999,13140,C,Beaumont-Port Arthur  TX ,274,274,61385,2,4,370,0,0,0,0,0,0,233,233,53089,0,0,0,0,0,0,0,0,0
202202,999,13220,C,Beckley  WV ,6,6,1169,0,0,0,0,0,0,0,0,0,5,5,1089,0,0,0,0,0,0,0,0,0
202202,999,13380,C,Bellingham  WA ,127,127,34627,1,2,588,5,20,3707,0,0,0,77,77,21154,1,2,588,5,20,3707,0,0,0
202202,999,13740,C,Billings  MT ,175,175,20753,6,12,1397,0,0,0,6,33,4698,64,64,16616,6,12,1397,0,0,0,6,33,4698
202202,999,13780,C,Binghamton  NY ,22,22,3717,0,0,0,0,0,0,6,48,4723,0,0,0,0,0,0,0,0,0,0,0,0
202202,999,13900,C,Bismarck  ND ,8,8,2199,0,0,0,0,0,0,0,0,0,4,4,893,0,0,0,0,0,0,0,0,0
202202,999,13980,C,Blacksburg-Christiansburg  VA ,45,45,11863,1,2,190,1,3,630,1,53,13447,35,35,9535,1,2,190,0,0,0,1,53,13447
202202,999,15260,C,Brunswick  GA ,85,85,25419,3,6,903,0,0,0,2,10,5391,0,0,0,0,0,0,0,0,0,0,0,0
202202,999,16060,C,Carbondale-Marion  IL ,24,24,3584,1,2,125,9,36,2255,0,0,0,6,6,1257,1,2,125,9,36,2255,0,0,0
202202,999,16220,C,Casper  WY ,27,27,8060,1,2,126,0,0,0,2,10,996,9,9,3337,0,0,0,0,0,0,0,0,0
202202,999,16580,C,Champaign-Urbana  IL ,47,47,12778,0,0,0,0,0,0,0,0,0,44,44,12247,0,0,0,0,0,0,0,0,0
202202,999,16700,C,Charleston-North Charleston  SC ,1011,1011,316079,0,0,0,0,0,0,12,324,33085,397,397,118956,0,0,0,0,0,0,1,6,1253
202202,999,16820,C,Charlottesville  VA ,202,202,58201,2,4,683,0,0,0,4,80,7843,17,17,4792,0,0,0,0,0,0,0,0,0
202202,999,16940,C,Cheyenne  WY ,104,104,12611,0,0,0,10,40,3732,0,0,0,102,102,12367,0,0,0,10,40,3732,0,0,0
202202,999,17020,C,Chico  CA ,241,241,49292,7,14,1819,4,16,2226,9,166,22650,54,54,11449,0,0,0,0,0,0,7,156,21498
202202,999,17300,C,Clarksville  TN-KY ,383,383,69451,4,8,537,13,52,4050,64,657,54179,376,376,68898,4,8,537,13,52,4050,64,657,54179
202202,999,17780,C,College Station-Bryan  TX ,372,372,72235,3,6,831,5,20,2610,0,0,0,370,370,71823,3,6,831,5,20,2610,0,0,0
202202,999,17820,C,Colorado Springs  CO ,800,800,287847,12,24,2222,2,8,872,29,1468,189229,787,787,284805,12,24,2222,2,8,872,29,1468,189229
202202,999,18880,C,Crestview-Fort Walton Beach-Destin  FL ,574,574,267684,3,6,909,3,9,1764,16,178,27338,574,574,267684,3,6,909,3,9,1764,16,178,27338
202202,999,19060,C,Cumberland  MD-WV ,5,5,1048,0,0,0,0,0,0,0,0,0,5,5,1048,0,0,0,0,0,0,0,0,0
202202,999,19180,C,Danville  IL ,1,1,275,0,0,0,0,0,0,0,0,0,0,0,0,0,0,0,0,0,0,0,0,0
202202,999,19500,C,Decatur  IL ,1,1,300,0,0,0,0,0,0,0,0,0,0,0,0,0,0,0,0,0,0,0,0,0
202202,999,20220,C,Dubuque  IA ,23,23,6964,0,0,0,0,0,0,0,0,0,22,22,6700,0,0,0,0,0,0,0,0,0
202202,999,20260,C,Duluth  MN-WI ,44,44,10670,0,0,0,0,0,0,0,0,0,18,18,4109,0,0,0,0,0,0,0,0,0
202202,999,20940,C,El Centro  CA ,48,48,8508,0,0,0,0,0,0,5,51,4188,4,4,480,0,0,0,0,0,0,3,36,2565
202202,999,21420,C,Enid  OK ,7,7,1733,0,0,0,0,0,0,0,0,0,7,7,1733,0,0,0,0,0,0,0,0,0
202202,999,21660,C,Eugene-Springfield  OR ,162,162,41658,8,16,3162,0,0,0,9,79,10103,23,23,6241,2,4,796,0,0,0,0,0,0
202202,999,21780,C,Evansville  IN-KY ,115,115,32565,5,10,1690,0,0,0,2,26,1936,76,76,24391,3,6,840,0,0,0,0,0,0
202202,999,21820,C,Fairbanks  AK ,1,1,338,0,0,0,0,0,0,0,0,0,0,0,0,0,0,0,0,0,0,0,0,0
202202,999,22140,C,Farmington  NM ,28,28,5573,0,0,0,0,0,0,0,0,0,19,19,3490,0,0,0,0,0,0,0,0,0
202202,999,22220,C,Fayetteville-Springdale-Rogers  AR-MO ,789,789,223561,18,36,4870,0,0,0,31,436,61811,537,537,163601,0,0,0,0,0,0,23,332,50244
202202,999,22380,C,Flagstaff  AZ ,83,83,38330,1,2,88,0,0,0,2,37,3415,83,83,38330,1,2,88,0,0,0,2,37,3415
202202,999,22500,C,Florence  SC ,84,84,14697,0,0,0,0,0,0,0,0,0,82,82,14481,0,0,0,0,0,0,0,0,0
202202,999,22520,C,Florence-Muscle Shoals  AL ,55,55,6702,0,0,0,0,0,0,0,0,0,17,17,2169,0,0,0,0,0,0,0,0,0
202202,999,22540,C,Fond du Lac  WI ,21,21,7174,0,0,0,0,0,0,0,0,0,3,3,1291,0,0,0,0,0,0,0,0,0
202202,999,22660,C,Fort Collins  CO ,265,265,90944,0,0,0,2,8,1920,12,145,22330,265,265,90944,0,0,0,2,8,1920,12,145,22330
202202,999,22900,C,Fort Smith  AR-OK ,74,74,13092,11,22,1614,1,3,270,0,0,0,56,56,10985,11,22,1614,1,3,270,0,0,0
202202,999,23460,C,Gadsden  AL ,45,45,6456,0,0,0,0,0,0,0,0,0,24,24,3471,0,0,0,0,0,0,0,0,0
202202,999,24140,C,Goldsboro  NC ,75,75,12961,0,0,0,0,0,0,3,72,5262,75,75,12961,0,0,0,0,0,0,3,72,5262
202202,999,24220,C,Grand Forks  ND-MN ,1,1,1100,0,0,0,0,0,0,0,0,0,0,0,0,0,0,0,0,0,0,0,0,0
202202,999,24260,C,Grand Island  NE ,43,43,7743,3,6,1747,1,3,225,0,0,0,36,36,6228,3,6,1747,0,0,0,0,0,0
202202,999,24300,C,Grand Junction  CO ,97,97,26070,1,2,194,0,0,0,2,48,3885,97,97,26070,1,2,194,0,0,0,2,48,3885
202202,999,24500,C,Great Falls  MT ,22,22,8654,0,0,0,0,0,0,0,0,0,22,22,8654,0,0,0,0,0,0,0,0,0
202202,999,25060,C,Gulfport-Biloxi  MS ,424,424,92924,0,0,0,2,7,703,5,50,3505,233,233,61641,0,0,0,0,0,0,3,32,1981
202202,999,25860,C,Hickory-Lenoir-Morganton  NC ,214,214,53799,1,2,150,0,0,0,2,16,891,190,190,49722,1,2,150,0,0,0,0,0,0
202202,999,25940,C,Hilton Head Island-Bluffton  SC ,473,473,197672,0,0,0,0,0,0,0,0,0,402,402,164387,0,0,0,0,0,0,0,0,0
202202,999,26140,C,Homosassa Springs  FL ,231,231,51070,1,2,55,0,0,0,1,5,432,2,2,260,0,0,0,0,0,0,0,0,0
202202,999,26380,C,Houma-Thibodaux  LA ,166,166,46703,2,4,311,1,3,262,0,0,0,130,130,36516,0,0,0,0,0,0,0,0,0
202202,999,27100,C,Jackson  MI ,24,24,6070,2,4,325,0,0,0,0,0,0,11,11,3515,0,0,0,0,0,0,0,0,0
202202,999,27340,C,Jacksonville  NC ,262,262,53912,4,8,630,2,6,2438,0,0,0,262,262,53912,4,8,630,2,6,2438,0,0,0
202202,999,27620,C,Jefferson City  MO ,30,30,7426,0,0,0,0,0,0,0,0,0,17,17,4288,0,0,0,0,0,0,0,0,0
202202,999,27980,C,Kahului-Wailuku-Lahaina  HI ,62,62,40753,3,6,1464,0,0,0,2,14,41000,62,62,40753,3,6,1464,0,0,0,2,14,41000
202202,999,28660,C,Killeen-Temple  TX ,487,487,82605,24,48,4504,0,0,0,0,0,0,225,225,45066,17,34,3336,0,0,0,0,0,0
202202,999,29100,C,La Crosse-Onalaska  WI-MN ,12,12,4634,1,2,310,0,0,0,1,6,1000,9,9,3836,0,0,0,0,0,0,0,0,0
202202,999,29420,C,Lake Havasu City-Kingman  AZ ,321,321,83235,7,14,676,0,0,0,0,0,0,319,319,83041,7,14,676,0,0,0,0,0,0
202202,999,29540,C,Lancaster  PA ,112,112,31645,4,8,1238,1,4,684,3,16,1314,81,81,25183,2,4,838,1,4,684,1,6,720
202202,999,29620,C,Lansing-East Lansing  MI ,66,66,16980,0,0,0,0,0,0,4,38,4117,25,25,7081,0,0,0,0,0,0,0,0,0
202202,999,29700,C,Laredo  TX ,235,235,34894,1,2,113,0,0,0,3,29,1774,0,0,0,0,0,0,0,0,0,0,0,0
202202,999,30020,C,Lawton  OK ,17,17,3481,0,0,0,0,0,0,0,0,0,3,3,960,0,0,0,0,0,0,0,0,0
202202,999,30300,C,Lewiston  ID-WA ,26,26,8978,0,0,0,0,0,0,0,0,0,25,25,8645,0,0,0,0,0,0,0,0,0
202202,999,30860,C,Logan  UT-ID ,99,99,29458,0,0,0,0,0,0,3,20,3827,98,98,28845,0,0,0,0,0,0,3,20,3827
202202,999,30980,C,Longview  TX ,82,82,17677,2,4,393,0,0,0,0,0,0,59,59,12833,2,4,393,0,0,0,0,0,0
202202,999,31340,C,Lynchburg  VA ,48,48,12135,0,0,0,0,0,0,2,23,596,44,44,11391,0,0,0,0,0,0,0,0,0
202202,999,31740,C,Manhattan  KS ,31,31,8905,1,2,247,1,3,250,0,0,0,9,9,2493,1,2,247,0,0,0,0,0,0
202202,999,33540,C,Missoula  MT ,51,51,14194,0,0,0,0,0,0,9,96,10602,51,51,14194,0,0,0,0,0,0,9,96,10602
202202,999,36100,C,Ocala  FL ,1023,1023,221894,0,0,0,0,0,0,2,48,3071,1021,1021,221715,0,0,0,0,0,0,2,48,3071
202202,999,36980,C,Owensboro  KY ,56,56,5312,1,2,216,0,0,0,0,0,0,54,54,4910,1,2,216,0,0,0,0,0,0
202202,999,37340,C,Palm Bay-Melbourne-Titusville  FL ,786,786,293324,0,0,0,0,0,0,1,12,3578,750,750,283788,0,0,0,0,0,0,1,12,3578
202202,999,37460,C,Panama City  FL ,290,290,116648,2,4,838,3,9,806,0,0,0,261,261,109390,2,4,838,3,9,806,0,0,0
202202,999,37900,C,Peoria  IL ,15,15,4058,0,0,0,0,0,0,2,10,573,5,5,1439,0,0,0,0,0,0,0,0,0
202202,999,38340,C,Pittsfield  MA ,19,19,8163,0,0,0,0,0,0,2,21,3477,0,0,0,0,0,0,0,0,0,0,0,0
202202,999,38540,C,Pocatello  ID ,47,47,7617,1,2,158,0,0,0,1,5,173,21,21,2850,1,2,158,0,0,0,0,0,0
202202,999,39150,C,Prescott Valley-Prescott  AZ ,344,344,111265,12,24,4124,0,0,0,0,0,0,219,219,66708,11,22,3806,0,0,0,0,0,0
202202,999,40060,C,Richmond  VA ,675,675,163681,21,42,4544,0,0,0,40,499,65085,637,637,157441,21,42,4544,0,0,0,37,484,63346
202202,999,40220,C,Roanoke  VA ,87,87,29290,0,0,0,0,0,0,2,55,6721,67,67,24389,0,0,0,0,0,0,0,0,0
202202,999,41100,C,St. George  UT ,427,427,91647,0,0,0,2,7,1400,0,0,0,340,340,76604,0,0,0,2,7,1400,0,0,0
202202,999,41500,C,Salinas  CA ,77,77,19552,0,0,0,0,0,0,10,151,7308,54,54,14285,0,0,0,0,0,0,7,136,5009
202202,999,41660,C,San Angelo  TX ,45,45,9788,0,0,0,0,0,0,0,0,0,45,45,9788,0,0,0,0,0,0,0,0,0
202202,999,41740,C,San Diego-Chula Vista-Carlsbad  CA ,619,619,179915,9,18,3802,23,74,16607,38,642,119658,602,602,173702,9,18,3802,22,71,13982,36,595,115307
202202,999,42020,C,San Luis Obispo-Paso Robles  CA ,78,78,23757,0,0,0,0,0,0,2,25,29000,67,67,20862,0,0,0,0,0,0,2,25,29000
202202,999,42200,C,Santa Maria-Santa Barbara  CA ,78,78,32439,0,0,0,0,0,0,6,105,13639,30,30,24952,0,0,0,0,0,0,0,0,0
202202,999,42540,C,Scranton--Wilkes-Barre  PA ,70,70,18616,0,0,0,0,0,0,2,10,778,14,14,4545,0,0,0,0,0,0,0,0,0
202202,999,42700,C,Sebring-Avon Park  FL ,106,106,26269,1,2,150,0,0,0,0,0,0,106,106,26269,1,2,150,0,0,0,0,0,0
202202,999,43100,C,Sheboygan  WI ,16,16,4983,0,0,0,0,0,0,0,0,0,0,0,0,0,0,0,0,0,0,0,0,0
202202,999,43420,C,Sierra Vista-Douglas  AZ ,82,82,12892,0,0,0,0,0,0,0,0,0,64,64,9737,0,0,0,0,0,0,0,0,0
202202,999,43580,C,Sioux City  IA-NE-SD ,48,48,14853,0,0,0,1,3,0,0,0,0,24,24,8338,0,0,0,0,0,0,0,0,0
202202,999,43620,C,Sioux Falls  SD ,144,144,33950,0,0,0,9,35,4536,22,144,21112,135,135,31555,0,0,0,8,32,4536,22,144,21112
202202,999,44140,C,Springfield  MA ,71,71,19961,2,4,454,0,0,0,3,20,2641,11,11,4037,1,2,155,0,0,0,0,0,0
202202,999,44180,C,Springfield  MO ,197,197,59059,0,0,0,0,0,0,6,176,23157,148,148,48883,0,0,0,0,0,0,6,176,23157
202202,999,44940,C,Sumter  SC ,61,61,8489,0,0,0,0,0,0,0,0,0,43,43,5301,0,0,0,0,0,0,0,0,0
202202,999,45220,C,Tallahassee  FL ,260,260,54776,1,2,222,0,0,0,7,225,28754,87,87,18404,0,0,0,0,0,0,0,0,0
202202,999,45300,C,Tampa-St. Petersburg-Clearwater  FL ,2599,2599,723864,6,12,2151,0,0,0,30,664,91693,2556,2556,716072,5,10,1871,0,0,0,27,649,88550
202202,999,45460,C,Terre Haute  IN ,16,16,2610,0,0,0,2,8,370,0,0,0,9,9,1435,0,0,0,2,8,370,0,0,0
202202,999,45500,C,Texarkana  TX-AR ,27,27,5064,0,0,0,0,0,0,0,0,0,18,18,3023,0,0,0,0,0,0,0,0,0
202202,999,45820,C,Topeka  KS ,33,33,8099,0,0,0,0,0,0,0,0,0,27,27,7410,0,0,0,0,0,0,0,0,0
202202,999,46220,C,Tuscaloosa  AL ,146,146,35957,1,2,360,0,0,0,0,0,0,132,132,33063,1,2,360,0,0,0,0,0,0
202202,999,46300,C,Twin Falls  ID ,78,78,18545,2,4,966,0,0,0,0,0,0,76,76,18078,2,4,966,0,0,0,0,0,0
202202,999,46520,C,Urban Honolulu  HI ,65,65,29167,15,30,3973,0,0,0,11,126,23637,65,65,29167,15,30,3973,0,0,0,11,126,23637
202202,999,46540,C,Utica-Rome  NY ,25,25,6344,1,2,260,0,0,0,4,34,4784,3,3,570,0,0,0,0,0,0,0,0,0
202202,999,46660,C,Valdosta  GA ,210,210,37347,2,4,265,0,0,0,2,21,2063,69,69,14139,0,0,0,0,0,0,0,0,0
202202,999,47300,C,Visalia  CA ,252,252,62117,4,8,1366,1,3,437,11,145,28900,235,235,57025,4,8,1366,0,0,0,10,140,28515
202202,999,47380,C,Waco  TX ,205,205,35987,6,12,1183,0,0,0,1,5,514,164,164,25638,5,10,983,0,0,0,0,0,0
202202,999,47940,C,Waterloo-Cedar Falls  IA ,23,23,5713,0,0,0,0,0,0,0,0,0,22,22,5529,0,0,0,0,0,0,0,0,0
202202,999,48060,C,Watertown-Fort Drum  NY ,24,24,5889,0,0,0,0,0,0,0,0,0,0,0,0,0,0,0,0,0,0,0,0,0
202202,999,48300,C,Wenatchee  WA ,101,101,25887,0,0,0,0,0,0,4,217,21852,40,40,14260,0,0,0,0,0,0,4,217,21852
202202,999,48540,C,Wheeling  WV-OH ,2,2,696,0,0,0,0,0,0,0,0,0,0,0,0,0,0,0,0,0,0,0,0,0
202202,999,48660,C,Wichita Falls  TX ,34,34,9064,0,0,0,0,0,0,0,0,0,24,24,6884,0,0,0,0,0,0,0,0,0
202202,999,48900,C,Wilmington  NC ,473,473,152786,2,4,866,0,0,0,8,310,38828,209,209,65031,0,0,0,0,0,0,0,0,0
202202,999,49420,C,Yakima  WA ,72,72,18916,1,2,309,0,0,0,0,0,0,67,67,17854,1,2,309,0,0,0,0,0,0
202202,999,49740,C,Yuma  AZ ,153,153,26753,2,4,342,0,0,0,0,0,0,153,153,26753,2,4,342,0,0,0,0,0,0
