Survey,CSA,CBSA,MONCOV,CBSA,,1-unit,,,2-units,,,3-4 units,,,5+ units,,,1-unit rep,,,2-units rep,,,3-4 units rep,,,5+ units rep
Date,Code,Code,,Name,Bldgs,Units,Value,Bldgs,Units,Value,Bldgs,Units,Value,Bldgs,Units,Value,Bldgs,Units,Value,Bldgs,Units,Value,      Bldgs,Units,Value,Bldgs,Units,Value
 
202203,104,10580,C,Albany-Schenectady-Troy  NY ,399,399,122737,32,64,14650,3,12,2540,22,236,20978,183,183,58012,4,8,1050,2,8,2040,2,22,1900
202203,104,24020,C,Glens Falls  NY ,54,54,14918,1,2,297,3,11,1439,2,10,1155,28,28,8738,1,2,297,3,11,1439,2,10,1155
202203,106,10740,C,Albuquerque  NM ,655,655,166340,0,0,0,1,4,400,8,342,30673,613,613,155894,0,0,0,1,4,400,3,315,29548
202203,106,42140,C,Santa Fe  NM ,81,81,24231,0,0,0,0,0,0,3,38,5330,0,0,0,0,0,0,0,0,0,0,0,0
202203,107,11020,C,Altoona  PA ,17,17,4800,0,0,0,0,0,0,6,52,7654,9,9,3044,0,0,0,0,0,0,6,52,7654
202203,108,11100,C,Amarillo  TX ,239,239,57651,10,20,2569,0,0,0,0,0,0,234,234,55983,10,20,2569,0,0,0,0,0,0
202203,118,11540,C,Appleton  WI ,128,128,42822,16,32,5948,0,0,0,2,12,1360,103,103,35530,16,32,5948,0,0,0,0,0,0
202203,118,36780,C,Oshkosh-Neenah  WI ,80,80,28985,1,2,348,0,0,0,0,0,0,76,76,27887,1,2,348,0,0,0,0,0,0
202203,120,11700,C,Asheville  NC ,797,797,249900,4,8,1352,0,0,0,18,369,36568,360,360,120303,1,2,30,0,0,0,1,12,912
202203,122,12020,C,Athens-Clarke County  GA ,223,223,60463,1,2,60,0,0,0,25,564,65420,130,130,43036,1,2,60,0,0,0,25,564,65420
202203,122,12060,C,Atlanta-Sandy Springs-Alpharetta  GA ,7697,7697,1892085,15,30,6893,32,117,13791,107,3640,427939,6846,6846,1708848,15,30,6893,32,117,13791,91,3240,388664
202203,122,23580,C,Gainesville  GA ,359,359,85189,0,0,0,9,33,3301,7,41,4953,86,86,20861,0,0,0,9,33,3301,7,41,4953
202203,122,40660,C,Rome  GA ,55,55,8509,0,0,0,0,0,0,0,0,0,55,55,8509,0,0,0,0,0,0,0,0,0
202203,140,13460,C,Bend  OR ,318,318,119009,18,36,5766,9,27,2171,6,106,16173,318,318,119009,18,36,5766,9,27,2171,6,106,16173
202203,142,13820,C,Birmingham-Hoover  AL ,932,932,286362,1,2,160,0,0,0,6,333,47930,716,716,208424,1,2,160,0,0,0,6,333,47930
202203,144,14020,C,Bloomington  IN ,73,73,19841,3,6,852,0,0,0,3,99,11625,15,15,4274,0,0,0,0,0,0,0,0,0
202203,145,14010,C,Bloomington  IL ,51,51,13747,1,2,146,0,0,0,0,0,0,34,34,9966,0,0,0,0,0,0,0,0,0
202203,146,14100,C,Bloomsburg-Berwick  PA ,25,25,5612,0,0,0,0,0,0,0,0,0,12,12,2757,0,0,0,0,0,0,0,0,0
202203,147,14260,C,Boise City  ID ,1971,1971,501554,5,10,2200,35,139,14140,71,1087,157804,1893,1893,482875,5,10,2200,35,139,14140,71,1087,157804
202203,148,12700,C,Barnstable Town  MA ,130,130,67115,7,14,1240,1,3,900,0,0,0,64,64,35099,5,10,750,1,3,900,0,0,0
202203,148,14460,C,Boston-Cambridge-Newton  MA-NH ,1092,1092,392450,52,104,26310,28,89,19308,155,2925,567888,593,593,247057,29,58,14903,20,64,14384,35,1736,416891
202203,148,31700,C,Manchester-Nashua  NH ,192,192,50404,3,6,1329,0,0,0,1,40,3835,58,58,20443,0,0,0,0,0,0,1,40,3835
202203,148,39300,C,Providence-Warwick  RI-MA ,371,371,105928,18,36,5086,1,4,523,2,11,1849,174,174,59802,16,32,4560,1,4,523,1,6,949
202203,148,49340,C,Worcester  MA-CT ,308,308,85164,6,12,2502,1,3,465,8,145,19112,151,151,41430,4,8,1740,1,3,465,1,14,2416
202203,150,14540,C,Bowling Green  KY ,228,228,54580,0,0,0,2,7,625,21,168,12112,227,227,54430,0,0,0,1,4,400,21,168,12112
202203,154,15180,C,Brownsville-Harlingen  TX ,584,584,60419,8,16,1047,7,22,2435,6,62,4559,238,238,19301,2,4,202,0,0,0,0,0,0
202203,160,15380,C,Buffalo-Cheektowaga  NY ,228,228,81234,6,12,2242,0,0,0,11,110,18269,170,170,65969,6,12,2242,0,0,0,1,8,1565
202203,162,15540,C,Burlington-South Burlington  VT ,115,115,35876,2,4,829,1,3,145,9,62,7789,64,64,21697,0,0,0,0,0,0,1,9,1800
202203,163,15980,C,Cape Coral-Fort Myers  FL ,2746,2746,539258,32,64,7925,12,48,5502,32,969,170608,1682,1682,328591,5,10,994,11,44,5026,28,897,165623
202203,163,34940,C,Naples-Marco Island  FL ,981,981,433911,6,12,1767,10,40,9588,12,338,65644,981,981,433911,6,12,1767,10,40,9588,12,338,65644
202203,164,16020,C,Cape Girardeau  MO-IL ,19,19,5313,1,2,325,2,6,150,3,15,1732,0,0,0,0,0,0,0,0,0,0,0,0
202203,168,16300,C,Cedar Rapids  IA ,112,112,25214,6,12,2306,0,0,0,3,126,13630,107,107,24130,5,10,2031,0,0,0,3,126,13630
202203,168,26980,C,Iowa City  IA ,88,88,28035,16,32,7601,1,4,700,2,110,27100,74,74,25364,15,30,7300,1,4,700,2,110,27100
202203,170,16620,C,Charleston  WV ,42,42,6609,0,0,0,0,0,0,0,0,0,23,23,3820,0,0,0,0,0,0,0,0,0
202203,170,26580,C,Huntington-Ashland  WV-KY-OH ,64,64,12259,0,0,0,2,6,280,0,0,0,0,0,0,0,0,0,2,6,280,0,0,0
202203,172,16740,C,Charlotte-Concord-Gastonia  NC-SC ,5647,5647,1540464,12,24,3786,8,31,4815,60,2714,317563,4927,4927,1321011,12,24,3786,8,31,4815,57,2658,311206
202203,174,16860,C,Chattanooga  TN-GA ,661,661,155851,12,24,1731,8,32,6231,12,163,17114,443,443,110251,0,0,0,4,16,2131,0,0,0
202203,174,17420,C,Cleveland  TN ,266,266,61324,1,2,295,13,44,7859,1,8,256,202,202,49716,1,2,295,13,44,7859,1,8,256
202203,174,19140,C,Dalton  GA ,116,116,18656,0,0,0,1,4,480,2,10,286,0,0,0,0,0,0,0,0,0,0,0,0
202203,176,16980,C,Chicago-Naperville-Elgin  IL-IN-WI ,2238,2238,607402,31,62,11640,48,156,29817,54,1373,308824,1916,1916,520175,30,60,11380,47,153,28959,37,1188,283961
202203,176,28100,C,Kankakee  IL ,35,35,8143,0,0,0,0,0,0,0,0,0,35,35,8143,0,0,0,0,0,0,0,0,0
202203,176,33140,C,Michigan City-La Porte  IN ,21,21,5916,0,0,0,0,0,0,0,0,0,0,0,0,0,0,0,0,0,0,0,0,0
202203,178,17140,C,Cincinnati  OH-KY-IN ,1085,1085,331605,42,84,12179,15,51,7365,19,405,32324,906,906,291568,41,82,11956,15,51,7365,17,394,31121
202203,184,10420,C,Akron  OH ,163,163,49640,0,0,0,8,29,1883,30,166,21647,140,140,41074,0,0,0,5,20,983,27,147,21392
202203,184,15940,C,Canton-Massillon  OH ,103,103,31825,7,14,2643,3,10,1008,3,18,1383,86,86,29068,7,14,2643,1,4,700,0,0,0
202203,184,17460,C,Cleveland-Elyria  OH ,654,654,206689,2,4,163,4,14,1308,11,208,35315,471,471,161144,0,0,0,3,11,1100,10,203,31357
202203,190,17860,C,Columbia  MO ,114,114,43489,0,0,0,0,0,0,2,20,2601,113,113,43211,0,0,0,0,0,0,2,20,2601
202203,192,17900,C,Columbia  SC ,1455,1455,322627,0,0,0,7,25,3806,29,757,97306,503,503,95610,0,0,0,7,25,3806,23,726,92815
202203,194,12220,C,Auburn-Opelika  AL ,369,369,85847,2,4,579,2,7,964,8,429,43789,84,84,24302,0,0,0,0,0,0,0,0,0
202203,194,17980,C,Columbus  GA-AL ,369,369,66956,12,24,4500,0,0,0,4,92,14304,163,163,44762,0,0,0,0,0,0,0,0,0
202203,198,18140,C,Columbus  OH ,1470,1470,505301,9,18,3045,3,12,1128,71,1428,94045,1302,1302,456616,8,16,2770,3,12,1128,66,1402,90872
202203,204,18580,C,Corpus Christi  TX ,506,506,123387,1,2,247,0,0,0,6,87,7223,386,386,92210,0,0,0,0,0,0,0,0,0
202203,206,19100,C,Dallas-Fort Worth-Arlington  TX ,13065,13065,3531167,73,146,18153,51,185,28006,157,7064,920265,10864,10864,2925964,62,124,15005,48,175,26863,148,6770,868616
202203,206,43300,C,Sherman-Denison  TX ,413,413,65548,4,8,568,0,0,0,5,54,6350,353,353,58801,1,2,257,0,0,0,2,22,2740
202203,209,19340,C,Davenport-Moline-Rock Island  IA-IL ,153,153,33319,2,4,720,3,12,2199,1,5,664,143,143,29963,2,4,720,3,12,2199,0,0,0
202203,212,19430,C,Dayton-Kettering  OH ,346,346,114554,2,4,507,3,9,1422,4,96,14700,242,242,87458,0,0,0,1,3,825,1,22,5723
202203,212,44220,C,Springfield  OH ,32,32,9912,0,0,0,0,0,0,1,6,652,32,32,9912,0,0,0,0,0,0,1,6,652
202203,216,14500,C,Boulder  CO ,82,82,37466,2,4,927,4,14,3128,14,171,36342,71,71,28094,2,4,927,3,11,2425,8,89,20285
202203,216,19740,C,Denver-Aurora-Lakewood  CO ,3534,3534,1076018,88,176,36384,8,29,7209,86,3563,540948,3377,3377,1027796,86,172,35114,6,23,5893,80,3454,523892
202203,216,24540,C,Greeley  CO ,989,989,270540,8,16,1840,3,10,2569,36,725,102471,405,405,108919,0,0,0,2,7,1834,29,648,92627
202203,218,11180,C,Ames  IA ,61,61,17697,0,0,0,0,0,0,0,0,0,43,43,12684,0,0,0,0,0,0,0,0,0
202203,218,19780,C,Des Moines-West Des Moines  IA ,927,927,280760,18,36,7936,3,12,2948,7,89,8515,864,864,260108,15,30,7058,3,12,2948,4,64,5918
202203,220,11460,C,Ann Arbor  MI ,160,160,50243,0,0,0,3,9,1458,1,19,1490,115,115,37318,0,0,0,1,3,700,0,0,0
202203,220,19820,C,Detroit-Warren-Dearborn  MI ,1212,1212,419017,6,12,2808,12,44,6830,29,834,111444,933,933,349946,5,10,2528,8,30,5566,26,818,108294
202203,220,22420,C,Flint  MI ,121,121,29442,0,0,0,15,48,1099,0,0,0,107,107,26468,0,0,0,15,48,1099,0,0,0
202203,220,33780,C,Monroe  MI ,56,56,14387,0,0,0,1,4,500,3,24,857,20,20,6114,0,0,0,1,4,500,0,0,0
202203,222,20020,C,Dothan  AL ,93,93,27192,0,0,0,0,0,0,0,0,0,50,50,17834,0,0,0,0,0,0,0,0,0
202203,232,20740,C,Eau Claire  WI ,62,62,20846,9,18,3621,0,0,0,3,24,4200,54,54,18058,8,16,3365,0,0,0,3,24,4200
202203,236,21300,C,Elmira  NY ,11,11,2138,0,0,0,0,0,0,3,48,7458,3,3,600,0,0,0,0,0,0,0,0,0
202203,238,21340,C,El Paso  TX ,717,717,167620,13,26,3204,2,6,785,7,42,5034,92,92,22010,0,0,0,0,0,0,0,0,0
202203,238,29740,C,Las Cruces  NM ,330,330,87268,0,0,0,2,6,474,3,21,1477,81,81,25606,0,0,0,0,0,0,0,0,0
202203,240,21500,C,Erie  PA ,46,46,16415,0,0,0,0,0,0,1,6,450,28,28,12384,0,0,0,0,0,0,1,6,450
202203,244,22020,C,Fargo  ND-MN ,165,165,48999,0,0,0,0,0,0,0,0,0,160,160,46685,0,0,0,0,0,0,0,0,0
202203,246,22180,C,Fayetteville  NC ,679,679,131999,0,0,0,0,0,0,2,10,1380,462,462,101519,0,0,0,0,0,0,2,10,1380
202203,258,23060,C,Fort Wayne  IN ,368,368,104691,16,32,2230,0,0,0,3,24,1783,26,26,9119,1,2,429,0,0,0,0,0,0
202203,260,23420,C,Fresno  CA ,781,781,230995,0,0,0,3,11,1124,7,88,18078,445,445,122347,0,0,0,1,3,525,5,72,15953
202203,260,25260,C,Hanford-Corcoran  CA ,77,77,20410,1,2,316,0,0,0,0,0,0,1,1,312,1,2,316,0,0,0,0,0,0
202203,260,31460,C,Madera  CA ,236,236,62167,0,0,0,0,0,0,4,64,7033,236,236,62167,0,0,0,0,0,0,4,64,7033
202203,264,23540,C,Gainesville  FL ,390,390,93227,3,6,349,0,0,0,4,296,10079,28,28,11368,0,0,0,0,0,0,0,0,0
202203,266,24340,C,Grand Rapids-Kentwood  MI ,591,591,190484,12,24,5528,11,38,5992,12,172,18900,370,370,133424,1,2,175,7,26,4069,1,50,6000
202203,266,34740,C,Muskegon  MI ,62,62,15525,0,0,0,0,0,0,9,217,15624,39,39,10309,0,0,0,0,0,0,9,217,15624
202203,267,24580,C,Green Bay  WI ,170,170,65150,2,4,848,0,0,0,5,31,2460,105,105,43812,0,0,0,0,0,0,0,0,0
202203,268,15500,C,Burlington  NC ,448,448,75178,1,2,180,0,0,0,0,0,0,448,448,75178,1,2,180,0,0,0,0,0,0
202203,268,24660,C,Greensboro-High Point  NC ,694,694,196406,5,10,3362,0,0,0,18,438,62261,518,518,132122,5,10,3362,0,0,0,18,438,62261
202203,268,49180,C,Winston-Salem  NC ,1023,1023,236160,0,0,0,1,3,276,3,18,710,702,702,148818,0,0,0,0,0,0,0,0,0
202203,272,24780,C,Greenville  NC ,228,228,54898,6,12,1343,0,0,0,0,0,0,125,125,30831,6,12,1343,0,0,0,0,0,0
202203,273,24860,C,Greenville-Anderson  SC ,1864,1864,483451,8,16,1473,10,36,1685,54,663,81989,1764,1764,459637,8,16,1473,10,36,1685,52,653,81906
202203,273,43900,C,Spartanburg  SC ,849,849,138337,0,0,0,0,0,0,0,0,0,0,0,0,0,0,0,0,0,0,0,0,0
202203,276,23900,C,Gettysburg  PA ,88,88,26419,0,0,0,0,0,0,0,0,0,88,88,26419,0,0,0,0,0,0,0,0,0
202203,276,25420,C,Harrisburg-Carlisle  PA ,429,429,100127,0,0,0,3,11,868,13,347,32235,373,373,86242,0,0,0,3,11,868,10,326,29654
202203,276,30140,C,Lebanon  PA ,51,51,9704,0,0,0,0,0,0,3,18,3153,3,3,502,0,0,0,0,0,0,0,0,0
202203,276,49620,C,York-Hanover  PA ,273,273,70311,0,0,0,0,0,0,5,52,4508,182,182,52593,0,0,0,0,0,0,0,0,0
202203,277,25500,C,Harrisonburg  VA ,216,216,49726,0,0,0,0,0,0,1,5,680,210,210,48505,0,0,0,0,0,0,0,0,0
202203,277,44420,C,Staunton  VA ,89,89,21019,0,0,0,0,0,0,1,20,1500,89,89,21019,0,0,0,0,0,0,1,20,1500
202203,278,25540,C,Hartford-East Hartford-Middletown  CT ,159,159,38368,37,74,3872,0,0,0,11,100,7710,71,71,17373,37,74,3872,0,0,0,0,0,0
202203,278,35980,C,Norwich-New London  CT ,95,95,24916,1,2,327,0,0,0,0,0,0,66,66,17825,1,2,327,0,0,0,0,0,0
202203,279,25620,C,Hattiesburg  MS ,77,77,8938,0,0,0,0,0,0,1,5,400,45,45,1947,0,0,0,0,0,0,0,0,0
202203,284,26300,C,Hot Springs  AR ,16,16,4227,0,0,0,0,0,0,0,0,0,16,16,4227,0,0,0,0,0,0,0,0,0
202203,288,26420,C,Houston-The Woodlands-Sugar Land  TX ,15072,15072,3574779,76,152,17687,0,0,0,159,4975,574479,13681,13681,3228338,76,152,17687,0,0,0,146,4839,561471
202203,290,19460,C,Decatur  AL ,68,68,17701,0,0,0,0,0,0,0,0,0,65,65,16968,0,0,0,0,0,0,0,0,0
202203,290,26620,C,Huntsville  AL ,1138,1138,228120,2,4,337,0,0,0,1,7,817,294,294,82433,0,0,0,0,0,0,0,0,0
202203,292,26820,C,Idaho Falls  ID ,328,328,68063,2,4,264,8,30,3795,5,72,8133,318,318,66292,2,4,264,6,24,2895,5,72,8133
202203,294,18020,C,Columbus  IN ,39,39,9927,0,0,0,0,0,0,0,0,0,0,0,0,0,0,0,0,0,0,0,0,0
202203,294,26900,C,Indianapolis-Carmel-Anderson  IN ,2526,2526,819634,32,64,10502,3,11,1007,40,1467,205318,2363,2363,777686,32,64,10502,3,11,1007,40,1467,205318
202203,294,34620,C,Muncie  IN ,55,55,5571,0,0,0,0,0,0,0,0,0,43,43,2343,0,0,0,0,0,0,0,0,0
202203,296,27060,C,Ithaca  NY ,19,19,5363,1,2,320,0,0,0,3,16,1095,6,6,1218,0,0,0,0,0,0,0,0,0
202203,297,27180,C,Jackson  TN ,150,150,34901,0,0,0,0,0,0,0,0,0,33,33,8951,0,0,0,0,0,0,0,0,0
202203,298,27140,C,Jackson  MS ,368,368,92473,0,0,0,1,3,131,0,0,0,278,278,77420,0,0,0,0,0,0,0,0,0
202203,300,27260,C,Jacksonville  FL ,4344,4344,1032651,5,10,1189,8,24,7179,62,2908,351294,4315,4315,1023106,5,10,1189,8,24,7179,62,2908,351294
202203,304,27740,C,Johnson City  TN ,182,182,45694,0,0,0,0,0,0,11,101,8910,107,107,34577,0,0,0,0,0,0,11,101,8910
202203,304,28700,C,Kingsport-Bristol  TN-VA ,207,207,45840,11,22,4070,7,24,3215,4,45,2632,158,158,39514,11,22,4070,5,18,2523,0,0,0
202203,306,27780,C,Johnstown  PA ,19,19,4352,0,0,0,0,0,0,0,0,0,1,1,325,0,0,0,0,0,0,0,0,0
202203,308,27860,C,Jonesboro  AR ,198,198,29789,12,24,1739,16,53,2855,4,26,1469,41,41,5894,1,2,227,3,10,685,0,0,0
202203,309,27900,C,Joplin  MO ,159,159,28461,12,24,1882,1,3,139,3,53,5798,102,102,20235,5,10,1349,0,0,0,2,48,5565
202203,310,12980,C,Battle Creek  MI ,15,15,3898,0,0,0,0,0,0,0,0,0,4,4,1085,0,0,0,0,0,0,0,0,0
202203,310,28020,C,Kalamazoo-Portage  MI ,98,98,28434,5,10,2120,1,3,461,0,0,0,40,40,12988,2,4,921,0,0,0,0,0,0
202203,312,28140,C,Kansas City  MO-KS ,1472,1472,479629,17,34,8882,14,50,8112,37,1607,207376,1353,1353,437267,17,34,8882,14,50,8112,37,1607,207376
202203,312,29940,C,Lawrence  KS ,40,40,14934,3,6,589,0,0,0,0,0,0,18,18,6771,0,0,0,0,0,0,0,0,0
202203,312,41140,C,St. Joseph  MO-KS ,22,22,5253,2,4,450,0,0,0,0,0,0,6,6,1665,0,0,0,0,0,0,0,0,0
202203,313,28420,C,Kennewick-Richland  WA ,436,436,134123,0,0,0,1,4,566,4,168,21910,196,196,68280,0,0,0,1,4,566,4,168,21910
202203,313,47460,C,Walla Walla  WA ,35,35,12167,1,2,494,3,9,1051,0,0,0,24,24,9841,1,2,494,0,0,0,0,0,0
202203,315,28940,C,Knoxville  TN ,1268,1268,304808,0,0,0,0,0,0,16,361,50110,1063,1063,275337,0,0,0,0,0,0,11,280,43721
202203,315,34100,C,Morristown  TN ,204,204,49490,1,2,650,8,26,3746,0,0,0,166,166,42085,1,2,650,8,26,3746,0,0,0
202203,316,29020,C,Kokomo  IN ,29,29,9179,0,0,0,0,0,0,0,0,0,24,24,7651,0,0,0,0,0,0,0,0,0
202203,318,29180,C,Lafayette  LA ,571,571,137323,0,0,0,0,0,0,1,11,3245,388,388,100572,0,0,0,0,0,0,1,11,3245
202203,320,29200,C,Lafayette-West Lafayette  IN ,128,128,34663,0,0,0,0,0,0,2,80,8672,103,103,29432,0,0,0,0,0,0,0,0,0
202203,324,29340,C,Lake Charles  LA ,260,260,46023,8,16,1273,0,0,0,0,0,0,87,87,14408,6,12,1080,0,0,0,0,0,0
202203,332,29820,C,Las Vegas-Henderson-Paradise  NV ,3313,3313,901561,4,8,1901,26,103,11350,59,1209,118902,3313,3313,901561,4,8,1901,26,103,11350,59,1209,118902
202203,336,30460,C,Lexington-Fayette  KY ,383,383,92407,2,4,379,8,26,3125,10,280,25692,95,95,32715,1,2,160,5,16,1660,0,0,0
202203,338,30620,C,Lima  OH ,22,22,5548,1,2,80,2,6,414,2,10,1120,6,6,1842,0,0,0,0,0,0,0,0,0
202203,339,30700,C,Lincoln  NE ,333,333,93820,5,10,1180,0,0,0,18,351,36094,39,39,9613,0,0,0,0,0,0,2,24,2824
202203,340,30780,C,Little Rock-North Little Rock-Conway  AR ,608,608,143763,8,16,1159,1,3,226,14,327,25364,420,420,109200,4,8,630,1,3,226,9,240,19000
202203,340,38220,C,Pine Bluff  AR ,12,12,1732,0,0,0,0,0,0,2,24,550,5,5,623,0,0,0,0,0,0,2,24,550
202203,348,31080,C,Los Angeles-Long Beach-Anaheim  CA ,2929,2929,865829,195,390,88376,38,120,32850,126,3229,509006,2374,2374,670629,177,354,80388,31,98,28852,100,2863,451173
202203,348,37100,C,Oxnard-Thousand Oaks-Ventura  CA ,127,127,39005,6,12,2739,2,6,1322,18,294,33435,69,69,21775,4,8,1766,0,0,0,8,177,19606
202203,348,40140,C,Riverside-San Bernardino-Ontario  CA ,3513,3513,1032568,12,24,1155,10,39,7742,60,841,96315,2985,2985,912642,12,24,1155,10,39,7742,41,677,75722
202203,350,21060,C,Elizabethtown-Fort Knox  KY ,128,128,32092,8,16,1805,0,0,0,0,0,0,101,101,25043,7,14,1605,0,0,0,0,0,0
202203,350,31140,C,Louisville-Jefferson County  KY-IN ,1016,1016,282959,8,16,2480,0,0,0,0,0,0,634,634,202973,4,8,1179,0,0,0,0,0,0
202203,352,31180,C,Lubbock  TX ,765,765,183521,78,156,22550,6,24,3461,2,10,719,757,757,181892,78,156,22550,6,24,3461,0,0,0
202203,356,31420,C,Macon-Bibb County  GA ,172,172,34833,0,0,0,0,0,0,0,0,0,63,63,12940,0,0,0,0,0,0,0,0,0
202203,356,47580,C,Warner Robins  GA ,663,663,104772,0,0,0,0,0,0,0,0,0,575,575,84176,0,0,0,0,0,0,0,0,0
202203,357,27500,C,Janesville-Beloit  WI ,86,86,21772,4,8,1551,0,0,0,3,38,4907,56,56,14153,4,8,1551,0,0,0,0,0,0
202203,357,31540,C,Madison  WI ,390,390,155036,12,24,5972,2,8,2600,17,745,119923,305,305,130873,6,12,2837,2,8,2600,15,734,117346
202203,359,31860,C,Mankato  MN ,45,45,11643,0,0,0,0,0,0,5,80,11790,13,13,4807,0,0,0,0,0,0,2,34,4324
202203,360,31900,C,Mansfield  OH ,32,32,9417,1,2,200,10,40,5491,3,17,1959,18,18,5129,0,0,0,9,36,5199,2,12,1430
202203,365,32580,C,McAllen-Edinburg-Mission  TX ,1085,1085,227935,28,56,5024,77,306,16982,9,54,3658,873,873,191675,20,40,4038,63,251,15421,9,54,3658
202203,366,24420,C,Grants Pass  OR ,75,75,15962,4,8,742,0,0,0,0,0,0,28,28,6944,4,8,742,0,0,0,0,0,0
202203,366,32780,C,Medford  OR ,221,221,62669,3,6,1496,7,28,2283,5,52,6913,196,196,56450,3,6,1496,2,8,1003,2,36,4762
202203,368,32820,C,Memphis  TN-MS-AR ,1089,1089,251450,1,2,650,0,0,0,2,10,1217,947,947,222879,1,2,650,0,0,0,0,0,0
202203,370,33100,C,Miami-Fort Lauderdale-Pompano Beach  FL ,1993,1993,823771,29,58,12181,11,42,9421,68,2106,356999,1691,1691,685565,29,58,12181,9,36,7127,53,1932,336079
202203,370,38940,C,Port St. Lucie  FL ,1315,1315,352666,21,42,8185,17,52,2532,17,476,67759,1236,1236,327527,21,42,8185,17,52,2532,17,476,67759
202203,370,42680,C,Sebastian-Vero Beach  FL ,224,224,123452,6,12,2019,0,0,0,0,0,0,208,208,110609,6,12,2019,0,0,0,0,0,0
202203,372,33260,C,Midland  TX ,150,150,31004,0,0,0,0,0,0,0,0,0,150,150,31004,0,0,0,0,0,0,0,0,0
202203,372,36220,C,Odessa  TX ,265,265,62090,0,0,0,0,0,0,3,95,11386,0,0,0,0,0,0,0,0,0,0,0,0
202203,376,33340,C,Milwaukee-Waukesha  WI ,384,384,164082,37,74,18926,0,0,0,4,287,45524,274,274,119295,36,72,18576,0,0,0,2,252,40500
202203,376,39540,C,Racine  WI ,28,28,11006,2,4,600,0,0,0,0,0,0,27,27,10631,2,4,600,0,0,0,0,0,0
202203,378,33460,C,Minneapolis-St. Paul-Bloomington  MN-WI ,2384,2384,818330,10,20,5104,13,49,13421,46,3914,798994,2060,2060,712602,8,16,4267,13,49,13421,39,3783,783601
202203,378,41060,C,St. Cloud  MN ,83,83,22632,3,6,776,0,0,0,0,0,0,7,7,2490,0,0,0,0,0,0,0,0,0
202203,380,19300,C,Daphne-Fairhope-Foley  AL ,857,857,238597,0,0,0,0,0,0,1,5,260,586,586,183954,0,0,0,0,0,0,0,0,0
202203,380,33660,C,Mobile  AL ,202,202,46293,0,0,0,0,0,0,0,0,0,168,168,39730,0,0,0,0,0,0,0,0,0
202203,384,33740,C,Monroe  LA ,117,117,27094,0,0,0,3,9,1415,4,22,2547,23,23,5621,0,0,0,0,0,0,0,0,0
202203,388,33860,C,Montgomery  AL ,263,263,64719,0,0,0,1,3,277,1,5,420,180,180,50703,0,0,0,0,0,0,0,0,0
202203,390,34060,C,Morgantown  WV ,2,2,274,0,0,0,0,0,0,0,0,0,0,0,0,0,0,0,0,0,0,0,0,0
202203,396,34820,C,Myrtle Beach-Conway-North Myrtle Beach  SC-NC ,2449,2449,546157,14,28,2533,0,0,0,16,384,43037,671,671,166649,0,0,0,0,0,0,9,295,36747
202203,400,34980,C,Nashville-Davidson--Murfreesboro--Franklin  TN ,4827,4827,1374849,7,14,1474,11,43,7153,22,1401,123269,3405,3405,916938,7,14,1474,8,32,6273,12,1189,99478
202203,404,35100,C,New Bern  NC ,186,186,41815,0,0,0,0,0,0,4,68,7661,21,21,7104,0,0,0,0,0,0,0,0,0
202203,406,25220,C,Hammond  LA ,292,292,51176,0,0,0,0,0,0,11,60,2552,3,3,1079,0,0,0,0,0,0,11,60,2552
202203,406,35380,C,New Orleans-Metairie  LA ,1000,1000,267060,40,80,8968,0,0,0,4,157,28044,655,655,175906,5,10,951,0,0,0,0,0,0
202203,408,14860,C,Bridgeport-Stamford-Norwalk  CT ,203,203,130593,8,16,2919,0,0,0,7,86,13196,148,148,91057,5,10,2447,0,0,0,3,55,8705
202203,408,20700,C,East Stroudsburg  PA ,46,46,14348,0,0,0,0,0,0,2,12,2921,20,20,8083,0,0,0,0,0,0,0,0,0
202203,408,28740,C,Kingston  NY ,41,41,17662,0,0,0,0,0,0,0,0,0,28,28,13663,0,0,0,0,0,0,0,0,0
202203,408,35300,C,New Haven-Milford  CT ,154,154,38255,2,4,992,2,7,1719,9,190,17794,33,33,9286,1,2,399,0,0,0,4,146,15000
202203,408,35620,C,New York-Newark-Jersey City  NY-NJ-PA ,3208,3208,903528,174,348,44171,59,193,19851,411,13119,1495123,2351,2351,681257,138,276,38020,40,134,16479,255,10130,1194762
202203,408,39100,C,Poughkeepsie-Newburgh-Middletown  NY ,192,192,59720,1,2,298,3,10,2211,5,96,16642,86,86,29805,1,2,298,3,10,2211,3,57,9315
202203,408,45940,C,Trenton-Princeton  NJ ,49,49,5326,0,0,0,0,0,0,8,96,3897,36,36,3403,0,0,0,0,0,0,5,78,2669
202203,412,35840,C,North Port-Sarasota-Bradenton  FL ,3236,3236,935681,91,182,27395,3,11,1250,23,805,94809,3236,3236,935681,91,182,27395,3,11,1250,23,805,94809
202203,412,39460,C,Punta Gorda  FL ,1217,1217,366973,31,62,10043,2,8,1603,13,340,51051,1217,1217,366973,31,62,10043,2,8,1603,13,340,51051
202203,416,36420,C,Oklahoma City  OK ,2004,2004,543942,52,104,12914,0,0,0,0,0,0,1816,1816,501681,52,104,12914,0,0,0,0,0,0
202203,420,36540,C,Omaha-Council Bluffs  NE-IA ,744,744,172060,12,24,2978,45,180,11307,24,705,50263,626,626,142587,11,22,2792,45,180,11307,20,685,47957
202203,422,19660,C,Deltona-Daytona Beach-Ormond Beach  FL ,1658,1658,522222,16,32,5903,0,0,0,11,660,82760,1343,1343,408244,15,30,5388,0,0,0,8,604,75837
202203,422,29460,C,Lakeland-Winter Haven  FL ,2819,2819,704023,7,14,1270,0,0,0,24,720,83614,2170,2170,514829,7,14,1270,0,0,0,24,720,83614
202203,422,36740,C,Orlando-Kissimmee-Sanford  FL ,4919,4919,1289248,21,42,9068,18,72,10042,83,3079,396526,4376,4376,1141265,21,42,9068,18,72,10042,75,2946,384394
202203,422,45540,C,The Villages  FL ,1033,1033,289387,0,0,0,0,0,0,1,8,1772,1030,1030,288818,0,0,0,0,0,0,1,8,1772
202203,425,37620,C,Parkersburg-Vienna  WV ,18,18,4310,0,0,0,0,0,0,0,0,0,12,12,3242,0,0,0,0,0,0,0,0,0
202203,426,37860,C,Pensacola-Ferry Pass-Brent  FL ,984,984,235412,7,14,1798,0,0,0,4,162,20180,984,984,235412,7,14,1798,0,0,0,4,162,20180
202203,428,12100,C,Atlantic City-Hammonton  NJ ,155,155,48962,5,10,1732,0,0,0,7,104,6519,138,138,45571,5,10,1732,0,0,0,0,0,0
202203,428,20100,C,Dover  DE ,267,267,44574,0,0,0,0,0,0,0,0,0,261,261,43284,0,0,0,0,0,0,0,0,0
202203,428,36140,C,Ocean City  NJ ,161,161,86099,20,40,10252,0,0,0,1,5,50,161,161,86099,20,40,10252,0,0,0,1,5,50
202203,428,37980,C,Philadelphia-Camden-Wilmington  PA-NJ-DE-MD ,2094,2094,385012,28,56,7766,27,96,13666,72,864,95819,1234,1234,284480,22,44,6440,26,93,13141,38,458,51387
202203,428,39740,C,Reading  PA ,120,120,32248,0,0,0,0,0,0,3,15,1973,69,69,20143,0,0,0,0,0,0,0,0,0
202203,428,47220,C,Vineland-Bridgeton  NJ ,40,40,4068,0,0,0,0,0,0,0,0,0,25,25,3142,0,0,0,0,0,0,0,0,0
202203,429,38060,C,Phoenix-Mesa-Chandler  AZ ,10016,10016,2678845,281,562,58122,19,72,11155,104,3255,534172,9390,9390,2512263,278,556,57343,19,72,11155,99,2835,463333
202203,430,38300,C,Pittsburgh  PA ,868,868,246383,8,16,3301,6,19,3325,18,280,43608,457,457,152339,5,10,2839,1,4,900,3,62,12045
202203,430,48260,C,Weirton-Steubenville  WV-OH ,9,9,2019,0,0,0,0,0,0,0,0,0,3,3,684,0,0,0,0,0,0,0,0,0
202203,438,30340,C,Lewiston-Auburn  ME ,43,43,10379,0,0,0,0,0,0,3,42,4543,18,18,4581,0,0,0,0,0,0,0,0,0
202203,438,38860,C,Portland-South Portland  ME ,499,499,152620,14,28,5216,0,0,0,20,676,101791,172,172,65762,8,16,3286,0,0,0,11,629,97620
202203,440,10540,C,Albany-Lebanon  OR ,37,37,9611,2,4,761,0,0,0,5,52,7722,29,29,7774,2,4,761,0,0,0,2,36,5538
202203,440,18700,C,Corvallis  OR ,56,56,16348,0,0,0,0,0,0,0,0,0,56,56,16348,0,0,0,0,0,0,0,0,0
202203,440,31020,C,Longview  WA ,101,101,25030,0,0,0,2,8,850,0,0,0,34,34,7961,0,0,0,2,8,850,0,0,0
202203,440,38900,C,Portland-Vancouver-Hillsboro  OR-WA ,1874,1874,541638,8,16,2541,8,30,5563,43,1111,148479,1233,1233,360347,6,12,1584,5,18,3466,30,845,114890
202203,440,41420,C,Salem  OR ,323,323,98174,2,4,951,0,0,0,40,461,54370,190,190,62564,0,0,0,0,0,0,9,120,14380
202203,444,39380,C,Pueblo  CO ,173,173,28633,0,0,0,0,0,0,0,0,0,173,173,28633,0,0,0,0,0,0,0,0,0
202203,450,20500,C,Durham-Chapel Hill  NC ,994,994,343095,4,8,132,0,0,0,5,108,20505,983,983,339667,4,8,132,0,0,0,2,73,15340
202203,450,39580,C,Raleigh-Cary  NC ,3999,3999,928678,0,0,0,0,0,0,23,961,98028,2997,2997,741138,0,0,0,0,0,0,23,961,98028
202203,452,39660,C,Rapid City  SD ,179,179,51057,2,4,1085,0,0,0,6,79,8518,178,178,50779,2,4,1085,0,0,0,6,79,8518
202203,454,39820,C,Redding  CA ,113,113,34631,0,0,0,0,0,0,0,0,0,63,63,21015,0,0,0,0,0,0,0,0,0
202203,456,16180,C,Carson City  NV ,54,54,14226,0,0,0,0,0,0,4,23,2296,0,0,0,0,0,0,0,0,0,0,0,0
202203,456,39900,C,Reno  NV ,723,723,199393,13,26,3339,3,12,1575,38,708,87404,159,159,40054,5,10,1660,0,0,0,5,120,13212
202203,462,40340,C,Rochester  MN ,115,115,36543,2,4,326,1,3,380,3,394,42300,67,67,23755,0,0,0,0,0,0,3,394,42300
202203,464,40380,C,Rochester  NY ,242,242,72400,9,18,3073,13,48,6112,20,446,54298,118,118,40364,9,18,3073,11,42,5482,12,266,34037
202203,466,40420,C,Rockford  IL ,49,49,9730,0,0,0,0,0,0,0,0,0,46,46,9430,0,0,0,0,0,0,0,0,0
202203,468,40580,C,Rocky Mount  NC ,155,155,22064,0,0,0,0,0,0,0,0,0,68,68,8316,0,0,0,0,0,0,0,0,0
202203,472,40900,C,Sacramento-Roseville-Folsom  CA ,2239,2239,669617,16,32,3469,11,44,10878,11,224,32971,2219,2219,663930,16,32,3469,11,44,10878,11,224,32971
202203,472,49700,C,Yuba City  CA ,203,203,47790,1,2,288,0,0,0,0,0,0,193,193,44091,1,2,288,0,0,0,0,0,0
202203,474,13020,C,Bay City  MI ,14,14,4162,0,0,0,0,0,0,0,0,0,4,4,1507,0,0,0,0,0,0,0,0,0
202203,474,33220,C,Midland  MI ,23,23,4646,1,2,157,0,0,0,0,0,0,2,2,570,0,0,0,0,0,0,0,0,0
202203,474,40980,C,Saginaw  MI ,39,39,7982,2,4,496,0,0,0,0,0,0,21,21,4485,1,2,200,0,0,0,0,0,0
202203,476,41180,C,St. Louis  MO-IL ,1152,1152,375789,20,40,4535,5,17,2381,37,1011,133766,857,857,273408,17,34,4297,3,11,1025,27,907,123862
202203,480,41540,C,Salisbury  MD-DE ,1174,1174,196129,31,62,6000,0,0,0,0,0,0,1166,1166,195311,31,62,6000,0,0,0,0,0,0
202203,482,36260,C,Ogden-Clearfield  UT ,1120,1120,328807,2,4,641,12,43,5555,16,738,105415,890,890,270217,0,0,0,3,10,1911,5,464,65119
202203,482,39340,C,Provo-Orem  UT ,1971,1971,603614,11,22,4703,20,74,14851,60,955,122088,1947,1947,588584,8,16,3169,20,74,14851,60,955,122088
202203,482,41620,C,Salt Lake City  UT ,1348,1348,388370,10,20,1831,16,57,12371,59,2247,320874,1033,1033,295021,0,0,0,8,31,7853,28,806,113372
202203,484,41700,C,San Antonio-New Braunfels  TX ,3177,3177,752592,27,54,6936,12,44,5933,93,2802,334970,2919,2919,696288,27,54,6936,12,44,5933,82,2412,286291
202203,488,32900,C,Merced  CA ,109,109,35542,0,0,0,0,0,0,0,0,0,48,48,13162,0,0,0,0,0,0,0,0,0
202203,488,33700,C,Modesto  CA ,194,194,40016,2,4,1100,0,0,0,3,15,1083,147,147,30703,2,4,1100,0,0,0,0,0,0
202203,488,34900,C,Napa  CA ,38,38,11924,1,2,233,0,0,0,3,207,35796,0,0,0,0,0,0,0,0,0,0,0,0
202203,488,41860,C,San Francisco-Oakland-Berkeley  CA ,1054,1054,328342,13,26,8115,7,24,6568,54,1347,318994,746,746,227283,9,18,3998,4,15,3997,28,1029,247910
202203,488,41940,C,San Jose-Sunnyvale-Santa Clara  CA ,576,576,184391,3,6,950,0,0,0,23,876,126146,531,531,171780,3,6,950,0,0,0,20,717,94898
202203,488,42100,C,Santa Cruz-Watsonville  CA ,70,70,16522,0,0,0,1,3,1352,3,18,1389,15,15,3196,0,0,0,1,3,1352,0,0,0
202203,488,42220,C,Santa Rosa-Petaluma  CA ,291,291,80463,0,0,0,0,0,0,8,287,79318,228,228,68639,0,0,0,0,0,0,5,272,76818
202203,488,44700,C,Stockton  CA ,1004,1004,320002,1,2,400,0,0,0,6,120,15361,506,506,175300,0,0,0,0,0,0,2,48,6266
202203,488,46700,C,Vallejo  CA ,269,269,83845,0,0,0,0,0,0,0,0,0,232,232,74833,0,0,0,0,0,0,0,0,0
202203,496,25980,C,Hinesville  GA ,198,198,33696,0,0,0,0,0,0,0,0,0,109,109,12948,0,0,0,0,0,0,0,0,0
202203,496,42340,C,Savannah  GA ,709,709,182640,7,14,1377,4,16,2159,22,332,35427,561,561,152590,7,14,1377,4,16,2159,22,332,35427
202203,500,14740,C,Bremerton-Silverdale-Port Orchard  WA ,360,360,104483,1,2,158,0,0,0,6,333,48124,360,360,104483,1,2,158,0,0,0,6,333,48124
202203,500,34580,C,Mount Vernon-Anacortes  WA ,88,88,26122,2,4,620,0,0,0,3,63,5880,76,76,22768,2,4,620,0,0,0,0,0,0
202203,500,36500,C,Olympia-Lacey-Tumwater  WA ,166,166,41348,8,16,2089,5,19,11302,21,428,50529,127,127,32548,8,16,2089,5,19,11302,18,412,49848
202203,500,42660,C,Seattle-Tacoma-Bellevue  WA ,1987,1987,698239,127,254,54343,78,248,49704,114,4638,761033,1494,1494,528939,121,242,51507,74,236,47063,90,4346,727033
202203,508,43340,C,Shreveport-Bossier City  LA ,254,254,66103,0,0,0,0,0,0,0,0,0,145,145,39521,0,0,0,0,0,0,0,0,0
202203,515,21140,C,Elkhart-Goshen  IN ,77,77,24114,0,0,0,0,0,0,0,0,0,76,76,23827,0,0,0,0,0,0,0,0,0
202203,515,35660,C,Niles  MI ,48,48,22936,3,6,1590,0,0,0,1,5,600,18,18,7980,3,6,1590,0,0,0,1,5,600
202203,515,43780,C,South Bend-Mishawaka  IN-MI ,92,92,33574,1,2,390,0,0,0,0,0,0,66,66,27103,1,2,390,0,0,0,0,0,0
202203,518,17660,C,Coeur dAlene  ID ,411,411,142386,7,14,2497,0,0,0,25,419,43744,188,188,90507,1,2,485,0,0,0,4,72,10400
202203,518,44060,C,Spokane-Spokane Valley  WA ,516,516,139363,35,70,15330,7,26,4578,33,475,34784,396,396,108309,32,64,14424,6,23,4191,27,410,26859
202203,522,44100,C,Springfield  IL ,42,42,11916,2,4,598,0,0,0,0,0,0,24,24,7187,2,4,598,0,0,0,0,0,0
202203,524,44300,C,State College  PA ,59,59,20967,0,0,0,0,0,0,1,135,58941,41,41,17494,0,0,0,0,0,0,1,135,58941
202203,532,45060,C,Syracuse  NY ,95,95,21245,0,0,0,0,0,0,0,0,0,49,49,11684,0,0,0,0,0,0,0,0,0
202203,534,45780,C,Toledo  OH ,174,174,58366,1,2,225,3,11,657,10,72,5447,103,103,41272,1,2,225,2,8,400,8,43,2150
202203,536,46060,C,Tucson  AZ ,1445,1445,454650,7,14,1696,3,12,2771,39,637,79274,1053,1053,344532,1,2,268,3,12,2771,23,416,46117
202203,538,46140,C,Tulsa  OK ,1096,1096,292355,5,10,1434,2,6,645,10,202,21883,1019,1019,277139,4,8,1210,2,6,645,6,172,19576
202203,540,46340,C,Tyler  TX ,196,196,46586,5,10,1245,1,4,539,0,0,0,138,138,33016,1,2,257,1,4,539,0,0,0
202203,544,47020,C,Victoria  TX ,55,55,13158,0,0,0,0,0,0,0,0,0,55,55,13158,0,0,0,0,0,0,0,0,0
202203,545,47260,C,Virginia Beach-Norfolk-Newport News  VA-NC ,1076,1076,284367,3,6,960,1,4,813,36,569,44556,986,986,275843,3,6,960,1,4,813,36,569,44556
202203,548,12580,C,Baltimore-Columbia-Towson  MD ,901,901,205628,1,2,350,0,0,0,18,1033,166817,824,824,189373,0,0,0,0,0,0,14,792,129331
202203,548,15680,C,California-Lexington Park  MD ,54,54,19441,0,0,0,0,0,0,0,0,0,54,54,19441,0,0,0,0,0,0,0,0,0
202203,548,16540,C,Chambersburg-Waynesboro  PA ,83,83,23949,1,2,240,1,4,520,1,5,649,72,72,21272,1,2,240,1,4,520,0,0,0
202203,548,25180,C,Hagerstown-Martinsburg  MD-WV ,494,494,123549,1,2,334,0,0,0,11,273,30456,134,134,32404,0,0,0,0,0,0,6,220,24641
202203,548,47900,C,Washington-Arlington-Alexandria  DC-VA-MD-WV ,3640,3640,944601,11,22,2739,1,3,859,65,4362,511632,3238,3238,843584,10,20,2569,0,0,0,54,4140,485342
202203,548,49020,C,Winchester  VA-WV ,184,184,49995,0,0,0,0,0,0,0,0,0,184,184,49995,0,0,0,0,0,0,0,0,0
202203,554,48140,C,Wausau-Weston  WI ,70,70,20121,1,2,190,0,0,0,0,0,0,32,32,9990,1,2,190,0,0,0,0,0,0
202203,556,48620,C,Wichita  KS ,400,400,141916,120,240,27349,5,16,1795,0,0,0,313,313,122466,111,222,25360,2,7,1075,0,0,0
202203,558,48700,C,Williamsport  PA ,19,19,5306,0,0,0,0,0,0,0,0,0,6,6,2366,0,0,0,0,0,0,0,0,0
202203,566,49660,C,Youngstown-Warren-Boardman  OH-PA ,76,76,17237,0,0,0,0,0,0,0,0,0,54,54,12254,0,0,0,0,0,0,0,0,0
202203,999,10180,C,Abilene  TX ,156,156,33987,10,20,1966,0,0,0,0,0,0,152,152,33060,10,20,1966,0,0,0,0,0,0
202203,999,10500,C,Albany  GA ,46,46,7453,0,0,0,0,0,0,2,33,3657,30,30,3405,0,0,0,0,0,0,0,0,0
202203,999,10780,C,Alexandria  LA ,85,85,23653,0,0,0,0,0,0,0,0,0,59,59,16881,0,0,0,0,0,0,0,0,0
202203,999,10900,C,Allentown-Bethlehem-Easton  PA-NJ ,368,368,90513,8,16,939,1,4,425,9,246,45567,294,294,74083,7,14,905,0,0,0,5,213,42900
202203,999,11260,C,Anchorage  AK ,222,222,70266,2,4,658,3,12,2065,5,63,9464,10,10,2433,2,4,658,0,0,0,0,0,0
202203,999,11500,C,Anniston-Oxford  AL ,22,22,3329,0,0,0,0,0,0,0,0,0,18,18,2993,0,0,0,0,0,0,0,0,0
202203,999,12260,C,Augusta-Richmond County  GA-SC ,1124,1124,280896,3,6,731,17,66,6833,5,40,2500,613,613,185510,3,6,731,17,66,6833,5,40,2500
202203,999,12420,C,Austin-Round Rock-Georgetown  TX ,6238,6238,1563567,42,84,8305,15,56,6664,120,5295,516288,4710,4710,1233663,42,84,8305,13,50,5997,117,5278,514718
202203,999,12540,C,Bakersfield  CA ,577,577,153294,1,2,88,0,0,0,0,0,0,562,562,150168,1,2,88,0,0,0,0,0,0
202203,999,12620,C,Bangor  ME ,47,47,9968,8,16,2781,3,11,2197,0,0,0,2,2,543,1,2,218,0,0,0,0,0,0
202203,999,12940,C,Baton Rouge  LA ,1092,1092,234394,2,4,9071,0,0,0,0,0,0,148,148,25085,1,2,150,0,0,0,0,0,0
202203,999,13140,C,Beaumont-Port Arthur  TX ,408,408,90510,3,6,554,0,0,0,0,0,0,338,338,76579,0,0,0,0,0,0,0,0,0
202203,999,13220,C,Beckley  WV ,20,20,5436,0,0,0,0,0,0,0,0,0,17,17,5146,0,0,0,0,0,0,0,0,0
202203,999,13380,C,Bellingham  WA ,227,227,65102,4,8,1719,7,28,5530,4,270,29750,106,106,31282,1,2,360,7,28,5530,4,270,29750
202203,999,13740,C,Billings  MT ,296,296,36669,11,22,3071,0,0,0,6,33,4698,114,114,29886,11,22,3071,0,0,0,6,33,4698
202203,999,13780,C,Binghamton  NY ,34,34,5840,0,0,0,0,0,0,9,87,8407,0,0,0,0,0,0,0,0,0,0,0,0
202203,999,13900,C,Bismarck  ND ,51,51,17347,6,12,2734,0,0,0,0,0,0,41,41,14082,6,12,2734,0,0,0,0,0,0
202203,999,13980,C,Blacksburg-Christiansburg  VA ,77,77,19354,1,2,190,1,3,630,1,53,13447,46,46,12881,1,2,190,0,0,0,1,53,13447
202203,999,15260,C,Brunswick  GA ,137,137,40802,5,10,1504,0,0,0,3,15,8087,0,0,0,0,0,0,0,0,0,0,0,0
202203,999,16060,C,Carbondale-Marion  IL ,51,51,6539,1,2,125,9,36,2255,0,0,0,16,16,1974,1,2,125,8,32,1900,0,0,0
202203,999,16220,C,Casper  WY ,45,45,12428,1,2,126,0,0,0,2,10,996,33,33,9857,1,2,126,0,0,0,2,10,996
202203,999,16580,C,Champaign-Urbana  IL ,109,109,32040,0,0,0,0,0,0,2,214,41201,101,101,30227,0,0,0,0,0,0,2,214,41201
202203,999,16700,C,Charleston-North Charleston  SC ,1610,1610,518748,0,0,0,1,4,269,22,578,51173,642,642,275669,0,0,0,0,0,0,3,104,14639
202203,999,16820,C,Charlottesville  VA ,327,327,90532,3,6,1024,0,0,0,8,152,13847,54,54,11548,0,0,0,0,0,0,0,0,0
202203,999,16940,C,Cheyenne  WY ,153,153,23462,0,0,0,10,40,3732,0,0,0,150,150,23095,0,0,0,10,40,3732,0,0,0
202203,999,17020,C,Chico  CA ,384,384,77327,13,26,3016,6,24,3339,16,264,34179,77,77,15200,2,4,157,0,0,0,13,249,32451
202203,999,17300,C,Clarksville  TN-KY ,555,555,111113,4,8,537,18,71,6370,98,917,78289,544,544,110220,4,8,537,18,71,6370,98,917,78289
202203,999,17780,C,College Station-Bryan  TX ,578,578,114865,3,6,831,7,28,3261,5,49,6477,569,569,113513,3,6,831,7,28,3261,5,49,6477
202203,999,17820,C,Colorado Springs  CO ,1352,1352,495734,12,24,2222,2,8,872,49,2023,273392,1350,1350,495529,12,24,2222,2,8,872,49,2023,273392
202203,999,18880,C,Crestview-Fort Walton Beach-Destin  FL ,904,904,445209,3,6,909,3,9,1764,17,185,28744,904,904,445209,3,6,909,3,9,1764,17,185,28744
202203,999,19060,C,Cumberland  MD-WV ,8,8,1979,0,0,0,0,0,0,0,0,0,6,6,1563,0,0,0,0,0,0,0,0,0
202203,999,19180,C,Danville  IL ,1,1,275,0,0,0,0,0,0,0,0,0,0,0,0,0,0,0,0,0,0,0,0,0
202203,999,19500,C,Decatur  IL ,6,6,2075,0,0,0,0,0,0,0,0,0,4,4,1475,0,0,0,0,0,0,0,0,0
202203,999,20220,C,Dubuque  IA ,41,41,12400,0,0,0,0,0,0,0,0,0,40,40,12136,0,0,0,0,0,0,0,0,0
202203,999,20260,C,Duluth  MN-WI ,66,66,17110,0,0,0,0,0,0,0,0,0,33,33,8587,0,0,0,0,0,0,0,0,0
202203,999,20940,C,El Centro  CA ,84,84,15169,1,2,132,0,0,0,7,72,6317,3,3,331,1,2,132,0,0,0,0,0,0
202203,999,21420,C,Enid  OK ,13,13,3718,0,0,0,0,0,0,0,0,0,13,13,3718,0,0,0,0,0,0,0,0,0
202203,999,21660,C,Eugene-Springfield  OR ,234,234,60573,12,24,4645,0,0,0,17,160,20235,21,21,5430,0,0,0,0,0,0,1,12,1660
202203,999,21780,C,Evansville  IN-KY ,193,193,58555,29,58,8887,0,0,0,4,74,3056,143,143,45948,25,50,8380,0,0,0,4,74,3056
202203,999,21820,C,Fairbanks  AK ,2,2,675,0,0,0,1,3,622,0,0,0,0,0,0,0,0,0,0,0,0,0,0,0
202203,999,22140,C,Farmington  NM ,49,49,10201,0,0,0,0,0,0,0,0,0,49,49,10201,0,0,0,0,0,0,0,0,0
202203,999,22220,C,Fayetteville-Springdale-Rogers  AR-MO ,1430,1430,425528,31,62,8099,0,0,0,35,494,68344,1026,1026,329070,0,0,0,0,0,0,23,332,50244
202203,999,22380,C,Flagstaff  AZ ,144,144,60495,1,2,88,0,0,0,2,37,3415,121,121,54468,1,2,88,0,0,0,2,37,3415
202203,999,22500,C,Florence  SC ,137,137,24932,0,0,0,0,0,0,0,0,0,135,135,24716,0,0,0,0,0,0,0,0,0
202203,999,22520,C,Florence-Muscle Shoals  AL ,90,90,10711,0,0,0,0,0,0,0,0,0,29,29,3539,0,0,0,0,0,0,0,0,0
202203,999,22540,C,Fond du Lac  WI ,36,36,12305,0,0,0,0,0,0,0,0,0,6,6,2479,0,0,0,0,0,0,0,0,0
202203,999,22660,C,Fort Collins  CO ,432,432,145521,2,4,675,3,11,2439,14,168,26129,304,304,105792,2,4,675,2,8,1920,5,44,8222
202203,999,22900,C,Fort Smith  AR-OK ,113,113,19920,14,28,2693,3,9,1150,0,0,0,84,84,16508,13,26,2513,3,9,1150,0,0,0
202203,999,23460,C,Gadsden  AL ,63,63,9648,0,0,0,0,0,0,0,0,0,16,16,2945,0,0,0,0,0,0,0,0,0
202203,999,24140,C,Goldsboro  NC ,117,117,22002,0,0,0,0,0,0,3,72,5262,117,117,22002,0,0,0,0,0,0,3,72,5262
202203,999,24220,C,Grand Forks  ND-MN ,9,9,2824,0,0,0,0,0,0,0,0,0,6,6,1302,0,0,0,0,0,0,0,0,0
202203,999,24260,C,Grand Island  NE ,63,63,12418,5,10,2454,2,6,450,0,0,0,51,51,9898,5,10,2454,0,0,0,0,0,0
202203,999,24300,C,Grand Junction  CO ,186,186,34223,2,4,401,0,0,0,2,48,3885,186,186,34223,2,4,401,0,0,0,2,48,3885
202203,999,24500,C,Great Falls  MT ,38,38,13740,0,0,0,0,0,0,0,0,0,38,38,13740,0,0,0,0,0,0,0,0,0
202203,999,25060,C,Gulfport-Biloxi  MS ,812,812,151489,1,2,185,3,11,1104,7,60,4351,493,493,98495,0,0,0,0,0,0,3,32,1981
202203,999,25860,C,Hickory-Lenoir-Morganton  NC ,386,386,91834,1,2,150,0,0,0,4,26,1449,292,292,73870,1,2,150,0,0,0,0,0,0
202203,999,25940,C,Hilton Head Island-Bluffton  SC ,794,794,314609,4,8,3148,6,18,7142,0,0,0,126,126,69753,4,8,3148,6,18,7142,0,0,0
202203,999,26140,C,Homosassa Springs  FL ,327,327,71175,2,4,109,0,0,0,2,10,865,2,2,260,0,0,0,0,0,0,0,0,0
202203,999,26380,C,Houma-Thibodaux  LA ,221,221,60588,11,22,1042,1,3,262,0,0,0,176,176,48477,8,16,575,0,0,0,0,0,0
202203,999,27100,C,Jackson  MI ,39,39,10828,2,4,325,0,0,0,0,0,0,16,16,6269,0,0,0,0,0,0,0,0,0
202203,999,27340,C,Jacksonville  NC ,417,417,84775,4,8,630,2,6,2438,0,0,0,417,417,84775,4,8,630,2,6,2438,0,0,0
202203,999,27620,C,Jefferson City  MO ,43,43,10563,0,0,0,0,0,0,0,0,0,17,17,4288,0,0,0,0,0,0,0,0,0
202203,999,27980,C,Kahului-Wailuku-Lahaina  HI ,96,96,55788,4,8,1863,1,3,750,3,36,48478,0,0,0,0,0,0,0,0,0,0,0,0
202203,999,28660,C,Killeen-Temple  TX ,800,800,161208,24,48,4664,0,0,0,0,0,0,740,740,145742,15,30,2796,0,0,0,0,0,0
202203,999,29100,C,La Crosse-Onalaska  WI-MN ,35,35,11132,3,6,1265,1,3,525,2,11,2000,15,15,5599,1,2,460,0,0,0,1,6,1000
202203,999,29420,C,Lake Havasu City-Kingman  AZ ,520,520,137374,13,26,1131,0,0,0,0,0,0,517,517,137084,13,26,1131,0,0,0,0,0,0
202203,999,29540,C,Lancaster  PA ,183,183,53381,6,12,2332,2,8,1051,12,69,9654,132,132,41836,6,12,2332,2,8,1051,7,43,5838
202203,999,29620,C,Lansing-East Lansing  MI ,118,118,29270,0,0,0,0,0,0,5,72,8031,53,53,14503,0,0,0,0,0,0,0,0,0
202203,999,29700,C,Laredo  TX ,376,376,55830,2,4,226,1,3,408,5,46,2814,0,0,0,0,0,0,0,0,0,0,0,0
202203,999,30020,C,Lawton  OK ,18,18,2905,0,0,0,0,0,0,0,0,0,9,9,2715,0,0,0,0,0,0,0,0,0
202203,999,30300,C,Lewiston  ID-WA ,35,35,11834,1,2,648,0,0,0,0,0,0,34,34,11501,1,2,648,0,0,0,0,0,0
202203,999,30860,C,Logan  UT-ID ,212,212,62977,0,0,0,0,0,0,5,35,6382,194,194,59224,0,0,0,0,0,0,5,35,6382
202203,999,30980,C,Longview  TX ,126,126,27130,4,8,787,0,0,0,0,0,0,91,91,19793,4,8,787,0,0,0,0,0,0
202203,999,31340,C,Lynchburg  VA ,141,141,30843,1,2,284,0,0,0,3,36,933,135,135,29727,0,0,0,0,0,0,0,0,0
202203,999,31740,C,Manhattan  KS ,59,59,17541,2,4,615,1,3,250,0,0,0,19,19,6177,1,2,247,0,0,0,0,0,0
202203,999,33540,C,Missoula  MT ,79,79,20764,0,0,0,1,3,438,16,161,16609,79,79,20764,0,0,0,1,3,438,16,161,16609
202203,999,36100,C,Ocala  FL ,1558,1558,337552,0,0,0,0,0,0,2,48,3071,1555,1555,337283,0,0,0,0,0,0,2,48,3071
202203,999,36980,C,Owensboro  KY ,83,83,7962,2,4,389,0,0,0,0,0,0,81,81,7560,1,2,216,0,0,0,0,0,0
202203,999,37340,C,Palm Bay-Melbourne-Titusville  FL ,1153,1153,428994,0,0,0,0,0,0,1,12,3578,1097,1097,414128,0,0,0,0,0,0,1,12,3578
202203,999,37460,C,Panama City  FL ,449,449,167466,4,8,1681,3,9,2039,5,107,8383,68,68,28977,0,0,0,0,0,0,0,0,0
202203,999,37900,C,Peoria  IL ,38,38,11824,1,2,400,0,0,0,3,16,916,20,20,7106,0,0,0,0,0,0,0,0,0
202203,999,38340,C,Pittsfield  MA ,26,26,11531,0,0,0,0,0,0,3,39,6457,0,0,0,0,0,0,0,0,0,0,0,0
202203,999,38540,C,Pocatello  ID ,78,78,14495,2,4,658,6,24,3210,1,5,173,50,50,11405,2,4,658,6,24,3210,0,0,0
202203,999,39150,C,Prescott Valley-Prescott  AZ ,569,569,186129,20,40,6613,0,0,0,2,96,7254,552,552,178152,20,40,6613,0,0,0,2,96,7254
202203,999,40060,C,Richmond  VA ,1148,1148,301135,26,52,5242,0,0,0,59,1453,167202,1046,1046,283831,26,52,5242,0,0,0,54,1427,164247
202203,999,40220,C,Roanoke  VA ,148,148,44476,2,4,628,0,0,0,0,0,0,95,95,21018,2,4,628,0,0,0,0,0,0
202203,999,41100,C,St. George  UT ,720,720,149343,0,0,0,2,7,1400,4,54,4555,573,573,122818,0,0,0,2,7,1400,4,54,4555
202203,999,41500,C,Salinas  CA ,175,175,44709,0,0,0,1,3,446,11,172,9469,34,34,6857,0,0,0,0,0,0,0,0,0
202203,999,41660,C,San Angelo  TX ,79,79,17183,0,0,0,0,0,0,0,0,0,79,79,17183,0,0,0,0,0,0,0,0,0
202203,999,41740,C,San Diego-Chula Vista-Carlsbad  CA ,961,961,276395,16,32,5754,33,109,23467,63,1382,265401,937,937,267187,16,32,5754,32,106,20842,60,1306,258365
202203,999,42020,C,San Luis Obispo-Paso Robles  CA ,191,191,50367,2,4,440,0,0,0,3,35,30380,172,172,45333,2,4,440,0,0,0,3,35,30380
202203,999,42200,C,Santa Maria-Santa Barbara  CA ,119,119,37547,0,0,0,0,0,0,9,171,22224,41,41,25507,0,0,0,0,0,0,0,0,0
202203,999,42540,C,Scranton--Wilkes-Barre  PA ,117,117,31536,3,6,960,0,0,0,4,20,1555,36,36,11067,3,6,960,0,0,0,0,0,0
202203,999,42700,C,Sebring-Avon Park  FL ,172,172,41368,1,2,150,0,0,0,0,0,0,172,172,41368,1,2,150,0,0,0,0,0,0
202203,999,43100,C,Sheboygan  WI ,34,34,10569,0,0,0,0,0,0,0,0,0,7,7,2629,0,0,0,0,0,0,0,0,0
202203,999,43420,C,Sierra Vista-Douglas  AZ ,109,109,16453,0,0,0,0,0,0,0,0,0,108,108,16213,0,0,0,0,0,0,0,0,0
202203,999,43580,C,Sioux City  IA-NE-SD ,83,83,25188,0,0,0,2,6,0,0,0,0,43,43,14185,0,0,0,0,0,0,0,0,0
202203,999,43620,C,Sioux Falls  SD ,376,376,91781,1,2,467,14,55,7499,43,898,92412,362,362,87998,1,2,467,13,52,7499,43,898,92412
202203,999,44140,C,Springfield  MA ,118,118,32807,5,10,1178,0,0,0,5,62,9021,35,35,11709,3,6,580,0,0,0,1,28,4616
202203,999,44180,C,Springfield  MO ,330,330,96705,4,8,948,0,0,0,6,176,23157,212,212,68971,4,8,948,0,0,0,6,176,23157
202203,999,44940,C,Sumter  SC ,101,101,15489,4,8,427,0,0,0,0,0,0,75,75,11023,4,8,427,0,0,0,0,0,0
202203,999,45220,C,Tallahassee  FL ,405,405,85672,2,4,443,0,0,0,13,357,45623,128,128,27234,0,0,0,0,0,0,0,0,0
202203,999,45300,C,Tampa-St. Petersburg-Clearwater  FL ,3752,3752,1042375,16,32,7443,0,0,0,42,1023,124908,3674,3674,1026416,15,30,7163,0,0,0,37,998,119054
202203,999,45460,C,Terre Haute  IN ,24,24,4269,2,4,600,2,8,370,0,0,0,13,13,2470,2,4,600,2,8,370,0,0,0
202203,999,45500,C,Texarkana  TX-AR ,34,34,6679,0,0,0,0,0,0,0,0,0,11,11,1500,0,0,0,0,0,0,0,0,0
202203,999,45820,C,Topeka  KS ,88,88,21586,0,0,0,0,0,0,0,0,0,76,76,19941,0,0,0,0,0,0,0,0,0
202203,999,46220,C,Tuscaloosa  AL ,240,240,59767,1,2,360,4,16,1058,2,56,10129,109,109,22397,0,0,0,0,0,0,0,0,0
202203,999,46300,C,Twin Falls  ID ,165,165,39691,4,8,1489,0,0,0,0,0,0,131,131,32548,4,8,1489,0,0,0,0,0,0
202203,999,46520,C,Urban Honolulu  HI ,221,221,78708,25,50,7765,0,0,0,12,527,143637,221,221,78708,25,50,7765,0,0,0,12,527,143637
202203,999,46540,C,Utica-Rome  NY ,72,72,18779,0,0,0,0,0,0,3,22,3438,43,43,13134,0,0,0,0,0,0,0,0,0
202203,999,46660,C,Valdosta  GA ,355,355,65376,3,6,398,0,0,0,3,34,3339,131,131,28497,0,0,0,0,0,0,0,0,0
202203,999,47300,C,Visalia  CA ,341,341,84977,8,16,2166,0,0,0,18,210,43215,341,341,84977,8,16,2166,0,0,0,18,210,43215
202203,999,47380,C,Waco  TX ,339,339,61196,5,10,983,0,0,0,2,10,1029,277,277,48770,0,0,0,0,0,0,0,0,0
202203,999,47940,C,Waterloo-Cedar Falls  IA ,48,48,14290,0,0,0,0,0,0,0,0,0,45,45,13561,0,0,0,0,0,0,0,0,0
202203,999,48060,C,Watertown-Fort Drum  NY ,38,38,9500,0,0,0,0,0,0,0,0,0,1,1,300,0,0,0,0,0,0,0,0,0
202203,999,48300,C,Wenatchee  WA ,177,177,47325,2,4,783,1,4,602,4,217,21852,78,78,28453,2,4,783,1,4,602,4,217,21852
202203,999,48540,C,Wheeling  WV-OH ,3,3,1093,0,0,0,0,0,0,0,0,0,0,0,0,0,0,0,0,0,0,0,0,0
202203,999,48660,C,Wichita Falls  TX ,58,58,15530,0,0,0,0,0,0,0,0,0,50,50,13716,0,0,0,0,0,0,0,0,0
202203,999,48900,C,Wilmington  NC ,764,764,248752,3,6,1298,0,0,0,13,494,61874,340,340,107725,0,0,0,0,0,0,0,0,0
202203,999,49420,C,Yakima  WA ,117,117,29748,1,2,309,2,8,1116,3,46,4528,81,81,21778,1,2,309,2,8,1116,3,46,4528
202203,999,49740,C,Yuma  AZ ,236,236,41674,5,10,1192,0,0,0,0,0,0,208,208,37252,5,10,1192,0,0,0,0,0,0
