Survey,CSA,CBSA,MONCOV,CBSA,,1-unit,,,2-units,,,3-4 units,,,5+ units,,,1-unit rep,,,2-units rep,,,3-4 units rep,,,5+ units rep
Date,Code,Code,,Name,Bldgs,Units,Value,Bldgs,Units,Value,Bldgs,Units,Value,Bldgs,Units,Value,Bldgs,Units,Value,Bldgs,Units,Value,      Bldgs,Units,Value,Bldgs,Units,Value
 
202208,104,10580,C,Albany-Schenectady-Troy  NY ,923,923,300188,35,70,15747,9,33,5158,50,774,138649,500,500,173530,5,10,1300,2,8,2040,16,481,110633
202208,104,24020,C,Glens Falls  NY ,163,163,46049,2,4,697,3,11,1439,4,22,2855,93,93,29244,2,4,697,3,11,1439,4,22,2855
202208,106,10740,C,Albuquerque  NM ,1500,1500,399242,0,0,0,1,4,400,19,973,94385,1399,1399,373826,0,0,0,1,4,400,7,898,91260
202208,106,42140,C,Santa Fe  NM ,135,135,59683,7,14,2062,0,0,0,12,204,17379,135,135,59683,7,14,2062,0,0,0,12,204,17379
202208,107,11020,C,Altoona  PA ,60,60,15311,0,0,0,0,0,0,6,52,7654,26,26,7388,0,0,0,0,0,0,6,52,7654
202208,108,11100,C,Amarillo  TX ,568,568,142050,18,36,4652,0,0,0,2,72,9186,558,558,139052,18,36,4652,0,0,0,2,72,9186
202208,118,11540,C,Appleton  WI ,372,372,142498,46,92,16705,0,0,0,19,247,30779,319,319,126007,46,92,16705,0,0,0,7,151,22004
202208,118,36780,C,Oshkosh-Neenah  WI ,218,218,85038,12,24,5028,0,0,0,6,46,4600,201,201,79187,12,24,5028,0,0,0,6,46,4600
202208,120,11700,C,Asheville  NC ,2041,2041,719833,2,4,343,0,0,0,32,585,65396,212,212,83577,0,0,0,0,0,0,0,0,0
202208,122,12020,C,Athens-Clarke County  GA ,603,603,186858,4,8,1193,3,12,1396,35,846,94267,327,327,116635,4,8,1193,3,12,1396,35,846,94267
202208,122,12060,C,Atlanta-Sandy Springs-Alpharetta  GA ,19551,19551,4712314,44,88,16407,56,208,32366,321,12794,1600491,17000,17000,4094528,44,88,16407,55,205,31410,299,12507,1567717
202208,122,23580,C,Gainesville  GA ,935,935,223492,1,2,198,13,47,4817,20,511,90436,158,158,38385,1,2,198,7,27,2449,5,30,2874
202208,122,40660,C,Rome  GA ,196,196,37831,0,0,0,0,0,0,0,0,0,196,196,37831,0,0,0,0,0,0,0,0,0
202208,140,13460,C,Bend  OR ,847,847,312793,34,68,12357,15,47,7513,27,391,51861,847,847,312793,34,68,12357,15,47,7513,27,391,51861
202208,142,13820,C,Birmingham-Hoover  AL ,2270,2270,734952,29,58,8354,12,46,6912,20,677,111254,1802,1802,541458,29,58,8354,12,46,6912,20,677,111254
202208,144,14020,C,Bloomington  IN ,227,227,66155,3,6,852,1,3,433,13,392,45692,37,37,8315,0,0,0,0,0,0,0,0,0
202208,145,14010,C,Bloomington  IL ,190,190,51441,3,6,438,0,0,0,1,54,7800,112,112,31284,0,0,0,0,0,0,1,54,7800
202208,146,14100,C,Bloomsburg-Berwick  PA ,68,68,19627,0,0,0,0,0,0,5,27,2449,34,34,9688,0,0,0,0,0,0,0,0,0
202208,147,14260,C,Boise City  ID ,4894,4894,1287836,18,36,7565,81,322,34969,165,3058,501510,4508,4508,1143550,18,36,7565,81,322,34969,165,3058,501510
202208,148,12700,C,Barnstable Town  MA ,370,370,224113,8,16,1590,3,9,2200,0,0,0,183,183,114585,7,14,1400,3,9,2200,0,0,0
202208,148,14460,C,Boston-Cambridge-Newton  MA-NH ,2696,2696,1053127,133,266,66491,81,271,62520,309,6733,1489369,1538,1538,682220,72,144,33505,53,183,44298,94,4837,1231030
202208,148,31700,C,Manchester-Nashua  NH ,456,456,141898,9,18,3268,5,15,2693,3,154,15335,258,258,81174,2,4,312,0,0,0,3,154,15335
202208,148,39300,C,Providence-Warwick  RI-MA ,1091,1091,297232,64,128,19224,13,45,6716,15,91,8949,438,438,152085,18,36,6405,5,20,3403,1,18,1800
202208,148,49340,C,Worcester  MA-CT ,797,797,225442,35,70,14311,1,3,465,31,893,136439,405,405,110820,25,50,10695,1,3,465,6,430,81403
202208,150,14540,C,Bowling Green  KY ,637,637,158896,3,6,650,8,31,2795,65,598,54717,635,635,158596,3,6,650,7,28,2570,65,598,54717
202208,154,15180,C,Brownsville-Harlingen  TX ,1347,1347,150647,40,80,6775,18,59,7463,17,189,16890,89,89,23880,0,0,0,0,0,0,0,0,0
202208,160,15380,C,Buffalo-Cheektowaga  NY ,654,654,246528,10,20,3782,9,33,7617,21,230,42929,497,497,202603,10,20,3782,8,30,7404,7,47,5844
202208,162,15540,C,Burlington-South Burlington  VT ,312,312,100433,14,28,4957,1,3,145,29,288,29324,119,119,37644,1,2,80,0,0,0,3,67,5652
202208,163,15980,C,Cape Coral-Fort Myers  FL ,7616,7616,1665635,81,162,20475,30,117,15375,109,2422,383073,4321,4321,885206,44,88,10902,23,91,11415,93,1625,286353
202208,163,34940,C,Naples-Marco Island  FL ,2489,2489,1111064,9,18,3272,32,126,27768,37,1067,174238,2489,2489,1111064,9,18,3272,32,126,27768,37,1067,174238
202208,164,16020,C,Cape Girardeau  MO-IL ,87,87,25263,2,4,802,2,6,150,3,15,1732,0,0,0,0,0,0,0,0,0,0,0,0
202208,168,16300,C,Cedar Rapids  IA ,302,302,84477,23,46,8426,0,0,0,9,322,31666,284,284,79367,17,34,6227,0,0,0,9,322,31666
202208,168,26980,C,Iowa City  IA ,398,398,125341,20,40,9576,6,23,4718,13,679,126937,287,287,96969,5,10,2775,6,23,4718,8,627,119483
202208,170,16620,C,Charleston  WV ,117,117,17512,1,2,334,1,4,150,0,0,0,80,80,11409,1,2,334,1,4,150,0,0,0
202208,170,26580,C,Huntington-Ashland  WV-KY-OH ,176,176,35718,3,6,300,2,6,280,0,0,0,5,5,1472,3,6,300,2,6,280,0,0,0
202208,172,16740,C,Charlotte-Concord-Gastonia  NC-SC ,14218,14218,3886702,22,44,7223,12,47,6026,131,5525,700363,12594,12594,3396050,22,44,7223,12,47,6026,118,5362,681860
202208,174,16860,C,Chattanooga  TN-GA ,1555,1555,367548,49,98,7031,19,66,9003,29,454,46168,1122,1122,269325,16,32,2283,14,51,8133,0,0,0
202208,174,17420,C,Cleveland  TN ,596,596,153438,3,6,766,29,104,15478,2,14,923,206,206,53939,0,0,0,0,0,0,0,0,0
202208,174,19140,C,Dalton  GA ,259,259,47273,12,24,1595,3,12,1760,6,30,1610,211,211,35930,12,24,1595,3,12,1760,6,30,1610
202208,176,16980,C,Chicago-Naperville-Elgin  IL-IN-WI ,6148,6148,1974967,84,168,32984,155,499,101316,174,4124,715023,5315,5315,1711706,81,162,31864,145,467,96181,126,3766,659887
202208,176,28100,C,Kankakee  IL ,82,82,21428,0,0,0,0,0,0,0,0,0,66,66,16318,0,0,0,0,0,0,0,0,0
202208,176,33140,C,Michigan City-La Porte  IN ,86,86,25593,0,0,0,1,3,250,2,135,31896,0,0,0,0,0,0,0,0,0,0,0,0
202208,178,17140,C,Cincinnati  OH-KY-IN ,3054,3054,976998,101,202,30527,34,116,14976,57,1032,117423,2071,2071,702079,90,180,27428,34,116,14976,38,553,49610
202208,184,10420,C,Akron  OH ,488,488,168383,0,0,0,20,72,11468,55,309,33639,411,411,138940,0,0,0,15,57,6293,43,230,29921
202208,184,15940,C,Canton-Massillon  OH ,288,288,93363,15,30,5730,14,46,5153,13,83,6313,248,248,87922,15,30,5730,8,28,4230,3,20,1474
202208,184,17460,C,Cleveland-Elyria  OH ,2032,2032,631381,14,28,2781,21,76,9087,18,243,39256,1550,1550,516036,4,8,1815,17,64,8257,16,233,34735
202208,190,17860,C,Columbia  MO ,447,447,153934,2,4,396,0,0,0,6,65,8609,438,438,151976,2,4,396,0,0,0,6,65,8609
202208,192,17900,C,Columbia  SC ,3383,3383,760799,4,8,1915,47,175,25467,52,1169,169024,980,980,198742,4,8,1915,47,175,25467,36,1069,154580
202208,194,12220,C,Auburn-Opelika  AL ,856,856,231070,7,14,2089,1,4,300,16,953,157072,573,573,162746,3,6,671,1,4,300,11,851,143183
202208,194,17980,C,Columbus  GA-AL ,508,508,130777,12,24,4500,0,0,0,23,615,130330,327,327,87965,0,0,0,0,0,0,0,0,0
202208,198,18140,C,Columbus  OH ,4131,4131,1454820,23,46,9539,14,50,6811,211,3786,390229,3539,3539,1267496,21,42,8764,11,41,4807,194,3645,381123
202208,204,18580,C,Corpus Christi  TX ,1340,1340,327954,0,0,0,0,0,0,8,182,13526,910,910,223465,0,0,0,0,0,0,0,0,0
202208,206,19100,C,Dallas-Fort Worth-Arlington  TX ,33435,33435,9079384,259,518,66849,131,492,64664,461,21485,2709948,26269,26269,7148080,135,270,34842,100,379,52214,339,16381,2090076
202208,206,43300,C,Sherman-Denison  TX ,1105,1105,216587,18,36,4072,0,0,0,17,479,58539,878,878,177041,11,22,2861,0,0,0,9,396,50458
202208,209,19340,C,Davenport-Moline-Rock Island  IA-IL ,341,341,86481,8,16,3050,21,76,14487,4,20,2237,239,239,65963,6,12,2400,20,73,14237,0,0,0
202208,212,19430,C,Dayton-Kettering  OH ,934,934,346418,2,4,507,11,38,5530,35,655,79145,579,579,232247,0,0,0,9,32,4933,27,427,51487
202208,212,44220,C,Springfield  OH ,87,87,29562,0,0,0,13,51,5303,2,14,881,87,87,29562,0,0,0,13,51,5303,2,14,881
202208,216,14500,C,Boulder  CO ,328,328,178241,9,18,8053,14,47,26112,29,406,89900,155,155,100583,8,16,6930,13,44,25409,10,90,22130
202208,216,19740,C,Denver-Aurora-Lakewood  CO ,7997,7997,2432350,180,360,73173,39,145,31163,186,9183,1364763,7754,7754,2343304,178,356,72114,39,145,31163,175,8761,1301454
202208,216,24540,C,Greeley  CO ,2617,2617,770988,15,30,4291,14,47,9348,84,1639,230419,1305,1305,403019,0,0,0,8,28,5272,67,1281,176841
202208,218,11180,C,Ames  IA ,177,177,52940,1,2,482,2,8,1560,0,0,0,118,118,35906,1,2,482,2,8,1560,0,0,0
202208,218,19780,C,Des Moines-West Des Moines  IA ,2792,2792,875456,26,52,12211,12,42,9911,36,1275,214360,2577,2577,799046,24,48,11630,7,27,6763,28,1222,208046
202208,220,11460,C,Ann Arbor  MI ,416,416,134683,3,6,1611,3,9,1458,2,13,685,293,293,100429,3,6,1611,1,3,700,1,8,135
202208,220,19820,C,Detroit-Warren-Dearborn  MI ,3553,3553,1217097,17,34,7058,59,220,39132,97,2330,529431,2719,2719,993314,16,32,6778,48,182,36125,87,2257,518873
202208,220,22420,C,Flint  MI ,244,244,65664,1,2,292,17,54,2435,0,0,0,157,157,44246,1,2,292,15,48,1099,0,0,0
202208,220,33780,C,Monroe  MI ,151,151,39447,0,0,0,1,4,500,8,49,3152,93,93,25933,0,0,0,1,4,500,0,0,0
202208,222,20020,C,Dothan  AL ,323,323,92166,5,10,866,1,4,479,0,0,0,193,193,62749,5,10,866,1,4,479,0,0,0
202208,232,20740,C,Eau Claire  WI ,265,265,94790,42,84,16703,3,12,2193,16,289,38463,202,202,75876,14,28,5913,3,12,2193,6,65,9680
202208,236,21300,C,Elmira  NY ,17,17,3651,0,0,0,0,0,0,3,27,3026,0,0,0,0,0,0,0,0,0,0,0,0
202208,238,21340,C,El Paso  TX ,1853,1853,436515,42,84,10647,6,18,2369,18,148,17496,245,245,60840,0,0,0,0,0,0,0,0,0
202208,238,29740,C,Las Cruces  NM ,807,807,215049,3,6,1065,2,8,1659,1,8,625,0,0,0,0,0,0,0,0,0,0,0,0
202208,240,21500,C,Erie  PA ,120,120,38604,4,8,1005,0,0,0,5,30,2152,77,77,28909,4,8,1005,0,0,0,5,30,2152
202208,244,22020,C,Fargo  ND-MN ,856,856,280146,2,4,370,0,0,0,14,741,87254,834,834,271861,2,4,370,0,0,0,14,741,87254
202208,246,22180,C,Fayetteville  NC ,1586,1586,312843,1,2,340,1,4,531,16,338,32727,1048,1048,238710,1,2,340,1,4,531,16,338,32727
202208,258,23060,C,Fort Wayne  IN ,1009,1009,310714,18,36,4945,0,0,0,12,552,61946,1009,1009,310714,18,36,4945,0,0,0,12,552,61946
202208,260,23420,C,Fresno  CA ,2460,2460,730714,4,8,1222,16,56,9527,47,451,64018,1749,1749,502685,4,8,1222,14,48,8928,32,331,45973
202208,260,25260,C,Hanford-Corcoran  CA ,307,307,93000,1,2,360,0,0,0,0,0,0,240,240,77614,0,0,0,0,0,0,0,0,0
202208,260,31460,C,Madera  CA ,668,668,171385,0,0,0,0,0,0,4,64,7033,668,668,171385,0,0,0,0,0,0,4,64,7033
202208,264,23540,C,Gainesville  FL ,1148,1148,261613,5,10,1424,0,0,0,13,917,38039,583,583,143114,5,10,1424,0,0,0,0,0,0
202208,266,24340,C,Grand Rapids-Kentwood  MI ,1729,1729,557973,32,64,12112,23,79,13982,61,759,101677,1070,1070,334450,1,2,560,6,19,2940,30,376,55914
202208,266,34740,C,Muskegon  MI ,215,215,57726,4,8,1151,0,0,0,9,217,15624,137,137,40851,0,0,0,0,0,0,9,217,15624
202208,267,24580,C,Green Bay  WI ,505,505,185003,15,30,7792,0,0,0,27,278,31586,335,335,129698,8,16,4435,0,0,0,9,140,19297
202208,268,15500,C,Burlington  NC ,1306,1306,201460,1,2,180,2,8,1371,9,131,51944,1306,1306,201460,1,2,180,2,8,1371,9,131,51944
202208,268,24660,C,Greensboro-High Point  NC ,1771,1771,475380,9,18,4250,0,0,0,26,648,92054,1112,1112,255263,8,16,4012,0,0,0,26,648,92054
202208,268,49180,C,Winston-Salem  NC ,2650,2650,724282,1,2,230,1,3,276,7,39,1538,1673,1673,393500,0,0,0,0,0,0,0,0,0
202208,272,24780,C,Greenville  NC ,509,509,120189,16,32,5033,0,0,0,0,0,0,247,247,59589,16,32,5033,0,0,0,0,0,0
202208,273,24860,C,Greenville-Anderson  SC ,4440,4440,1199736,47,94,9547,24,83,7973,75,1095,140664,4195,4195,1127170,47,94,9547,24,83,7973,73,1085,140581
202208,273,43900,C,Spartanburg  SC ,2171,2171,360179,0,0,0,0,0,0,7,118,14154,0,0,0,0,0,0,0,0,0,0,0,0
202208,276,23900,C,Gettysburg  PA ,282,282,90587,0,0,0,0,0,0,0,0,0,282,282,90587,0,0,0,0,0,0,0,0,0
202208,276,25420,C,Harrisburg-Carlisle  PA ,1108,1108,270725,1,2,281,5,17,1660,27,701,84871,904,904,221917,1,2,281,2,6,792,18,536,73359
202208,276,30140,C,Lebanon  PA ,146,146,29053,0,0,0,0,0,0,10,55,8917,17,17,3933,0,0,0,0,0,0,0,0,0
202208,276,49620,C,York-Hanover  PA ,709,709,173012,2,4,682,0,0,0,11,137,10866,425,425,116889,0,0,0,0,0,0,1,30,2289
202208,277,25500,C,Harrisonburg  VA ,530,530,121274,0,0,0,2,8,2750,3,15,1890,530,530,121274,0,0,0,2,8,2750,3,15,1890
202208,277,44420,C,Staunton  VA ,278,278,73174,1,2,200,0,0,0,2,57,5000,278,278,73174,1,2,200,0,0,0,2,57,5000
202208,278,25540,C,Hartford-East Hartford-Middletown  CT ,468,468,126262,43,86,5375,1,3,400,44,345,28414,222,222,60454,39,78,4267,0,0,0,3,18,1250
202208,278,35980,C,Norwich-New London  CT ,286,286,76459,3,6,817,1,4,450,2,34,5608,196,196,52060,3,6,817,1,4,450,2,34,5608
202208,279,25620,C,Hattiesburg  MS ,135,135,22152,0,0,0,2,6,250,1,5,400,0,0,0,0,0,0,0,0,0,0,0,0
202208,284,26300,C,Hot Springs  AR ,48,48,12624,16,32,3840,0,0,0,0,0,0,48,48,12624,16,32,3840,0,0,0,0,0,0
202208,288,26420,C,Houston-The Woodlands-Sugar Land  TX ,35973,35973,8831663,266,532,73896,3,12,1110,596,17481,1927402,32725,32725,8041546,238,476,66703,3,12,1110,559,16961,1869818
202208,290,19460,C,Decatur  AL ,206,206,55414,0,0,0,0,0,0,0,0,0,197,197,53845,0,0,0,0,0,0,0,0,0
202208,290,26620,C,Huntsville  AL ,2793,2793,572267,0,0,0,0,0,0,11,447,56643,706,706,217116,0,0,0,0,0,0,3,301,38447
202208,292,26820,C,Idaho Falls  ID ,978,978,187943,2,4,264,29,114,14390,5,72,8133,959,959,182872,2,4,264,27,108,13490,5,72,8133
202208,294,18020,C,Columbus  IN ,184,184,51497,0,0,0,0,0,0,0,0,0,184,184,51497,0,0,0,0,0,0,0,0,0
202208,294,26900,C,Indianapolis-Carmel-Anderson  IN ,6547,6547,2234971,67,134,23790,6,23,2365,83,3075,389743,5465,5465,1978992,53,106,19094,6,23,2365,75,2914,372483
202208,294,34620,C,Muncie  IN ,171,171,26421,0,0,0,0,0,0,1,5,596,144,144,18925,0,0,0,0,0,0,0,0,0
202208,296,27060,C,Ithaca  NY ,141,141,45605,2,4,620,0,0,0,8,42,2875,108,108,35853,1,2,300,0,0,0,0,0,0
202208,297,27180,C,Jackson  TN ,340,340,79532,0,0,0,0,0,0,0,0,0,68,68,18694,0,0,0,0,0,0,0,0,0
202208,298,27140,C,Jackson  MS ,948,948,253472,1,2,247,1,3,131,0,0,0,705,705,191110,0,0,0,0,0,0,0,0,0
202208,300,27260,C,Jacksonville  FL ,10353,10353,2487764,27,54,7332,9,27,7953,143,6029,742643,10289,10289,2462767,26,52,7032,9,27,7953,143,6029,742643
202208,304,27740,C,Johnson City  TN ,550,550,140505,4,8,1602,0,0,0,16,132,13643,374,374,113244,1,2,252,0,0,0,16,132,13643
202208,304,28700,C,Kingsport-Bristol  TN-VA ,585,585,137864,12,24,4420,10,36,4897,4,45,2632,451,451,120168,12,24,4420,8,30,4205,0,0,0
202208,306,27780,C,Johnstown  PA ,43,43,10512,0,0,0,0,0,0,0,0,0,0,0,0,0,0,0,0,0,0,0,0,0
202208,308,27860,C,Jonesboro  AR ,524,524,83177,32,64,4491,41,135,7353,12,77,4365,82,82,16102,0,0,0,0,0,0,0,0,0
202208,309,27900,C,Joplin  MO ,375,375,76809,35,70,9018,3,10,1033,21,395,57113,139,139,26146,11,22,3378,2,7,894,14,322,50414
202208,310,12980,C,Battle Creek  MI ,47,47,9286,1,2,440,0,0,0,0,0,0,14,14,3211,1,2,440,0,0,0,0,0,0
202208,310,28020,C,Kalamazoo-Portage  MI ,255,255,87205,8,16,3654,1,3,461,0,0,0,134,134,50847,0,0,0,0,0,0,0,0,0
202208,312,28140,C,Kansas City  MO-KS ,4064,4064,1327859,89,178,30827,63,233,47939,92,3933,550514,3428,3428,1072967,63,126,15938,56,212,44654,83,3558,490542
202208,312,29940,C,Lawrence  KS ,117,117,46160,3,6,589,0,0,0,0,0,0,105,105,42851,0,0,0,0,0,0,0,0,0
202208,312,41140,C,St. Joseph  MO-KS ,52,52,11693,4,8,930,0,0,0,0,0,0,17,17,4107,2,4,480,0,0,0,0,0,0
202208,313,28420,C,Kennewick-Richland  WA ,996,996,341750,14,28,5496,23,90,16219,14,429,56275,357,357,136518,5,10,2003,20,80,13796,7,228,33910
202208,313,47460,C,Walla Walla  WA ,77,77,25149,13,26,5629,0,0,0,0,0,0,68,68,24249,13,26,5629,0,0,0,0,0,0
202208,315,28940,C,Knoxville  TN ,2998,2998,793496,7,14,1907,2,6,705,40,891,104648,2467,2467,711899,7,14,1907,0,0,0,22,642,85095
202208,315,34100,C,Morristown  TN ,620,620,141044,15,30,2022,20,64,9701,0,0,0,177,177,32590,12,24,1662,18,57,8921,0,0,0
202208,316,29020,C,Kokomo  IN ,89,89,26679,0,0,0,0,0,0,0,0,0,76,76,22707,0,0,0,0,0,0,0,0,0
202208,318,29180,C,Lafayette  LA ,1515,1515,365505,0,0,0,0,0,0,2,20,4025,466,466,112150,0,0,0,0,0,0,2,20,4025
202208,320,29200,C,Lafayette-West Lafayette  IN ,379,379,116266,1,2,210,0,0,0,11,341,38174,326,326,100873,0,0,0,0,0,0,0,0,0
202208,324,29340,C,Lake Charles  LA ,595,595,119041,16,32,2967,0,0,0,12,232,27917,239,239,40979,12,24,2580,0,0,0,12,232,27917
202208,332,29820,C,Las Vegas-Henderson-Paradise  NV ,7373,7373,2053356,37,74,13489,35,138,16523,132,2515,240887,7373,7373,2053356,37,74,13489,35,138,16523,132,2515,240887
202208,336,30460,C,Lexington-Fayette  KY ,940,940,250956,10,20,2398,16,51,7023,27,775,74227,167,167,69954,4,8,990,7,22,2810,0,0,0
202208,338,30620,C,Lima  OH ,88,88,20769,1,2,80,0,0,0,2,10,1169,0,0,0,0,0,0,0,0,0,0,0,0
202208,339,30700,C,Lincoln  NE ,898,898,286222,17,34,5627,3,11,1117,49,1749,153862,86,86,21925,4,8,1390,1,4,845,2,24,2824
202208,340,30780,C,Little Rock-North Little Rock-Conway  AR ,1511,1511,380294,41,82,7899,1,3,226,32,889,87360,1013,1013,283101,16,32,3692,1,3,226,20,700,75252
202208,340,38220,C,Pine Bluff  AR ,27,27,3555,0,0,0,0,0,0,2,24,550,15,15,1698,0,0,0,0,0,0,2,24,550
202208,348,31080,C,Los Angeles-Long Beach-Anaheim  CA ,7738,7738,2186682,577,1154,267868,97,316,86734,407,11937,2167007,6251,6251,1706794,540,1080,249513,72,239,70811,316,10774,1970642
202208,348,37100,C,Oxnard-Thousand Oaks-Ventura  CA ,336,336,102335,11,22,4872,0,0,0,21,414,52942,150,150,43535,0,0,0,0,0,0,3,81,10864
202208,348,40140,C,Riverside-San Bernardino-Ontario  CA ,9459,9459,2673951,46,92,7168,52,180,34267,145,1916,252863,7916,7916,2299113,46,92,7168,50,174,33258,99,1583,216006
202208,350,21060,C,Elizabethtown-Fort Knox  KY ,377,377,95491,18,36,4145,1,3,165,0,0,0,377,377,95491,18,36,4145,1,3,165,0,0,0
202208,350,31140,C,Louisville-Jefferson County  KY-IN ,2557,2557,727744,25,50,9560,0,0,0,16,316,28208,1508,1508,491091,14,28,5982,0,0,0,4,74,8110
202208,352,31180,C,Lubbock  TX ,1588,1588,394402,111,222,31731,7,28,4051,14,212,21007,1358,1358,331967,104,208,29289,0,0,0,14,212,21007
202208,356,31420,C,Macon-Bibb County  GA ,411,411,86685,0,0,0,0,0,0,0,0,0,136,136,31724,0,0,0,0,0,0,0,0,0
202208,356,47580,C,Warner Robins  GA ,1158,1158,245857,0,0,0,0,0,0,29,770,73217,966,966,200843,0,0,0,0,0,0,29,770,73217
202208,357,27500,C,Janesville-Beloit  WI ,236,236,62248,12,24,4670,0,0,0,4,114,40907,132,132,36926,12,24,4670,0,0,0,1,76,36000
202208,357,31540,C,Madison  WI ,1081,1081,464336,49,98,24488,7,27,5884,44,2053,350531,880,880,401371,37,74,18433,7,27,5884,36,1826,313583
202208,359,31860,C,Mankato  MN ,152,152,47482,10,20,1655,3,9,2394,12,208,28486,66,66,24489,10,20,1655,0,0,0,3,101,14584
202208,360,31900,C,Mansfield  OH ,88,88,27426,3,6,742,10,40,5491,6,68,8512,64,64,19469,1,2,342,9,36,5199,5,63,7983
202208,365,32580,C,McAllen-Edinburg-Mission  TX ,3080,3080,680420,106,212,18481,171,678,45145,27,377,31968,2373,2373,552978,88,176,16425,171,678,45145,27,377,31968
202208,366,24420,C,Grants Pass  OR ,178,178,40136,12,24,3792,0,0,0,0,0,0,69,69,17938,12,24,3792,0,0,0,0,0,0
202208,366,32780,C,Medford  OR ,488,488,138401,6,12,2211,9,34,4086,12,137,19010,410,410,118254,5,10,1782,3,11,1704,12,137,19010
202208,368,32820,C,Memphis  TN-MS-AR ,2756,2756,658159,1,2,650,0,0,0,13,522,44645,2412,2412,587344,1,2,650,0,0,0,11,512,43428
202208,370,33100,C,Miami-Fort Lauderdale-Pompano Beach  FL ,5040,5040,2381436,99,198,35618,27,98,18455,209,8706,1509479,4282,4282,2030664,99,198,35618,24,89,15911,121,7365,1319931
202208,370,38940,C,Port St. Lucie  FL ,3712,3712,987169,94,188,23698,31,95,10616,123,2229,319035,3537,3537,935261,90,180,22358,31,95,10616,118,2173,310988
202208,370,42680,C,Sebastian-Vero Beach  FL ,799,799,379069,10,20,3184,3,9,606,0,0,0,175,175,91704,1,2,324,0,0,0,0,0,0
202208,372,33260,C,Midland  TX ,421,421,92097,0,0,0,0,0,0,0,0,0,421,421,92097,0,0,0,0,0,0,0,0,0
202208,372,36220,C,Odessa  TX ,724,724,182091,1,2,224,0,0,0,2,10,1199,0,0,0,0,0,0,0,0,0,0,0,0
202208,376,33340,C,Milwaukee-Waukesha  WI ,1099,1099,512163,100,200,46993,0,0,0,36,958,165250,676,676,324583,88,176,41900,0,0,0,28,877,155686
202208,376,39540,C,Racine  WI ,100,100,41084,7,14,2645,0,0,0,0,0,0,93,93,39009,7,14,2645,0,0,0,0,0,0
202208,378,33460,C,Minneapolis-St. Paul-Bloomington  MN-WI ,7004,7004,2383460,62,124,23673,38,141,34085,190,10967,2015907,6160,6160,2105188,60,120,22769,36,135,32801,137,9485,1788770
202208,378,41060,C,St. Cloud  MN ,334,334,99869,10,20,3098,0,0,0,0,0,0,154,154,48889,0,0,0,0,0,0,0,0,0
202208,380,19300,C,Daphne-Fairhope-Foley  AL ,2216,2216,632890,3,6,1120,0,0,0,6,69,5343,1652,1652,523013,3,6,1120,0,0,0,0,0,0
202208,380,33660,C,Mobile  AL ,520,520,126507,0,0,0,3,12,1365,0,0,0,213,213,55324,0,0,0,3,12,1365,0,0,0
202208,384,33740,C,Monroe  LA ,296,296,68694,19,38,4480,9,31,4874,15,94,11181,56,56,13681,15,30,4184,0,0,0,0,0,0
202208,388,33860,C,Montgomery  AL ,638,638,164132,0,0,0,0,0,0,0,0,0,421,421,121616,0,0,0,0,0,0,0,0,0
202208,390,34060,C,Morgantown  WV ,9,9,1214,0,0,0,0,0,0,0,0,0,1,1,75,0,0,0,0,0,0,0,0,0
202208,396,34820,C,Myrtle Beach-Conway-North Myrtle Beach  SC-NC ,8394,8394,1959482,17,34,3425,4,12,1473,21,381,41921,6937,6937,1475605,16,32,3200,3,9,1003,10,301,37320
202208,400,34980,C,Nashville-Davidson--Murfreesboro--Franklin  TN ,11564,11564,3508284,22,44,6338,35,133,21079,121,2710,337128,8736,8736,2848361,10,20,2149,21,81,13490,61,2083,267153
202208,404,35100,C,New Bern  NC ,497,497,130078,0,0,0,0,0,0,3,72,9077,329,329,85206,0,0,0,0,0,0,3,72,9077
202208,406,25220,C,Hammond  LA ,669,669,124111,4,8,750,0,0,0,16,358,32062,608,608,112944,0,0,0,0,0,0,0,0,0
202208,406,35380,C,New Orleans-Metairie  LA ,2375,2375,692169,123,246,27763,4,12,2447,11,460,82697,1574,1574,488830,20,40,4212,0,0,0,0,0,0
202208,408,14860,C,Bridgeport-Stamford-Norwalk  CT ,413,413,319609,16,32,5627,2,6,563,23,732,136452,272,272,146198,15,30,5437,2,6,563,12,638,122499
202208,408,20700,C,East Stroudsburg  PA ,153,153,49852,0,0,0,0,0,0,4,22,4049,73,73,28556,0,0,0,0,0,0,0,0,0
202208,408,28740,C,Kingston  NY ,163,163,64782,3,6,1241,0,0,0,17,165,20624,92,92,41445,3,6,1241,0,0,0,16,160,19404
202208,408,35300,C,New Haven-Milford  CT ,322,322,80308,11,22,3121,1,3,329,19,434,49053,147,147,39501,5,10,1409,0,0,0,7,325,41729
202208,408,35620,C,New York-Newark-Jersey City  NY-NJ-PA ,8778,8778,2476629,419,838,112636,157,518,55873,1010,34653,4795516,4895,4895,1473162,296,592,85995,109,367,41419,609,27164,3674440
202208,408,39100,C,Poughkeepsie-Newburgh-Middletown  NY ,580,580,191572,5,10,2328,5,18,4479,34,591,93896,137,137,48216,2,4,1437,5,18,4479,26,514,81280
202208,408,45940,C,Trenton-Princeton  NJ ,120,120,14738,0,0,0,0,0,0,23,332,22299,46,46,5949,0,0,0,0,0,0,3,91,5405
202208,412,35840,C,North Port-Sarasota-Bradenton  FL ,8491,8491,2592395,183,366,64548,10,35,17835,70,2544,326829,7999,7999,2432322,5,10,2550,9,32,14520,69,2538,324994
202208,412,39460,C,Punta Gorda  FL ,3331,3331,981489,120,240,40758,22,88,23212,22,515,84077,81,81,39593,6,12,2724,0,0,0,0,0,0
202208,416,36420,C,Oklahoma City  OK ,4711,4711,1375373,194,388,45586,2,7,1701,8,350,111920,4348,4348,1299704,194,388,45586,2,7,1701,8,350,111920
202208,420,36540,C,Omaha-Council Bluffs  NE-IA ,1918,1918,438983,17,34,3981,48,190,12899,80,2120,166900,1638,1638,341198,11,22,2168,48,190,12899,73,2085,163172
202208,422,19660,C,Deltona-Daytona Beach-Ormond Beach  FL ,4568,4568,1502115,60,120,21397,0,0,0,47,1734,201508,3878,3878,1284726,59,118,20882,0,0,0,40,1564,183378
202208,422,29460,C,Lakeland-Winter Haven  FL ,7085,7085,1782484,29,58,5469,0,0,0,74,1950,218808,5234,5234,1250500,28,56,5088,0,0,0,74,1950,218808
202208,422,36740,C,Orlando-Kissimmee-Sanford  FL ,12094,12094,3204884,59,118,20554,33,126,18271,224,7613,1031569,10603,10603,2800553,59,118,20554,33,126,18271,198,7151,996669
202208,422,45540,C,The Villages  FL ,2859,2859,761258,0,0,0,0,0,0,18,587,118102,0,0,0,0,0,0,0,0,0,0,0,0
202208,425,37620,C,Parkersburg-Vienna  WV ,53,53,11677,0,0,0,0,0,0,0,0,0,42,42,9974,0,0,0,0,0,0,0,0,0
202208,426,37860,C,Pensacola-Ferry Pass-Brent  FL ,2464,2464,607177,7,14,1798,0,0,0,4,162,20180,1348,1348,336504,7,14,1798,0,0,0,4,162,20180
202208,428,12100,C,Atlantic City-Hammonton  NJ ,344,344,92200,9,18,3989,0,0,0,14,166,11632,253,253,76520,9,18,3989,0,0,0,0,0,0
202208,428,20100,C,Dover  DE ,738,738,113346,12,24,3756,0,0,0,1,24,3062,722,722,109905,12,24,3756,0,0,0,1,24,3062
202208,428,36140,C,Ocean City  NJ ,375,375,170060,44,88,23525,6,20,13478,6,30,175,328,328,157809,44,88,23525,5,17,12968,6,30,175
202208,428,37980,C,Philadelphia-Camden-Wilmington  PA-NJ-DE-MD ,5553,5553,1141177,148,296,38809,106,356,45855,229,3214,394349,2939,2939,724174,127,254,34864,99,335,43596,132,2306,291251
202208,428,39740,C,Reading  PA ,261,261,69481,3,6,959,0,0,0,1,5,658,151,151,41459,3,6,959,0,0,0,0,0,0
202208,428,47220,C,Vineland-Bridgeton  NJ ,106,106,12701,0,0,0,0,0,0,0,0,0,74,74,10292,0,0,0,0,0,0,0,0,0
202208,429,38060,C,Phoenix-Mesa-Chandler  AZ ,21886,21886,6026458,552,1104,121579,55,195,47898,323,10855,1914657,19162,19162,5209097,547,1094,120281,55,195,47898,309,9731,1721146
202208,430,38300,C,Pittsburgh  PA ,2356,2356,690364,21,42,7607,25,80,13953,44,661,97057,942,942,316473,9,18,4914,10,35,7777,2,14,3064
202208,430,48260,C,Weirton-Steubenville  WV-OH ,23,23,5774,0,0,0,0,0,0,0,0,0,8,8,2523,0,0,0,0,0,0,0,0,0
202208,438,30340,C,Lewiston-Auburn  ME ,151,151,35108,1,2,200,0,0,0,9,218,22500,58,58,12624,0,0,0,0,0,0,0,0,0
202208,438,38860,C,Portland-South Portland  ME ,1455,1455,471962,36,72,13374,3,9,1050,53,1341,172370,431,431,172566,15,30,5947,1,3,550,22,913,149793
202208,440,10540,C,Albany-Lebanon  OR ,152,152,41719,6,12,2394,0,0,0,12,120,16073,83,83,25583,6,12,2394,0,0,0,4,78,10338
202208,440,18700,C,Corvallis  OR ,153,153,45402,0,0,0,0,0,0,6,110,14984,153,153,45402,0,0,0,0,0,0,6,110,14984
202208,440,31020,C,Longview  WA ,226,226,61749,4,8,1211,16,64,8892,12,162,18894,224,224,61280,4,8,1211,16,64,8892,12,162,18894
202208,440,38900,C,Portland-Vancouver-Hillsboro  OR-WA ,4527,4527,1462268,38,76,13436,17,59,9549,138,4062,565751,3584,3584,1146130,34,68,11871,17,59,9549,117,3661,513382
202208,440,41420,C,Salem  OR ,738,738,230342,7,14,3077,3,10,835,64,1006,97942,357,357,119664,2,4,930,1,4,265,30,468,43944
202208,444,39380,C,Pueblo  CO ,447,447,72970,0,0,0,0,0,0,0,0,0,0,0,0,0,0,0,0,0,0,0,0,0
202208,450,20500,C,Durham-Chapel Hill  NC ,2365,2365,851322,22,44,5465,1,3,277,34,1506,225943,1604,1604,557010,21,42,5040,1,3,277,32,1424,218777
202208,450,39580,C,Raleigh-Cary  NC ,9532,9532,2462538,14,28,5559,0,0,0,111,5208,633723,9532,9532,2462538,14,28,5559,0,0,0,111,5208,633723
202208,452,39660,C,Rapid City  SD ,465,465,135897,4,8,1557,5,20,2371,26,958,122146,435,435,125844,3,6,837,5,20,2371,26,958,122146
202208,454,39820,C,Redding  CA ,278,278,84824,0,0,0,0,0,0,0,0,0,173,173,55319,0,0,0,0,0,0,0,0,0
202208,456,16180,C,Carson City  NV ,130,130,34303,0,0,0,2,6,764,11,63,6290,0,0,0,0,0,0,0,0,0,0,0,0
202208,456,39900,C,Reno  NV ,1724,1724,474713,37,74,9735,14,49,6845,138,2475,305872,383,383,95511,17,34,5546,4,13,2101,49,834,97670
202208,462,40340,C,Rochester  MN ,393,393,125378,4,8,946,13,51,11550,13,829,101589,237,237,83434,2,4,620,12,48,11171,13,829,101589
202208,464,40380,C,Rochester  NY ,811,811,235191,24,48,9025,26,91,9873,52,892,108756,536,536,161915,20,40,7540,22,79,8688,43,707,87987
202208,466,40420,C,Rockford  IL ,219,219,48882,3,6,603,0,0,0,0,0,0,146,146,38318,3,6,603,0,0,0,0,0,0
202208,468,40580,C,Rocky Mount  NC ,359,359,57149,0,0,0,0,0,0,0,0,0,35,35,8854,0,0,0,0,0,0,0,0,0
202208,472,40900,C,Sacramento-Roseville-Folsom  CA ,6021,6021,1776295,51,102,14847,31,111,24205,60,1733,272696,5824,5824,1721503,51,102,14847,31,111,24205,60,1733,272696
202208,472,49700,C,Yuba City  CA ,484,484,132881,11,22,2094,0,0,0,9,79,8341,458,458,123824,9,18,1745,0,0,0,4,48,4758
202208,474,13020,C,Bay City  MI ,47,47,13874,0,0,0,0,0,0,0,0,0,11,11,5366,0,0,0,0,0,0,0,0,0
202208,474,33220,C,Midland  MI ,71,71,16084,5,10,991,0,0,0,0,0,0,42,42,7590,5,10,991,0,0,0,0,0,0
202208,474,40980,C,Saginaw  MI ,108,108,26673,7,14,1827,3,9,1485,0,0,0,53,53,13033,5,10,1281,0,0,0,0,0,0
202208,476,41180,C,St. Louis  MO-IL ,3344,3344,1123595,41,82,11805,16,61,7617,105,3408,478506,2307,2307,733671,21,42,6701,12,48,5549,69,2316,326799
202208,480,41540,C,Salisbury  MD-DE ,2988,2988,501192,99,198,28520,3,10,1919,12,200,25855,2952,2952,496773,97,194,28240,3,10,1919,12,200,25855
202208,482,36260,C,Ogden-Clearfield  UT ,2537,2537,771892,4,8,1370,29,106,16823,89,1609,239794,2070,2070,626677,3,6,1150,16,58,8365,60,1204,188172
202208,482,39340,C,Provo-Orem  UT ,4428,4428,1423836,44,88,20920,31,114,21232,114,1904,294505,4369,4369,1387193,41,82,19225,31,114,21232,114,1904,294505
202208,482,41620,C,Salt Lake City  UT ,2936,2936,845153,31,62,9745,27,97,22334,93,4095,575927,2670,2670,770551,16,32,7173,13,51,13663,53,1592,237441
202208,484,41700,C,San Antonio-New Braunfels  TX ,7912,7912,1958428,71,142,18530,46,180,27371,302,9600,1169677,7260,7260,1819497,71,142,18530,46,180,27371,302,9600,1169677
202208,488,32900,C,Merced  CA ,221,221,79041,1,2,360,1,3,257,4,200,31728,74,74,20591,1,2,360,1,3,257,4,200,31728
202208,488,33700,C,Modesto  CA ,479,479,107445,3,6,1120,0,0,0,4,29,3800,371,371,83999,3,6,1120,0,0,0,3,24,3100
202208,488,34900,C,Napa  CA ,119,119,38040,1,2,233,0,0,0,9,592,101191,23,23,7990,0,0,0,0,0,0,1,15,1411
202208,488,41860,C,San Francisco-Oakland-Berkeley  CA ,2626,2626,876616,45,90,28671,35,119,27541,142,3777,898978,1918,1918,639589,30,60,15301,29,101,22300,81,3094,762057
202208,488,41940,C,San Jose-Sunnyvale-Santa Clara  CA ,3187,3187,994880,9,18,5020,1,4,649,49,2004,337122,3009,3009,919735,7,14,4570,1,4,649,47,1774,272726
202208,488,42100,C,Santa Cruz-Watsonville  CA ,309,309,59666,0,0,0,1,3,1352,13,175,16959,267,267,55234,0,0,0,1,3,1352,5,122,12870
202208,488,42220,C,Santa Rosa-Petaluma  CA ,672,672,195389,2,4,705,1,3,215,37,859,192753,517,517,163880,2,4,705,1,3,215,24,793,179586
202208,488,44700,C,Stockton  CA ,2526,2526,822028,4,8,1154,0,0,0,23,370,52990,1806,1806,634758,2,4,450,0,0,0,10,166,27905
202208,488,46700,C,Vallejo  CA ,786,786,223613,0,0,0,0,0,0,1,86,12202,778,778,221327,0,0,0,0,0,0,1,86,12202
202208,496,25980,C,Hinesville  GA ,540,540,118104,2,4,370,0,0,0,0,0,0,314,314,64579,2,4,370,0,0,0,0,0,0
202208,496,42340,C,Savannah  GA ,1632,1632,449343,45,90,9140,22,85,11063,50,704,84558,1256,1256,366431,43,86,8894,21,81,10658,50,704,84558
202208,500,14740,C,Bremerton-Silverdale-Port Orchard  WA ,860,860,293499,2,4,561,16,50,8207,13,494,71355,860,860,293499,2,4,561,16,50,8207,13,494,71355
202208,500,34580,C,Mount Vernon-Anacortes  WA ,209,209,63339,7,14,2659,2,7,921,9,184,17742,208,208,63263,6,12,2420,1,4,484,1,10,1502
202208,500,36500,C,Olympia-Lacey-Tumwater  WA ,468,468,121841,8,16,2089,5,19,11302,38,675,93067,380,380,102098,8,16,2089,5,19,11302,29,627,91025
202208,500,42660,C,Seattle-Tacoma-Bellevue  WA ,5223,5223,1910684,341,682,162381,179,594,119394,277,12625,1815601,4420,4420,1578005,326,652,156618,176,585,117421,217,11066,1607267
202208,508,43340,C,Shreveport-Bossier City  LA ,664,664,177830,0,0,0,0,0,0,0,0,0,410,410,120955,0,0,0,0,0,0,0,0,0
202208,515,21140,C,Elkhart-Goshen  IN ,218,218,69720,0,0,0,0,0,0,7,73,9032,196,196,65023,0,0,0,0,0,0,5,60,8000
202208,515,35660,C,Niles  MI ,156,156,71823,3,6,1590,0,0,0,1,5,600,46,46,17824,3,6,1590,0,0,0,1,5,600
202208,515,43780,C,South Bend-Mishawaka  IN-MI ,264,264,98056,1,2,390,0,0,0,0,0,0,212,212,80632,1,2,390,0,0,0,0,0,0
202208,518,17660,C,Coeur dAlene  ID ,984,984,351081,21,42,9232,3,9,3770,52,867,99808,457,457,228446,10,20,5283,0,0,0,14,252,36400
202208,518,44060,C,Spokane-Spokane Valley  WA ,1496,1496,401459,53,106,22317,12,41,7979,78,1486,170305,1401,1401,379109,50,100,21464,12,41,7979,70,1436,165540
202208,522,44100,C,Springfield  IL ,128,128,40101,6,12,1878,0,0,0,0,0,0,100,100,32929,6,12,1878,0,0,0,0,0,0
202208,524,44300,C,State College  PA ,180,180,60868,4,8,1564,3,12,2524,2,140,60291,138,138,51070,4,8,1564,3,12,2524,2,140,60291
202208,532,45060,C,Syracuse  NY ,295,295,71471,6,12,310,0,0,0,5,25,1563,149,149,40957,0,0,0,0,0,0,0,0,0
202208,534,45780,C,Toledo  OH ,464,464,165443,7,14,4355,2,8,400,9,89,11145,445,445,161235,7,14,4355,2,8,400,9,89,11145
202208,536,46060,C,Tucson  AZ ,2939,2939,950762,19,38,4548,3,12,2771,82,1379,170267,1672,1672,591451,1,2,268,3,12,2771,39,764,77979
202208,538,46140,C,Tulsa  OK ,2884,2884,754181,14,28,3399,2,6,645,31,1059,110346,2271,2271,593258,14,28,3399,2,6,645,19,968,103346
202208,540,46340,C,Tyler  TX ,499,499,124399,22,44,5723,4,14,2042,5,25,3114,344,344,85797,4,8,1038,4,14,2042,0,0,0
202208,544,47020,C,Victoria  TX ,199,199,46341,0,0,0,0,0,0,0,0,0,183,183,45955,0,0,0,0,0,0,0,0,0
202208,545,47260,C,Virginia Beach-Norfolk-Newport News  VA-NC ,2699,2699,699097,4,8,2460,2,8,1728,75,2150,192478,2482,2482,679508,4,8,2460,2,8,1728,75,2150,192478
202208,548,12580,C,Baltimore-Columbia-Towson  MD ,1978,1978,486446,1,2,350,1,3,269,42,3088,393639,1922,1922,472642,1,2,350,1,3,269,42,3088,393639
202208,548,15680,C,California-Lexington Park  MD ,169,169,63331,0,0,0,0,0,0,0,0,0,169,169,63331,0,0,0,0,0,0,0,0,0
202208,548,16540,C,Chambersburg-Waynesboro  PA ,222,222,60599,11,22,3225,1,4,520,9,51,5333,186,186,52476,11,22,3225,1,4,520,8,46,4684
202208,548,25180,C,Hagerstown-Martinsburg  MD-WV ,1510,1510,383032,4,8,1740,0,0,0,12,268,30551,1458,1458,372766,4,8,1740,0,0,0,12,268,30551
202208,548,47900,C,Washington-Arlington-Alexandria  DC-VA-MD-WV ,8679,8679,2416844,30,60,7955,7,27,3841,199,12564,1756091,6732,6732,1888695,28,56,7615,7,27,3841,145,10455,1482706
202208,548,49020,C,Winchester  VA-WV ,565,565,151572,0,0,0,0,0,0,7,237,37740,564,564,151340,0,0,0,0,0,0,7,237,37740
202208,554,48140,C,Wausau-Weston  WI ,268,268,79702,4,8,990,0,0,0,4,108,14000,160,160,48959,2,4,390,0,0,0,4,108,14000
202208,556,48620,C,Wichita  KS ,1115,1115,412653,310,620,73079,15,55,8276,14,372,45703,885,885,328753,289,578,68194,13,49,7756,14,372,45703
202208,558,48700,C,Williamsport  PA ,38,38,10739,0,0,0,0,0,0,0,0,0,12,12,4108,0,0,0,0,0,0,0,0,0
202208,566,49660,C,Youngstown-Warren-Boardman  OH-PA ,232,232,53117,1,2,377,0,0,0,0,0,0,120,120,30163,1,2,377,0,0,0,0,0,0
202208,999,10180,C,Abilene  TX ,356,356,84583,16,32,3444,0,0,0,36,274,24000,355,355,84283,16,32,3444,0,0,0,36,274,24000
202208,999,10500,C,Albany  GA ,135,135,19730,0,0,0,0,0,0,2,33,3657,89,89,8398,0,0,0,0,0,0,0,0,0
202208,999,10780,C,Alexandria  LA ,276,276,64743,16,32,2340,0,0,0,0,0,0,211,211,47800,16,32,2340,0,0,0,0,0,0
202208,999,10900,C,Allentown-Bethlehem-Easton  PA-NJ ,963,963,237455,10,20,1510,3,12,1785,16,412,53111,709,709,184386,8,16,437,3,12,1785,11,329,52157
202208,999,11260,C,Anchorage  AK ,553,553,175006,2,4,658,8,31,5343,15,168,25387,26,26,7303,2,4,658,0,0,0,0,0,0
202208,999,11500,C,Anniston-Oxford  AL ,57,57,9798,0,0,0,0,0,0,0,0,0,48,48,8765,0,0,0,0,0,0,0,0,0
202208,999,12260,C,Augusta-Richmond County  GA-SC ,2504,2504,630333,3,6,731,23,89,9222,25,496,57577,1687,1687,467984,3,6,731,23,89,9222,25,496,57577
202208,999,12420,C,Austin-Round Rock-Georgetown  TX ,15863,15863,4323177,118,236,22235,25,92,12818,359,16643,1619777,11117,11117,3083157,98,196,17859,22,83,11882,350,16388,1593432
202208,999,12540,C,Bakersfield  CA ,2050,2050,551377,5,10,659,0,0,0,22,220,24028,313,313,50464,2,4,186,0,0,0,4,80,7983
202208,999,12620,C,Bangor  ME ,223,223,53862,19,38,6433,8,31,4866,0,0,0,88,88,25665,16,32,5858,7,28,4669,0,0,0
202208,999,12940,C,Baton Rouge  LA ,2587,2587,606842,6,12,9871,0,0,0,12,267,30039,930,930,218843,5,10,950,0,0,0,0,0,0
202208,999,13140,C,Beaumont-Port Arthur  TX ,1022,1022,244879,7,14,1721,0,0,0,1,6,600,894,894,220385,4,8,1167,0,0,0,1,6,600
202208,999,13220,C,Beckley  WV ,78,78,18380,0,0,0,0,0,0,0,0,0,71,71,17510,0,0,0,0,0,0,0,0,0
202208,999,13380,C,Bellingham  WA ,555,555,161939,6,12,2459,18,67,13655,15,478,59360,331,331,94937,4,8,1178,13,49,8716,15,478,59360
202208,999,13740,C,Billings  MT ,553,553,107643,19,38,6147,0,0,0,12,249,29298,345,345,97502,19,38,6147,0,0,0,12,249,29298
202208,999,13780,C,Binghamton  NY ,90,90,17697,0,0,0,0,0,0,24,221,21391,13,13,3589,0,0,0,0,0,0,0,0,0
202208,999,13900,C,Bismarck  ND ,249,249,81489,26,52,9013,1,4,930,1,8,1704,205,205,67080,26,52,9013,1,4,930,1,8,1704
202208,999,13980,C,Blacksburg-Christiansburg  VA ,269,269,72593,1,2,190,0,0,0,4,107,18392,244,244,68971,1,2,190,0,0,0,4,107,18392
202208,999,15260,C,Brunswick  GA ,415,415,131973,8,16,2407,0,0,0,7,35,18870,2,2,150,0,0,0,0,0,0,0,0,0
202208,999,16060,C,Carbondale-Marion  IL ,58,58,8783,2,4,285,13,49,4260,2,10,1100,41,41,6342,2,4,285,13,49,4260,2,10,1100
202208,999,16220,C,Casper  WY ,107,107,26636,1,2,126,1,3,371,7,36,3586,44,44,9244,0,0,0,0,0,0,0,0,0
202208,999,16580,C,Champaign-Urbana  IL ,235,235,76837,0,0,0,8,32,4000,3,367,74201,231,231,76066,0,0,0,8,32,4000,3,367,74201
202208,999,16700,C,Charleston-North Charleston  SC ,4173,4173,1399931,2,4,654,7,28,7604,55,1208,114384,1836,1836,667989,1,2,526,7,28,7604,15,165,31137
202208,999,16820,C,Charlottesville  VA ,730,730,226418,8,16,2752,0,0,0,35,466,50537,210,210,48371,0,0,0,0,0,0,5,120,6000
202208,999,16940,C,Cheyenne  WY ,322,322,63044,0,0,0,36,144,18536,8,204,23900,318,318,62449,0,0,0,36,144,18536,8,204,23900
202208,999,17020,C,Chico  CA ,745,745,225917,14,28,3088,11,44,3189,36,676,77662,578,578,192743,14,28,3088,11,44,3189,36,676,77662
202208,999,17300,C,Clarksville  TN-KY ,1306,1306,255617,15,30,4752,81,320,25826,187,1689,141783,1279,1279,252936,15,30,4752,81,320,25826,187,1689,141783
202208,999,17780,C,College Station-Bryan  TX ,1243,1243,272147,4,8,1161,10,40,4827,10,82,10427,1236,1236,270709,4,8,1161,10,40,4827,10,82,10427
202208,999,17820,C,Colorado Springs  CO ,3030,3030,1154893,16,32,4527,2,8,872,101,4188,625530,3027,3027,1154586,16,32,4527,2,8,872,101,4188,625530
202208,999,18880,C,Crestview-Fort Walton Beach-Destin  FL ,2115,2115,1091817,5,10,1359,12,36,6530,31,466,122957,2115,2115,1091817,5,10,1359,12,36,6530,31,466,122957
202208,999,19060,C,Cumberland  MD-WV ,40,40,10475,0,0,0,0,0,0,0,0,0,36,36,9735,0,0,0,0,0,0,0,0,0
202208,999,19180,C,Danville  IL ,4,4,607,0,0,0,0,0,0,0,0,0,0,0,0,0,0,0,0,0,0,0,0,0
202208,999,19500,C,Decatur  IL ,15,15,5184,0,0,0,0,0,0,1,20,3569,12,12,4484,0,0,0,0,0,0,1,20,3569
202208,999,20220,C,Dubuque  IA ,107,107,34586,0,0,0,2,6,1600,2,31,812,51,51,17421,0,0,0,2,6,1600,0,0,0
202208,999,20260,C,Duluth  MN-WI ,400,400,105991,3,6,1501,0,0,0,1,33,6400,303,303,81383,3,6,1501,0,0,0,1,33,6400
202208,999,20940,C,El Centro  CA ,289,289,49307,2,4,302,1,3,185,12,130,13799,49,49,6847,2,4,302,0,0,0,5,60,8360
202208,999,21420,C,Enid  OK ,37,37,10766,0,0,0,0,0,0,0,0,0,37,37,10766,0,0,0,0,0,0,0,0,0
202208,999,21660,C,Eugene-Springfield  OR ,605,605,166230,8,16,2519,1,4,650,15,490,41248,256,256,71670,2,4,284,1,4,650,15,490,41248
202208,999,21780,C,Evansville  IN-KY ,566,566,195348,44,88,13439,0,0,0,12,166,12208,384,384,146269,32,64,10835,0,0,0,11,161,11858
202208,999,21820,C,Fairbanks  AK ,17,17,3517,0,0,0,0,0,0,0,0,0,0,0,0,0,0,0,0,0,0,0,0,0
202208,999,22140,C,Farmington  NM ,103,103,22415,0,0,0,0,0,0,0,0,0,58,58,11382,0,0,0,0,0,0,0,0,0
202208,999,22220,C,Fayetteville-Springdale-Rogers  AR-MO ,4079,4079,1244418,67,134,29192,39,152,22520,63,1139,113224,3187,3187,1039266,64,128,27797,39,152,22520,39,851,90698
202208,999,22380,C,Flagstaff  AZ ,315,315,122113,1,2,88,0,0,0,3,50,5495,315,315,122113,1,2,88,0,0,0,3,50,5495
202208,999,22500,C,Florence  SC ,576,576,98603,11,22,1650,0,0,0,0,0,0,574,574,98387,11,22,1650,0,0,0,0,0,0
202208,999,22520,C,Florence-Muscle Shoals  AL ,225,225,27560,22,44,1760,0,0,0,4,26,1898,73,73,9861,22,44,1760,0,0,0,4,26,1898
202208,999,22540,C,Fond du Lac  WI ,111,111,34349,0,0,0,0,0,0,0,0,0,22,22,5983,0,0,0,0,0,0,0,0,0
202208,999,22660,C,Fort Collins  CO ,1079,1079,386448,8,16,3483,4,14,3456,42,848,154394,1079,1079,386448,8,16,3483,4,14,3456,42,848,154394
202208,999,22900,C,Fort Smith  AR-OK ,292,292,60225,37,74,6465,16,49,10785,4,38,4903,224,224,51658,31,62,5460,14,43,10275,4,38,4903
202208,999,23460,C,Gadsden  AL ,133,133,22725,0,0,0,0,0,0,0,0,0,47,47,10231,0,0,0,0,0,0,0,0,0
202208,999,24140,C,Goldsboro  NC ,249,249,52737,0,0,0,0,0,0,3,72,5262,191,191,41005,0,0,0,0,0,0,0,0,0
202208,999,24220,C,Grand Forks  ND-MN ,126,126,33995,0,0,0,0,0,0,0,0,0,122,122,32248,0,0,0,0,0,0,0,0,0
202208,999,24260,C,Grand Island  NE ,123,123,29111,16,32,6814,6,19,2733,0,0,0,96,96,23963,16,32,6814,6,19,2733,0,0,0
202208,999,24300,C,Grand Junction  CO ,508,508,87532,3,6,584,0,0,0,5,116,8316,508,508,87532,3,6,584,0,0,0,5,116,8316
202208,999,24500,C,Great Falls  MT ,144,144,41265,2,4,1200,0,0,0,7,337,53231,144,144,41265,2,4,1200,0,0,0,7,337,53231
202208,999,25060,C,Gulfport-Biloxi  MS ,2155,2155,352793,3,6,556,11,39,3963,29,274,15762,1352,1352,220409,0,0,0,1,4,450,17,188,8481
202208,999,25860,C,Hickory-Lenoir-Morganton  NC ,1273,1273,302242,10,20,2415,0,0,0,49,572,59686,935,935,234047,7,14,1335,0,0,0,31,406,46949
202208,999,25940,C,Hilton Head Island-Bluffton  SC ,2168,2168,968272,4,8,3148,6,18,7142,16,369,59313,278,278,180921,4,8,3148,6,18,7142,0,0,0
202208,999,26140,C,Homosassa Springs  FL ,1093,1093,240772,6,12,876,0,0,0,2,10,865,12,12,3678,1,2,210,0,0,0,0,0,0
202208,999,26380,C,Houma-Thibodaux  LA ,482,482,126215,26,52,3460,3,9,785,0,0,0,366,366,95150,17,34,2060,0,0,0,0,0,0
202208,999,27100,C,Jackson  MI ,112,112,31560,2,4,325,0,0,0,0,0,0,36,36,11658,0,0,0,0,0,0,0,0,0
202208,999,27340,C,Jacksonville  NC ,936,936,199201,6,12,1939,2,6,2438,0,0,0,936,936,199201,6,12,1939,2,6,2438,0,0,0
202208,999,27620,C,Jefferson City  MO ,122,122,34999,2,4,550,1,4,522,0,0,0,80,80,24294,2,4,550,1,4,522,0,0,0
202208,999,27980,C,Kahului-Wailuku-Lahaina  HI ,218,218,140390,30,60,8707,0,0,0,2,14,41000,218,218,140390,30,60,8707,0,0,0,2,14,41000
202208,999,28660,C,Killeen-Temple  TX ,2041,2041,451463,109,218,24066,0,0,0,44,525,67315,1747,1747,372307,92,184,20787,0,0,0,44,525,67315
202208,999,29100,C,La Crosse-Onalaska  WI-MN ,137,137,50849,21,42,8475,1,4,600,4,144,17849,72,72,28866,7,14,3015,1,4,600,3,129,15933
202208,999,29420,C,Lake Havasu City-Kingman  AZ ,1523,1523,427864,34,68,4844,8,27,2770,0,0,0,1516,1516,427186,34,68,4844,8,27,2770,0,0,0
202208,999,29540,C,Lancaster  PA ,486,486,147215,16,32,8056,9,32,5125,33,280,35316,314,314,92870,13,26,6895,7,26,4231,26,245,32785
202208,999,29620,C,Lansing-East Lansing  MI ,352,352,102888,4,8,1408,0,0,0,4,222,29987,182,182,60517,1,2,490,0,0,0,1,132,20000
202208,999,29700,C,Laredo  TX ,944,944,147061,12,24,1992,6,18,2316,12,127,8080,0,0,0,0,0,0,0,0,0,0,0,0
202208,999,30020,C,Lawton  OK ,61,61,9721,0,0,0,0,0,0,0,0,0,29,29,7062,0,0,0,0,0,0,0,0,0
202208,999,30300,C,Lewiston  ID-WA ,97,97,28400,4,8,1661,0,0,0,0,0,0,95,95,27664,4,8,1661,0,0,0,0,0,0
202208,999,30860,C,Logan  UT-ID ,657,657,217363,1,2,421,1,3,750,17,202,29936,570,570,195823,1,2,421,0,0,0,17,202,29936
202208,999,30980,C,Longview  TX ,292,292,66590,7,14,1367,0,0,0,17,177,19350,205,205,48659,4,8,787,0,0,0,12,144,15741
202208,999,31340,C,Lynchburg  VA ,364,364,87760,2,4,509,2,6,1207,11,203,13101,345,345,84002,1,2,225,0,0,0,3,115,10820
202208,999,31740,C,Manhattan  KS ,180,180,56496,2,4,525,2,6,500,1,24,7874,68,68,22464,1,2,247,0,0,0,1,24,7874
202208,999,33540,C,Missoula  MT ,262,262,71237,7,14,1819,2,7,652,37,489,55162,262,262,71237,7,14,1819,2,7,652,37,489,55162
202208,999,36100,C,Ocala  FL ,3779,3779,898163,1,2,100,0,0,0,39,1077,122576,3769,3769,895873,1,2,100,0,0,0,39,1077,122576
202208,999,36980,C,Owensboro  KY ,178,178,17398,5,10,1139,0,0,0,0,0,0,172,172,16188,4,8,966,0,0,0,0,0,0
202208,999,37340,C,Palm Bay-Melbourne-Titusville  FL ,2891,2891,1044758,1,2,1070,2,6,1882,11,473,111853,1243,1243,547479,1,2,1070,2,6,1882,11,473,111853
202208,999,37460,C,Panama City  FL ,1520,1520,558458,6,12,2136,3,9,2039,7,95,21741,1408,1408,530346,6,12,2136,3,9,2039,7,95,21741
202208,999,37900,C,Peoria  IL ,118,118,41347,3,6,480,0,0,0,11,119,4972,48,48,19309,0,0,0,0,0,0,8,104,3800
202208,999,38340,C,Pittsfield  MA ,66,66,29771,1,2,475,0,0,0,0,0,0,4,4,1788,0,0,0,0,0,0,0,0,0
202208,999,38540,C,Pocatello  ID ,226,226,48404,4,8,844,18,68,8614,5,77,6653,82,82,11832,3,6,344,13,52,6955,0,0,0
202208,999,39150,C,Prescott Valley-Prescott  AZ ,1313,1313,453290,34,68,11787,0,0,0,8,481,106226,1221,1221,418746,34,68,11787,0,0,0,8,481,106226
202208,999,40060,C,Richmond  VA ,3423,3423,866379,63,126,16769,2,6,391,143,4134,446694,3204,3204,827792,63,126,16769,2,6,391,133,4062,439297
202208,999,40220,C,Roanoke  VA ,351,351,102457,2,4,628,0,0,0,5,180,21996,173,173,44961,2,4,628,0,0,0,0,0,0
202208,999,41100,C,St. George  UT ,1844,1844,376176,5,10,957,7,26,4946,36,527,63775,1433,1433,300378,0,0,0,6,23,4683,32,495,61366
202208,999,41500,C,Salinas  CA ,386,386,95897,6,12,2712,10,39,5913,26,391,37422,314,314,81108,5,10,2124,10,39,5913,14,299,24062
202208,999,41660,C,San Angelo  TX ,174,174,41238,0,0,0,0,0,0,0,0,0,174,174,41238,0,0,0,0,0,0,0,0,0
202208,999,41740,C,San Diego-Chula Vista-Carlsbad  CA ,2654,2654,786000,40,80,12825,82,286,56666,198,4218,782082,2595,2595,777791,40,80,12825,82,286,56666,190,4110,771480
202208,999,42020,C,San Luis Obispo-Paso Robles  CA ,487,487,136718,4,8,1150,2,7,1206,20,347,50904,398,398,114833,2,4,710,2,7,1206,7,147,22931
202208,999,42200,C,Santa Maria-Santa Barbara  CA ,391,391,86707,8,16,2766,5,15,2600,31,638,80315,189,189,65905,0,0,0,4,12,2400,0,0,0
202208,999,42540,C,Scranton--Wilkes-Barre  PA ,335,335,94603,5,10,1620,0,0,0,6,30,2923,125,125,41864,5,10,1620,0,0,0,0,0,0
202208,999,42700,C,Sebring-Avon Park  FL ,458,458,104416,6,12,2024,0,0,0,0,0,0,458,458,104416,6,12,2024,0,0,0,0,0,0
202208,999,43100,C,Sheboygan  WI ,87,87,31973,10,20,4099,0,0,0,1,8,646,27,27,11635,7,14,2436,0,0,0,0,0,0
202208,999,43420,C,Sierra Vista-Douglas  AZ ,292,292,40200,3,6,825,0,0,0,0,0,0,274,274,36412,0,0,0,0,0,0,0,0,0
202208,999,43580,C,Sioux City  IA-NE-SD ,213,213,64109,1,2,500,7,21,0,0,0,0,108,108,34872,1,2,500,0,0,0,0,0,0
202208,999,43620,C,Sioux Falls  SD ,1293,1293,315393,6,12,2277,56,212,26953,130,3177,401069,1221,1221,296767,6,12,2277,52,198,26033,129,3172,400663
202208,999,44140,C,Springfield  MA ,310,310,90650,8,16,2438,1,4,577,14,212,26122,129,129,45487,4,8,980,1,4,577,2,118,15416
202208,999,44180,C,Springfield  MO ,993,993,282109,15,30,3690,5,15,1513,16,301,32607,745,745,213555,13,26,3133,2,6,950,16,301,32607
202208,999,44940,C,Sumter  SC ,312,312,53701,32,64,6101,0,0,0,1,36,965,254,254,44125,32,64,6101,0,0,0,1,36,965
202208,999,45220,C,Tallahassee  FL ,1016,1016,215305,6,12,1330,0,0,0,42,1129,148075,316,316,68761,0,0,0,0,0,0,4,80,13900
202208,999,45300,C,Tampa-St. Petersburg-Clearwater  FL ,11566,11566,3469906,45,90,14680,112,391,24978,464,8229,874345,6527,6527,2241565,41,82,13395,112,391,24978,440,8082,838969
202208,999,45460,C,Terre Haute  IN ,84,84,18076,8,16,2100,5,20,925,13,73,7457,31,31,5526,8,16,2100,5,20,925,8,48,5100
202208,999,45500,C,Texarkana  TX-AR ,93,93,21077,8,16,1740,1,4,450,1,5,385,56,56,12683,8,16,1740,1,4,450,1,5,385
202208,999,45820,C,Topeka  KS ,258,258,64670,0,0,0,0,0,0,0,0,0,218,218,57517,0,0,0,0,0,0,0,0,0
202208,999,46220,C,Tuscaloosa  AL ,560,560,138412,1,2,360,19,72,5278,11,379,63640,244,244,54664,0,0,0,0,0,0,0,0,0
202208,999,46300,C,Twin Falls  ID ,400,400,107578,4,8,1489,0,0,0,7,100,20280,395,395,106439,4,8,1489,0,0,0,7,100,20280
202208,999,46520,C,Urban Honolulu  HI ,513,513,177582,50,100,12799,0,0,0,31,743,185490,0,0,0,0,0,0,0,0,0,0,0,0
202208,999,46540,C,Utica-Rome  NY ,149,149,49310,0,0,0,0,0,0,10,79,11768,35,35,27852,0,0,0,0,0,0,0,0,0
202208,999,46660,C,Valdosta  GA ,961,961,179934,8,16,1060,0,0,0,8,104,10215,468,468,96979,0,0,0,0,0,0,0,0,0
202208,999,47300,C,Visalia  CA ,1011,1011,258793,21,42,6216,0,0,0,70,715,100123,1011,1011,258793,21,42,6216,0,0,0,70,715,100123
202208,999,47380,C,Waco  TX ,764,764,119908,15,30,3517,0,0,0,20,335,32132,630,630,94666,8,16,2140,0,0,0,13,300,28532
202208,999,47940,C,Waterloo-Cedar Falls  IA ,123,123,43651,6,12,1180,1,4,800,3,30,4200,89,89,29572,6,12,1180,1,4,800,3,30,4200
202208,999,48060,C,Watertown-Fort Drum  NY ,117,117,20434,0,0,0,0,0,0,0,0,0,6,6,1350,0,0,0,0,0,0,0,0,0
202208,999,48300,C,Wenatchee  WA ,461,461,137696,5,10,1973,9,36,7783,6,235,25334,195,195,77437,5,10,1973,9,36,7783,6,235,25334
202208,999,48540,C,Wheeling  WV-OH ,5,5,1441,0,0,0,1,3,350,0,0,0,1,1,198,0,0,0,0,0,0,0,0,0
202208,999,48660,C,Wichita Falls  TX ,124,124,31452,0,0,0,0,0,0,0,0,0,96,96,25638,0,0,0,0,0,0,0,0,0
202208,999,48900,C,Wilmington  NC ,1811,1811,603722,35,70,12586,3,11,2177,37,1153,149056,707,707,221880,12,24,3650,0,0,0,0,0,0
202208,999,49420,C,Yakima  WA ,339,339,87708,13,26,3547,14,48,5761,14,146,20156,315,315,81329,11,22,2577,9,33,4434,6,98,9307
202208,999,49740,C,Yuma  AZ ,577,577,96387,8,16,2023,0,0,0,7,98,11754,534,534,89746,8,16,2023,0,0,0,7,98,11754
