Survey,CSA,CBSA,MONCOV,CBSA,,1-unit,,,2-units,,,3-4 units,,,5+ units,,,1-unit rep,,,2-units rep,,,3-4 units rep,,,5+ units rep
Date,Code,Code,,Name,Bldgs,Units,Value,Bldgs,Units,Value,Bldgs,Units,Value,Bldgs,Units,Value,Bldgs,Units,Value,Bldgs,Units,Value,      Bldgs,Units,Value,Bldgs,Units,Value
 
202212,104,10580,C,Albany-Schenectady-Troy  NY ,1237,1237,401219,35,70,16150,11,43,6962,74,1171,190026,729,729,234503,4,8,580,9,36,6185,43,830,155585
202212,104,24020,C,Glens Falls  NY ,235,235,68839,8,16,2913,6,22,2873,4,22,2855,141,141,46579,8,16,2913,6,22,2873,4,22,2855
202212,106,10740,C,Albuquerque  NM ,2002,2002,494737,0,0,0,2,7,784,25,1048,98857,1167,1167,301746,0,0,0,1,4,400,7,898,91260
202212,106,42140,C,Santa Fe  NM ,178,178,84389,7,14,2062,0,0,0,16,286,27280,0,0,0,0,0,0,0,0,0,0,0,0
202212,107,11020,C,Altoona  PA ,83,83,22986,0,0,0,0,0,0,6,52,7654,39,39,12326,0,0,0,0,0,0,6,52,7654
202212,108,11100,C,Amarillo  TX ,771,771,194010,25,50,6475,1,4,601,7,110,14034,758,758,190296,25,50,6475,1,4,601,7,110,14034
202212,118,11540,C,Appleton  WI ,488,488,188577,49,98,18195,0,0,0,29,346,39676,416,416,166256,49,98,18195,0,0,0,9,183,24967
202212,118,36780,C,Oshkosh-Neenah  WI ,325,325,122636,16,32,6214,0,0,0,7,102,14332,304,304,115209,16,32,6214,0,0,0,7,102,14332
202212,120,11700,C,Asheville  NC ,2740,2740,1012163,1,2,30,0,0,0,41,784,114635,1186,1186,442683,1,2,30,0,0,0,9,277,45858
202212,122,12020,C,Athens-Clarke County  GA ,796,796,241809,10,20,3418,3,12,1396,58,1542,177311,418,418,142104,10,20,3418,3,12,1396,58,1542,177311
202212,122,12060,C,Atlanta-Sandy Springs-Alpharetta  GA ,26382,26382,6896236,84,168,30604,97,349,50230,521,20303,2568975,22336,22336,5923673,83,166,30404,96,346,49274,476,18946,2390822
202212,122,23580,C,Gainesville  GA ,1196,1196,287194,1,2,198,12,44,4390,28,825,143468,277,277,70643,1,2,198,12,44,4390,28,825,143468
202212,122,40660,C,Rome  GA ,310,310,67278,0,0,0,0,0,0,0,0,0,310,310,67278,0,0,0,0,0,0,0,0,0
202212,140,13460,C,Bend  OR ,1178,1178,440653,56,112,22283,15,47,7513,36,776,98705,1178,1178,440653,56,112,22283,15,47,7513,36,776,98705
202212,142,13820,C,Birmingham-Hoover  AL ,3070,3070,987807,32,64,11110,12,46,6912,29,992,185049,2239,2239,639258,32,64,11110,12,46,6912,29,992,185049
202212,144,14020,C,Bloomington  IN ,340,340,107620,4,8,1027,0,0,0,9,201,24732,286,286,95066,3,6,852,0,0,0,9,201,24732
202212,145,14010,C,Bloomington  IL ,242,242,66764,7,14,1126,0,0,0,3,118,11400,118,118,30237,0,0,0,0,0,0,3,118,11400
202212,146,14100,C,Bloomsburg-Berwick  PA ,102,102,30056,0,0,0,0,0,0,9,47,4264,48,48,13851,0,0,0,0,0,0,0,0,0
202212,147,14260,C,Boise City  ID ,5913,5913,1629192,38,76,14310,100,398,43908,197,4066,681047,5663,5663,1564133,38,76,14310,100,398,43908,197,4066,681047
202212,148,12700,C,Barnstable Town  MA ,555,555,323540,18,26,46086,5,15,3500,3,272,45112,393,393,232088,9,18,2090,5,15,3500,0,0,0
202212,148,14460,C,Boston-Cambridge-Newton  MA-NH ,3998,3998,1574797,235,470,111543,117,391,91393,473,9750,2196038,2262,2262,1044326,166,332,81856,83,287,71615,144,6685,1778093
202212,148,31700,C,Manchester-Nashua  NH ,615,615,191491,20,40,8195,11,38,6180,4,174,17835,263,263,92594,12,24,4866,5,20,2948,4,174,17835
202212,148,39300,C,Providence-Warwick  RI-MA ,1548,1548,440730,117,234,34800,24,82,12210,22,282,36511,740,740,256781,58,116,17222,20,69,9860,2,24,2749
202212,148,49340,C,Worcester  MA-CT ,1100,1100,312179,50,100,20211,3,10,1845,51,1377,238652,583,583,168471,22,44,7839,3,10,1845,17,941,184718
202212,150,14540,C,Bowling Green  KY ,835,835,206525,4,8,834,9,35,3675,86,758,71477,831,831,205925,4,8,834,8,32,3450,86,758,71477
202212,154,15180,C,Brownsville-Harlingen  TX ,1714,1714,208745,72,144,13197,26,87,10959,32,308,27368,186,186,52526,15,30,3218,0,0,0,0,0,0
202212,160,15380,C,Buffalo-Cheektowaga  NY ,1165,1165,411402,17,34,6385,14,52,10619,27,307,62302,978,978,358115,14,28,5485,10,38,8906,10,71,11294
202212,162,15540,C,Burlington-South Burlington  VT ,419,419,137502,22,44,8317,2,6,740,33,505,79986,240,240,86192,12,24,4990,1,3,595,9,334,59518
202212,163,15980,C,Cape Coral-Fort Myers  FL ,9259,9259,2158640,129,258,33893,30,116,15348,171,4211,514648,5314,5314,1095504,68,136,15324,24,95,12184,153,3336,449161
202212,163,34940,C,Naples-Marco Island  FL ,3519,3519,1612622,14,28,6504,44,171,39658,63,1799,303719,3519,3519,1612622,14,28,6504,44,171,39658,63,1799,303719
202212,164,16020,C,Cape Girardeau  MO-IL ,123,123,35806,5,10,2233,2,6,150,3,15,1732,0,0,0,0,0,0,0,0,0,0,0,0
202212,168,16300,C,Cedar Rapids  IA ,431,431,119824,31,62,12476,2,8,600,15,405,40128,415,415,115311,30,60,12076,2,8,600,15,405,40128
202212,168,26980,C,Iowa City  IA ,482,482,158023,43,86,20294,16,62,12280,15,783,136980,348,348,119721,9,18,5111,6,23,4718,10,664,125173
202212,170,16620,C,Charleston  WV ,164,164,21796,1,2,334,1,4,150,0,0,0,109,109,15420,1,2,334,1,4,150,0,0,0
202212,170,26580,C,Huntington-Ashland  WV-KY-OH ,252,252,51374,4,8,500,2,6,280,0,0,0,9,9,1920,3,6,300,2,6,280,0,0,0
202212,172,16740,C,Charlotte-Concord-Gastonia  NC-SC ,18987,18987,5188421,70,140,31774,12,47,6026,202,7994,1048088,16193,16193,4331433,70,140,31774,12,47,6026,175,7381,959521
202212,174,16860,C,Chattanooga  TN-GA ,2094,2094,491382,84,168,12700,24,81,9943,40,714,76003,1536,1536,371498,36,72,5797,10,35,4033,3,64,11056
202212,174,17420,C,Cleveland  TN ,775,775,191596,8,16,1976,33,119,17875,2,14,923,562,562,153015,8,16,1976,33,119,17875,2,14,923
202212,174,19140,C,Dalton  GA ,350,350,62472,19,38,2520,6,23,2335,6,30,1610,343,343,60822,19,38,2520,6,23,2335,6,30,1610
202212,176,16980,C,Chicago-Naperville-Elgin  IL-IN-WI ,8365,8365,2710509,149,298,60117,210,678,143834,262,8019,1214906,6769,6769,2284041,139,278,56825,202,653,139964,198,7535,1138033
202212,176,28100,C,Kankakee  IL ,121,121,31614,1,2,450,2,7,1500,0,0,0,116,116,29684,1,2,450,2,7,1500,0,0,0
202212,176,33140,C,Michigan City-La Porte  IN ,115,115,35761,0,0,0,1,3,250,4,195,24700,0,0,0,0,0,0,0,0,0,0,0,0
202212,178,17140,C,Cincinnati  OH-KY-IN ,4110,4110,1336840,143,286,43937,49,174,21307,83,1684,202493,3635,3635,1223408,142,284,43762,49,174,21307,73,1454,185388
202212,184,10420,C,Akron  OH ,804,804,264993,34,68,8000,112,437,35008,137,1746,263330,689,689,221812,34,68,8000,105,416,25558,118,1622,257016
202212,184,15940,C,Canton-Massillon  OH ,471,471,136236,16,32,5930,27,96,9493,32,213,15784,412,412,127204,7,14,2354,18,68,8058,17,117,8410
202212,184,17460,C,Cleveland-Elyria  OH ,2840,2840,891901,17,34,2963,30,109,13063,33,332,53266,2472,2472,795324,7,14,2715,24,91,11818,32,327,49307
202212,190,17860,C,Columbia  MO ,627,627,218168,4,8,971,0,0,0,8,135,16502,616,616,215833,4,8,971,0,0,0,8,135,16502
202212,192,17900,C,Columbia  SC ,4100,4100,1004029,9,18,4445,47,175,25467,58,1510,222549,2789,2789,750725,9,18,4445,47,175,25467,58,1510,222549
202212,194,12220,C,Auburn-Opelika  AL ,1183,1183,320827,13,26,4506,4,13,1334,25,1050,168701,270,270,78098,1,2,314,0,0,0,0,0,0
202212,194,17980,C,Columbus  GA-AL ,632,632,165941,17,34,5188,0,0,0,34,978,181810,608,608,160888,17,34,5188,0,0,0,34,978,181810
202212,198,18140,C,Columbus  OH ,5616,5616,1983590,51,102,17519,24,85,12214,334,6486,637207,4552,4552,1624907,46,92,15429,21,76,10210,304,6007,591736
202212,204,18580,C,Corpus Christi  TX ,1710,1710,420493,0,0,0,1,3,300,13,279,20433,1359,1359,317685,0,0,0,0,0,0,1,5,70
202212,206,19100,C,Dallas-Fort Worth-Arlington  TX ,43409,43409,11780729,332,664,86241,149,558,70951,691,32650,4151074,34712,34712,9540852,161,322,43011,101,383,52601,524,23526,3020210
202212,206,43300,C,Sherman-Denison  TX ,1590,1590,335362,20,40,4522,0,0,0,29,709,86368,1227,1227,258083,11,22,2861,0,0,0,17,588,74954
202212,209,19340,C,Davenport-Moline-Rock Island  IA-IL ,447,447,117508,9,18,3375,28,98,18179,9,61,5722,221,221,48608,0,0,0,1,3,450,1,21,1388
202212,212,19430,C,Dayton-Kettering  OH ,1252,1252,464037,11,22,4540,14,47,8080,40,934,104623,804,804,307840,9,18,4034,12,41,7483,28,585,62287
202212,212,44220,C,Springfield  OH ,112,112,41169,0,0,0,13,51,5303,3,20,1652,112,112,41169,0,0,0,13,51,5303,3,20,1652
202212,216,14500,C,Boulder  CO ,648,648,373385,13,26,10249,21,68,30804,52,879,187503,605,605,332450,11,22,8794,19,62,29249,37,618,119437
202212,216,19740,C,Denver-Aurora-Lakewood  CO ,10104,10104,3124795,184,368,74634,54,196,42652,247,12804,1945036,9419,9419,2876242,181,362,73734,54,196,42652,228,12042,1833102
202212,216,24540,C,Greeley  CO ,3319,3319,975870,43,86,12488,31,108,21232,120,2624,378723,2293,2293,707808,20,40,4696,24,86,17512,111,2399,345705
202212,218,11180,C,Ames  IA ,247,247,70565,4,8,2121,13,46,10034,2,16,2099,145,145,44188,4,8,2121,13,46,10034,2,16,2099
202212,218,19780,C,Des Moines-West Des Moines  IA ,3682,3682,1165276,38,76,16558,16,55,12640,56,2321,380518,3485,3485,1099151,34,68,14946,7,27,6763,44,2246,371283
202212,220,11460,C,Ann Arbor  MI ,567,567,186302,3,6,1611,3,9,1458,5,33,1090,413,413,147116,3,6,1611,1,3,700,4,28,540
202212,220,19820,C,Detroit-Warren-Dearborn  MI ,4669,4669,1647747,32,64,13121,79,293,52018,127,2911,646932,3868,3868,1415895,31,62,12841,60,227,45543,115,2850,637574
202212,220,22420,C,Flint  MI ,317,317,90205,1,2,292,17,54,2435,2,26,5763,182,182,53433,1,2,292,0,0,0,0,0,0
202212,220,33780,C,Monroe  MI ,199,199,53130,0,0,0,1,4,500,10,59,4070,114,114,31204,0,0,0,1,4,500,0,0,0
202212,222,20020,C,Dothan  AL ,467,467,124358,5,10,866,1,4,479,0,0,0,304,304,87550,5,10,866,1,4,479,0,0,0
202212,232,20740,C,Eau Claire  WI ,381,381,143855,90,180,35962,12,48,7581,51,403,71061,281,281,110052,38,76,15054,4,16,2835,7,75,11280
202212,236,21300,C,Elmira  NY ,24,24,4910,0,0,0,0,0,0,7,51,5716,0,0,0,0,0,0,0,0,0,0,0,0
202212,238,21340,C,El Paso  TX ,2447,2447,577911,63,126,16035,10,30,3953,26,227,26783,0,0,0,0,0,0,0,0,0,0,0,0
202212,238,29740,C,Las Cruces  NM ,1079,1079,293415,3,6,1065,5,20,3366,0,0,0,964,964,267854,3,6,1065,5,20,3366,0,0,0
202212,240,21500,C,Erie  PA ,168,168,55389,7,14,2545,0,0,0,9,54,6368,107,107,41355,7,14,2545,0,0,0,9,54,6368
202212,244,22020,C,Fargo  ND-MN ,1119,1119,371386,2,4,370,0,0,0,25,1197,151504,1101,1101,365115,2,4,370,0,0,0,23,1187,150504
202212,246,22180,C,Fayetteville  NC ,2144,2144,426310,1,2,340,0,0,0,22,418,43987,1429,1429,328108,1,2,340,0,0,0,22,418,43987
202212,258,23060,C,Fort Wayne  IN ,1453,1453,449612,20,40,5095,0,0,0,31,842,90093,1453,1453,449612,20,40,5095,0,0,0,31,842,90093
202212,260,23420,C,Fresno  CA ,2896,2896,862111,6,12,3050,15,52,9928,72,718,94373,2239,2239,622965,4,8,1222,15,52,9928,28,337,38827
202212,260,25260,C,Hanford-Corcoran  CA ,471,471,134340,2,4,857,6,18,4602,0,0,0,373,373,112089,1,2,497,6,18,4602,0,0,0
202212,260,31460,C,Madera  CA ,880,880,222170,3,6,300,4,16,800,4,64,7033,880,880,222170,3,6,300,4,16,800,4,64,7033
202212,264,23540,C,Gainesville  FL ,1385,1385,345850,5,10,1424,0,0,0,32,1919,144129,872,872,231247,5,10,1424,0,0,0,15,570,91380
202212,266,24340,C,Grand Rapids-Kentwood  MI ,2519,2519,804913,81,162,29733,32,111,17493,84,1138,166126,1682,1682,507828,21,42,6763,6,19,2940,34,405,59656
202212,266,34740,C,Muskegon  MI ,308,308,82753,5,10,1439,0,0,0,9,217,15624,213,213,59403,0,0,0,0,0,0,9,217,15624
202212,267,24580,C,Green Bay  WI ,679,679,257842,12,24,6375,0,0,0,37,436,47574,474,474,182634,10,20,5395,0,0,0,20,312,37912
202212,268,15500,C,Burlington  NC ,1793,1793,284036,1,2,180,2,8,1371,11,146,54058,1793,1793,284036,1,2,180,2,8,1371,11,146,54058
202212,268,24660,C,Greensboro-High Point  NC ,2299,2299,617683,11,22,4702,0,0,0,37,814,117270,1335,1335,309600,7,14,3957,0,0,0,37,814,117270
202212,268,49180,C,Winston-Salem  NC ,3806,3806,953699,3,6,1346,1,3,276,11,60,2366,2634,2634,625252,2,4,1116,0,0,0,0,0,0
202212,272,24780,C,Greenville  NC ,688,688,162414,24,48,7515,0,0,0,8,192,23405,338,338,81583,24,48,7515,0,0,0,8,192,23405
202212,273,24860,C,Greenville-Anderson  SC ,6461,6461,1767159,59,118,14071,61,226,23447,108,1415,160131,6426,6426,1761648,59,118,14071,61,226,23447,108,1415,160131
202212,273,43900,C,Spartanburg  SC ,2854,2854,480062,0,0,0,0,0,0,12,181,21711,0,0,0,0,0,0,0,0,0,0,0,0
202212,276,23900,C,Gettysburg  PA ,394,394,125536,0,0,0,0,0,0,0,0,0,394,394,125536,0,0,0,0,0,0,0,0,0
202212,276,25420,C,Harrisburg-Carlisle  PA ,1446,1446,360799,1,2,281,5,17,1660,34,771,101153,1049,1049,261989,0,0,0,2,6,792,20,581,86637
202212,276,30140,C,Lebanon  PA ,213,213,44035,0,0,0,0,0,0,15,204,24021,30,30,8335,0,0,0,0,0,0,1,129,11600
202212,276,49620,C,York-Hanover  PA ,968,968,236159,2,4,682,0,0,0,21,414,24720,573,573,154536,0,0,0,0,0,0,9,292,15693
202212,277,25500,C,Harrisonburg  VA ,649,649,151685,7,14,2578,2,8,2750,7,39,4730,649,649,151685,7,14,2578,2,8,2750,7,39,4730
202212,277,44420,C,Staunton  VA ,379,379,97707,3,6,710,0,0,0,2,57,5000,379,379,97707,3,6,710,0,0,0,2,57,5000
202212,278,25540,C,Hartford-East Hartford-Middletown  CT ,647,647,184607,58,116,9215,3,12,1051,51,745,77344,436,436,130315,56,112,8795,3,12,1051,12,453,62370
202212,278,35980,C,Norwich-New London  CT ,388,388,103641,5,10,1205,1,4,450,4,52,8108,245,245,65258,3,6,817,1,4,450,4,52,8108
202212,279,25620,C,Hattiesburg  MS ,160,160,27164,1,2,230,3,9,375,1,5,400,0,0,0,0,0,0,0,0,0,0,0,0
202212,284,26300,C,Hot Springs  AR ,67,67,22542,16,32,3840,0,0,0,0,0,0,67,67,22542,16,32,3840,0,0,0,0,0,0
202212,288,26420,C,Houston-The Woodlands-Sugar Land  TX ,47633,47633,11955439,487,974,130126,6,23,2552,886,27156,2923135,44947,44947,11229600,439,878,117796,6,23,2552,852,26901,2901711
202212,290,19460,C,Decatur  AL ,272,272,74593,0,0,0,0,0,0,0,0,0,257,257,72087,0,0,0,0,0,0,0,0,0
202212,290,26620,C,Huntsville  AL ,3618,3618,741977,1,2,220,1,4,510,25,412,61012,1971,1971,340846,1,2,220,1,4,510,25,412,61012
202212,292,26820,C,Idaho Falls  ID ,1170,1170,214654,2,4,264,32,126,16079,5,72,8133,1147,1147,208053,2,4,264,30,120,15179,5,72,8133
202212,294,18020,C,Columbus  IN ,209,209,70055,0,0,0,0,0,0,0,0,0,209,209,70055,0,0,0,0,0,0,0,0,0
202212,294,26900,C,Indianapolis-Carmel-Anderson  IN ,8716,8716,2965274,90,180,29675,22,78,8965,122,4820,577972,7445,7445,2676662,73,146,23954,22,78,8965,106,4215,536141
202212,294,34620,C,Muncie  IN ,198,198,32145,0,0,0,0,0,0,2,10,1191,163,163,22323,0,0,0,0,0,0,0,0,0
202212,296,27060,C,Ithaca  NY ,170,170,53732,4,8,1164,0,0,0,14,116,13414,33,33,9813,2,4,550,0,0,0,0,0,0
202212,297,27180,C,Jackson  TN ,473,473,109828,1,2,160,0,0,0,0,0,0,106,106,27686,1,2,160,0,0,0,0,0,0
202212,298,27140,C,Jackson  MS ,1213,1213,338198,2,4,494,1,3,131,0,0,0,947,947,257252,0,0,0,0,0,0,0,0,0
202212,300,27260,C,Jacksonville  FL ,14368,14368,3469280,45,90,11905,17,59,10311,192,8614,1152237,14278,14278,3431386,43,86,11305,17,59,10311,191,8586,1122237
202212,304,27740,C,Johnson City  TN ,771,771,201208,13,26,6122,1,4,940,28,211,22724,606,606,177855,13,26,6122,1,4,940,28,211,22724
202212,304,28700,C,Kingsport-Bristol  TN-VA ,793,793,191658,12,24,4420,10,36,4897,5,55,3632,608,608,166556,12,24,4420,8,30,4205,1,10,1000
202212,306,27780,C,Johnstown  PA ,58,58,15090,0,0,0,0,0,0,0,0,0,5,5,1775,0,0,0,0,0,0,0,0,0
202212,308,27860,C,Jonesboro  AR ,676,676,106506,63,126,10125,62,213,11421,22,129,6987,158,158,28023,18,36,3832,10,35,2256,2,12,350
202212,309,27900,C,Joplin  MO ,580,580,111188,52,104,16602,3,10,1054,30,499,68563,418,418,86136,52,104,16602,2,7,894,16,370,58714
202212,310,12980,C,Battle Creek  MI ,63,63,12342,1,2,440,0,0,0,0,0,0,9,9,2508,0,0,0,0,0,0,0,0,0
202212,310,28020,C,Kalamazoo-Portage  MI ,338,338,116687,11,22,4932,14,54,6831,7,40,5279,219,219,88119,6,12,2955,1,3,974,0,0,0
202212,312,28140,C,Kansas City  MO-KS ,5296,5296,1769039,139,278,50756,82,299,57528,127,5295,750565,4280,4280,1375254,99,198,25704,75,278,54243,112,4722,665561
202212,312,29940,C,Lawrence  KS ,174,174,67577,3,6,589,0,0,0,12,206,27237,110,110,41645,0,0,0,0,0,0,12,206,27237
202212,312,41140,C,St. Joseph  MO-KS ,79,79,17776,5,10,1180,0,0,0,0,0,0,33,33,7911,3,6,730,0,0,0,0,0,0
202212,313,28420,C,Kennewick-Richland  WA ,1230,1230,422927,18,36,8190,36,133,23104,18,485,60775,826,826,305401,6,12,2437,33,123,20681,11,284,38410
202212,313,47460,C,Walla Walla  WA ,119,119,36298,29,58,9606,0,0,0,0,0,0,98,98,31543,28,56,9195,0,0,0,0,0,0
202212,315,28940,C,Knoxville  TN ,4003,4003,1080918,16,32,5551,2,6,705,49,1009,114220,2728,2728,788689,16,32,5551,0,0,0,23,650,86180
202212,315,34100,C,Morristown  TN ,826,826,189606,15,30,2022,22,71,10851,0,0,0,458,458,92727,15,30,2022,22,71,10851,0,0,0
202212,316,29020,C,Kokomo  IN ,107,107,31801,0,0,0,0,0,0,2,48,5461,91,91,26912,0,0,0,0,0,0,2,48,5461
202212,318,29180,C,Lafayette  LA ,2024,2024,493723,0,0,0,0,0,0,2,20,4025,1030,1030,246562,0,0,0,0,0,0,2,20,4025
202212,320,29200,C,Lafayette-West Lafayette  IN ,519,519,160019,1,2,210,1,3,230,24,1023,140091,452,452,141633,0,0,0,0,0,0,6,475,78518
202212,324,29340,C,Lake Charles  LA ,906,906,158614,20,40,3735,0,0,0,12,232,27917,821,821,138330,14,28,3155,0,0,0,12,232,27917
202212,332,29820,C,Las Vegas-Henderson-Paradise  NV ,9205,9205,2571058,52,104,17751,47,182,20946,175,3581,354186,9179,9179,2560901,52,104,17751,47,182,20946,175,3581,354186
202212,336,30460,C,Lexington-Fayette  KY ,1463,1463,379917,17,34,2933,19,60,8081,41,1155,114100,283,283,115361,11,22,1525,7,22,2810,0,0,0
202212,338,30620,C,Lima  OH ,104,104,24645,1,2,80,0,0,0,0,0,0,45,45,8745,0,0,0,0,0,0,0,0,0
202212,339,30700,C,Lincoln  NE ,1159,1159,376612,18,36,6027,3,11,1117,69,2367,234064,104,104,28791,5,10,1790,1,4,845,2,24,2824
202212,340,30780,C,Little Rock-North Little Rock-Conway  AR ,1807,1807,484719,30,60,6725,1,3,226,34,1410,104042,1707,1707,464186,14,28,3001,1,3,226,34,1410,104042
202212,340,38220,C,Pine Bluff  AR ,42,42,5542,0,0,0,0,0,0,2,24,550,27,27,3236,0,0,0,0,0,0,2,24,550
202212,348,31080,C,Los Angeles-Long Beach-Anaheim  CA ,10996,10996,3022115,813,1626,371178,126,412,107410,552,19559,3633678,9310,9310,2596555,764,1528,344810,97,322,89528,426,16331,3064689
202212,348,37100,C,Oxnard-Thousand Oaks-Ventura  CA ,516,516,157196,11,22,4922,7,27,5729,37,786,139451,141,141,37702,10,20,4380,0,0,0,7,195,31944
202212,348,40140,C,Riverside-San Bernardino-Ontario  CA ,12199,12199,3398815,97,194,21862,77,269,49868,266,3658,444958,10497,10497,2927404,97,194,21862,74,260,48352,225,3381,422318
202212,350,21060,C,Elizabethtown-Fort Knox  KY ,510,510,127534,33,66,9510,4,15,1362,27,584,79371,391,391,97362,32,64,9310,4,15,1362,27,584,79371
202212,350,31140,C,Louisville-Jefferson County  KY-IN ,3345,3345,1045873,30,60,13375,5,20,2884,62,1779,615540,3286,3286,1033649,30,60,13375,5,20,2884,62,1779,615540
202212,352,31180,C,Lubbock  TX ,2327,2327,564646,122,244,32316,7,28,4051,55,680,56759,2036,2036,484191,115,230,29874,0,0,0,55,680,56759
202212,356,31420,C,Macon-Bibb County  GA ,624,624,160407,0,0,0,0,0,0,0,0,0,161,161,37877,0,0,0,0,0,0,0,0,0
202212,356,47580,C,Warner Robins  GA ,1445,1445,299235,0,0,0,0,0,0,36,1050,93217,1218,1218,246402,0,0,0,0,0,0,36,1050,93217
202212,357,27500,C,Janesville-Beloit  WI ,329,329,86051,17,34,6647,0,0,0,4,114,40907,184,184,50988,17,34,6647,0,0,0,1,76,36000
202212,357,31540,C,Madison  WI ,1520,1520,641661,74,148,41007,7,27,5884,66,3721,610842,1205,1205,535092,46,92,23557,7,27,5884,45,2870,472906
202212,359,31860,C,Mankato  MN ,175,175,58676,25,50,7965,4,15,4880,11,367,55141,101,101,31978,10,20,1655,0,0,0,4,110,16174
202212,360,31900,C,Mansfield  OH ,121,121,38387,6,12,1661,16,57,7199,5,63,7983,96,96,30402,2,4,684,9,36,5199,5,63,7983
202212,365,32580,C,McAllen-Edinburg-Mission  TX ,3869,3869,858740,191,382,35122,264,1047,97214,38,538,45233,3134,3134,733236,168,336,30086,200,794,65949,38,538,45233
202212,366,24420,C,Grants Pass  OR ,246,246,54802,18,36,5089,0,0,0,5,56,5406,85,85,22458,18,36,5089,0,0,0,5,56,5406
202212,366,32780,C,Medford  OR ,753,753,192858,11,22,4304,9,34,4086,17,229,32522,603,603,157605,9,18,3537,3,11,1704,8,134,17952
202212,368,32820,C,Memphis  TN-MS-AR ,3494,3494,857143,1,2,650,0,0,0,15,824,95345,3051,3051,764573,1,2,650,0,0,0,13,814,94128
202212,370,33100,C,Miami-Fort Lauderdale-Pompano Beach  FL ,6686,6686,3252590,143,286,54498,37,130,22912,326,12711,2221971,5753,5753,2772782,141,282,54404,31,112,19347,187,10727,1940287
202212,370,38940,C,Port St. Lucie  FL ,4952,4952,1418440,169,338,45296,35,111,11710,128,2286,328887,4942,4942,1409350,169,338,45296,31,95,10616,128,2286,328887
202212,370,42680,C,Sebastian-Vero Beach  FL ,1138,1138,527802,15,30,4865,4,12,808,0,0,0,248,248,132146,5,10,1724,0,0,0,0,0,0
202212,372,33260,C,Midland  TX ,594,594,142688,0,0,0,0,0,0,0,0,0,594,594,142688,0,0,0,0,0,0,0,0,0
202212,372,36220,C,Odessa  TX ,1019,1019,252322,2,4,447,0,0,0,6,30,3596,0,0,0,0,0,0,0,0,0,0,0,0
202212,376,33340,C,Milwaukee-Waukesha  WI ,1571,1571,722733,149,298,74857,2,8,2689,52,1197,219873,1201,1201,547114,136,272,69890,2,8,2689,46,1167,214873
202212,376,39540,C,Racine  WI ,133,133,54202,8,16,3305,0,0,0,0,0,0,122,122,50927,8,16,3305,0,0,0,0,0,0
202212,378,33460,C,Minneapolis-St. Paul-Bloomington  MN-WI ,9107,9107,3201809,82,164,31545,53,194,46955,278,15482,2755044,8532,8532,2989280,76,152,29665,49,182,44387,208,13798,2484254
202212,378,41060,C,St. Cloud  MN ,445,445,134144,6,12,1632,0,0,0,0,0,0,343,343,104964,4,8,1034,0,0,0,0,0,0
202212,380,19300,C,Daphne-Fairhope-Foley  AL ,3124,3124,917620,16,32,5114,1,4,785,11,252,19804,2066,2066,656223,16,32,5114,1,4,785,10,240,18851
202212,380,33660,C,Mobile  AL ,740,740,180530,0,0,0,3,12,1365,0,0,0,685,685,171881,0,0,0,3,12,1365,0,0,0
202212,384,33740,C,Monroe  LA ,404,404,98051,21,42,4629,15,52,8079,15,93,10828,3,3,585,0,0,0,0,0,0,0,0,0
202212,388,33860,C,Montgomery  AL ,801,801,202643,0,0,0,1,4,100,0,0,0,788,788,199837,0,0,0,1,4,100,0,0,0
202212,390,34060,C,Morgantown  WV ,11,11,1488,0,0,0,0,0,0,0,0,0,1,1,75,0,0,0,0,0,0,0,0,0
202212,396,34820,C,Myrtle Beach-Conway-North Myrtle Beach  SC-NC ,11550,11550,2665843,24,48,5672,4,13,1346,25,382,41370,8053,8053,1593399,23,46,5447,4,13,1346,10,301,37320
202212,400,34980,C,Nashville-Davidson--Murfreesboro--Franklin  TN ,15189,15189,4643759,83,166,10309,46,173,29486,119,3183,428403,11055,11055,3792698,68,136,7556,39,146,27163,76,2437,322833
202212,404,35100,C,New Bern  NC ,627,627,172105,1,2,200,0,0,0,11,136,20607,395,395,108135,1,2,200,0,0,0,11,136,20607
202212,406,25220,C,Hammond  LA ,881,881,161581,6,12,951,0,0,0,20,581,54145,0,0,0,0,0,0,0,0,0,0,0,0
202212,406,35380,C,New Orleans-Metairie  LA ,3129,3129,941029,178,356,40671,7,21,4281,17,686,123461,2289,2289,734866,28,56,6787,0,0,0,0,0,0
202212,408,14860,C,Bridgeport-Stamford-Norwalk  CT ,574,574,446918,26,52,8522,2,6,563,34,978,174832,407,407,281276,25,50,8332,2,6,563,22,906,165013
202212,408,20700,C,East Stroudsburg  PA ,263,263,80959,0,0,0,0,0,0,4,22,4049,149,149,48111,0,0,0,0,0,0,0,0,0
202212,408,28740,C,Kingston  NY ,248,248,96245,3,6,1241,0,0,0,18,170,21843,144,144,60505,3,6,1241,0,0,0,16,160,19404
202212,408,35300,C,New Haven-Milford  CT ,475,475,142109,13,26,4072,2,6,659,37,719,114176,217,217,92275,5,10,1664,0,0,0,7,67,7300
202212,408,35620,C,New York-Newark-Jersey City  NY-NJ-PA ,12495,12495,3693282,660,1320,176596,217,716,77289,1452,44460,5970616,7932,7932,2377841,524,1048,149627,131,439,50688,814,34332,4485316
202212,408,39100,C,Poughkeepsie-Newburgh-Middletown  NY ,824,824,273553,7,14,3034,8,28,6740,47,743,120706,311,311,97823,5,10,2440,6,22,5681,34,629,103110
202212,408,45940,C,Trenton-Princeton  NJ ,168,168,22759,0,0,0,2,7,14,46,471,27761,138,138,17857,0,0,0,2,7,14,19,190,8474
202212,412,35840,C,North Port-Sarasota-Bradenton  FL ,11005,11005,3460995,191,382,67808,16,59,42486,115,4362,614004,10355,10355,3266628,8,16,4237,15,56,39171,108,4326,607976
202212,412,39460,C,Punta Gorda  FL ,4637,4637,1375169,163,326,53925,30,117,29296,27,596,105542,4637,4637,1375169,163,326,53925,30,117,29296,27,596,105542
202212,416,36420,C,Oklahoma City  OK ,5982,5982,1787970,241,482,58083,2,7,1701,11,375,115670,5319,5319,1654674,217,434,53319,2,7,1701,11,375,115670
202212,420,36540,C,Omaha-Council Bluffs  NE-IA ,2603,2603,601096,71,142,11151,53,209,16863,114,3122,244658,2201,2201,499863,63,126,8988,53,209,16863,103,3067,238510
202212,422,19660,C,Deltona-Daytona Beach-Ormond Beach  FL ,6236,6236,2044323,94,188,34343,0,0,0,65,2115,240561,5362,5362,1766452,93,186,33828,0,0,0,54,1846,212314
202212,422,29460,C,Lakeland-Winter Haven  FL ,9023,9023,2418191,36,72,7753,1,3,347,103,2978,344972,7993,7993,2165753,36,72,7753,1,3,347,103,2978,344972
202212,422,36740,C,Orlando-Kissimmee-Sanford  FL ,16194,16194,4444665,99,198,35742,41,158,25437,333,12340,1697723,13626,13626,3718708,94,188,33708,41,158,25437,282,11138,1615280
202212,422,45540,C,The Villages  FL ,3723,3723,991709,0,0,0,0,0,0,32,828,172044,0,0,0,0,0,0,0,0,0,0,0,0
202212,425,37620,C,Parkersburg-Vienna  WV ,66,66,14752,0,0,0,0,0,0,0,0,0,52,52,12554,0,0,0,0,0,0,0,0,0
202212,426,37860,C,Pensacola-Ferry Pass-Brent  FL ,3343,3343,839313,7,14,1798,0,0,0,4,162,20180,3343,3343,839313,7,14,1798,0,0,0,4,162,20180
202212,428,12100,C,Atlantic City-Hammonton  NJ ,446,446,127609,11,22,4324,0,0,0,28,339,29170,326,326,97509,4,8,1359,0,0,0,5,120,13097
202212,428,20100,C,Dover  DE ,1008,1008,164508,12,24,3756,0,0,0,1,24,3062,1007,1007,164158,12,24,3756,0,0,0,1,24,3062
202212,428,36140,C,Ocean City  NJ ,599,599,277443,81,162,41600,11,36,17007,9,47,762,532,532,259426,81,162,41600,10,33,16498,9,47,762
202212,428,37980,C,Philadelphia-Camden-Wilmington  PA-NJ-DE-MD ,7588,7588,1579302,177,354,48983,192,641,83378,361,5319,690217,4000,4000,982782,153,306,44516,184,617,80744,193,3791,534080
202212,428,39740,C,Reading  PA ,346,346,92583,3,6,959,0,0,0,0,0,0,168,168,47589,0,0,0,0,0,0,0,0,0
202212,428,47220,C,Vineland-Bridgeton  NJ ,144,144,18021,0,0,0,0,0,0,1,5,501,57,57,6675,0,0,0,0,0,0,0,0,0
202212,429,38060,C,Phoenix-Mesa-Chandler  AZ ,26828,26828,7420313,783,1566,194041,64,227,53686,582,18748,3157015,23435,23435,6485164,691,1382,162347,63,223,52954,539,16389,2762103
202212,430,38300,C,Pittsburgh  PA ,3018,3018,925457,52,104,27020,33,105,16670,54,806,117207,1531,1531,516031,35,70,23329,12,42,9343,14,137,16496
202212,430,48260,C,Weirton-Steubenville  WV-OH ,34,34,8536,3,6,450,0,0,0,0,0,0,17,17,4743,3,6,450,0,0,0,0,0,0
202212,438,30340,C,Lewiston-Auburn  ME ,209,209,47155,1,2,200,0,0,0,10,242,26000,90,90,17400,0,0,0,0,0,0,0,0,0
202212,438,38860,C,Portland-South Portland  ME ,2013,2013,662106,57,114,22605,11,34,3848,61,1518,207809,850,850,322300,37,74,16057,3,9,1050,27,1076,183416
202212,440,10540,C,Albany-Lebanon  OR ,224,224,63373,13,26,5895,1,3,636,4,78,10338,143,143,43148,13,26,5895,1,3,636,4,78,10338
202212,440,18700,C,Corvallis  OR ,177,177,53107,1,2,456,0,0,0,6,110,14984,127,127,34892,1,2,456,0,0,0,6,110,14984
202212,440,31020,C,Longview  WA ,307,307,87225,4,8,1211,17,68,9283,15,198,23542,307,307,87225,4,8,1211,17,68,9283,15,198,23542
202212,440,38900,C,Portland-Vancouver-Hillsboro  OR-WA ,5990,5990,1986471,53,106,19865,25,89,12416,214,6912,968041,4615,4615,1542019,48,96,18021,25,89,12416,179,6009,828466
202212,440,41420,C,Salem  OR ,872,872,282499,21,42,8705,6,20,2390,108,1758,198746,823,823,269421,18,36,7694,6,20,2390,99,1682,190458
202212,444,39380,C,Pueblo  CO ,497,497,81794,0,0,0,0,0,0,0,0,0,497,497,81794,0,0,0,0,0,0,0,0,0
202212,450,20500,C,Durham-Chapel Hill  NC ,3175,3175,1186736,34,68,9445,3,9,1691,58,3276,571189,1412,1412,587433,2,4,765,0,0,0,4,132,17020
202212,450,39580,C,Raleigh-Cary  NC ,12494,12494,3239557,24,48,8958,2,8,1832,178,9001,1171838,12494,12494,3239557,24,48,8958,2,8,1832,178,9001,1171838
202212,452,39660,C,Rapid City  SD ,619,619,182262,4,8,1557,5,20,2371,30,997,125248,616,616,181705,4,8,1557,5,20,2371,30,997,125248
202212,454,39820,C,Redding  CA ,375,375,116290,0,0,0,0,0,0,0,0,0,265,265,84800,0,0,0,0,0,0,0,0,0
202212,456,16180,C,Carson City  NV ,167,167,44077,0,0,0,4,12,1527,15,93,9286,0,0,0,0,0,0,0,0,0,0,0,0
202212,456,39900,C,Reno  NV ,2184,2184,600030,60,120,16215,18,65,8957,200,3563,443194,468,468,114717,34,68,10771,4,13,2101,75,1132,134454
202212,462,40340,C,Rochester  MN ,620,620,195280,5,10,1272,14,55,11860,16,1019,128202,449,449,152476,2,4,620,13,52,11481,16,1019,128202
202212,464,40380,C,Rochester  NY ,1129,1129,337468,42,84,18074,28,98,10313,61,1184,154716,720,720,237611,34,68,15224,23,83,8888,50,989,133104
202212,466,40420,C,Rockford  IL ,289,289,60985,10,20,2681,3,9,248,0,0,0,269,269,58535,10,20,2681,3,9,248,0,0,0
202212,468,40580,C,Rocky Mount  NC ,427,427,71258,0,0,0,0,0,0,0,0,0,191,191,33441,0,0,0,0,0,0,0,0,0
202212,472,40900,C,Sacramento-Roseville-Folsom  CA ,8132,8132,2390673,70,140,21277,32,115,24687,74,2327,383536,8077,8077,2371861,70,140,21277,32,115,24687,74,2327,383536
202212,472,49700,C,Yuba City  CA ,579,579,156182,16,32,2957,0,0,0,21,173,18815,496,496,131638,10,20,1761,0,0,0,10,108,11170
202212,474,13020,C,Bay City  MI ,64,64,19078,0,0,0,0,0,0,0,0,0,16,16,7308,0,0,0,0,0,0,0,0,0
202212,474,33220,C,Midland  MI ,95,95,21384,11,22,2247,0,0,0,0,0,0,60,60,11180,11,22,2247,0,0,0,0,0,0
202212,474,40980,C,Saginaw  MI ,146,146,35681,9,18,2437,3,9,1485,1,20,4077,87,87,22052,6,12,1420,0,0,0,1,20,4077
202212,476,41180,C,St. Louis  MO-IL ,4616,4616,1608919,63,126,18022,23,88,12129,148,4257,599514,4002,4002,1360093,33,66,9961,22,85,11904,112,4071,573243
202212,480,41540,C,Salisbury  MD-DE ,4271,4271,706354,109,218,32637,3,10,1919,24,460,44134,4228,4228,701033,107,214,32357,3,10,1919,24,460,44134
202212,482,36260,C,Ogden-Clearfield  UT ,2953,2953,924486,4,8,1370,42,156,25820,101,1891,286827,2506,2506,773309,4,8,1370,28,106,16398,87,1819,278992
202212,482,39340,C,Provo-Orem  UT ,5136,5136,1690203,81,162,33431,42,155,27894,145,2824,469855,5052,5052,1640119,75,150,29729,42,155,27894,145,2824,469855
202212,482,41620,C,Salt Lake City  UT ,3766,3766,1143146,44,88,13580,35,127,27678,127,5932,870306,3390,3390,1034398,21,42,8960,16,62,15810,65,2175,353411
202212,484,41700,C,San Antonio-New Braunfels  TX ,10173,10173,2531357,96,192,25012,47,183,28171,411,13458,1605951,9004,9004,2258351,90,180,23339,47,183,28171,411,13458,1605951
202212,488,32900,C,Merced  CA ,410,410,137847,1,2,360,1,3,257,14,352,55841,214,214,60592,1,2,360,1,3,257,14,352,55841
202212,488,33700,C,Modesto  CA ,642,642,135254,3,6,1120,1,3,527,6,39,4725,517,517,109478,3,6,1120,1,3,527,4,29,3325
202212,488,34900,C,Napa  CA ,220,220,63772,1,2,233,0,0,0,13,872,149611,97,97,25340,0,0,0,0,0,0,1,15,1411
202212,488,41860,C,San Francisco-Oakland-Berkeley  CA ,3248,3248,1129032,53,106,34437,45,154,38264,200,7540,1802407,2390,2390,835501,34,68,17476,27,93,25165,108,6134,1553090
202212,488,41940,C,San Jose-Sunnyvale-Santa Clara  CA ,3694,3694,1186738,10,20,5383,2,8,2420,87,3061,619627,3396,3396,1084093,7,14,4570,2,8,2420,52,2402,485733
202212,488,42100,C,Santa Cruz-Watsonville  CA ,403,403,81115,1,2,950,1,3,1352,17,200,18888,350,350,75522,1,2,950,1,3,1352,5,122,12870
202212,488,42220,C,Santa Rosa-Petaluma  CA ,955,955,284661,2,4,705,2,7,1065,57,1299,309259,759,759,244966,2,4,705,2,7,1065,36,1193,287759
202212,488,44700,C,Stockton  CA ,3140,3140,1057045,9,18,4566,0,0,0,36,645,91517,1928,1928,704710,7,14,3862,0,0,0,14,256,37622
202212,488,46700,C,Vallejo  CA ,945,945,268104,0,0,0,0,0,0,7,206,28817,920,920,261090,0,0,0,0,0,0,7,206,28817
202212,496,25980,C,Hinesville  GA ,768,768,171903,2,4,370,0,0,0,1,72,12225,467,467,100435,2,4,370,0,0,0,1,72,12225
202212,496,42340,C,Savannah  GA ,2167,2167,596952,58,116,11934,24,93,11807,58,749,88924,1755,1755,499603,43,86,8894,22,85,11063,50,704,84558
202212,500,14740,C,Bremerton-Silverdale-Port Orchard  WA ,1041,1041,358408,4,8,1021,16,50,8207,20,602,88077,1041,1041,358408,4,8,1021,16,50,8207,20,602,88077
202212,500,34580,C,Mount Vernon-Anacortes  WA ,261,261,80491,8,16,3052,9,35,3988,13,267,25489,260,260,80415,7,14,2812,8,32,3551,1,10,1502
202212,500,36500,C,Olympia-Lacey-Tumwater  WA ,584,584,153816,11,22,2523,5,19,11302,55,913,120924,427,427,115584,9,18,1985,4,15,10574,25,576,89562
202212,500,42660,C,Seattle-Tacoma-Bellevue  WA ,7037,7037,2652604,467,934,225700,217,721,153798,344,18128,2715358,6139,6139,2272423,452,904,219863,215,715,152670,259,15578,2351395
202212,508,43340,C,Shreveport-Bossier City  LA ,919,919,255378,0,0,0,0,0,0,0,0,0,529,529,136396,0,0,0,0,0,0,0,0,0
202212,515,21140,C,Elkhart-Goshen  IN ,327,327,107622,0,0,0,0,0,0,5,60,8000,321,321,105902,0,0,0,0,0,0,5,60,8000
202212,515,35660,C,Niles  MI ,217,217,100687,6,12,2850,0,0,0,1,5,600,113,113,59473,6,12,2850,0,0,0,1,5,600
202212,515,43780,C,South Bend-Mishawaka  IN-MI ,407,407,157520,2,4,1240,0,0,0,5,309,36882,335,335,133313,2,4,1240,0,0,0,5,309,36882
202212,518,17660,C,Coeur dAlene  ID ,1262,1262,468409,26,52,11649,6,18,7541,62,1068,124682,973,973,396152,17,34,8193,0,0,0,47,825,98329
202212,518,44060,C,Spokane-Spokane Valley  WA ,2020,2020,552508,76,152,32342,15,52,9889,96,1854,212929,1986,1986,541949,71,142,30672,15,52,9889,87,1796,208934
202212,522,44100,C,Springfield  IL ,152,152,51845,11,22,4061,0,0,0,5,42,5084,110,110,36963,9,18,3378,0,0,0,3,18,2000
202212,524,44300,C,State College  PA ,269,269,88434,6,12,1864,4,16,3266,4,338,121950,224,224,78061,6,12,1864,4,16,3266,4,338,121950
202212,532,45060,C,Syracuse  NY ,412,412,107116,7,14,795,0,0,0,7,35,2188,235,235,64333,1,2,485,0,0,0,0,0,0
202212,534,45780,C,Toledo  OH ,646,646,237343,8,16,4625,3,12,940,14,415,35621,493,493,174381,7,14,4355,0,0,0,5,366,32271
202212,536,46060,C,Tucson  AZ ,3756,3756,1243448,31,62,7862,3,12,2771,106,1905,240879,2607,2607,923205,6,12,1919,3,12,2771,47,993,104019
202212,538,46140,C,Tulsa  OK ,3834,3834,995451,21,42,5697,6,21,2447,44,1234,127023,3043,3043,795253,21,42,5697,6,21,2447,26,1097,116484
202212,540,46340,C,Tyler  TX ,691,691,175151,31,62,8070,10,32,4747,5,35,4420,578,578,145752,31,62,8070,10,32,4747,0,0,0
202212,544,47020,C,Victoria  TX ,228,228,51450,0,0,0,0,0,0,0,0,0,202,202,50823,0,0,0,0,0,0,0,0,0
202212,545,47260,C,Virginia Beach-Norfolk-Newport News  VA-NC ,3658,3658,966568,8,16,3600,4,15,2992,103,2584,256833,3453,3453,944804,8,16,3600,4,15,2992,103,2584,256833
202212,548,12580,C,Baltimore-Columbia-Towson  MD ,2840,2840,746859,5,10,750,2,6,669,58,3740,509312,2469,2469,658030,5,10,750,2,6,669,54,3699,500804
202212,548,15680,C,California-Lexington Park  MD ,238,238,91180,0,0,0,0,0,0,0,0,0,238,238,91180,0,0,0,0,0,0,0,0,0
202212,548,16540,C,Chambersburg-Waynesboro  PA ,289,289,79135,15,30,4845,3,12,1920,10,56,5980,249,249,70008,15,30,4845,3,12,1920,8,46,4684
202212,548,25180,C,Hagerstown-Martinsburg  MD-WV ,1855,1855,464294,13,26,4349,0,0,0,12,268,30551,1785,1785,450456,13,26,4349,0,0,0,12,268,30551
202212,548,47900,C,Washington-Arlington-Alexandria  DC-VA-MD-WV ,11652,11652,3218211,40,80,10349,5,20,3645,300,20544,2750425,9101,9101,2518129,37,74,9839,5,20,3645,207,16896,2368278
202212,548,49020,C,Winchester  VA-WV ,740,740,202226,0,0,0,0,0,0,17,300,47630,739,739,201994,0,0,0,0,0,0,17,300,47630
202212,554,48140,C,Wausau-Weston  WI ,339,339,102717,6,12,1576,0,0,0,5,124,14938,251,251,78292,4,8,976,0,0,0,5,124,14938
202212,556,48620,C,Wichita  KS ,1566,1566,571887,401,802,96054,18,65,9906,15,396,47604,1334,1334,473378,376,752,91858,16,59,9386,15,396,47604
202212,558,48700,C,Williamsport  PA ,48,48,13625,0,0,0,0,0,0,0,0,0,13,13,4942,0,0,0,0,0,0,0,0,0
202212,566,49660,C,Youngstown-Warren-Boardman  OH-PA ,337,337,78540,2,4,857,1,3,381,0,0,0,262,262,61480,1,2,377,1,3,381,0,0,0
202212,999,10180,C,Abilene  TX ,469,469,113093,26,52,5698,0,0,0,36,274,24000,468,468,112793,26,52,5698,0,0,0,36,274,24000
202212,999,10500,C,Albany  GA ,171,171,25728,0,0,0,0,0,0,2,33,3657,115,115,11807,0,0,0,0,0,0,0,0,0
202212,999,10780,C,Alexandria  LA ,345,345,84783,20,40,2900,0,0,0,0,0,0,262,262,63098,20,40,2900,0,0,0,0,0,0
202212,999,10900,C,Allentown-Bethlehem-Easton  PA-NJ ,1456,1456,354652,15,30,3075,5,20,2295,24,733,78343,971,971,228661,14,28,2955,4,16,2235,11,580,71232
202212,999,11260,C,Anchorage  AK ,715,715,226245,4,8,1399,14,51,8577,21,247,37367,37,37,10555,4,8,1399,2,8,1164,0,0,0
202212,999,11500,C,Anniston-Oxford  AL ,74,74,12737,1,2,125,0,0,0,0,0,0,62,62,11315,1,2,125,0,0,0,0,0,0
202212,999,12260,C,Augusta-Richmond County  GA-SC ,3405,3405,827813,3,6,731,23,89,9222,31,666,80960,1349,1349,333541,3,6,731,23,89,9222,31,666,80960
202212,999,12420,C,Austin-Round Rock-Georgetown  TX ,20289,20289,5791500,177,354,34011,38,142,19819,458,22157,2836014,15329,15329,4470108,149,298,28074,34,130,18625,454,21947,2814106
202212,999,12540,C,Bakersfield  CA ,2486,2486,636559,8,16,1053,2,6,4692,31,284,30296,447,447,69800,5,10,580,0,0,0,4,36,4971
202212,999,12620,C,Bangor  ME ,318,318,75272,25,50,8020,8,31,4866,0,0,0,128,128,36876,19,38,6900,7,28,4669,0,0,0
202212,999,12940,C,Baton Rouge  LA ,3530,3530,824693,11,22,10996,1,3,385,12,267,30039,487,487,107412,10,20,2076,0,0,0,0,0,0
202212,999,13140,C,Beaumont-Port Arthur  TX ,1345,1345,326315,9,18,2147,0,0,0,1,6,600,1182,1182,295267,6,12,1593,0,0,0,1,6,600
202212,999,13220,C,Beckley  WV ,108,108,23074,0,0,0,0,0,0,0,0,0,97,97,21784,0,0,0,0,0,0,0,0,0
202212,999,13380,C,Bellingham  WA ,816,816,250669,5,10,1766,21,78,15773,25,716,89909,400,400,121003,3,6,1150,19,71,14605,25,716,89909
202212,999,13740,C,Billings  MT ,880,880,153607,36,72,10463,0,0,0,12,249,29298,672,672,143465,36,72,10463,0,0,0,12,249,29298
202212,999,13780,C,Binghamton  NY ,131,131,25670,0,0,0,0,0,0,35,300,29147,18,18,4849,0,0,0,0,0,0,0,0,0
202212,999,13900,C,Bismarck  ND ,365,365,115161,45,90,18605,18,70,5564,2,72,10204,306,306,96177,45,90,18605,18,70,5564,2,72,10204
202212,999,13980,C,Blacksburg-Christiansburg  VA ,370,370,104060,8,16,3081,0,0,0,4,107,18392,363,363,102572,8,16,3081,0,0,0,4,107,18392
202212,999,15260,C,Brunswick  GA ,879,879,294444,44,88,10605,16,63,15062,19,537,64392,829,829,283746,44,88,10605,16,63,15062,19,537,64392
202212,999,16060,C,Carbondale-Marion  IL ,68,68,10684,2,4,285,18,69,5435,2,10,1100,53,53,8459,2,4,285,18,69,5435,2,10,1100
202212,999,16220,C,Casper  WY ,131,131,39897,5,10,1575,1,4,470,4,70,7667,48,48,10128,0,0,0,0,0,0,0,0,0
202212,999,16580,C,Champaign-Urbana  IL ,322,322,102623,0,0,0,8,32,4000,10,575,97464,316,316,101507,0,0,0,8,32,4000,10,575,97464
202212,999,16700,C,Charleston-North Charleston  SC ,6149,6149,2151384,1,2,526,8,32,8607,122,2987,314943,3006,3006,1059018,0,0,0,0,0,0,31,1334,150535
202212,999,16820,C,Charlottesville  VA ,1049,1049,350409,14,28,4374,6,20,1584,39,516,46696,282,282,66456,0,0,0,0,0,0,5,120,6000
202212,999,16940,C,Cheyenne  WY ,376,376,76713,0,0,0,36,144,18536,13,644,46521,372,372,76118,0,0,0,36,144,18536,13,644,46521
202212,999,17020,C,Chico  CA ,940,940,265926,25,50,4928,12,48,3509,40,766,85855,725,725,223217,25,50,4928,12,48,3509,40,766,85855
202212,999,17300,C,Clarksville  TN-KY ,1517,1517,301680,18,36,5502,105,409,43031,228,2139,184152,1481,1481,298274,18,36,5502,105,409,43031,228,2139,184152
202212,999,17780,C,College Station-Bryan  TX ,1549,1549,348811,12,24,3103,10,40,4827,15,166,12852,1541,1541,347168,12,24,3103,10,40,4827,15,166,12852
202212,999,17820,C,Colorado Springs  CO ,3634,3634,1399457,117,234,24210,2,8,872,128,4942,762756,3554,3554,1379091,117,234,24210,2,8,872,128,4942,762756
202212,999,18880,C,Crestview-Fort Walton Beach-Destin  FL ,2785,2785,1473729,40,80,14654,12,36,6530,60,1227,231741,2716,2716,1453284,38,76,14204,12,36,6530,59,1222,231309
202212,999,19060,C,Cumberland  MD-WV ,62,62,17358,0,0,0,1,3,420,0,0,0,55,55,15999,0,0,0,1,3,420,0,0,0
202212,999,19180,C,Danville  IL ,4,4,607,0,0,0,0,0,0,0,0,0,0,0,0,0,0,0,0,0,0,0,0,0
202212,999,19500,C,Decatur  IL ,16,16,5425,0,0,0,0,0,0,1,20,3569,13,13,4725,0,0,0,0,0,0,1,20,3569
202212,999,20220,C,Dubuque  IA ,154,154,55611,1,2,540,2,6,1600,0,0,0,151,151,54648,1,2,540,2,6,1600,0,0,0
202212,999,20260,C,Duluth  MN-WI ,513,513,134832,8,16,3695,0,0,0,3,187,32400,442,442,115445,7,14,3401,0,0,0,3,187,32400
202212,999,20940,C,El Centro  CA ,382,382,61393,2,4,302,0,0,0,12,168,22001,238,238,34211,2,4,302,0,0,0,12,168,22001
202212,999,21420,C,Enid  OK ,44,44,12313,0,0,0,0,0,0,0,0,0,43,43,12114,0,0,0,0,0,0,0,0,0
202212,999,21660,C,Eugene-Springfield  OR ,864,864,228307,12,24,4111,2,8,865,29,862,77253,433,433,110089,4,8,1136,1,4,650,29,862,77253
202212,999,21780,C,Evansville  IN-KY ,800,800,272151,67,134,19317,0,0,0,15,207,15741,319,319,130951,25,50,9195,0,0,0,4,96,9158
202212,999,21820,C,Fairbanks  AK ,29,29,5367,0,0,0,0,0,0,0,0,0,0,0,0,0,0,0,0,0,0,0,0,0
202212,999,22140,C,Farmington  NM ,138,138,30413,0,0,0,0,0,0,1,5,500,138,138,30413,0,0,0,0,0,0,1,5,500
202212,999,22220,C,Fayetteville-Springdale-Rogers  AR-MO ,5435,5435,1662561,87,174,34308,43,166,25444,88,1463,158757,4511,4511,1459876,81,162,31518,43,166,25444,51,1022,123622
202212,999,22380,C,Flagstaff  AZ ,407,407,153184,2,4,588,0,0,0,16,327,74433,407,407,153184,2,4,588,0,0,0,16,327,74433
202212,999,22500,C,Florence  SC ,696,696,123394,22,44,3300,1,3,285,1,7,560,680,680,120386,22,44,3300,1,3,285,1,7,560
202212,999,22520,C,Florence-Muscle Shoals  AL ,206,206,26033,22,44,1760,0,0,0,4,26,1898,92,92,12135,22,44,1760,0,0,0,4,26,1898
202212,999,22540,C,Fond du Lac  WI ,145,145,46572,0,0,0,0,0,0,0,0,0,31,31,9847,0,0,0,0,0,0,0,0,0
202212,999,22660,C,Fort Collins  CO ,1395,1395,503513,14,28,6054,8,29,7819,56,1145,201123,987,987,362940,5,10,1915,3,12,2762,24,505,100858
202212,999,22900,C,Fort Smith  AR-OK ,390,390,83568,71,142,18091,19,58,11550,5,122,17603,315,315,74548,66,132,17201,14,43,10275,5,122,17603
202212,999,23460,C,Gadsden  AL ,150,150,28176,0,0,0,0,0,0,0,0,0,92,92,19650,0,0,0,0,0,0,0,0,0
202212,999,24140,C,Goldsboro  NC ,336,336,72209,1,2,251,0,0,0,3,72,5262,255,255,56109,1,2,251,0,0,0,0,0,0
202212,999,24220,C,Grand Forks  ND-MN ,164,164,46448,0,0,0,0,0,0,0,0,0,159,159,44552,0,0,0,0,0,0,0,0,0
202212,999,24260,C,Grand Island  NE ,177,177,41988,16,32,6814,7,23,3391,0,0,0,131,131,31891,16,32,6814,7,23,3391,0,0,0
202212,999,24300,C,Grand Junction  CO ,668,668,159123,4,8,853,0,0,0,11,293,25079,668,668,159123,4,8,853,0,0,0,11,293,25079
202212,999,24500,C,Great Falls  MT ,198,198,55286,4,8,1700,0,0,0,7,337,53231,198,198,55286,4,8,1700,0,0,0,7,337,53231
202212,999,25060,C,Gulfport-Biloxi  MS ,3055,3055,477821,9,18,1514,16,58,5918,34,317,19402,1913,1913,288158,4,8,469,2,8,900,17,188,8481
202212,999,25860,C,Hickory-Lenoir-Morganton  NC ,1799,1799,424325,14,28,3500,0,0,0,68,810,88204,1381,1381,340253,10,20,2060,0,0,0,38,578,71849
202212,999,25940,C,Hilton Head Island-Bluffton  SC ,2652,2652,1196130,4,8,3148,14,50,16138,13,254,32260,730,730,548445,4,8,3148,6,18,7142,0,0,0
202212,999,26140,C,Homosassa Springs  FL ,1525,1525,338059,8,16,1248,0,0,0,2,10,865,26,26,9294,1,2,210,0,0,0,0,0,0
202212,999,26380,C,Houma-Thibodaux  LA ,761,761,194625,26,52,4042,2,6,500,10,52,5479,759,759,194522,26,52,4042,2,6,500,10,52,5479
202212,999,27100,C,Jackson  MI ,138,138,39308,2,4,325,0,0,0,0,0,0,32,32,10670,0,0,0,0,0,0,0,0,0
202212,999,27340,C,Jacksonville  NC ,1212,1212,268893,16,32,3203,2,6,2438,3,72,6280,1212,1212,268893,16,32,3203,2,6,2438,3,72,6280
202212,999,27620,C,Jefferson City  MO ,170,170,49468,3,6,1395,1,4,522,0,0,0,118,118,36420,2,4,550,1,4,522,0,0,0
202212,999,27980,C,Kahului-Wailuku-Lahaina  HI ,284,284,189546,31,62,10807,0,0,0,11,338,109141,284,284,189546,31,62,10807,0,0,0,11,338,109141
202212,999,28660,C,Killeen-Temple  TX ,2557,2557,576519,277,554,61099,0,0,0,45,705,102446,2280,2280,513787,251,502,56004,0,0,0,45,705,102446
202212,999,29100,C,La Crosse-Onalaska  WI-MN ,213,213,80372,30,60,12347,4,15,3605,3,129,15933,194,194,75296,24,48,10297,4,15,3605,3,129,15933
202212,999,29420,C,Lake Havasu City-Kingman  AZ ,1948,1948,540209,41,82,6141,8,27,2770,0,0,0,1938,1938,539239,41,82,6141,8,27,2770,0,0,0
202212,999,29540,C,Lancaster  PA ,807,807,226624,21,42,10134,8,30,5381,39,405,49204,625,625,179337,21,42,10134,2,7,1287,31,365,45625
202212,999,29620,C,Lansing-East Lansing  MI ,461,461,138523,11,22,3321,6,24,1825,20,469,56154,198,198,65857,2,4,630,6,24,1825,11,107,10487
202212,999,29700,C,Laredo  TX ,1259,1259,197656,19,38,3228,10,30,3842,18,187,11980,0,0,0,0,0,0,0,0,0,0,0,0
202212,999,30020,C,Lawton  OK ,79,79,12648,0,0,0,0,0,0,0,0,0,37,37,8934,0,0,0,0,0,0,0,0,0
202212,999,30300,C,Lewiston  ID-WA ,128,128,36539,5,10,2149,0,0,0,0,0,0,124,124,34999,5,10,2149,0,0,0,0,0,0
202212,999,30860,C,Logan  UT-ID ,781,781,258918,2,4,891,1,4,1013,26,313,46961,705,705,239891,2,4,891,1,4,1013,26,313,46961
202212,999,30980,C,Longview  TX ,390,390,91769,12,24,2332,12,48,6943,28,350,28555,279,279,66518,9,18,1732,0,0,0,12,144,15741
202212,999,31340,C,Lynchburg  VA ,499,499,118751,2,4,509,5,16,2746,21,286,24161,473,473,113570,1,2,225,1,4,332,9,158,20843
202212,999,31740,C,Manhattan  KS ,245,245,77684,3,6,855,2,6,500,2,49,10387,115,115,37457,2,4,577,0,0,0,2,49,10387
202212,999,33540,C,Missoula  MT ,347,347,97069,10,20,2597,4,15,1785,49,696,77545,347,347,97069,10,20,2597,4,15,1785,49,696,77545
202212,999,36100,C,Ocala  FL ,5318,5318,1285575,2,4,200,0,0,0,43,1167,132268,5318,5318,1285575,2,4,200,0,0,0,43,1167,132268
202212,999,36980,C,Owensboro  KY ,219,219,22504,8,16,1889,2,7,1545,1,5,680,212,212,21092,7,14,1716,2,7,1545,1,5,680
202212,999,37340,C,Palm Bay-Melbourne-Titusville  FL ,4260,4260,1567406,1,2,1070,6,22,6126,25,965,167366,4112,4112,1536193,1,2,1070,6,22,6126,25,965,167366
202212,999,37460,C,Panama City  FL ,2104,2104,762194,8,16,3098,3,9,2039,13,159,36397,279,279,107770,1,2,228,0,0,0,1,47,10440
202212,999,37900,C,Peoria  IL ,161,161,53655,1,2,700,0,0,0,14,140,7363,75,75,27704,1,2,700,0,0,0,9,112,5000
202212,999,38340,C,Pittsfield  MA ,96,96,46871,1,2,475,1,3,1167,0,0,0,13,13,10756,0,0,0,0,0,0,0,0,0
202212,999,38540,C,Pocatello  ID ,296,296,67984,12,24,2984,27,101,11947,6,126,12585,104,104,14810,7,14,1063,19,76,9355,1,49,5932
202212,999,39150,C,Prescott Valley-Prescott  AZ ,1739,1739,607325,70,140,21510,0,0,0,8,481,106226,1629,1629,565608,70,140,21510,0,0,0,8,481,106226
202212,999,40060,C,Richmond  VA ,4505,4505,1185289,66,132,17148,3,9,837,185,5761,601552,4359,4359,1161630,66,132,17148,3,9,837,173,5663,591540
202212,999,40220,C,Roanoke  VA ,456,456,134354,2,4,628,0,0,0,9,315,38493,228,228,59400,2,4,628,0,0,0,0,0,0
202212,999,41100,C,St. George  UT ,2481,2481,501786,0,0,0,11,40,7431,51,670,80300,2369,2369,475979,0,0,0,11,40,7431,51,670,80300
202212,999,41500,C,Salinas  CA ,522,522,134212,8,16,3261,11,42,6377,26,376,36070,432,432,111442,1,2,200,1,3,446,14,299,24062
202212,999,41660,C,San Angelo  TX ,322,322,78714,0,0,0,0,0,0,0,0,0,322,322,78714,0,0,0,0,0,0,0,0,0
202212,999,41740,C,San Diego-Chula Vista-Carlsbad  CA ,3520,3520,1036893,57,114,18153,106,366,76135,254,5443,1093544,3458,3458,1014061,57,114,18153,106,366,76135,242,5311,1080268
202212,999,42020,C,San Luis Obispo-Paso Robles  CA ,671,671,202638,11,22,2949,10,36,6123,27,398,59014,598,598,176619,11,22,2949,10,36,6123,26,393,58655
202212,999,42200,C,Santa Maria-Santa Barbara  CA ,441,441,130555,13,26,8695,7,23,4313,44,815,94288,290,290,115776,4,8,6107,7,23,4313,25,689,79157
202212,999,42540,C,Scranton--Wilkes-Barre  PA ,478,478,135457,11,22,3360,0,0,0,6,30,2923,164,164,55656,11,22,3360,0,0,0,0,0,0
202212,999,42700,C,Sebring-Avon Park  FL ,641,641,148786,11,22,3706,0,0,0,0,0,0,641,641,148786,11,22,3706,0,0,0,0,0,0
202212,999,43100,C,Sheboygan  WI ,120,120,43392,12,24,4881,0,0,0,0,0,0,45,45,16747,5,10,2056,0,0,0,0,0,0
202212,999,43420,C,Sierra Vista-Douglas  AZ ,412,412,54106,4,8,1100,0,0,0,0,0,0,394,394,49032,0,0,0,0,0,0,0,0,0
202212,999,43580,C,Sioux City  IA-NE-SD ,284,284,85728,1,2,500,10,31,0,9,129,11950,141,141,45900,1,2,500,0,0,0,9,129,11950
202212,999,43620,C,Sioux Falls  SD ,1600,1600,392099,11,22,3830,61,229,29161,162,3687,494405,1199,1199,295071,1,2,380,30,108,20149,130,3422,464651
202212,999,44140,C,Springfield  MA ,428,428,127534,16,32,5916,1,4,577,25,275,32846,154,154,59467,11,22,4098,1,4,577,5,135,16944
202212,999,44180,C,Springfield  MO ,1412,1412,437040,22,44,5219,6,18,1700,13,229,31557,1221,1221,397774,18,36,4106,2,6,950,13,229,31557
202212,999,44940,C,Sumter  SC ,402,402,74329,32,64,6101,0,0,0,1,36,965,302,302,54705,32,64,6101,0,0,0,1,36,965
202212,999,45220,C,Tallahassee  FL ,1370,1370,275206,9,18,1994,0,0,0,61,1645,214104,434,434,78279,0,0,0,0,0,0,4,80,13900
202212,999,45300,C,Tampa-St. Petersburg-Clearwater  FL ,15667,15667,4693613,100,200,25984,228,801,42739,758,13292,1444908,8752,8752,3043506,93,186,23693,227,798,42062,722,13074,1389792
202212,999,45460,C,Terre Haute  IN ,113,113,24603,10,20,2805,5,20,925,18,99,10093,64,64,16439,10,20,2805,5,20,925,9,54,5850
202212,999,45500,C,Texarkana  TX-AR ,122,122,28173,9,18,1965,2,8,828,1,5,385,72,72,16836,9,18,1965,2,8,828,1,5,385
202212,999,45820,C,Topeka  KS ,412,412,94617,8,16,1600,0,0,0,0,0,0,388,388,90658,8,16,1600,0,0,0,0,0,0
202212,999,46220,C,Tuscaloosa  AL ,727,727,187652,2,4,835,16,54,8231,7,271,41677,302,302,65302,0,0,0,0,0,0,0,0,0
202212,999,46300,C,Twin Falls  ID ,487,487,133715,11,22,4067,0,0,0,7,100,20280,386,386,105523,10,20,3949,0,0,0,7,100,20280
202212,999,46520,C,Urban Honolulu  HI ,652,652,239925,72,144,22946,0,0,0,48,1782,631019,0,0,0,0,0,0,0,0,0,0,0,0
202212,999,46540,C,Utica-Rome  NY ,196,196,63116,0,0,0,1,3,158,15,97,14729,44,44,34289,0,0,0,0,0,0,0,0,0
202212,999,46660,C,Valdosta  GA ,1236,1236,231703,11,22,1458,0,0,0,12,155,15224,581,581,121190,0,0,0,0,0,0,0,0,0
202212,999,47300,C,Visalia  CA ,1420,1420,367886,23,46,6627,0,0,0,87,919,124918,1417,1417,366538,23,46,6627,0,0,0,79,871,107417
202212,999,47380,C,Waco  TX ,960,960,146039,27,54,6104,0,0,0,25,379,36689,782,782,112748,18,36,4334,0,0,0,14,324,31032
202212,999,47940,C,Waterloo-Cedar Falls  IA ,179,179,61393,14,28,3217,1,4,800,5,43,6133,139,139,46633,7,14,1636,1,4,800,4,35,5228
202212,999,48060,C,Watertown-Fort Drum  NY ,169,169,26420,0,0,0,0,0,0,0,0,0,161,161,25182,0,0,0,0,0,0,0,0,0
202212,999,48300,C,Wenatchee  WA ,571,571,169863,6,12,2508,9,36,7783,7,245,27016,241,241,97614,6,12,2508,9,36,7783,7,245,27016
202212,999,48540,C,Wheeling  WV-OH ,9,9,2281,0,0,0,2,6,700,0,0,0,4,4,888,0,0,0,0,0,0,0,0,0
202212,999,48660,C,Wichita Falls  TX ,162,162,42149,0,0,0,0,0,0,9,216,23611,127,127,34675,0,0,0,0,0,0,9,216,23611
202212,999,48900,C,Wilmington  NC ,2491,2491,789071,71,142,21172,4,14,3599,55,1776,230554,1136,1136,328222,41,82,8733,0,0,0,0,0,0
202212,999,49420,C,Yakima  WA ,422,422,109520,22,44,5911,26,90,11343,7,152,12207,412,412,105769,19,38,4806,23,81,10465,7,152,12207
202212,999,49740,C,Yuma  AZ ,730,730,122450,11,22,2908,0,0,0,7,98,11754,662,662,111383,3,6,477,0,0,0,6,90,10995
