Survey,CSA,CBSA,MONCOV,CBSA,,1-unit,,,2-units,,,3-4 units,,,5+ units,,,1-unit rep,,,2-units rep,,,3-4 units rep,,,5+ units rep
Date,Code,Code,,Name,Bldgs,Units,Value,Bldgs,Units,Value,Bldgs,Units,Value,Bldgs,Units,Value,Bldgs,Units,Value,Bldgs,Units,Value,      Bldgs,Units,Value,Bldgs,Units,Value
 
202306,104,10580,C,Albany-Schenectady-Troy  NY ,493,493,177592,9,18,3550,5,19,4060,31,524,61899,336,336,118124,6,12,1990,2,8,2060,17,452,52415
202306,104,24020,C,Glens Falls  NY ,93,93,31435,1,2,346,0,0,0,1,6,850,92,92,31131,1,2,346,0,0,0,1,6,850
202306,106,10740,C,Albuquerque  NM ,918,918,234926,0,0,0,0,0,0,9,486,41757,918,918,234926,0,0,0,0,0,0,9,486,41757
202306,106,42140,C,Santa Fe  NM ,115,115,36654,0,0,0,0,0,0,0,0,0,115,115,36654,0,0,0,0,0,0,0,0,0
202306,107,11020,C,Altoona  PA ,28,28,9644,0,0,0,1,4,400,0,0,0,11,11,5170,0,0,0,1,4,400,0,0,0
202306,108,11100,C,Amarillo  TX ,297,297,80396,12,24,3461,1,4,572,11,55,7581,279,279,75703,12,24,3461,1,4,572,11,55,7581
202306,118,11540,C,Appleton  WI ,261,261,93954,15,30,6105,1,4,555,18,268,23253,212,212,77877,11,22,4688,1,4,555,12,228,19787
202306,118,36780,C,Oshkosh-Neenah  WI ,107,107,40747,3,6,580,0,0,0,0,0,0,97,97,36443,3,6,580,0,0,0,0,0,0
202306,120,11700,C,Asheville  NC ,1431,1431,559546,8,16,2052,0,0,0,25,551,93747,669,669,272601,8,16,2052,0,0,0,0,0,0
202306,122,12020,C,Athens-Clarke County  GA ,322,322,103094,16,32,5680,11,33,2892,6,129,17178,149,149,54461,16,32,5680,11,33,2892,6,129,17178
202306,122,12060,C,Atlanta-Sandy Springs-Alpharetta  GA ,12104,12104,3190582,35,70,17894,29,104,17103,185,8751,1227911,10686,10686,2838934,34,68,17447,28,100,16481,177,8583,1202701
202306,122,23580,C,Gainesville  GA ,614,614,134612,2,4,350,6,23,2118,10,70,6007,180,180,32323,2,4,350,6,23,2118,10,70,6007
202306,122,40660,C,Rome  GA ,141,141,29235,0,0,0,0,0,0,0,0,0,141,141,29235,0,0,0,0,0,0,0,0,0
202306,140,13460,C,Bend  OR ,608,608,224130,34,68,17155,2,7,1463,13,311,52945,608,608,224130,34,68,17155,2,7,1463,13,311,52945
202306,142,13820,C,Birmingham-Hoover  AL ,1707,1707,531618,10,20,10716,1,4,646,0,0,0,1323,1323,381324,9,18,10641,1,4,646,0,0,0
202306,144,14020,C,Bloomington  IN ,128,128,41530,0,0,0,0,0,0,1,18,3000,68,68,23518,0,0,0,0,0,0,1,18,3000
202306,145,14010,C,Bloomington  IL ,87,87,25468,24,48,6701,0,0,0,0,0,0,73,73,22376,24,48,6701,0,0,0,0,0,0
202306,146,14100,C,Bloomsburg-Berwick  PA ,47,47,12449,2,4,520,0,0,0,2,11,998,22,22,6154,2,4,520,0,0,0,0,0,0
202306,147,14260,C,Boise City  ID ,3072,3072,786916,10,20,3142,44,174,16547,49,1494,245551,2080,2080,471350,3,6,1066,28,112,9794,43,1434,237212
202306,148,12700,C,Barnstable Town  MA ,189,189,111812,4,8,1253,3,9,1800,3,62,16023,145,145,89000,4,8,1253,3,9,1800,3,62,16023
202306,148,14460,C,Boston-Cambridge-Newton  MA-NH ,1814,1814,702367,93,186,43829,61,205,44464,171,3968,981750,968,968,415786,58,116,26793,53,179,39373,79,2735,818867
202306,148,31700,C,Manchester-Nashua  NH ,253,253,83955,18,36,10617,1,3,422,10,648,129626,127,127,48216,2,4,920,0,0,0,9,398,74413
202306,148,39300,C,Providence-Warwick  RI-MA ,626,626,164835,58,116,13881,9,29,4078,9,273,33707,296,296,85416,28,56,7635,9,29,4078,6,248,30781
202306,148,49340,C,Worcester  MA-CT ,446,446,135631,38,76,10471,0,0,0,6,39,4296,213,213,72290,32,64,8046,0,0,0,1,8,800
202306,150,14540,C,Bowling Green  KY ,452,452,116858,3,6,1162,8,30,3618,58,506,57619,451,451,116708,3,6,1162,7,27,3393,58,506,57619
202306,154,15180,C,Brownsville-Harlingen  TX ,732,732,135566,59,118,8739,9,30,3935,16,143,17527,72,72,11836,0,0,0,0,0,0,0,0,0
202306,160,15380,C,Buffalo-Cheektowaga  NY ,390,390,146698,19,38,4785,4,13,1843,14,147,27001,289,289,115744,18,36,4585,1,4,800,7,64,8744
202306,162,15540,C,Burlington-South Burlington  VT ,212,212,67684,25,50,9511,1,3,984,8,197,23303,136,136,44806,19,38,7516,1,3,984,4,177,21922
202306,163,15980,C,Cape Coral-Fort Myers  FL ,3869,3869,859093,115,230,32098,1,3,429,55,2119,287820,2910,2910,597508,81,162,17448,0,0,0,38,1568,234521
202306,163,34940,C,Naples-Marco Island  FL ,1583,1583,771118,4,8,3329,12,48,7136,14,271,76042,124,124,292671,0,0,0,0,0,0,0,0,0
202306,164,16020,C,Cape Girardeau  MO-IL ,35,35,10628,0,0,0,0,0,0,0,0,0,0,0,0,0,0,0,0,0,0,0,0,0
202306,168,16300,C,Cedar Rapids  IA ,191,191,48057,7,14,2067,11,42,5208,6,78,9705,173,173,43393,5,10,1367,9,36,4828,6,78,9705
202306,168,26980,C,Iowa City  IA ,203,203,68563,17,34,8365,3,10,1939,13,651,134815,155,155,56175,9,18,4645,0,0,0,7,604,129137
202306,170,16620,C,Charleston  WV ,75,75,14104,0,0,0,0,0,0,0,0,0,57,57,11664,0,0,0,0,0,0,0,0,0
202306,170,26580,C,Huntington-Ashland  WV-KY-OH ,115,115,26760,2,4,200,2,8,200,0,0,0,28,28,9286,2,4,200,2,8,200,0,0,0
202306,172,16740,C,Charlotte-Concord-Gastonia  NC-SC ,9515,9515,2586561,20,40,7470,2,7,1351,143,6167,728941,8405,8405,2243946,18,36,6660,1,4,601,134,6064,717249
202306,174,16860,C,Chattanooga  TN-GA ,1115,1115,254913,31,62,5141,17,55,4886,16,291,29389,850,850,194876,4,8,1260,11,37,3842,1,5,824
202306,174,17420,C,Cleveland  TN ,300,300,71713,0,0,0,6,20,2603,2,18,2287,198,198,53242,0,0,0,6,20,2603,2,18,2287
202306,174,19140,C,Dalton  GA ,155,155,32514,14,28,1798,5,18,2773,5,28,2776,0,0,0,0,0,0,0,0,0,0,0,0
202306,176,16980,C,Chicago-Naperville-Elgin  IL-IN-WI ,3685,3685,1330496,61,122,26640,86,285,54271,163,3233,584609,2963,2963,1088777,55,110,24613,82,273,52392,129,3048,555116
202306,176,28100,C,Kankakee  IL ,30,30,9198,0,0,0,1,3,643,0,0,0,24,24,7258,0,0,0,0,0,0,0,0,0
202306,176,33140,C,Michigan City-La Porte  IN ,91,91,28017,1,2,220,0,0,0,0,0,0,75,75,22848,0,0,0,0,0,0,0,0,0
202306,178,17140,C,Cincinnati  OH-KY-IN ,1833,1833,581143,70,140,20369,24,76,13143,70,1286,175789,1641,1641,532190,67,134,19669,24,76,13143,60,1189,168358
202306,184,10420,C,Akron  OH ,383,383,120590,1,2,581,22,79,19597,15,80,8777,333,333,101895,1,2,581,18,67,12622,5,26,5394
202306,184,15940,C,Canton-Massillon  OH ,178,178,65594,5,10,1652,8,26,3609,6,37,2842,157,157,63144,2,4,500,5,17,3148,0,0,0
202306,184,17460,C,Cleveland-Elyria  OH ,1284,1284,378808,5,10,3660,14,52,9236,17,362,42846,910,910,275423,5,10,3660,11,42,7558,9,55,7603
202306,190,17860,C,Columbia  MO ,275,275,105458,2,4,520,0,0,0,3,56,10075,271,271,104750,2,4,520,0,0,0,3,56,10075
202306,192,17900,C,Columbia  SC ,2270,2270,566472,23,46,3859,10,34,3463,10,263,24845,1555,1555,413380,22,44,3649,10,34,3463,10,263,24845
202306,194,12220,C,Auburn-Opelika  AL ,585,585,154709,13,26,3988,3,9,2093,11,261,40666,129,129,34895,0,0,0,0,0,0,0,0,0
202306,194,17980,C,Columbus  GA-AL ,304,304,79290,4,8,845,1,4,401,2,105,20752,171,171,41617,2,4,95,1,4,401,0,0,0
202306,198,18140,C,Columbus  OH ,2493,2493,876280,20,40,8973,18,59,13003,68,2687,361692,1991,1991,687002,19,38,7949,18,59,13003,66,2675,360526
202306,204,18580,C,Corpus Christi  TX ,873,873,208982,1,2,180,0,0,0,3,69,5128,126,126,20902,1,2,180,0,0,0,0,0,0
202306,206,19100,C,Dallas-Fort Worth-Arlington  TX ,20623,20623,5960077,342,684,97181,101,366,52664,278,12095,1757604,17097,17097,5022379,157,314,43687,20,71,13022,270,11955,1742660
202306,206,43300,C,Sherman-Denison  TX ,635,635,175230,7,14,1922,0,0,0,41,919,121044,318,318,87391,6,12,1697,0,0,0,41,919,121044
202306,209,19340,C,Davenport-Moline-Rock Island  IA-IL ,180,180,43968,6,12,2800,11,41,7131,3,15,1573,87,87,17379,0,0,0,0,0,0,0,0,0
202306,212,19430,C,Dayton-Kettering  OH ,611,611,243591,1,2,156,15,60,4632,17,336,42896,406,406,171372,0,0,0,15,60,4632,11,203,26762
202306,212,44220,C,Springfield  OH ,58,58,18701,0,0,0,11,44,3262,0,0,0,58,58,18701,0,0,0,11,44,3262,0,0,0
202306,216,14500,C,Boulder  CO ,478,478,310595,5,10,2053,8,28,6554,23,406,82634,279,279,222287,1,2,455,7,25,5701,4,22,5541
202306,216,19740,C,Denver-Aurora-Lakewood  CO ,3974,3974,1263347,63,126,33579,20,72,14200,176,6328,1125387,3572,3572,1156866,50,100,28481,20,72,14200,163,5922,1066877
202306,216,24540,C,Greeley  CO ,1217,1217,419278,22,44,8418,17,65,13678,49,745,106884,966,966,351707,0,0,0,14,54,10927,21,504,78682
202306,218,11180,C,Ames  IA ,68,68,22779,0,0,0,5,17,4478,0,0,0,35,35,13337,0,0,0,4,14,3626,0,0,0
202306,218,19780,C,Des Moines-West Des Moines  IA ,1814,1814,621923,4,8,1959,10,31,7212,20,665,98917,1733,1733,593971,4,8,1959,3,10,2296,15,640,95742
202306,220,11460,C,Ann Arbor  MI ,219,219,71582,2,4,1600,1,4,540,40,316,26414,142,142,49300,2,4,1600,1,4,540,40,316,26414
202306,220,19820,C,Detroit-Warren-Dearborn  MI ,1951,1951,712096,12,24,5283,23,80,14207,55,857,133206,1472,1472,575641,10,20,4842,12,45,10016,36,275,34302
202306,220,22420,C,Flint  MI ,102,102,31028,2,4,800,0,0,0,1,6,998,51,51,16695,0,0,0,0,0,0,1,6,998
202306,220,33780,C,Monroe  MI ,86,86,23928,2,4,880,2,8,1100,3,15,1149,56,56,16294,2,4,880,2,8,1100,0,0,0
202306,222,20020,C,Dothan  AL ,237,237,67289,0,0,0,2,8,1144,0,0,0,41,41,10703,0,0,0,0,0,0,0,0,0
202306,232,20740,C,Eau Claire  WI ,159,159,54455,32,64,14597,0,0,0,18,573,83583,142,142,48933,27,54,12711,0,0,0,18,573,83583
202306,236,21300,C,Elmira  NY ,12,12,3327,0,0,0,0,0,0,6,34,3810,0,0,0,0,0,0,0,0,0,0,0,0
202306,238,21340,C,El Paso  TX ,1037,1037,247734,17,34,4417,5,15,1978,10,102,12010,124,124,34319,0,0,0,0,0,0,0,0,0
202306,238,29740,C,Las Cruces  NM ,377,377,108407,1,2,274,1,4,849,0,0,0,229,229,68583,1,2,274,1,4,849,0,0,0
202306,240,21500,C,Erie  PA ,54,54,20195,2,4,300,0,0,0,5,30,4118,36,36,15382,1,2,100,0,0,0,5,30,4118
202306,244,22020,C,Fargo  ND-MN ,407,407,112090,0,0,0,0,0,0,8,630,105366,281,281,82787,0,0,0,0,0,0,6,612,102793
202306,246,22180,C,Fayetteville  NC ,1125,1125,236712,3,6,627,0,0,0,0,0,0,788,788,190628,3,6,627,0,0,0,0,0,0
202306,258,23060,C,Fort Wayne  IN ,788,788,259802,4,8,901,0,0,0,14,192,19263,788,788,259802,4,8,901,0,0,0,14,192,19263
202306,260,23420,C,Fresno  CA ,1036,1036,292409,2,4,1262,4,12,1200,50,893,98098,735,735,185860,1,2,348,4,12,1200,37,820,87466
202306,260,25260,C,Hanford-Corcoran  CA ,368,368,113712,3,6,963,4,15,2501,12,140,15223,360,360,111906,3,6,963,4,15,2501,12,140,15223
202306,260,31460,C,Madera  CA ,838,838,274144,0,0,0,0,0,0,2,27,4283,838,838,274144,0,0,0,0,0,0,2,27,4283
202306,264,23540,C,Gainesville  FL ,653,653,167523,3,6,645,0,0,0,8,590,63032,225,225,49919,0,0,0,0,0,0,0,0,0
202306,266,24340,C,Grand Rapids-Kentwood  MI ,1119,1119,388107,32,64,11314,6,20,3254,17,498,98649,820,820,290431,18,36,6408,4,14,2435,2,294,69480
202306,266,34740,C,Muskegon  MI ,167,167,42865,3,6,863,0,0,0,0,0,0,130,130,34328,0,0,0,0,0,0,0,0,0
202306,267,24580,C,Green Bay  WI ,291,291,113283,38,76,15419,1,4,70,9,107,13636,250,250,99500,11,22,5917,0,0,0,6,89,12406
202306,268,15500,C,Burlington  NC ,754,754,116687,0,0,0,0,0,0,17,607,48446,754,754,116687,0,0,0,0,0,0,17,607,48446
202306,268,24660,C,Greensboro-High Point  NC ,1090,1090,268926,11,22,2343,0,0,0,15,553,89164,1083,1083,267551,10,20,2105,0,0,0,15,553,89164
202306,268,49180,C,Winston-Salem  NC ,1798,1798,499650,0,0,0,0,0,0,19,125,14780,1570,1570,445835,0,0,0,0,0,0,13,95,13597
202306,272,24780,C,Greenville  NC ,529,529,106151,20,40,5779,0,0,0,0,0,0,360,360,67231,20,40,5779,0,0,0,0,0,0
202306,273,24860,C,Greenville-Anderson  SC ,3484,3484,935652,74,148,14464,8,26,4425,21,344,67073,3268,3268,878633,73,146,14245,8,26,4425,20,339,66648
202306,273,43900,C,Spartanburg  SC ,1439,1439,257478,0,0,0,0,0,0,3,41,4918,0,0,0,0,0,0,0,0,0,0,0,0
202306,276,23900,C,Gettysburg  PA ,150,150,32623,0,0,0,0,0,0,0,0,0,150,150,32623,0,0,0,0,0,0,0,0,0
202306,276,25420,C,Harrisburg-Carlisle  PA ,628,628,160273,0,0,0,7,26,3651,13,164,14133,521,521,129075,0,0,0,5,20,2942,4,88,6627
202306,276,30140,C,Lebanon  PA ,104,104,20360,1,2,341,0,0,0,2,10,1752,10,10,2630,0,0,0,0,0,0,0,0,0
202306,276,49620,C,York-Hanover  PA ,499,499,123325,1,2,341,2,8,1772,12,123,13593,263,263,66521,0,0,0,2,8,1772,9,99,11817
202306,277,25500,C,Harrisonburg  VA ,230,230,49675,14,28,5580,1,4,550,5,29,3475,230,230,49675,14,28,5580,1,4,550,5,29,3475
202306,277,44420,C,Staunton  VA ,224,224,52010,2,4,474,0,0,0,3,90,13217,224,224,52010,2,4,474,0,0,0,3,90,13217
202306,278,25540,C,Hartford-East Hartford-Middletown  CT ,292,292,81385,0,0,0,0,0,0,30,489,49461,179,179,53255,0,0,0,0,0,0,14,331,34833
202306,278,35980,C,Norwich-New London  CT ,113,113,35066,1,2,736,0,0,0,1,123,17954,57,57,18403,1,2,736,0,0,0,1,123,17954
202306,279,25620,C,Hattiesburg  MS ,61,61,14302,0,0,0,5,15,676,0,0,0,22,22,5464,0,0,0,0,0,0,0,0,0
202306,284,26300,C,Hot Springs  AR ,27,27,8163,3,6,720,0,0,0,0,0,0,27,27,8163,3,6,720,0,0,0,0,0,0
202306,288,26420,C,Houston-The Woodlands-Sugar Land  TX ,25155,25155,6372616,441,882,140325,6,19,2206,308,9762,1326028,21870,21870,5473069,422,844,135444,5,16,1981,297,9696,1322397
202306,290,19460,C,Decatur  AL ,119,119,32159,0,0,0,0,0,0,0,0,0,113,113,31144,0,0,0,0,0,0,0,0,0
202306,290,26620,C,Huntsville  AL ,1946,1946,420045,45,90,14325,1,4,510,31,1620,280156,1168,1168,231607,45,90,14325,1,4,510,31,1620,280156
202306,292,26820,C,Idaho Falls  ID ,318,318,78250,2,4,461,9,36,4582,1,24,2463,308,308,74798,2,4,461,9,36,4582,1,24,2463
202306,294,18020,C,Columbus  IN ,67,67,28502,0,0,0,0,0,0,0,0,0,67,67,28502,0,0,0,0,0,0,0,0,0
202306,294,26900,C,Indianapolis-Carmel-Anderson  IN ,3459,3459,1285073,40,80,17588,21,69,12783,78,2364,479339,2932,2932,1135702,35,70,15846,21,69,12783,76,2249,463475
202306,294,34620,C,Muncie  IN ,42,42,10131,0,0,0,0,0,0,1,5,596,12,12,2886,0,0,0,0,0,0,0,0,0
202306,296,27060,C,Ithaca  NY ,52,52,15139,1,2,320,0,0,0,5,30,3883,0,0,0,0,0,0,0,0,0,0,0,0
202306,297,27180,C,Jackson  TN ,202,202,47982,0,0,0,0,0,0,0,0,0,37,37,10242,0,0,0,0,0,0,0,0,0
202306,298,27140,C,Jackson  MS ,584,584,154572,2,4,494,0,0,0,7,54,6913,410,410,99636,0,0,0,0,0,0,7,54,6913
202306,300,27260,C,Jacksonville  FL ,5977,5977,1632555,134,268,37098,22,88,4950,98,4517,692118,5949,5949,1620218,133,266,36798,22,88,4950,98,4517,692118
202306,304,27740,C,Johnson City  TN ,354,354,96545,7,14,2926,0,0,0,5,34,3332,236,236,78183,2,4,686,0,0,0,0,0,0
202306,304,28700,C,Kingsport-Bristol  TN-VA ,412,412,106851,1,2,450,1,3,346,5,25,1877,314,314,94203,1,2,450,0,0,0,0,0,0
202306,306,27780,C,Johnstown  PA ,37,37,9237,0,0,0,0,0,0,0,0,0,0,0,0,0,0,0,0,0,0,0,0,0
202306,308,27860,C,Jonesboro  AR ,296,296,44626,30,60,4241,33,109,5631,10,61,3322,35,35,5457,2,4,300,0,0,0,0,0,0
202306,309,27900,C,Joplin  MO ,270,270,48112,29,58,9074,1,4,213,10,75,7276,142,142,18686,0,0,0,0,0,0,0,0,0
202306,310,12980,C,Battle Creek  MI ,33,33,6757,0,0,0,0,0,0,0,0,0,2,2,539,0,0,0,0,0,0,0,0,0
202306,310,28020,C,Kalamazoo-Portage  MI ,206,206,56557,1,2,501,2,7,1840,1,180,18665,174,174,39795,1,2,501,2,7,1840,1,180,18665
202306,312,28140,C,Kansas City  MO-KS ,2068,2068,697746,81,162,27477,17,65,15214,23,955,147177,1821,1821,617848,79,158,26952,17,65,15214,22,950,146437
202306,312,29940,C,Lawrence  KS ,82,82,29538,0,0,0,1,4,320,1,15,1983,34,34,13138,0,0,0,0,0,0,0,0,0
202306,312,41140,C,St. Joseph  MO-KS ,40,40,9500,1,2,200,0,0,0,0,0,0,19,19,5171,0,0,0,0,0,0,0,0,0
202306,313,28420,C,Kennewick-Richland  WA ,550,550,188383,6,12,3536,29,110,14408,19,604,93783,279,279,95597,0,0,0,24,95,11626,2,32,4814
202306,313,47460,C,Walla Walla  WA ,113,113,29322,9,18,3957,0,0,0,2,32,4657,106,106,28374,4,8,1491,0,0,0,0,0,0
202306,315,28940,C,Knoxville  TN ,2097,2097,582693,40,80,15481,19,57,10337,18,301,51546,1732,1732,501825,1,2,405,0,0,0,6,117,35139
202306,315,34100,C,Morristown  TN ,368,368,96362,1,2,200,10,30,3832,1,32,5250,103,103,26506,1,2,200,7,21,3150,1,32,5250
202306,316,29020,C,Kokomo  IN ,40,40,10761,1,2,600,0,0,0,0,0,0,30,30,7693,1,2,600,0,0,0,0,0,0
202306,318,29180,C,Lafayette  LA ,1084,1084,252272,0,0,0,0,0,0,7,224,28020,854,854,206622,0,0,0,0,0,0,7,224,28020
202306,320,29200,C,Lafayette-West Lafayette  IN ,272,272,95787,1,2,210,0,0,0,11,878,123067,23,23,14266,0,0,0,0,0,0,2,482,73507
202306,324,29340,C,Lake Charles  LA ,326,326,67523,6,12,1022,0,0,0,2,70,14798,299,299,60690,5,10,872,0,0,0,2,70,14798
202306,332,29820,C,Las Vegas-Henderson-Paradise  NV ,5027,5027,1470224,17,34,6159,30,111,17720,57,1366,284024,5027,5027,1470224,17,34,6159,30,111,17720,57,1366,284024
202306,336,30460,C,Lexington-Fayette  KY ,695,695,185078,8,16,2892,9,29,5797,20,553,52790,155,155,61003,4,8,1788,2,7,2700,0,0,0
202306,338,30620,C,Lima  OH ,34,34,9045,2,4,600,0,0,0,0,0,0,5,5,1092,2,4,600,0,0,0,0,0,0
202306,339,30700,C,Lincoln  NE ,455,455,147289,4,8,1561,1,3,117,11,467,59538,46,46,13543,2,4,891,0,0,0,0,0,0
202306,340,30780,C,Little Rock-North Little Rock-Conway  AR ,878,878,230351,25,50,4158,4,13,1470,2,75,3582,851,851,226064,25,50,4158,4,13,1470,2,75,3582
202306,340,38220,C,Pine Bluff  AR ,20,20,4077,2,4,350,0,0,0,2,24,1250,15,15,3086,2,4,350,0,0,0,2,24,1250
202306,348,31080,C,Los Angeles-Long Beach-Anaheim  CA ,5820,5820,1602109,365,730,179195,89,302,101923,257,8119,1505247,4707,4707,1340942,333,666,163315,80,275,96358,198,6615,1250574
202306,348,37100,C,Oxnard-Thousand Oaks-Ventura  CA ,166,166,64316,2,4,876,11,39,9231,9,146,16119,63,63,20362,0,0,0,9,33,8284,2,14,2137
202306,348,40140,C,Riverside-San Bernardino-Ontario  CA ,6828,6828,1933268,44,88,7747,40,145,29526,418,4294,510708,4230,4230,1186530,37,74,5135,40,145,29526,405,4228,505335
202306,350,21060,C,Elizabethtown-Fort Knox  KY ,272,272,59629,27,54,6605,1,4,400,31,664,65296,272,272,59629,27,54,6605,1,4,400,31,664,65296
202306,350,31140,C,Louisville-Jefferson County  KY-IN ,1454,1454,446773,21,42,8510,5,19,1916,66,1476,217253,1367,1367,421614,21,42,8510,5,19,1916,62,1448,212210
202306,352,31180,C,Lubbock  TX ,1020,1020,241873,11,22,2724,3,9,1302,34,264,18255,893,893,205686,7,14,1359,0,0,0,34,264,18255
202306,356,31420,C,Macon-Bibb County  GA ,257,257,64538,0,0,0,0,0,0,0,0,0,64,64,17281,0,0,0,0,0,0,0,0,0
202306,356,47580,C,Warner Robins  GA ,571,571,131433,1,2,117,0,0,0,2,80,10460,428,428,101499,1,2,117,0,0,0,2,80,10460
202306,357,27500,C,Janesville-Beloit  WI ,123,123,35851,8,16,3632,0,0,0,0,0,0,71,71,21453,8,16,3632,0,0,0,0,0,0
202306,357,31540,C,Madison  WI ,721,721,321619,49,98,26539,20,80,19074,34,1488,202610,647,647,296281,40,80,21618,20,80,19074,25,1381,186139
202306,359,31860,C,Mankato  MN ,82,82,27059,0,0,0,0,0,0,11,112,14783,62,62,20242,0,0,0,0,0,0,6,81,10500
202306,360,31900,C,Mansfield  OH ,60,60,19691,3,6,959,2,6,571,0,0,0,50,50,16508,2,4,715,0,0,0,0,0,0
202306,365,32580,C,McAllen-Edinburg-Mission  TX ,2104,2104,483768,125,250,18176,202,803,79821,56,334,30646,1787,1787,420918,111,222,16194,188,748,71857,56,334,30646
202306,366,24420,C,Grants Pass  OR ,99,99,23510,4,8,1448,1,4,907,3,21,3633,0,0,0,0,0,0,0,0,0,0,0,0
202306,366,32780,C,Medford  OR ,298,298,91413,6,12,1863,7,26,2871,37,327,55823,236,236,75647,5,10,1549,4,16,1972,30,292,51065
202306,368,32820,C,Memphis  TN-MS-AR ,1523,1523,403011,2,4,1159,3,12,3427,6,183,31093,1329,1329,360855,2,4,1159,3,12,3427,6,183,31093
202306,370,33100,C,Miami-Fort Lauderdale-Pompano Beach  FL ,2537,2537,1148823,97,194,49916,21,81,16782,237,8851,2072636,2054,2054,850777,97,194,49916,19,75,15385,197,8326,1962046
202306,370,38940,C,Port St. Lucie  FL ,2479,2479,770908,42,84,11274,0,0,0,16,192,36739,2472,2472,720916,42,84,11274,0,0,0,16,192,36739
202306,370,42680,C,Sebastian-Vero Beach  FL ,557,557,238560,9,18,3123,3,9,606,0,0,0,100,100,40482,5,10,1900,0,0,0,0,0,0
202306,372,33260,C,Midland  TX ,278,278,72504,0,0,0,1,4,250,0,0,0,278,278,72504,0,0,0,1,4,250,0,0,0
202306,372,36220,C,Odessa  TX ,434,434,109348,0,0,0,0,0,0,1,5,599,0,0,0,0,0,0,0,0,0,0,0,0
202306,376,33340,C,Milwaukee-Waukesha  WI ,622,622,298397,44,88,23480,0,0,0,14,196,26099,429,429,210839,27,54,14956,0,0,0,8,150,19031
202306,376,39540,C,Racine  WI ,68,68,30555,1,2,342,0,0,0,5,60,33500,58,58,27452,0,0,0,0,0,0,5,60,33500
202306,378,33460,C,Minneapolis-St. Paul-Bloomington  MN-WI ,3512,3512,1304132,48,96,17103,22,82,18081,139,5281,967543,2950,2950,1115070,22,44,9263,19,72,15908,83,4538,841486
202306,378,41060,C,St. Cloud  MN ,215,215,66978,1,2,320,0,0,0,1,50,1250,163,163,52565,1,2,320,0,0,0,1,50,1250
202306,380,19300,C,Daphne-Fairhope-Foley  AL ,1583,1583,461310,5,10,1528,3,12,2539,16,384,42327,1508,1508,447805,5,10,1528,3,12,2539,16,384,42327
202306,380,33660,C,Mobile  AL ,404,404,103485,0,0,0,2,8,900,0,0,0,187,187,45191,0,0,0,2,8,900,0,0,0
202306,384,33740,C,Monroe  LA ,163,163,40179,16,32,2064,2,7,1100,6,36,4344,3,3,552,0,0,0,0,0,0,0,0,0
202306,388,33860,C,Montgomery  AL ,417,417,113031,0,0,0,0,0,0,0,0,0,275,275,85867,0,0,0,0,0,0,0,0,0
202306,390,34060,C,Morgantown  WV ,9,9,2562,0,0,0,0,0,0,0,0,0,4,4,1710,0,0,0,0,0,0,0,0,0
202306,396,34820,C,Myrtle Beach-Conway-North Myrtle Beach  SC-NC ,5677,5677,1282405,17,34,2916,12,42,6738,31,561,81313,2831,2831,761535,14,28,1968,5,20,4000,23,516,78848
202306,400,34980,C,Nashville-Davidson--Murfreesboro--Franklin  TN ,7378,7378,2333447,19,38,5773,13,48,4525,134,5462,820937,5849,5849,1970815,18,36,5512,8,31,3000,113,5291,800656
202306,404,35100,C,New Bern  NC ,273,273,74742,1,2,100,0,0,0,0,0,0,177,177,47186,1,2,100,0,0,0,0,0,0
202306,406,25220,C,Hammond  LA ,432,432,76312,0,0,0,0,0,0,7,276,26690,0,0,0,0,0,0,0,0,0,0,0,0
202306,406,35380,C,New Orleans-Metairie  LA ,1072,1072,335161,104,208,23993,4,12,2447,15,668,104765,459,459,165153,10,20,2759,0,0,0,0,0,0
202306,408,14860,C,Bridgeport-Stamford-Norwalk  CT ,214,214,208016,18,36,7282,1,3,1300,17,772,134878,142,142,106687,17,34,6482,1,3,1300,6,623,103486
202306,408,20700,C,East Stroudsburg  PA ,124,124,36923,0,0,0,0,0,0,0,0,0,63,63,22170,0,0,0,0,0,0,0,0,0
202306,408,28740,C,Kingston  NY ,129,129,48859,1,2,230,1,4,562,5,88,8902,77,77,33199,1,2,230,0,0,0,5,88,8902
202306,408,35300,C,New Haven-Milford  CT ,193,193,53463,12,24,4414,7,23,3080,15,522,37667,81,81,27049,3,6,810,0,0,0,1,191,1111
202306,408,35620,C,New York-Newark-Jersey City  NY-NJ-PA ,6258,6258,1806184,276,552,84517,86,275,30989,518,14836,1809083,4256,4256,1207765,175,350,62342,53,172,24261,268,11554,1453823
202306,408,39100,C,Poughkeepsie-Newburgh-Middletown  NY ,411,411,158699,0,0,0,5,18,6374,31,451,97146,169,169,57476,0,0,0,4,15,5707,20,391,89104
202306,408,45940,C,Trenton-Princeton  NJ ,294,294,55657,0,0,0,0,0,0,23,326,24928,267,267,49963,0,0,0,0,0,0,12,243,19465
202306,412,35840,C,North Port-Sarasota-Bradenton  FL ,5143,5143,1549920,58,116,20041,9,35,17637,89,2431,496864,4873,4873,1488119,17,34,6407,8,32,14322,67,2105,458348
202306,412,39460,C,Punta Gorda  FL ,1903,1903,574001,82,164,27713,16,57,15572,14,223,44176,41,41,25554,4,8,1805,0,0,0,5,36,8098
202306,416,36420,C,Oklahoma City  OK ,2874,2874,819072,115,230,30064,0,0,0,4,42,6431,2768,2768,798784,114,228,29804,0,0,0,4,42,6431
202306,420,36540,C,Omaha-Council Bluffs  NE-IA ,1252,1252,261479,7,14,2113,3,11,2115,36,703,54763,1077,1077,213680,5,10,1763,3,11,2115,35,698,54133
202306,422,19660,C,Deltona-Daytona Beach-Ormond Beach  FL ,2589,2589,824022,66,132,23083,0,0,0,30,1062,122238,2255,2255,715769,66,132,23083,0,0,0,21,961,108536
202306,422,29460,C,Lakeland-Winter Haven  FL ,4357,4357,1155884,39,78,7823,2,8,829,85,1570,190594,3967,3967,1058172,25,50,5915,2,8,829,74,1246,160771
202306,422,36740,C,Orlando-Kissimmee-Sanford  FL ,8601,8601,2831833,36,72,11102,12,43,10750,126,5599,698663,7357,7357,2467329,36,72,11102,12,43,10750,106,5220,671011
202306,422,45540,C,The Villages  FL ,1710,1710,418840,0,0,0,0,0,0,0,0,0,1706,1706,418080,0,0,0,0,0,0,0,0,0
202306,425,37620,C,Parkersburg-Vienna  WV ,38,38,9353,0,0,0,0,0,0,0,0,0,28,28,7672,0,0,0,0,0,0,0,0,0
202306,426,37860,C,Pensacola-Ferry Pass-Brent  FL ,1233,1233,334246,6,12,1563,2,6,902,0,0,0,1233,1233,334246,6,12,1563,2,6,902,0,0,0
202306,428,12100,C,Atlantic City-Hammonton  NJ ,160,160,47680,3,6,2699,0,0,0,9,56,3204,89,89,29233,1,2,276,0,0,0,0,0,0
202306,428,20100,C,Dover  DE ,427,427,71682,7,14,2734,0,0,0,3,72,6480,151,151,28857,7,14,2734,0,0,0,3,72,6480
202306,428,36140,C,Ocean City  NJ ,265,265,103118,41,82,12199,8,28,2046,2,10,100,248,248,97650,40,80,12014,6,22,1028,2,10,100
202306,428,37980,C,Philadelphia-Camden-Wilmington  PA-NJ-DE-MD ,3682,3682,822860,59,118,22104,81,272,33146,159,2571,333346,2095,2095,497307,55,110,21852,57,189,27422,106,2217,297912
202306,428,39740,C,Reading  PA ,143,143,38544,2,4,300,0,0,0,1,5,63,49,49,12514,2,4,300,0,0,0,0,0,0
202306,428,47220,C,Vineland-Bridgeton  NJ ,62,62,9137,0,0,0,0,0,0,0,0,0,46,46,6845,0,0,0,0,0,0,0,0,0
202306,429,38060,C,Phoenix-Mesa-Chandler  AZ ,11046,11046,3264619,446,892,125792,33,128,31892,229,8011,1222258,10181,10181,3037105,436,872,123013,33,128,31892,221,7294,1097579
202306,430,38300,C,Pittsburgh  PA ,1678,1678,523921,8,16,2974,18,58,8578,26,1018,114916,918,918,310922,4,8,940,0,0,0,2,57,10574
202306,430,48260,C,Weirton-Steubenville  WV-OH ,12,12,3541,0,0,0,0,0,0,0,0,0,7,7,2290,0,0,0,0,0,0,0,0,0
202306,438,30340,C,Lewiston-Auburn  ME ,108,108,26161,3,6,941,0,0,0,2,33,3545,46,46,10913,1,2,400,0,0,0,0,0,0
202306,438,38860,C,Portland-South Portland  ME ,938,938,320757,31,62,11657,7,21,3699,27,382,45668,310,310,136293,21,42,8241,4,12,2807,12,271,38269
202306,440,10540,C,Albany-Lebanon  OR ,109,109,32691,5,10,1624,1,3,276,2,13,1493,106,106,32129,5,10,1624,1,3,276,2,13,1493
202306,440,18700,C,Corvallis  OR ,50,50,17611,1,2,397,1,4,918,0,0,0,31,31,9522,1,2,397,1,4,918,0,0,0
202306,440,31020,C,Longview  WA ,149,149,45113,4,8,2368,0,0,0,0,0,0,128,128,40727,4,8,2368,0,0,0,0,0,0
202306,440,38900,C,Portland-Vancouver-Hillsboro  OR-WA ,3154,3154,1171660,38,76,13056,26,96,21115,100,3354,529835,2483,2483,836289,37,74,12584,25,92,20915,90,3105,495508
202306,440,41420,C,Salem  OR ,417,417,125343,17,34,8351,1,4,714,37,461,67458,394,394,119065,7,14,4309,0,0,0,28,366,55478
202306,444,39380,C,Pueblo  CO ,172,172,29880,0,0,0,0,0,0,0,0,0,172,172,29880,0,0,0,0,0,0,0,0,0
202306,450,20500,C,Durham-Chapel Hill  NC ,1507,1507,515861,27,54,7815,0,0,0,50,2619,446416,331,331,123818,1,2,186,0,0,0,0,0,0
202306,450,39580,C,Raleigh-Cary  NC ,6624,6624,1721800,23,46,12865,1,3,429,87,3774,606048,6624,6624,1721800,23,46,12865,1,3,429,87,3774,606048
202306,452,39660,C,Rapid City  SD ,285,285,92798,5,10,637,7,28,4470,17,390,49397,274,274,89627,5,10,637,7,28,4470,16,371,45517
202306,454,39820,C,Redding  CA ,78,78,23597,0,0,0,0,0,0,0,0,0,30,30,9712,0,0,0,0,0,0,0,0,0
202306,456,16180,C,Carson City  NV ,75,75,19802,0,0,0,2,6,764,7,42,4193,0,0,0,0,0,0,0,0,0,0,0,0
202306,456,39900,C,Reno  NV ,942,942,262072,22,44,5760,8,26,3430,62,1067,135659,184,184,47650,11,22,3458,0,0,0,0,0,0
202306,462,40340,C,Rochester  MN ,246,246,77788,1,2,325,1,3,805,2,194,31870,155,155,54691,1,2,325,1,3,805,2,194,31870
202306,464,40380,C,Rochester  NY ,438,438,144324,18,36,6661,18,69,3614,29,310,38332,229,229,91866,16,32,5844,15,60,2025,20,201,23365
202306,466,40420,C,Rockford  IL ,71,71,18280,4,8,2340,0,0,0,0,0,0,41,41,8953,4,8,2340,0,0,0,0,0,0
202306,468,40580,C,Rocky Mount  NC ,197,197,36402,0,0,0,0,0,0,3,30,3266,84,84,18295,0,0,0,0,0,0,3,30,3266
202306,472,40900,C,Sacramento-Roseville-Folsom  CA ,3846,3846,1233491,25,50,7952,3,9,2704,102,2552,460862,3734,3734,1199824,25,50,7952,3,9,2704,102,2552,460862
202306,472,49700,C,Yuba City  CA ,310,310,85202,2,4,562,0,0,0,5,28,3370,268,268,71023,1,2,350,0,0,0,0,0,0
202306,474,13020,C,Bay City  MI ,20,20,5536,0,0,0,0,0,0,0,0,0,0,0,0,0,0,0,0,0,0,0,0,0
202306,474,33220,C,Midland  MI ,43,43,12010,1,2,287,0,0,0,3,50,8853,28,28,7579,1,2,287,0,0,0,3,50,8853
202306,474,40980,C,Saginaw  MI ,82,82,16965,8,16,3144,1,4,636,0,0,0,47,47,7648,7,14,2654,0,0,0,0,0,0
202306,476,41180,C,St. Louis  MO-IL ,2278,2278,837920,21,42,9831,22,81,13649,43,1422,207890,2061,2061,777022,16,32,8238,20,75,13128,26,1297,193836
202306,480,41540,C,Salisbury  MD-DE ,2071,2071,335171,22,44,8789,1,4,416,20,199,31528,2054,2054,333008,21,42,8649,1,4,416,20,199,31528
202306,482,36260,C,Ogden-Clearfield  UT ,942,942,303641,0,0,0,20,73,13192,28,383,58081,661,661,221827,0,0,0,11,41,7080,12,143,24179
202306,482,39340,C,Provo-Orem  UT ,2013,2013,659227,15,30,7771,23,90,17304,34,570,108532,1970,1970,631512,14,28,7102,23,90,17304,34,570,108532
202306,482,41620,C,Salt Lake City  UT ,1564,1564,435124,20,40,5494,37,138,29284,105,3040,536635,1249,1249,350086,4,8,2168,15,59,9931,51,1244,273935
202306,484,41700,C,San Antonio-New Braunfels  TX ,4317,4317,1144705,229,458,60631,11,39,9884,156,5620,652855,3716,3716,1012374,220,440,57467,11,39,9884,151,5535,642278
202306,488,32900,C,Merced  CA ,180,180,54395,0,0,0,0,0,0,0,0,0,111,111,32082,0,0,0,0,0,0,0,0,0
202306,488,33700,C,Modesto  CA ,335,335,71494,0,0,0,0,0,0,5,72,7331,281,281,62600,0,0,0,0,0,0,5,72,7331
202306,488,34900,C,Napa  CA ,111,111,32661,0,0,0,1,3,867,6,376,65021,56,56,14899,0,0,0,0,0,0,0,0,0
202306,488,41860,C,San Francisco-Oakland-Berkeley  CA ,1619,1619,584138,15,30,9065,14,48,14713,91,2303,473972,1401,1401,504386,12,24,6767,12,40,14313,68,1990,425640
202306,488,41940,C,San Jose-Sunnyvale-Santa Clara  CA ,1133,1133,458400,5,10,4169,1,4,811,45,2373,481395,1078,1078,435711,5,10,4169,1,4,811,28,2184,449035
202306,488,42100,C,Santa Cruz-Watsonville  CA ,123,123,19933,0,0,0,0,0,0,10,285,37917,98,98,17294,0,0,0,0,0,0,3,245,34831
202306,488,42220,C,Santa Rosa-Petaluma  CA ,465,465,131143,0,0,0,2,6,2300,27,506,140393,379,379,113640,0,0,0,2,6,2300,14,441,127060
202306,488,44700,C,Stockton  CA ,996,996,366450,2,4,849,1,3,527,11,139,16963,395,395,148003,0,0,0,0,0,0,0,0,0
202306,488,46700,C,Vallejo  CA ,438,438,125848,0,0,0,0,0,0,23,308,64859,298,298,77918,0,0,0,0,0,0,23,308,64859
202306,496,25980,C,Hinesville  GA ,383,383,99893,1,2,175,0,0,0,0,0,0,241,241,66063,1,2,175,0,0,0,0,0,0
202306,496,42340,C,Savannah  GA ,1406,1406,365627,6,12,1455,1,3,304,35,669,95179,1086,1086,281572,0,0,0,0,0,0,35,669,95179
202306,500,14740,C,Bremerton-Silverdale-Port Orchard  WA ,481,481,182113,1,2,503,0,0,0,41,898,119719,481,481,182113,1,2,503,0,0,0,41,898,119719
202306,500,34580,C,Mount Vernon-Anacortes  WA ,97,97,35248,4,8,3562,1,3,437,9,182,19924,68,68,24289,2,4,2921,0,0,0,1,67,9191
202306,500,36500,C,Olympia-Lacey-Tumwater  WA ,373,373,115255,1,2,482,0,0,0,31,522,76869,323,323,104065,1,2,482,0,0,0,24,486,75337
202306,500,42660,C,Seattle-Tacoma-Bellevue  WA ,2984,2984,1159562,219,438,115906,74,253,59213,123,5379,874264,2500,2500,975046,217,434,115231,73,249,58501,108,5196,852786
202306,508,43340,C,Shreveport-Bossier City  LA ,421,421,117892,4,8,897,1,3,298,0,0,0,358,358,100694,4,8,897,1,3,298,0,0,0
202306,515,21140,C,Elkhart-Goshen  IN ,150,150,42783,0,0,0,0,0,0,1,5,667,142,142,40741,0,0,0,0,0,0,0,0,0
202306,515,35660,C,Niles  MI ,129,129,63577,0,0,0,1,4,1350,0,0,0,75,75,43055,0,0,0,1,4,1350,0,0,0
202306,515,43780,C,South Bend-Mishawaka  IN-MI ,192,192,80889,3,6,1408,0,0,0,0,0,0,158,158,64926,3,6,1408,0,0,0,0,0,0
202306,518,17660,C,Coeur dAlene  ID ,638,638,240509,20,40,9996,4,12,5527,17,194,36622,515,515,206676,17,34,8844,1,3,1756,12,144,31200
202306,518,44060,C,Spokane-Spokane Valley  WA ,845,845,225758,56,112,27816,11,39,8157,51,1143,161867,399,399,98986,36,72,18710,8,28,5869,25,474,74710
202306,522,44100,C,Springfield  IL ,76,76,26802,5,10,1833,0,0,0,1,5,642,19,19,6553,0,0,0,0,0,0,0,0,0
202306,524,44300,C,State College  PA ,151,151,44306,2,4,621,1,4,1060,2,28,9803,78,78,27899,0,0,0,1,4,1060,2,28,9803
202306,532,45060,C,Syracuse  NY ,231,231,61917,1,2,341,1,3,380,4,20,1560,145,145,41057,0,0,0,1,3,380,0,0,0
202306,534,45780,C,Toledo  OH ,475,475,132414,21,42,4370,0,0,0,13,365,37901,464,464,129070,21,42,4370,0,0,0,13,365,37901
202306,536,46060,C,Tucson  AZ ,1683,1683,557906,52,104,12331,3,10,876,64,769,110913,1271,1271,453367,41,82,9716,3,10,876,34,368,50734
202306,538,46140,C,Tulsa  OK ,1645,1645,391515,22,44,5233,11,40,9023,27,708,79624,1504,1504,364126,22,44,5233,11,40,9023,22,660,75932
202306,540,46340,C,Tyler  TX ,216,216,57786,81,162,22673,12,41,5864,3,18,2423,141,141,37623,80,160,22413,9,30,4291,1,5,689
202306,544,47020,C,Victoria  TX ,36,36,7693,0,0,0,0,0,0,0,0,0,29,29,7525,0,0,0,0,0,0,0,0,0
202306,545,47260,C,Virginia Beach-Norfolk-Newport News  VA-NC ,1783,1783,481256,6,12,1560,4,12,1500,27,1314,204235,1671,1671,470587,6,12,1560,4,12,1500,27,1314,204235
202306,548,12580,C,Baltimore-Columbia-Towson  MD ,2066,2066,473934,1,2,100,0,0,0,48,2501,285259,1979,1979,455019,0,0,0,0,0,0,29,1276,195608
202306,548,15680,C,California-Lexington Park  MD ,173,173,63557,0,0,0,0,0,0,0,0,0,173,173,63557,0,0,0,0,0,0,0,0,0
202306,548,16540,C,Chambersburg-Waynesboro  PA ,143,143,39381,5,10,1980,0,0,0,5,51,4817,117,117,33206,5,10,1980,0,0,0,4,46,4170
202306,548,25180,C,Hagerstown-Martinsburg  MD-WV ,910,910,189053,5,10,2375,0,0,0,0,0,0,879,879,182921,5,10,2375,0,0,0,0,0,0
202306,548,47900,C,Washington-Arlington-Alexandria  DC-VA-MD-WV ,5805,5805,1658720,16,32,4898,3,11,1665,101,5037,628406,5262,5262,1488439,14,28,4558,3,11,1665,75,4738,581026
202306,548,49020,C,Winchester  VA-WV ,547,547,130096,0,0,0,0,0,0,0,0,0,546,546,129864,0,0,0,0,0,0,0,0,0
202306,554,48140,C,Wausau-Weston  WI ,146,146,45537,6,12,1722,1,4,600,0,0,0,96,96,29907,4,8,1040,1,4,600,0,0,0
202306,556,48620,C,Wichita  KS ,711,711,259860,219,438,55907,6,18,2220,2,192,28405,596,596,206652,205,410,52763,6,18,2220,2,192,28405
202306,558,48700,C,Williamsport  PA ,36,36,10950,0,0,0,0,0,0,1,5,613,7,7,3007,0,0,0,0,0,0,0,0,0
202306,566,49660,C,Youngstown-Warren-Boardman  OH-PA ,136,136,35085,0,0,0,2,8,2369,0,0,0,106,106,27515,0,0,0,2,8,2369,0,0,0
202306,999,10180,C,Abilene  TX ,175,175,46216,11,22,2494,0,0,0,9,64,8500,175,175,46216,11,22,2494,0,0,0,9,64,8500
202306,999,10500,C,Albany  GA ,80,80,13663,1,2,21,0,0,0,2,10,1108,59,59,8121,1,2,21,0,0,0,0,0,0
202306,999,10780,C,Alexandria  LA ,115,115,27487,2,4,290,0,0,0,0,0,0,89,89,20107,2,4,290,0,0,0,0,0,0
202306,999,10900,C,Allentown-Bethlehem-Easton  PA-NJ ,655,655,161088,9,18,2528,0,0,0,13,198,17767,439,439,117360,9,18,2528,0,0,0,6,134,11854
202306,999,11260,C,Anchorage  AK ,120,120,51760,6,12,2477,0,0,0,1,40,6224,31,31,6648,6,12,2477,0,0,0,1,40,6224
202306,999,11500,C,Anniston-Oxford  AL ,37,37,5362,0,0,0,0,0,0,0,0,0,33,33,4908,0,0,0,0,0,0,0,0,0
202306,999,12260,C,Augusta-Richmond County  GA-SC ,1658,1658,418822,7,14,2415,3,10,1403,9,132,25413,589,589,160013,7,14,2415,3,10,1403,9,132,25413
202306,999,12420,C,Austin-Round Rock-Georgetown  TX ,7696,7696,2246789,103,206,22681,13,48,4666,203,8386,808267,4794,4794,1559634,52,104,13279,10,39,3817,173,7573,756952
202306,999,12540,C,Bakersfield  CA ,1008,1008,254366,10,20,1579,3,9,549,6,31,2832,372,372,77784,7,14,1030,1,3,165,0,0,0
202306,999,12620,C,Bangor  ME ,149,149,34944,9,18,2554,2,8,946,0,0,0,52,52,15249,6,12,1895,2,8,946,0,0,0
202306,999,12940,C,Baton Rouge  LA ,1472,1472,369887,0,0,0,0,0,0,1,15,1688,244,244,66831,0,0,0,0,0,0,0,0,0
202306,999,13140,C,Beaumont-Port Arthur  TX ,547,547,137231,7,14,1643,0,0,0,7,66,7614,413,413,107165,3,6,812,0,0,0,7,66,7614
202306,999,13220,C,Beckley  WV ,61,61,13265,0,0,0,0,0,0,0,0,0,55,55,12264,0,0,0,0,0,0,0,0,0
202306,999,13380,C,Bellingham  WA ,290,290,83553,1,2,550,7,25,5108,3,147,17522,102,102,32455,1,2,550,5,18,3478,3,147,17522
202306,999,13740,C,Billings  MT ,202,202,63473,0,0,0,0,0,0,0,0,0,147,147,60584,0,0,0,0,0,0,0,0,0
202306,999,13780,C,Binghamton  NY ,53,53,11495,0,0,0,0,0,0,13,99,9192,3,3,1128,0,0,0,0,0,0,0,0,0
202306,999,13900,C,Bismarck  ND ,95,95,34125,16,32,8260,1,4,1017,1,5,744,81,81,30890,16,32,8260,1,4,1017,0,0,0
202306,999,13980,C,Blacksburg-Christiansburg  VA ,212,212,56784,1,2,300,2,6,2280,0,0,0,207,207,55513,1,2,300,2,6,2280,0,0,0
202306,999,15260,C,Brunswick  GA ,327,327,114000,27,54,5491,3,11,2630,2,69,8274,20,20,4000,0,0,0,0,0,0,0,0,0
202306,999,16060,C,Carbondale-Marion  IL ,27,27,11198,0,0,0,7,26,1794,0,0,0,7,7,8300,0,0,0,0,0,0,0,0,0
202306,999,16220,C,Casper  WY ,43,43,11545,0,0,0,0,0,0,0,0,0,27,27,8344,0,0,0,0,0,0,0,0,0
202306,999,16580,C,Champaign-Urbana  IL ,98,98,31063,1,2,425,1,3,865,7,274,41676,98,98,31063,1,2,425,1,3,865,7,274,41676
202306,999,16700,C,Charleston-North Charleston  SC ,2936,2936,1048505,0,0,0,77,231,8278,30,798,78044,1231,1231,593757,0,0,0,0,0,0,7,41,12259
202306,999,16820,C,Charlottesville  VA ,435,435,157336,1,2,200,2,6,475,15,160,21409,120,120,35493,1,2,200,0,0,0,0,0,0
202306,999,16940,C,Cheyenne  WY ,90,90,21134,0,0,0,8,32,4061,0,0,0,89,89,20784,0,0,0,8,32,4061,0,0,0
202306,999,17020,C,Chico  CA ,326,326,65434,8,16,2286,2,8,521,10,152,21799,326,326,65434,8,16,2286,2,8,521,10,152,21799
202306,999,17300,C,Clarksville  TN-KY ,708,708,147871,26,52,6580,25,89,9360,34,401,32332,697,697,146380,26,52,6580,25,89,9360,34,401,32332
202306,999,17780,C,College Station-Bryan  TX ,644,644,135535,15,30,2137,0,0,0,11,78,11424,642,642,135125,15,30,2137,0,0,0,11,78,11424
202306,999,17820,C,Colorado Springs  CO ,1692,1692,637128,52,104,19712,1,3,414,46,1845,319594,1688,1688,636274,52,104,19712,0,0,0,46,1845,319594
202306,999,18880,C,Crestview-Fort Walton Beach-Destin  FL ,1501,1501,691639,14,28,5973,2,8,1300,46,1556,196773,1494,1494,688930,14,28,5973,2,8,1300,46,1556,196773
202306,999,19060,C,Cumberland  MD-WV ,32,32,8635,2,4,150,1,4,30,0,0,0,28,28,8065,2,4,150,1,4,30,0,0,0
202306,999,19180,C,Danville  IL ,3,3,638,0,0,0,0,0,0,0,0,0,0,0,0,0,0,0,0,0,0,0,0,0
202306,999,19500,C,Decatur  IL ,17,17,6578,0,0,0,0,0,0,0,0,0,13,13,5196,0,0,0,0,0,0,0,0,0
202306,999,20220,C,Dubuque  IA ,69,69,29100,3,6,1460,0,0,0,0,0,0,68,68,28750,3,6,1460,0,0,0,0,0,0
202306,999,20260,C,Duluth  MN-WI ,214,214,60756,3,6,1182,0,0,0,2,252,53452,150,150,42247,1,2,332,0,0,0,2,252,53452
202306,999,20940,C,El Centro  CA ,94,94,11979,1,2,90,0,0,0,3,23,3775,74,74,10424,1,2,90,0,0,0,0,0,0
202306,999,21420,C,Enid  OK ,6,6,2039,0,0,0,0,0,0,0,0,0,4,4,1615,0,0,0,0,0,0,0,0,0
202306,999,21660,C,Eugene-Springfield  OR ,374,374,110789,15,30,6273,0,0,0,11,451,41477,165,165,51895,13,26,5615,0,0,0,10,424,40727
202306,999,21780,C,Evansville  IN-KY ,399,399,134031,16,32,5111,5,20,2257,4,46,3603,154,154,55748,1,2,700,2,8,600,1,24,2289
202306,999,21820,C,Fairbanks  AK ,4,4,1461,0,0,0,0,0,0,1,8,1272,4,4,1461,0,0,0,0,0,0,1,8,1272
202306,999,22140,C,Farmington  NM ,50,50,13093,0,0,0,0,0,0,0,0,0,50,50,13093,0,0,0,0,0,0,0,0,0
202306,999,22220,C,Fayetteville-Springdale-Rogers  AR-MO ,2571,2571,728095,103,206,49493,14,42,6989,42,601,101702,1728,1728,516013,94,188,43645,13,39,6706,8,205,34796
202306,999,22380,C,Flagstaff  AZ ,147,147,54799,4,8,1071,18,72,13900,17,111,8944,147,147,54799,4,8,1071,18,72,13900,17,111,8944
202306,999,22500,C,Florence  SC ,434,434,83046,1,2,150,0,0,0,0,0,0,269,269,46616,1,2,150,0,0,0,0,0,0
202306,999,22520,C,Florence-Muscle Shoals  AL ,107,107,12809,0,0,0,6,20,7443,0,0,0,32,32,3783,0,0,0,6,20,7443,0,0,0
202306,999,22540,C,Fond du Lac  WI ,54,54,19352,1,2,350,0,0,0,3,18,1427,3,3,1256,0,0,0,0,0,0,0,0,0
202306,999,22660,C,Fort Collins  CO ,639,639,233228,6,12,3600,3,11,3167,31,678,94975,639,639,233228,6,12,3600,3,11,3167,31,678,94975
202306,999,22900,C,Fort Smith  AR-OK ,204,204,49079,64,128,16425,5,16,1200,0,0,0,171,171,45237,62,124,15997,1,4,180,0,0,0
202306,999,23460,C,Gadsden  AL ,65,65,11518,0,0,0,0,0,0,0,0,0,40,40,7302,0,0,0,0,0,0,0,0,0
202306,999,24140,C,Goldsboro  NC ,233,233,54436,0,0,0,0,0,0,2,10,731,180,180,39191,0,0,0,0,0,0,0,0,0
202306,999,24220,C,Grand Forks  ND-MN ,78,78,22453,0,0,0,0,0,0,0,0,0,77,77,22228,0,0,0,0,0,0,0,0,0
202306,999,24260,C,Grand Island  NE ,47,47,12073,19,38,6290,11,35,6513,12,120,18000,26,26,6670,10,20,3890,11,35,6513,12,120,18000
202306,999,24300,C,Grand Junction  CO ,232,232,39108,4,8,672,1,4,786,9,568,72255,232,232,39108,4,8,672,1,4,786,9,568,72255
202306,999,24500,C,Great Falls  MT ,63,63,21570,4,8,3040,0,0,0,0,0,0,63,63,21570,4,8,3040,0,0,0,0,0,0
202306,999,25060,C,Gulfport-Biloxi  MS ,1542,1542,202618,2,4,715,3,9,1307,6,50,7958,1133,1133,132917,1,2,470,1,3,705,4,40,7111
202306,999,25860,C,Hickory-Lenoir-Morganton  NC ,1024,1024,216608,13,26,3205,0,0,0,22,260,39792,847,847,181163,12,24,2845,0,0,0,7,167,34015
202306,999,25940,C,Hilton Head Island-Bluffton  SC ,1187,1187,477719,0,0,0,2,6,2051,15,353,48397,495,495,243626,0,0,0,2,6,2051,14,348,47947
202306,999,26140,C,Homosassa Springs  FL ,817,817,199148,2,4,651,0,0,0,0,0,0,3,3,450,0,0,0,0,0,0,0,0,0
202306,999,26380,C,Houma-Thibodaux  LA ,280,280,67609,2,4,366,1,3,365,1,13,900,279,279,67558,2,4,366,1,3,365,1,13,900
202306,999,27100,C,Jackson  MI ,66,66,19780,0,0,0,0,0,0,0,0,0,18,18,6338,0,0,0,0,0,0,0,0,0
202306,999,27340,C,Jacksonville  NC ,584,584,126743,29,58,6918,0,0,0,0,0,0,584,584,126743,29,58,6918,0,0,0,0,0,0
202306,999,27620,C,Jefferson City  MO ,91,91,24515,2,4,600,2,7,561,0,0,0,73,73,20389,2,4,600,1,4,377,0,0,0
202306,999,27980,C,Kahului-Wailuku-Lahaina  HI ,187,187,89989,0,0,0,0,0,0,0,0,0,187,187,89989,0,0,0,0,0,0,0,0,0
202306,999,28660,C,Killeen-Temple  TX ,1209,1209,257048,133,266,27971,0,0,0,13,233,30475,422,422,62850,72,144,15340,0,0,0,0,0,0
202306,999,29100,C,La Crosse-Onalaska  WI-MN ,100,100,36719,21,42,9197,1,3,900,1,42,4000,52,52,20902,9,18,3100,0,0,0,1,42,4000
202306,999,29420,C,Lake Havasu City-Kingman  AZ ,778,778,202653,19,38,3796,4,13,1042,0,0,0,771,771,201629,19,38,3796,2,7,590,0,0,0
202306,999,29540,C,Lancaster  PA ,346,346,99400,6,12,1880,1,3,790,11,94,12795,237,237,72630,6,12,1880,0,0,0,9,84,12395
202306,999,29620,C,Lansing-East Lansing  MI ,204,204,58938,0,0,0,0,0,0,7,223,23945,109,109,33122,0,0,0,0,0,0,1,105,10850
202306,999,29700,C,Laredo  TX ,574,574,121544,9,18,1841,9,32,4601,3,46,2990,0,0,0,0,0,0,0,0,0,0,0,0
202306,999,30020,C,Lawton  OK ,43,43,6644,9,18,2346,0,0,0,0,0,0,20,20,4335,9,18,2346,0,0,0,0,0,0
202306,999,30300,C,Lewiston  ID-WA ,65,65,19815,3,6,1085,0,0,0,0,0,0,45,45,14191,3,6,1085,0,0,0,0,0,0
202306,999,30860,C,Logan  UT-ID ,280,280,98857,1,2,586,0,0,0,7,115,20722,234,234,85992,1,2,586,0,0,0,7,115,20722
202306,999,30980,C,Longview  TX ,144,144,36815,10,20,2332,3,11,1591,6,46,3258,97,97,26489,1,2,230,0,0,0,0,0,0
202306,999,31340,C,Lynchburg  VA ,365,365,78567,3,6,852,3,9,1810,6,53,1374,354,354,76355,0,0,0,0,0,0,0,0,0
202306,999,31740,C,Manhattan  KS ,128,128,41667,1,2,250,2,6,500,0,0,0,73,73,24414,1,2,250,0,0,0,0,0,0
202306,999,33540,C,Missoula  MT ,149,149,44256,7,14,2225,1,4,224,9,257,38293,149,149,44256,7,14,2225,1,4,224,9,257,38293
202306,999,36100,C,Ocala  FL ,2481,2481,669964,15,30,3916,1,4,100,4,96,8800,2475,2475,668882,15,30,3916,1,4,100,4,96,8800
202306,999,36980,C,Owensboro  KY ,95,95,9052,1,2,173,0,0,0,7,43,6410,90,90,8044,0,0,0,0,0,0,7,43,6410
202306,999,37340,C,Palm Bay-Melbourne-Titusville  FL ,2664,2664,998929,20,40,4210,12,47,4912,32,1044,160391,2592,2592,981246,20,40,4210,11,44,3393,32,1044,160391
202306,999,37460,C,Panama City  FL ,827,827,306135,7,14,3180,3,11,1438,34,419,71657,109,109,45806,1,2,500,2,8,758,25,314,51831
202306,999,37900,C,Peoria  IL ,83,83,29455,1,2,484,0,0,0,0,0,0,35,35,15204,1,2,484,0,0,0,0,0,0
202306,999,38340,C,Pittsfield  MA ,40,40,20092,0,0,0,0,0,0,0,0,0,3,3,1357,0,0,0,0,0,0,0,0,0
202306,999,38540,C,Pocatello  ID ,136,136,25045,3,6,1009,6,20,2169,1,5,450,59,59,6624,1,2,325,2,8,925,0,0,0
202306,999,39150,C,Prescott Valley-Prescott  AZ ,603,603,198039,11,22,2703,0,0,0,3,153,24035,582,582,185750,11,22,2703,0,0,0,3,153,24035
202306,999,40060,C,Richmond  VA ,2240,2240,546842,62,124,17851,2,8,829,38,2402,192625,2161,2161,531796,62,124,17851,2,8,829,33,2363,188792
202306,999,40220,C,Roanoke  VA ,219,219,65561,0,0,0,0,0,0,7,183,20930,113,113,31535,0,0,0,0,0,0,0,0,0
202306,999,41100,C,St. George  UT ,1069,1069,214670,4,8,1233,3,11,3031,16,404,69291,851,851,168419,4,8,1233,3,11,3031,13,383,67866
202306,999,41500,C,Salinas  CA ,234,234,57273,2,4,1081,0,0,0,0,0,0,231,231,56158,1,2,492,0,0,0,0,0,0
202306,999,41660,C,San Angelo  TX ,119,119,32325,0,0,0,0,0,0,0,0,0,119,119,32325,0,0,0,0,0,0,0,0,0
202306,999,41740,C,San Diego-Chula Vista-Carlsbad  CA ,1175,1175,321051,18,36,5563,20,68,13348,110,2127,314317,1140,1140,308042,18,36,5563,20,68,13348,109,2117,307163
202306,999,42020,C,San Luis Obispo-Paso Robles  CA ,263,263,70873,1,2,281,0,0,0,6,185,26246,237,237,63271,0,0,0,0,0,0,5,172,24427
202306,999,42200,C,Santa Maria-Santa Barbara  CA ,219,219,68640,11,22,3409,2,6,420,4,55,6253,105,105,41392,10,20,3180,1,3,105,0,0,0
202306,999,42540,C,Scranton--Wilkes-Barre  PA ,213,213,63476,11,22,4488,3,11,2230,3,15,2051,43,43,18995,10,20,3990,2,8,1876,0,0,0
202306,999,42700,C,Sebring-Avon Park  FL ,343,343,79459,10,20,2778,0,0,0,1,52,10240,343,343,79459,10,20,2778,0,0,0,1,52,10240
202306,999,43100,C,Sheboygan  WI ,80,80,25749,3,6,1582,0,0,0,2,131,20450,45,45,13234,1,2,400,0,0,0,2,131,20450
202306,999,43420,C,Sierra Vista-Douglas  AZ ,266,266,42973,0,0,0,0,0,0,0,0,0,233,233,34516,0,0,0,0,0,0,0,0,0
202306,999,43580,C,Sioux City  IA-NE-SD ,97,97,26583,0,0,0,5,15,900,2,20,1200,37,37,10457,0,0,0,1,3,900,2,20,1200
202306,999,43620,C,Sioux Falls  SD ,496,496,115456,3,6,1096,19,71,8059,41,1385,187559,373,373,84470,2,4,696,6,24,3558,32,1337,181347
202306,999,44140,C,Springfield  MA ,187,187,61192,1,2,393,0,0,0,20,125,25808,64,64,24108,0,0,0,0,0,0,10,62,19657
202306,999,44180,C,Springfield  MO ,690,690,204542,30,60,9003,14,47,6170,0,0,0,524,524,153826,27,54,8168,13,44,5982,0,0,0
202306,999,44940,C,Sumter  SC ,243,243,38627,3,6,572,0,0,0,0,0,0,0,0,0,0,0,0,0,0,0,0,0,0
202306,999,45220,C,Tallahassee  FL ,688,688,150747,6,12,1330,0,0,0,23,686,88001,271,271,65004,0,0,0,0,0,0,0,0,0
202306,999,45300,C,Tampa-St. Petersburg-Clearwater  FL ,6946,6946,1987658,36,72,12370,22,85,8151,135,4332,636124,3622,3622,1229929,32,64,10919,22,85,8151,116,4229,608560
202306,999,45460,C,Terre Haute  IN ,71,71,13165,2,4,640,0,0,0,1,5,471,41,41,7870,2,4,640,0,0,0,0,0,0
202306,999,45500,C,Texarkana  TX-AR ,40,40,10767,0,0,0,0,0,0,0,0,0,11,11,3979,0,0,0,0,0,0,0,0,0
202306,999,45820,C,Topeka  KS ,164,164,41246,1,2,267,0,0,0,0,0,0,151,151,39005,1,2,267,0,0,0,0,0,0
202306,999,46220,C,Tuscaloosa  AL ,303,303,84430,3,6,1310,17,54,5456,6,231,37664,120,120,33081,0,0,0,0,0,0,0,0,0
202306,999,46300,C,Twin Falls  ID ,182,182,51957,5,10,2089,7,28,5482,0,0,0,181,181,51733,5,10,2089,7,28,5482,0,0,0
202306,999,46520,C,Urban Honolulu  HI ,397,397,137664,35,70,8566,2,7,459,7,423,96092,0,0,0,0,0,0,0,0,0,0,0,0
202306,999,46540,C,Utica-Rome  NY ,100,100,23746,0,0,0,0,0,0,6,33,5156,24,24,9754,0,0,0,0,0,0,0,0,0
202306,999,46660,C,Valdosta  GA ,580,580,114444,3,6,398,0,0,0,2,25,2455,336,336,72626,0,0,0,0,0,0,0,0,0
202306,999,47300,C,Visalia  CA ,535,535,172568,4,8,870,0,0,0,8,69,10179,535,535,172568,4,8,870,0,0,0,8,69,10179
202306,999,47380,C,Waco  TX ,437,437,86219,23,46,3627,0,0,0,37,296,27672,351,351,65415,19,38,2777,0,0,0,31,266,24586
202306,999,47940,C,Waterloo-Cedar Falls  IA ,123,123,37950,4,8,888,0,0,0,1,12,2509,85,85,26538,1,2,200,0,0,0,1,12,2509
202306,999,48060,C,Watertown-Fort Drum  NY ,83,83,12271,0,0,0,0,0,0,0,0,0,5,5,1147,0,0,0,0,0,0,0,0,0
202306,999,48300,C,Wenatchee  WA ,264,264,77265,3,6,1431,1,3,1000,0,0,0,121,121,47621,2,4,1039,1,3,1000,0,0,0
202306,999,48540,C,Wheeling  WV-OH ,3,3,530,0,0,0,1,3,350,0,0,0,2,2,492,0,0,0,0,0,0,0,0,0
202306,999,48660,C,Wichita Falls  TX ,114,114,31983,2,4,350,3,9,900,1,13,1421,45,45,12745,0,0,0,3,9,900,0,0,0
202306,999,48900,C,Wilmington  NC ,1054,1054,330119,64,128,15059,2,6,1542,22,800,104318,408,408,110874,44,88,6710,0,0,0,0,0,0
202306,999,49420,C,Yakima  WA ,195,195,53205,13,26,4139,16,60,7606,0,0,0,152,152,42220,13,26,4139,15,57,7313,0,0,0
202306,999,49740,C,Yuma  AZ ,308,308,49832,7,14,1473,1,4,346,0,0,0,294,294,47806,7,14,1473,1,4,346,0,0,0
