Survey,CSA,CBSA,MONCOV,CBSA,,1-unit,,,2-units,,,3-4 units,,,5+ units,,,1-unit rep,,,2-units rep,,,3-4 units rep,,,5+ units rep
Date,Code,Code,,Name,Bldgs,Units,Value,Bldgs,Units,Value,Bldgs,Units,Value,Bldgs,Units,Value,Bldgs,Units,Value,Bldgs,Units,Value,      Bldgs,Units,Value,Bldgs,Units,Value
 
202301,104,10580,C,Albany-Schenectady-Troy  NY ,45,45,17885,0,0,0,2,8,1600,1,40,1000,31,31,12261,0,0,0,2,8,1600,1,40,1000
202301,104,24020,C,Glens Falls  NY ,9,9,2369,0,0,0,0,0,0,0,0,0,3,3,896,0,0,0,0,0,0,0,0,0
202301,106,10740,C,Albuquerque  NM ,132,132,35328,0,0,0,0,0,0,4,124,6585,85,85,24663,0,0,0,0,0,0,1,84,4000
202301,106,42140,C,Santa Fe  NM ,9,9,2624,0,0,0,0,0,0,3,40,4402,0,0,0,0,0,0,0,0,0,0,0,0
202301,107,11020,C,Altoona  PA ,3,3,918,0,0,0,0,0,0,0,0,0,1,1,425,0,0,0,0,0,0,0,0,0
202301,108,11100,C,Amarillo  TX ,26,26,6662,1,2,260,0,0,0,0,0,0,26,26,6662,1,2,260,0,0,0,0,0,0
202301,118,11540,C,Appleton  WI ,18,18,6985,3,6,825,0,0,0,6,180,12682,15,15,5815,3,6,825,0,0,0,4,168,11655
202301,118,36780,C,Oshkosh-Neenah  WI ,11,11,4542,0,0,0,0,0,0,0,0,0,10,10,4158,0,0,0,0,0,0,0,0,0
202301,120,11700,C,Asheville  NC ,165,165,67958,4,8,1172,0,0,0,4,106,11173,70,70,37016,4,8,1172,0,0,0,0,0,0
202301,122,12020,C,Athens-Clarke County  GA ,41,41,12718,1,2,221,1,4,511,4,98,10752,8,8,4063,0,0,0,0,0,0,0,0,0
202301,122,12060,C,Atlanta-Sandy Springs-Alpharetta  GA ,1348,1348,368145,3,6,1708,1,3,956,35,2350,417127,1195,1195,333151,2,4,1508,0,0,0,32,2271,404250
202301,122,23580,C,Gainesville  GA ,60,60,14993,0,0,0,0,0,0,0,0,0,5,5,2026,0,0,0,0,0,0,0,0,0
202301,122,40660,C,Rome  GA ,21,21,4046,0,0,0,0,0,0,0,0,0,21,21,4046,0,0,0,0,0,0,0,0,0
202301,140,13460,C,Bend  OR ,83,83,27516,5,10,2207,0,0,0,2,36,7758,83,83,27516,5,10,2207,0,0,0,2,36,7758
202301,142,13820,C,Birmingham-Hoover  AL ,228,228,67688,5,10,8390,0,0,0,0,0,0,204,204,60502,5,10,8390,0,0,0,0,0,0
202301,144,14020,C,Bloomington  IN ,9,9,3594,0,0,0,0,0,0,1,18,3000,8,8,3309,0,0,0,0,0,0,1,18,3000
202301,145,14010,C,Bloomington  IL ,3,3,1149,0,0,0,0,0,0,0,0,0,2,2,800,0,0,0,0,0,0,0,0,0
202301,146,14100,C,Bloomsburg-Berwick  PA ,2,2,404,0,0,0,0,0,0,0,0,0,1,1,140,0,0,0,0,0,0,0,0,0
202301,147,14260,C,Boise City  ID ,319,319,87335,2,4,591,9,36,4460,10,314,42817,233,233,66625,1,2,307,5,20,2763,7,272,40694
202301,148,12700,C,Barnstable Town  MA ,29,29,15305,3,6,753,1,3,500,0,0,0,21,21,11295,3,6,753,1,3,500,0,0,0
202301,148,14460,C,Boston-Cambridge-Newton  MA-NH ,270,270,104101,16,32,5788,12,42,7677,30,690,210368,138,138,60870,9,18,2815,11,39,7069,9,507,189350
202301,148,31700,C,Manchester-Nashua  NH ,40,40,11406,1,2,470,0,0,0,0,0,0,18,18,6261,0,0,0,0,0,0,0,0,0
202301,148,39300,C,Providence-Warwick  RI-MA ,111,111,25881,10,20,2907,2,7,877,1,5,458,55,55,12890,6,12,1891,1,4,562,0,0,0
202301,148,49340,C,Worcester  MA-CT ,46,46,14663,2,4,428,0,0,0,2,19,2496,21,21,7504,1,2,175,0,0,0,0,0,0
202301,150,14540,C,Bowling Green  KY ,62,62,15669,0,0,0,0,0,0,6,48,5056,62,62,15669,0,0,0,0,0,0,6,48,5056
202301,154,15180,C,Brownsville-Harlingen  TX ,82,82,12677,11,22,2127,2,7,952,3,30,2631,12,12,4182,6,12,1222,0,0,0,0,0,0
202301,160,15380,C,Buffalo-Cheektowaga  NY ,40,40,14540,0,0,0,1,3,225,2,27,4118,21,21,9120,0,0,0,0,0,0,1,18,2100
202301,162,15540,C,Burlington-South Burlington  VT ,18,18,5516,0,0,0,0,0,0,1,5,714,9,9,2982,0,0,0,0,0,0,0,0,0
202301,163,15980,C,Cape Coral-Fort Myers  FL ,608,608,159778,5,10,1292,1,3,518,8,607,48424,607,607,158595,5,10,1292,1,3,518,8,607,48424
202301,163,34940,C,Naples-Marco Island  FL ,208,208,121291,0,0,0,1,4,457,2,38,4461,208,208,121291,0,0,0,1,4,457,2,38,4461
202301,164,16020,C,Cape Girardeau  MO-IL ,7,7,2028,0,0,0,0,0,0,0,0,0,0,0,0,0,0,0,0,0,0,0,0,0
202301,168,16300,C,Cedar Rapids  IA ,0,0,0,0,0,0,0,0,0,0,0,0,0,0,0,0,0,0,0,0,0,0,0,0
202301,168,26980,C,Iowa City  IA ,19,19,5842,0,0,0,0,0,0,1,6,860,13,13,4298,0,0,0,0,0,0,0,0,0
202301,170,16620,C,Charleston  WV ,10,10,751,0,0,0,0,0,0,0,0,0,8,8,593,0,0,0,0,0,0,0,0,0
202301,170,26580,C,Huntington-Ashland  WV-KY-OH ,16,16,4023,0,0,0,0,0,0,0,0,0,6,6,1935,0,0,0,0,0,0,0,0,0
202301,172,16740,C,Charlotte-Concord-Gastonia  NC-SC ,1324,1324,343454,3,6,1240,1,4,601,9,596,64049,1186,1186,303053,3,6,1240,1,4,601,6,536,56763
202301,174,16860,C,Chattanooga  TN-GA ,103,103,21748,6,12,928,2,7,574,2,58,5791,71,71,15061,1,2,210,1,4,400,0,0,0
202301,174,17420,C,Cleveland  TN ,37,37,7875,0,0,0,1,4,500,1,10,1200,24,24,5521,0,0,0,1,4,500,1,10,1200
202301,174,19140,C,Dalton  GA ,20,20,3360,0,0,0,1,3,449,1,33,3411,0,0,0,0,0,0,0,0,0,0,0,0
202301,176,16980,C,Chicago-Naperville-Elgin  IL-IN-WI ,314,314,125382,4,8,1770,5,16,3141,21,538,164627,256,256,111324,4,8,1770,5,16,3141,13,498,158611
202301,176,28100,C,Kankakee  IL ,3,3,1115,0,0,0,0,0,0,0,0,0,2,2,695,0,0,0,0,0,0,0,0,0
202301,176,33140,C,Michigan City-La Porte  IN ,9,9,2991,1,2,220,0,0,0,0,0,0,8,8,2691,0,0,0,0,0,0,0,0,0
202301,178,17140,C,Cincinnati  OH-KY-IN ,218,218,62342,6,12,1157,3,9,2189,7,84,21658,182,182,52751,6,12,1157,3,9,2189,3,26,16284
202301,184,10420,C,Akron  OH ,42,42,15669,1,2,581,2,7,2882,1,5,67,36,36,13579,1,2,581,1,4,744,0,0,0
202301,184,15940,C,Canton-Massillon  OH ,21,21,4857,0,0,0,2,8,1664,1,5,384,19,19,4624,0,0,0,2,8,1664,0,0,0
202301,184,17460,C,Cleveland-Elyria  OH ,111,111,36995,4,8,2311,2,6,1718,5,35,5603,96,96,33034,3,6,2300,2,6,1718,5,35,5603
202301,190,17860,C,Columbia  MO ,24,24,9713,2,4,520,0,0,0,0,0,0,24,24,9713,2,4,520,0,0,0,0,0,0
202301,192,17900,C,Columbia  SC ,249,249,61630,0,0,0,0,0,0,0,0,0,157,157,42397,0,0,0,0,0,0,0,0,0
202301,194,12220,C,Auburn-Opelika  AL ,60,60,16118,2,4,841,1,3,345,2,25,3009,0,0,0,0,0,0,0,0,0,0,0,0
202301,194,17980,C,Columbus  GA-AL ,36,36,8621,0,0,0,0,0,0,1,41,6455,19,19,5202,0,0,0,0,0,0,0,0,0
202301,198,18140,C,Columbus  OH ,273,273,94055,2,4,769,3,9,766,4,69,7514,232,232,81532,2,4,769,3,9,766,3,64,6900
202301,204,18580,C,Corpus Christi  TX ,108,108,26397,0,0,0,0,0,0,1,24,1784,85,85,19547,0,0,0,0,0,0,0,0,0
202301,206,19100,C,Dallas-Fort Worth-Arlington  TX ,2244,2244,704043,58,116,16802,5,19,3653,24,2201,359527,1580,1580,536539,47,94,14067,1,4,2218,10,1364,263606
202301,206,43300,C,Sherman-Denison  TX ,85,85,27229,0,0,0,0,0,0,11,276,35214,81,81,25899,0,0,0,0,0,0,11,276,35214
202301,209,19340,C,Davenport-Moline-Rock Island  IA-IL ,17,17,5414,1,2,325,2,6,1023,0,0,0,8,8,3764,0,0,0,1,3,773,0,0,0
202301,212,19430,C,Dayton-Kettering  OH ,55,55,21799,0,0,0,0,0,0,1,18,2184,34,34,14105,0,0,0,0,0,0,0,0,0
202301,212,44220,C,Springfield  OH ,5,5,1908,0,0,0,0,0,0,0,0,0,5,5,1908,0,0,0,0,0,0,0,0,0
202301,216,14500,C,Boulder  CO ,76,76,66565,1,2,333,2,8,1674,7,120,24068,75,75,65344,0,0,0,2,8,1674,6,104,19419
202301,216,19740,C,Denver-Aurora-Lakewood  CO ,567,567,170477,2,4,924,2,6,1104,43,1357,200036,532,532,158907,2,4,924,1,3,642,39,1274,188406
202301,216,24540,C,Greeley  CO ,125,125,38263,3,6,1048,3,10,1655,14,114,13055,92,92,30710,0,0,0,2,7,1198,13,96,10438
202301,218,11180,C,Ames  IA ,4,4,1199,0,0,0,0,0,0,0,0,0,1,1,320,0,0,0,0,0,0,0,0,0
202301,218,19780,C,Des Moines-West Des Moines  IA ,117,117,38039,0,0,0,2,7,1549,2,110,19046,110,110,35660,0,0,0,1,4,919,1,105,18382
202301,220,11460,C,Ann Arbor  MI ,40,40,13231,0,0,0,0,0,0,20,120,2700,35,35,11925,0,0,0,0,0,0,20,120,2700
202301,220,19820,C,Detroit-Warren-Dearborn  MI ,171,171,60156,4,8,1698,3,10,1888,9,97,9957,136,136,51720,4,8,1698,1,4,1095,9,97,9957
202301,220,22420,C,Flint  MI ,17,17,4904,0,0,0,0,0,0,0,0,0,15,15,4575,0,0,0,0,0,0,0,0,0
202301,220,33780,C,Monroe  MI ,3,3,768,0,0,0,0,0,0,0,0,0,0,0,0,0,0,0,0,0,0,0,0,0
202301,222,20020,C,Dothan  AL ,30,30,7813,0,0,0,0,0,0,0,0,0,22,22,5947,0,0,0,0,0,0,0,0,0
202301,232,20740,C,Eau Claire  WI ,11,11,3717,5,10,1741,0,0,0,1,25,3209,5,5,1951,2,4,600,0,0,0,0,0,0
202301,236,21300,C,Elmira  NY ,2,2,438,0,0,0,0,0,0,1,5,560,1,1,100,0,0,0,0,0,0,0,0,0
202301,238,21340,C,El Paso  TX ,137,137,32123,7,14,1793,1,3,396,2,21,2469,0,0,0,0,0,0,0,0,0,0,0,0
202301,238,29740,C,Las Cruces  NM ,43,43,13078,0,0,0,0,0,0,0,0,0,37,37,11744,0,0,0,0,0,0,0,0,0
202301,240,21500,C,Erie  PA ,2,2,331,0,0,0,0,0,0,0,0,0,1,1,30,0,0,0,0,0,0,0,0,0
202301,244,22020,C,Fargo  ND-MN ,16,16,5088,0,0,0,0,0,0,1,96,11626,5,5,1933,0,0,0,0,0,0,1,96,11626
202301,246,22180,C,Fayetteville  NC ,126,126,24901,0,0,0,0,0,0,0,0,0,84,84,19189,0,0,0,0,0,0,0,0,0
202301,258,23060,C,Fort Wayne  IN ,100,100,31107,0,0,0,0,0,0,0,0,0,100,100,31107,0,0,0,0,0,0,0,0,0
202301,260,23420,C,Fresno  CA ,156,156,47600,0,0,0,0,0,0,24,512,29601,111,111,33773,0,0,0,0,0,0,21,488,26300
202301,260,25260,C,Hanford-Corcoran  CA ,35,35,8325,0,0,0,0,0,0,0,0,0,30,30,7180,0,0,0,0,0,0,0,0,0
202301,260,31460,C,Madera  CA ,53,53,16159,0,0,0,0,0,0,0,0,0,43,43,14079,0,0,0,0,0,0,0,0,0
202301,264,23540,C,Gainesville  FL ,92,92,23521,0,0,0,0,0,0,1,116,3950,24,24,5536,0,0,0,0,0,0,0,0,0
202301,266,24340,C,Grand Rapids-Kentwood  MI ,105,105,31417,2,4,607,0,0,0,4,309,71347,80,80,23938,0,0,0,0,0,0,2,294,69480
202301,266,34740,C,Muskegon  MI ,15,15,4758,1,2,288,0,0,0,0,0,0,10,10,3718,0,0,0,0,0,0,0,0,0
202301,267,24580,C,Green Bay  WI ,24,24,7734,0,0,0,0,0,0,2,10,884,17,17,5654,0,0,0,0,0,0,0,0,0
202301,268,15500,C,Burlington  NC ,142,142,19678,0,0,0,0,0,0,1,27,2900,142,142,19678,0,0,0,0,0,0,1,27,2900
202301,268,24660,C,Greensboro-High Point  NC ,171,171,45664,0,0,0,0,0,0,1,33,4961,123,123,30724,0,0,0,0,0,0,1,33,4961
202301,268,49180,C,Winston-Salem  NC ,274,274,80978,0,0,0,0,0,0,2,11,2065,254,254,76097,0,0,0,0,0,0,1,6,1868
202301,272,24780,C,Greenville  NC ,30,30,8450,3,6,840,0,0,0,0,0,0,9,9,3618,3,6,840,0,0,0,0,0,0
202301,273,24860,C,Greenville-Anderson  SC ,427,427,118436,21,42,4798,1,4,1585,0,0,0,407,407,111619,21,42,4798,1,4,1585,0,0,0
202301,273,43900,C,Spartanburg  SC ,269,269,48809,0,0,0,0,0,0,0,0,0,267,267,48336,0,0,0,0,0,0,0,0,0
202301,276,23900,C,Gettysburg  PA ,32,32,10369,0,0,0,0,0,0,0,0,0,32,32,10369,0,0,0,0,0,0,0,0,0
202301,276,25420,C,Harrisburg-Carlisle  PA ,74,74,18734,0,0,0,2,8,728,1,5,475,56,56,14378,0,0,0,2,8,728,1,5,475
202301,276,30140,C,Lebanon  PA ,18,18,1986,1,2,341,0,0,0,1,5,876,17,17,1819,1,2,341,0,0,0,0,0,0
202301,276,49620,C,York-Hanover  PA ,74,74,17459,0,0,0,0,0,0,2,15,1773,45,45,12572,0,0,0,0,0,0,1,10,1403
202301,277,25500,C,Harrisonburg  VA ,25,25,6964,0,0,0,1,4,550,3,15,1923,25,25,6964,0,0,0,1,4,550,2,10,1440
202301,277,44420,C,Staunton  VA ,25,25,5597,0,0,0,0,0,0,2,82,12144,25,25,5597,0,0,0,0,0,0,2,82,12144
202301,278,25540,C,Hartford-East Hartford-Middletown  CT ,46,46,12864,0,0,0,0,0,0,6,100,14233,30,30,9053,0,0,0,0,0,0,4,90,13740
202301,278,35980,C,Norwich-New London  CT ,14,14,3268,1,2,194,0,0,0,0,0,0,3,3,896,0,0,0,0,0,0,0,0,0
202301,279,25620,C,Hattiesburg  MS ,5,5,1160,0,0,0,0,0,0,0,0,0,2,2,420,0,0,0,0,0,0,0,0,0
202301,284,26300,C,Hot Springs  AR ,3,3,801,0,0,0,0,0,0,0,0,0,3,3,801,0,0,0,0,0,0,0,0,0
202301,288,26420,C,Houston-The Woodlands-Sugar Land  TX ,2692,2692,658340,91,182,19963,7,25,3509,65,3367,379323,2546,2546,619403,85,170,18422,7,25,3509,63,3353,378290
202301,290,19460,C,Decatur  AL ,13,13,4309,0,0,0,0,0,0,0,0,0,13,13,4309,0,0,0,0,0,0,0,0,0
202301,290,26620,C,Huntsville  AL ,261,261,51299,0,0,0,0,0,0,1,28,1912,163,163,27795,0,0,0,0,0,0,1,28,1912
202301,292,26820,C,Idaho Falls  ID ,36,36,6939,0,0,0,0,0,0,0,0,0,35,35,6503,0,0,0,0,0,0,0,0,0
202301,294,18020,C,Columbus  IN ,6,6,2573,0,0,0,0,0,0,0,0,0,6,6,2573,0,0,0,0,0,0,0,0,0
202301,294,26900,C,Indianapolis-Carmel-Anderson  IN ,363,363,136195,6,12,2385,5,15,950,7,626,152200,325,325,125667,6,12,2385,5,15,950,7,626,152200
202301,294,34620,C,Muncie  IN ,3,3,811,0,0,0,0,0,0,0,0,0,2,2,520,0,0,0,0,0,0,0,0,0
202301,296,27060,C,Ithaca  NY ,5,5,1530,1,2,294,0,0,0,1,16,2717,0,0,0,0,0,0,0,0,0,0,0,0
202301,297,27180,C,Jackson  TN ,25,25,5940,0,0,0,0,0,0,0,0,0,5,5,1423,0,0,0,0,0,0,0,0,0
202301,298,27140,C,Jackson  MS ,89,89,18930,1,2,247,0,0,0,0,0,0,70,70,13125,0,0,0,0,0,0,0,0,0
202301,300,27260,C,Jacksonville  FL ,829,829,213841,10,20,2733,0,0,0,12,330,26364,822,822,211103,10,20,2733,0,0,0,12,330,26364
202301,304,27740,C,Johnson City  TN ,30,30,8373,0,0,0,0,0,0,0,0,0,21,21,7133,0,0,0,0,0,0,0,0,0
202301,304,28700,C,Kingsport-Bristol  TN-VA ,48,48,12791,1,2,450,0,0,0,0,0,0,37,37,11344,1,2,450,0,0,0,0,0,0
202301,306,27780,C,Johnstown  PA ,4,4,881,0,0,0,0,0,0,0,0,0,0,0,0,0,0,0,0,0,0,0,0,0
202301,308,27860,C,Jonesboro  AR ,36,36,5568,4,8,550,5,17,881,2,10,568,2,2,266,0,0,0,0,0,0,0,0,0
202301,309,27900,C,Joplin  MO ,24,24,4041,14,28,3915,0,0,0,1,5,225,17,17,2967,14,28,3915,0,0,0,0,0,0
202301,310,12980,C,Battle Creek  MI ,3,3,773,0,0,0,0,0,0,0,0,0,0,0,0,0,0,0,0,0,0,0,0,0
202301,310,28020,C,Kalamazoo-Portage  MI ,18,18,6878,0,0,0,0,0,0,0,0,0,14,14,6021,0,0,0,0,0,0,0,0,0
202301,312,28140,C,Kansas City  MO-KS ,215,215,74378,4,8,2348,1,4,975,2,38,5366,170,170,56999,2,4,896,1,4,975,1,9,1700
202301,312,29940,C,Lawrence  KS ,9,9,2968,0,0,0,0,0,0,1,15,1123,0,0,0,0,0,0,0,0,0,0,0,0
202301,312,41140,C,St. Joseph  MO-KS ,3,3,665,0,0,0,0,0,0,0,0,0,1,1,250,0,0,0,0,0,0,0,0,0
202301,313,28420,C,Kennewick-Richland  WA ,65,65,21344,1,2,643,6,24,3000,1,48,5707,38,38,13972,0,0,0,6,24,3000,1,48,5707
202301,313,47460,C,Walla Walla  WA ,30,30,7495,0,0,0,0,0,0,0,0,0,28,28,6906,0,0,0,0,0,0,0,0,0
202301,315,28940,C,Knoxville  TN ,273,273,82245,1,2,300,0,0,0,6,136,21838,249,249,77252,1,2,300,0,0,0,4,102,19174
202301,315,34100,C,Morristown  TN ,29,29,9548,1,2,200,0,0,0,0,0,0,24,24,8754,1,2,200,0,0,0,0,0,0
202301,316,29020,C,Kokomo  IN ,1,1,306,0,0,0,0,0,0,0,0,0,0,0,0,0,0,0,0,0,0,0,0,0
202301,318,29180,C,Lafayette  LA ,196,196,42647,0,0,0,0,0,0,6,216,27233,170,170,37696,0,0,0,0,0,0,6,216,27233
202301,320,29200,C,Lafayette-West Lafayette  IN ,39,39,11690,0,0,0,0,0,0,1,30,3391,22,22,6858,0,0,0,0,0,0,0,0,0
202301,324,29340,C,Lake Charles  LA ,45,45,9581,2,4,322,0,0,0,2,70,14798,42,42,8562,1,2,172,0,0,0,2,70,14798
202301,332,29820,C,Las Vegas-Henderson-Paradise  NV ,455,455,128675,3,6,1080,0,0,0,36,686,116844,453,453,127981,3,6,1080,0,0,0,36,686,116844
202301,336,30460,C,Lexington-Fayette  KY ,82,82,20706,1,2,400,1,3,440,4,121,11269,16,16,5496,0,0,0,0,0,0,0,0,0
202301,338,30620,C,Lima  OH ,4,4,841,0,0,0,0,0,0,0,0,0,1,1,350,0,0,0,0,0,0,0,0,0
202301,339,30700,C,Lincoln  NE ,48,48,14737,0,0,0,0,0,0,2,73,10347,3,3,884,0,0,0,0,0,0,0,0,0
202301,340,30780,C,Little Rock-North Little Rock-Conway  AR ,157,157,36128,4,8,689,2,7,970,1,21,1183,115,115,28477,0,0,0,2,7,970,0,0,0
202301,340,38220,C,Pine Bluff  AR ,7,7,896,0,0,0,0,0,0,2,24,1250,7,7,896,0,0,0,0,0,0,2,24,1250
202301,348,31080,C,Los Angeles-Long Beach-Anaheim  CA ,829,829,208511,66,132,30546,8,31,9106,41,780,142352,733,733,181959,62,124,28506,8,31,9106,30,633,114785
202301,348,37100,C,Oxnard-Thousand Oaks-Ventura  CA ,27,27,8913,1,2,531,1,3,727,3,46,6995,5,5,1463,0,0,0,0,0,0,0,0,0
202301,348,40140,C,Riverside-San Bernardino-Ontario  CA ,423,423,109974,5,10,783,8,30,5221,38,583,83241,297,297,74470,5,10,783,8,30,5221,36,572,82562
202301,350,21060,C,Elizabethtown-Fort Knox  KY ,30,30,5873,0,0,0,0,0,0,0,0,0,30,30,5873,0,0,0,0,0,0,0,0,0
202301,350,31140,C,Louisville-Jefferson County  KY-IN ,147,147,48241,3,6,935,0,0,0,10,208,39556,140,140,46379,3,6,935,0,0,0,10,208,39556
202301,352,31180,C,Lubbock  TX ,142,142,29750,1,2,244,0,0,0,0,0,0,129,129,25895,1,2,244,0,0,0,0,0,0
202301,356,31420,C,Macon-Bibb County  GA ,36,36,7792,0,0,0,0,0,0,0,0,0,15,15,3470,0,0,0,0,0,0,0,0,0
202301,356,47580,C,Warner Robins  GA ,76,76,14461,0,0,0,0,0,0,0,0,0,62,62,11102,0,0,0,0,0,0,0,0,0
202301,357,27500,C,Janesville-Beloit  WI ,9,9,2264,2,4,995,0,0,0,0,0,0,2,2,560,2,4,995,0,0,0,0,0,0
202301,357,31540,C,Madison  WI ,81,81,36294,8,16,3803,0,0,0,2,36,5749,70,70,32531,7,14,3360,0,0,0,0,0,0
202301,359,31860,C,Mankato  MN ,5,5,1324,0,0,0,0,0,0,1,7,739,1,1,200,0,0,0,0,0,0,0,0,0
202301,360,31900,C,Mansfield  OH ,4,4,1348,0,0,0,0,0,0,0,0,0,3,3,935,0,0,0,0,0,0,0,0,0
202301,365,32580,C,McAllen-Edinburg-Mission  TX ,277,277,61935,16,32,2889,41,160,13005,1,18,1091,189,189,43324,10,20,1709,29,115,9430,0,0,0
202301,366,24420,C,Grants Pass  OR ,10,10,2251,2,4,441,1,3,524,0,0,0,0,0,0,0,0,0,0,0,0,0,0,0
202301,366,32780,C,Medford  OR ,36,36,10774,0,0,0,0,0,0,1,5,672,34,34,10210,0,0,0,0,0,0,0,0,0
202301,368,32820,C,Memphis  TN-MS-AR ,187,187,49417,0,0,0,0,0,0,0,0,0,163,163,44186,0,0,0,0,0,0,0,0,0
202301,370,33100,C,Miami-Fort Lauderdale-Pompano Beach  FL ,301,301,141299,15,30,6713,6,22,2071,35,1332,181524,248,248,113837,15,30,6713,4,16,1435,23,1153,152199
202301,370,38940,C,Port St. Lucie  FL ,367,367,96604,10,20,6116,0,0,0,2,19,3780,354,354,93100,9,18,5781,0,0,0,1,8,2199
202301,370,42680,C,Sebastian-Vero Beach  FL ,71,71,30091,4,8,1481,0,0,0,0,0,0,6,6,2485,3,6,1200,0,0,0,0,0,0
202301,372,33260,C,Midland  TX ,29,29,8364,0,0,0,0,0,0,0,0,0,29,29,8364,0,0,0,0,0,0,0,0,0
202301,372,36220,C,Odessa  TX ,70,70,16665,0,0,0,0,0,0,1,5,599,0,0,0,0,0,0,0,0,0,0,0,0
202301,376,33340,C,Milwaukee-Waukesha  WI ,75,75,38373,7,14,2989,0,0,0,3,48,5967,58,58,29067,6,12,2525,0,0,0,2,40,5111
202301,376,39540,C,Racine  WI ,10,10,5196,0,0,0,0,0,0,0,0,0,10,10,5196,0,0,0,0,0,0,0,0,0
202301,378,33460,C,Minneapolis-St. Paul-Bloomington  MN-WI ,331,331,135410,2,4,475,2,7,1643,13,905,184708,305,305,127454,1,2,185,2,7,1643,6,806,168905
202301,378,41060,C,St. Cloud  MN ,11,11,3578,0,0,0,0,0,0,0,0,0,5,5,1927,0,0,0,0,0,0,0,0,0
202301,380,19300,C,Daphne-Fairhope-Foley  AL ,214,214,60661,1,2,260,0,0,0,1,12,953,132,132,39551,1,2,260,0,0,0,0,0,0
202301,380,33660,C,Mobile  AL ,62,62,17221,0,0,0,0,0,0,0,0,0,61,61,17187,0,0,0,0,0,0,0,0,0
202301,384,33740,C,Monroe  LA ,18,18,4278,0,0,0,0,0,0,1,7,872,1,1,110,0,0,0,0,0,0,0,0,0
202301,388,33860,C,Montgomery  AL ,53,53,13422,0,0,0,0,0,0,0,0,0,39,39,11006,0,0,0,0,0,0,0,0,0
202301,390,34060,C,Morgantown  WV ,2,2,854,0,0,0,0,0,0,0,0,0,0,0,0,0,0,0,0,0,0,0,0,0
202301,396,34820,C,Myrtle Beach-Conway-North Myrtle Beach  SC-NC ,643,643,184161,2,4,550,2,7,601,15,402,54948,616,616,175415,2,4,550,2,7,601,14,396,54648
202301,400,34980,C,Nashville-Davidson--Murfreesboro--Franklin  TN ,900,900,277619,1,2,246,3,11,873,22,190,57025,728,728,235615,1,2,246,3,11,873,16,138,51946
202301,404,35100,C,New Bern  NC ,39,39,11623,0,0,0,0,0,0,0,0,0,24,24,7128,0,0,0,0,0,0,0,0,0
202301,406,25220,C,Hammond  LA ,50,50,9130,0,0,0,0,0,0,1,59,5843,42,42,7787,0,0,0,0,0,0,0,0,0
202301,406,35380,C,New Orleans-Metairie  LA ,143,143,44555,17,34,4047,1,3,612,2,100,14881,64,64,24349,3,6,898,0,0,0,0,0,0
202301,408,14860,C,Bridgeport-Stamford-Norwalk  CT ,33,33,28131,2,4,1200,0,0,0,2,405,70420,28,28,25568,2,4,1200,0,0,0,2,405,70420
202301,408,20700,C,East Stroudsburg  PA ,16,16,5767,0,0,0,0,0,0,0,0,0,8,8,3591,0,0,0,0,0,0,0,0,0
202301,408,28740,C,Kingston  NY ,13,13,5050,0,0,0,0,0,0,1,24,2500,6,6,2620,0,0,0,0,0,0,1,24,2500
202301,408,35300,C,New Haven-Milford  CT ,39,39,11051,0,0,0,0,0,0,2,16,1227,22,22,7841,0,0,0,0,0,0,0,0,0
202301,408,35620,C,New York-Newark-Jersey City  NY-NJ-PA ,945,945,242800,61,122,13893,12,37,3338,71,1479,144031,633,633,161024,51,102,9589,4,12,1481,24,1057,94070
202301,408,39100,C,Poughkeepsie-Newburgh-Middletown  NY ,98,98,41969,1,2,297,0,0,0,2,29,3725,72,72,34167,0,0,0,0,0,0,0,0,0
202301,408,45940,C,Trenton-Princeton  NJ ,17,17,2246,0,0,0,0,0,0,2,10,598,1,1,166,0,0,0,0,0,0,0,0,0
202301,412,35840,C,North Port-Sarasota-Bradenton  FL ,680,680,232981,7,14,3942,6,24,13202,13,578,99428,644,644,222877,1,2,1304,6,24,13202,13,578,99428
202301,412,39460,C,Punta Gorda  FL ,176,176,51681,14,28,4323,2,8,2280,3,108,17573,0,0,0,0,0,0,0,0,0,0,0,0
202301,416,36420,C,Oklahoma City  OK ,289,289,92516,12,24,3248,0,0,0,0,0,0,258,258,86720,10,20,2965,0,0,0,0,0,0
202301,420,36540,C,Omaha-Council Bluffs  NE-IA ,189,189,30342,2,4,302,0,0,0,4,49,6365,173,173,26192,2,4,302,0,0,0,3,44,5996
202301,422,19660,C,Deltona-Daytona Beach-Ormond Beach  FL ,428,428,132190,17,34,5908,0,0,0,15,643,74924,380,380,117107,17,34,5908,0,0,0,13,597,69814
202301,422,29460,C,Lakeland-Winter Haven  FL ,448,448,114803,16,32,2308,0,0,0,3,32,3801,446,446,114251,16,32,2308,0,0,0,3,32,3801
202301,422,36740,C,Orlando-Kissimmee-Sanford  FL ,1077,1077,662703,15,30,3742,4,16,3881,12,503,72777,948,948,624801,15,30,3742,4,16,3881,8,434,68043
202301,422,45540,C,The Villages  FL ,205,205,54715,0,0,0,0,0,0,3,65,14549,0,0,0,0,0,0,0,0,0,0,0,0
202301,425,37620,C,Parkersburg-Vienna  WV ,5,5,1382,0,0,0,0,0,0,0,0,0,4,4,1230,0,0,0,0,0,0,0,0,0
202301,426,37860,C,Pensacola-Ferry Pass-Brent  FL ,253,253,66774,0,0,0,1,3,451,0,0,0,253,253,66774,0,0,0,1,3,451,0,0,0
202301,428,12100,C,Atlantic City-Hammonton  NJ ,34,34,7658,0,0,0,0,0,0,2,10,706,24,24,5690,0,0,0,0,0,0,0,0,0
202301,428,20100,C,Dover  DE ,45,45,7082,2,4,814,0,0,0,0,0,0,39,39,5701,2,4,814,0,0,0,0,0,0
202301,428,36140,C,Ocean City  NJ ,57,57,14633,8,16,4387,0,0,0,0,0,0,53,53,13613,7,14,4202,0,0,0,0,0,0
202301,428,37980,C,Philadelphia-Camden-Wilmington  PA-NJ-DE-MD ,491,491,97626,14,28,4579,14,47,5940,24,389,43273,330,330,71315,13,26,4463,14,47,5940,13,258,29387
202301,428,39740,C,Reading  PA ,15,15,3323,2,4,300,0,0,0,0,0,0,5,5,860,2,4,300,0,0,0,0,0,0
202301,428,47220,C,Vineland-Bridgeton  NJ ,8,8,798,0,0,0,0,0,0,1,5,501,2,2,176,0,0,0,0,0,0,0,0,0
202301,429,38060,C,Phoenix-Mesa-Chandler  AZ ,1102,1102,325210,31,62,6698,6,24,4386,10,247,44258,944,944,276786,30,60,6438,6,24,4386,9,142,25912
202301,430,38300,C,Pittsburgh  PA ,220,220,65205,1,2,182,4,13,1382,3,34,4313,128,128,43678,0,0,0,1,4,924,0,0,0
202301,430,48260,C,Weirton-Steubenville  WV-OH ,2,2,556,0,0,0,0,0,0,0,0,0,1,1,350,0,0,0,0,0,0,0,0,0
202301,438,30340,C,Lewiston-Auburn  ME ,10,10,2232,0,0,0,0,0,0,0,0,0,3,3,480,0,0,0,0,0,0,0,0,0
202301,438,38860,C,Portland-South Portland  ME ,122,122,37992,4,8,1536,1,3,250,2,10,1114,45,45,16386,3,6,1275,0,0,0,0,0,0
202301,440,10540,C,Albany-Lebanon  OR ,10,10,2763,0,0,0,0,0,0,0,0,0,6,6,1750,0,0,0,0,0,0,0,0,0
202301,440,18700,C,Corvallis  OR ,6,6,2896,0,0,0,0,0,0,0,0,0,6,6,2896,0,0,0,0,0,0,0,0,0
202301,440,31020,C,Longview  WA ,27,27,7270,3,6,1668,0,0,0,0,0,0,27,27,7270,3,6,1668,0,0,0,0,0,0
202301,440,38900,C,Portland-Vancouver-Hillsboro  OR-WA ,375,375,130299,11,22,4338,15,57,8950,31,603,96219,304,304,108234,10,20,3821,15,57,8950,25,537,87336
202301,440,41420,C,Salem  OR ,49,49,15198,9,18,3542,0,0,0,3,25,2617,28,28,9313,9,18,3542,0,0,0,0,0,0
202301,444,39380,C,Pueblo  CO ,14,14,2364,0,0,0,0,0,0,0,0,0,14,14,2364,0,0,0,0,0,0,0,0,0
202301,450,20500,C,Durham-Chapel Hill  NC ,192,192,64319,1,2,275,1,3,707,5,224,29686,40,40,16735,0,0,0,0,0,0,0,0,0
202301,450,39580,C,Raleigh-Cary  NC ,835,835,228639,13,26,8063,0,0,0,29,1197,169214,798,798,220300,13,26,8063,0,0,0,28,1160,165642
202301,452,39660,C,Rapid City  SD ,28,28,7582,0,0,0,1,4,465,0,0,0,28,28,7582,0,0,0,1,4,465,0,0,0
202301,454,39820,C,Redding  CA ,8,8,2654,0,0,0,0,0,0,0,0,0,2,2,947,0,0,0,0,0,0,0,0,0
202301,456,16180,C,Carson City  NV ,8,8,2113,0,0,0,0,0,0,1,6,599,0,0,0,0,0,0,0,0,0,0,0,0
202301,456,39900,C,Reno  NV ,98,98,28180,1,2,209,1,3,396,9,159,20235,15,15,4694,0,0,0,0,0,0,0,0,0
202301,462,40340,C,Rochester  MN ,21,21,7755,0,0,0,0,0,0,0,0,0,13,13,5852,0,0,0,0,0,0,0,0,0
202301,464,40380,C,Rochester  NY ,37,37,11598,6,12,1500,0,0,0,0,0,0,15,15,6702,6,12,1500,0,0,0,0,0,0
202301,466,40420,C,Rockford  IL ,8,8,2691,0,0,0,0,0,0,0,0,0,7,7,2591,0,0,0,0,0,0,0,0,0
202301,468,40580,C,Rocky Mount  NC ,28,28,4453,0,0,0,0,0,0,0,0,0,3,3,855,0,0,0,0,0,0,0,0,0
202301,472,40900,C,Sacramento-Roseville-Folsom  CA ,352,352,118329,3,6,2185,2,6,2280,30,818,114388,340,340,114857,3,6,2185,2,6,2280,30,818,114388
202301,472,49700,C,Yuba City  CA ,29,29,7267,0,0,0,0,0,0,1,5,578,24,24,5896,0,0,0,0,0,0,0,0,0
202301,474,13020,C,Bay City  MI ,2,2,560,0,0,0,0,0,0,0,0,0,0,0,0,0,0,0,0,0,0,0,0,0
202301,474,33220,C,Midland  MI ,4,4,912,0,0,0,0,0,0,0,0,0,3,3,762,0,0,0,0,0,0,0,0,0
202301,474,40980,C,Saginaw  MI ,9,9,2033,0,0,0,0,0,0,0,0,0,4,4,889,0,0,0,0,0,0,0,0,0
202301,476,41180,C,St. Louis  MO-IL ,210,210,70008,1,2,334,2,7,1176,9,405,56561,168,168,54498,0,0,0,1,4,573,6,347,49918
202301,480,41540,C,Salisbury  MD-DE ,258,258,41488,1,2,387,0,0,0,0,0,0,248,248,39778,1,2,387,0,0,0,0,0,0
202301,482,36260,C,Ogden-Clearfield  UT ,78,78,25386,0,0,0,4,14,2297,4,53,5572,41,41,15505,0,0,0,2,8,1401,0,0,0
202301,482,39340,C,Provo-Orem  UT ,202,202,74470,15,30,7771,9,36,5658,12,417,74535,200,200,73024,14,28,7102,9,36,5658,12,417,74535
202301,482,41620,C,Salt Lake City  UT ,238,238,61243,3,6,926,3,9,1779,19,375,53505,224,224,57368,1,2,607,1,3,611,14,132,20203
202301,484,41700,C,San Antonio-New Braunfels  TX ,522,522,130840,1,2,260,0,0,0,34,981,117918,447,447,113257,1,2,260,0,0,0,34,981,117918
202301,488,32900,C,Merced  CA ,36,36,11523,0,0,0,0,0,0,0,0,0,26,26,7429,0,0,0,0,0,0,0,0,0
202301,488,33700,C,Modesto  CA ,46,46,10204,0,0,0,0,0,0,2,24,3831,41,41,9485,0,0,0,0,0,0,2,24,3831
202301,488,34900,C,Napa  CA ,7,7,2086,0,0,0,0,0,0,1,56,9684,1,1,236,0,0,0,0,0,0,0,0,0
202301,488,41860,C,San Francisco-Oakland-Berkeley  CA ,157,157,49292,3,6,2262,2,6,3840,11,78,16781,120,120,36563,2,4,731,2,6,3840,1,10,3242
202301,488,41940,C,San Jose-Sunnyvale-Santa Clara  CA ,161,161,61092,2,4,720,0,0,0,3,140,19671,151,151,57669,2,4,720,0,0,0,2,132,17754
202301,488,42100,C,Santa Cruz-Watsonville  CA ,15,15,2811,0,0,0,0,0,0,1,6,463,11,11,2150,0,0,0,0,0,0,0,0,0
202301,488,42220,C,Santa Rosa-Petaluma  CA ,61,61,18935,0,0,0,0,0,0,8,162,24158,52,52,17045,0,0,0,0,0,0,6,152,22075
202301,488,44700,C,Stockton  CA ,91,91,31708,0,0,0,0,0,0,1,20,2423,70,70,25560,0,0,0,0,0,0,0,0,0
202301,488,46700,C,Vallejo  CA ,42,42,13193,0,0,0,0,0,0,0,0,0,40,40,12682,0,0,0,0,0,0,0,0,0
202301,496,25980,C,Hinesville  GA ,46,46,12250,0,0,0,0,0,0,0,0,0,28,28,7944,0,0,0,0,0,0,0,0,0
202301,496,42340,C,Savannah  GA ,214,214,50447,0,0,0,1,3,550,0,0,0,184,184,43564,0,0,0,0,0,0,0,0,0
202301,500,14740,C,Bremerton-Silverdale-Port Orchard  WA ,60,60,22521,0,0,0,0,0,0,3,82,12415,57,57,21188,0,0,0,0,0,0,3,82,12415
202301,500,34580,C,Mount Vernon-Anacortes  WA ,7,7,3163,2,4,2824,0,0,0,1,17,1587,7,7,3163,1,2,2585,0,0,0,0,0,0
202301,500,36500,C,Olympia-Lacey-Tumwater  WA ,40,40,10078,0,0,0,0,0,0,5,75,6539,34,34,8738,0,0,0,0,0,0,4,70,6326
202301,500,42660,C,Seattle-Tacoma-Bellevue  WA ,359,359,141284,17,34,8242,6,19,4261,14,634,114095,317,317,126611,17,34,8242,6,19,4261,9,507,94365
202301,508,43340,C,Shreveport-Bossier City  LA ,58,58,15650,0,0,0,0,0,0,0,0,0,37,37,11771,0,0,0,0,0,0,0,0,0
202301,515,21140,C,Elkhart-Goshen  IN ,9,9,2707,0,0,0,0,0,0,0,0,0,8,8,2420,0,0,0,0,0,0,0,0,0
202301,515,35660,C,Niles  MI ,12,12,4490,0,0,0,0,0,0,0,0,0,9,9,3587,0,0,0,0,0,0,0,0,0
202301,515,43780,C,South Bend-Mishawaka  IN-MI ,19,19,7322,0,0,0,0,0,0,0,0,0,16,16,6737,0,0,0,0,0,0,0,0,0
202301,518,17660,C,Coeur dAlene  ID ,41,41,16959,1,2,530,1,3,1257,1,16,1741,27,27,13899,1,2,530,0,0,0,0,0,0
202301,518,44060,C,Spokane-Spokane Valley  WA ,77,77,23029,8,16,4445,3,9,2277,3,26,3860,46,46,14644,8,16,4445,3,9,2277,1,9,1972
202301,522,44100,C,Springfield  IL ,7,7,1249,2,4,747,0,0,0,0,0,0,2,2,575,0,0,0,0,0,0,0,0,0
202301,524,44300,C,State College  PA ,31,31,8704,0,0,0,0,0,0,0,0,0,28,28,7826,0,0,0,0,0,0,0,0,0
202301,532,45060,C,Syracuse  NY ,41,41,7401,0,0,0,0,0,0,0,0,0,27,27,4443,0,0,0,0,0,0,0,0,0
202301,534,45780,C,Toledo  OH ,43,43,15243,0,0,0,0,0,0,2,99,12303,42,42,15063,0,0,0,0,0,0,2,99,12303
202301,536,46060,C,Tucson  AZ ,164,164,55166,1,2,238,0,0,0,4,60,9005,106,106,38984,0,0,0,0,0,0,0,0,0
202301,538,46140,C,Tulsa  OK ,214,214,43833,2,4,578,0,0,0,0,0,0,188,188,36651,2,4,578,0,0,0,0,0,0
202301,540,46340,C,Tyler  TX ,31,31,7556,11,22,2865,0,0,0,1,5,623,20,20,4746,11,22,2865,0,0,0,0,0,0
202301,544,47020,C,Victoria  TX ,6,6,816,0,0,0,0,0,0,0,0,0,4,4,768,0,0,0,0,0,0,0,0,0
202301,545,47260,C,Virginia Beach-Norfolk-Newport News  VA-NC ,279,279,70457,3,6,675,0,0,0,3,193,44007,262,262,69004,3,6,675,0,0,0,3,193,44007
202301,548,12580,C,Baltimore-Columbia-Towson  MD ,226,226,57039,0,0,0,0,0,0,16,686,98384,216,216,55352,0,0,0,0,0,0,15,540,67544
202301,548,15680,C,California-Lexington Park  MD ,14,14,4970,0,0,0,0,0,0,0,0,0,14,14,4970,0,0,0,0,0,0,0,0,0
202301,548,16540,C,Chambersburg-Waynesboro  PA ,17,17,4765,0,0,0,0,0,0,1,5,647,11,11,3371,0,0,0,0,0,0,0,0,0
202301,548,25180,C,Hagerstown-Martinsburg  MD-WV ,131,131,26907,0,0,0,0,0,0,0,0,0,127,127,26113,0,0,0,0,0,0,0,0,0
202301,548,47900,C,Washington-Arlington-Alexandria  DC-VA-MD-WV ,668,668,183144,8,16,1993,11,33,4959,20,1381,176728,529,529,146260,7,14,1823,11,33,4959,11,837,106099
202301,548,49020,C,Winchester  VA-WV ,83,83,22249,0,0,0,0,0,0,0,0,0,83,83,22249,0,0,0,0,0,0,0,0,0
202301,554,48140,C,Wausau-Weston  WI ,8,8,2440,0,0,0,0,0,0,0,0,0,4,4,1285,0,0,0,0,0,0,0,0,0
202301,556,48620,C,Wichita  KS ,131,131,42569,62,124,15013,0,0,0,0,0,0,92,92,27043,50,100,12580,0,0,0,0,0,0
202301,558,48700,C,Williamsport  PA ,5,5,1351,0,0,0,0,0,0,0,0,0,0,0,0,0,0,0,0,0,0,0,0,0
202301,566,49660,C,Youngstown-Warren-Boardman  OH-PA ,22,22,6242,0,0,0,1,4,1184,0,0,0,18,18,5450,0,0,0,1,4,1184,0,0,0
202301,999,10180,C,Abilene  TX ,15,15,3798,4,8,902,0,0,0,0,0,0,15,15,3798,4,8,902,0,0,0,0,0,0
202301,999,10500,C,Albany  GA ,6,6,1193,0,0,0,0,0,0,0,0,0,4,4,648,0,0,0,0,0,0,0,0,0
202301,999,10780,C,Alexandria  LA ,26,26,4793,0,0,0,0,0,0,0,0,0,20,20,3080,0,0,0,0,0,0,0,0,0
202301,999,10900,C,Allentown-Bethlehem-Easton  PA-NJ ,91,91,25118,6,12,1708,0,0,0,2,13,92,69,69,20363,6,12,1708,0,0,0,0,0,0
202301,999,11260,C,Anchorage  AK ,36,36,11237,0,0,0,1,3,518,2,16,2426,3,3,747,0,0,0,0,0,0,0,0,0
202301,999,11500,C,Anniston-Oxford  AL ,3,3,665,0,0,0,0,0,0,0,0,0,2,2,437,0,0,0,0,0,0,0,0,0
202301,999,12260,C,Augusta-Richmond County  GA-SC ,203,203,47361,0,0,0,0,0,0,0,0,0,136,136,34053,0,0,0,0,0,0,0,0,0
202301,999,12420,C,Austin-Round Rock-Georgetown  TX ,892,892,239026,18,36,4102,6,24,2400,11,767,83752,601,601,173446,15,30,3525,6,24,2400,10,754,82421
202301,999,12540,C,Bakersfield  CA ,93,93,22691,3,6,549,1,3,278,0,0,0,32,32,7876,2,4,176,0,0,0,0,0,0
202301,999,12620,C,Bangor  ME ,19,19,3836,2,4,523,0,0,0,0,0,0,9,9,1585,1,2,393,0,0,0,0,0,0
202301,999,12940,C,Baton Rouge  LA ,223,223,57407,0,0,0,0,0,0,0,0,0,29,29,12893,0,0,0,0,0,0,0,0,0
202301,999,13140,C,Beaumont-Port Arthur  TX ,62,62,16308,0,0,0,0,0,0,0,0,0,52,52,14419,0,0,0,0,0,0,0,0,0
202301,999,13220,C,Beckley  WV ,8,8,2457,0,0,0,0,0,0,0,0,0,8,8,2457,0,0,0,0,0,0,0,0,0
202301,999,13380,C,Bellingham  WA ,31,31,7689,0,0,0,0,0,0,0,0,0,8,8,1479,0,0,0,0,0,0,0,0,0
202301,999,13740,C,Billings  MT ,14,14,3407,0,0,0,0,0,0,0,0,0,14,14,3407,0,0,0,0,0,0,0,0,0
202301,999,13780,C,Binghamton  NY ,8,8,1382,0,0,0,0,0,0,2,12,1052,0,0,0,0,0,0,0,0,0,0,0,0
202301,999,13900,C,Bismarck  ND ,12,12,3954,0,0,0,0,0,0,0,0,0,8,8,2824,0,0,0,0,0,0,0,0,0
202301,999,13980,C,Blacksburg-Christiansburg  VA ,30,30,9315,1,2,300,2,6,2280,0,0,0,29,29,9114,1,2,300,2,6,2280,0,0,0
202301,999,15260,C,Brunswick  GA ,36,36,17559,0,0,0,0,0,0,0,0,0,31,31,16379,0,0,0,0,0,0,0,0,0
202301,999,16060,C,Carbondale-Marion  IL ,1,1,250,0,0,0,3,12,700,0,0,0,1,1,250,0,0,0,3,12,700,0,0,0
202301,999,16220,C,Casper  WY ,2,2,520,0,0,0,0,0,0,0,0,0,1,1,250,0,0,0,0,0,0,0,0,0
202301,999,16580,C,Champaign-Urbana  IL ,4,4,1570,0,0,0,0,0,0,1,18,1226,4,4,1570,0,0,0,0,0,0,1,18,1226
202301,999,16700,C,Charleston-North Charleston  SC ,375,375,128109,1,2,128,0,0,0,5,176,15468,174,174,72480,0,0,0,0,0,0,0,0,0
202301,999,16820,C,Charlottesville  VA ,47,47,16974,2,4,546,0,0,0,4,44,6437,10,10,2950,1,2,200,0,0,0,0,0,0
202301,999,16940,C,Cheyenne  WY ,5,5,953,0,0,0,0,0,0,0,0,0,5,5,953,0,0,0,0,0,0,0,0,0
202301,999,17020,C,Chico  CA ,52,52,10784,1,2,521,0,0,0,0,0,0,52,52,10784,1,2,521,0,0,0,0,0,0
202301,999,17300,C,Clarksville  TN-KY ,59,59,12011,8,16,2040,2,6,680,0,0,0,58,58,11940,8,16,2040,2,6,680,0,0,0
202301,999,17780,C,College Station-Bryan  TX ,91,91,21506,4,8,334,0,0,0,1,18,875,91,91,21506,4,8,334,0,0,0,1,18,875
202301,999,17820,C,Colorado Springs  CO ,151,151,58882,7,14,4313,0,0,0,3,210,37292,147,147,57742,7,14,4313,0,0,0,3,210,37292
202301,999,18880,C,Crestview-Fort Walton Beach-Destin  FL ,166,166,72647,1,2,132,0,0,0,16,735,65308,160,160,69970,1,2,132,0,0,0,16,735,65308
202301,999,19060,C,Cumberland  MD-WV ,1,1,400,0,0,0,0,0,0,0,0,0,1,1,400,0,0,0,0,0,0,0,0,0
202301,999,19180,C,Danville  IL ,0,0,0,0,0,0,0,0,0,0,0,0,0,0,0,0,0,0,0,0,0,0,0,0
202301,999,19500,C,Decatur  IL ,3,3,1237,0,0,0,0,0,0,0,0,0,2,2,900,0,0,0,0,0,0,0,0,0
202301,999,20220,C,Dubuque  IA ,2,2,1400,0,0,0,0,0,0,0,0,0,2,2,1400,0,0,0,0,0,0,0,0,0
202301,999,20260,C,Duluth  MN-WI ,15,15,4441,0,0,0,0,0,0,0,0,0,13,13,3700,0,0,0,0,0,0,0,0,0
202301,999,20940,C,El Centro  CA ,12,12,1160,1,2,90,0,0,0,1,5,500,4,4,160,1,2,90,0,0,0,0,0,0
202301,999,21420,C,Enid  OK ,0,0,0,0,0,0,0,0,0,0,0,0,0,0,0,0,0,0,0,0,0,0,0,0
202301,999,21660,C,Eugene-Springfield  OR ,31,31,8242,0,0,0,0,0,0,5,270,32289,11,11,2848,0,0,0,0,0,0,5,270,32289
202301,999,21780,C,Evansville  IN-KY ,37,37,12949,2,4,478,0,0,0,0,0,0,25,25,9634,1,2,209,0,0,0,0,0,0
202301,999,21820,C,Fairbanks  AK ,1,1,297,0,0,0,0,0,0,0,0,0,1,1,297,0,0,0,0,0,0,0,0,0
202301,999,22140,C,Farmington  NM ,7,7,1631,0,0,0,0,0,0,0,0,0,7,7,1631,0,0,0,0,0,0,0,0,0
202301,999,22220,C,Fayetteville-Springdale-Rogers  AR-MO ,352,352,91095,55,110,27117,0,0,0,14,149,33480,273,273,72635,54,108,26652,0,0,0,12,112,30572
202301,999,22380,C,Flagstaff  AZ ,28,28,7937,0,0,0,2,8,1232,3,16,668,28,28,7937,0,0,0,2,8,1232,3,16,668
202301,999,22500,C,Florence  SC ,29,29,5726,0,0,0,0,0,0,0,0,0,27,27,5436,0,0,0,0,0,0,0,0,0
202301,999,22520,C,Florence-Muscle Shoals  AL ,15,15,1844,0,0,0,0,0,0,0,0,0,3,3,281,0,0,0,0,0,0,0,0,0
202301,999,22540,C,Fond du Lac  WI ,7,7,2349,0,0,0,0,0,0,1,5,396,0,0,0,0,0,0,0,0,0,0,0,0
202301,999,22660,C,Fort Collins  CO ,75,75,27032,4,8,2651,1,4,960,5,161,24476,75,75,27032,4,8,2651,1,4,960,5,161,24476
202301,999,22900,C,Fort Smith  AR-OK ,20,20,4467,19,38,3943,2,7,435,0,0,0,16,16,4069,19,38,3943,1,4,180,0,0,0
202301,999,23460,C,Gadsden  AL ,9,9,1262,0,0,0,0,0,0,0,0,0,7,7,955,0,0,0,0,0,0,0,0,0
202301,999,24140,C,Goldsboro  NC ,23,23,5880,0,0,0,0,0,0,0,0,0,20,20,5203,0,0,0,0,0,0,0,0,0
202301,999,24220,C,Grand Forks  ND-MN ,1,1,225,0,0,0,0,0,0,0,0,0,0,0,0,0,0,0,0,0,0,0,0,0
202301,999,24260,C,Grand Island  NE ,3,3,626,1,2,350,0,0,0,0,0,0,1,1,230,0,0,0,0,0,0,0,0,0
202301,999,24300,C,Grand Junction  CO ,27,27,4019,0,0,0,0,0,0,0,0,0,27,27,4019,0,0,0,0,0,0,0,0,0
202301,999,24500,C,Great Falls  MT ,11,11,4210,0,0,0,0,0,0,0,0,0,11,11,4210,0,0,0,0,0,0,0,0,0
202301,999,25060,C,Gulfport-Biloxi  MS ,294,294,28605,0,0,0,0,0,0,0,0,0,247,247,20557,0,0,0,0,0,0,0,0,0
202301,999,25860,C,Hickory-Lenoir-Morganton  NC ,104,104,26290,2,4,525,0,0,0,3,17,931,85,85,22544,1,2,165,0,0,0,0,0,0
202301,999,25940,C,Hilton Head Island-Bluffton  SC ,151,151,53846,0,0,0,0,0,0,12,294,40918,72,72,28984,0,0,0,0,0,0,11,264,37013
202301,999,26140,C,Homosassa Springs  FL ,142,142,32146,1,2,465,0,0,0,0,0,0,141,141,31603,1,2,465,0,0,0,0,0,0
202301,999,26380,C,Houma-Thibodaux  LA ,41,41,11997,0,0,0,0,0,0,0,0,0,41,41,11997,0,0,0,0,0,0,0,0,0
202301,999,27100,C,Jackson  MI ,10,10,2688,0,0,0,0,0,0,0,0,0,3,3,797,0,0,0,0,0,0,0,0,0
202301,999,27340,C,Jacksonville  NC ,56,56,14476,5,10,633,0,0,0,0,0,0,56,56,14476,5,10,633,0,0,0,0,0,0
202301,999,27620,C,Jefferson City  MO ,9,9,2668,0,0,0,0,0,0,0,0,0,8,8,2430,0,0,0,0,0,0,0,0,0
202301,999,27980,C,Kahului-Wailuku-Lahaina  HI ,12,12,9781,0,0,0,0,0,0,0,0,0,12,12,9781,0,0,0,0,0,0,0,0,0
202301,999,28660,C,Killeen-Temple  TX ,137,137,28822,39,78,6735,0,0,0,3,62,7447,51,51,10876,22,44,3895,0,0,0,0,0,0
202301,999,29100,C,La Crosse-Onalaska  WI-MN ,5,5,1531,2,4,645,0,0,0,1,8,1022,1,1,273,0,0,0,0,0,0,0,0,0
202301,999,29420,C,Lake Havasu City-Kingman  AZ ,71,71,22069,0,0,0,0,0,0,0,0,0,71,71,22069,0,0,0,0,0,0,0,0,0
202301,999,29540,C,Lancaster  PA ,46,46,11956,2,4,811,0,0,0,1,6,1170,38,38,10181,2,4,811,0,0,0,1,6,1170
202301,999,29620,C,Lansing-East Lansing  MI ,21,21,5686,0,0,0,0,0,0,1,20,2219,12,12,3342,0,0,0,0,0,0,0,0,0
202301,999,29700,C,Laredo  TX ,75,75,12046,2,4,353,1,3,381,1,16,1040,0,0,0,0,0,0,0,0,0,0,0,0
202301,999,30020,C,Lawton  OK ,8,8,1406,0,0,0,0,0,0,0,0,0,0,0,0,0,0,0,0,0,0,0,0,0
202301,999,30300,C,Lewiston  ID-WA ,5,5,1661,0,0,0,0,0,0,0,0,0,5,5,1661,0,0,0,0,0,0,0,0,0
202301,999,30860,C,Logan  UT-ID ,21,21,8015,0,0,0,0,0,0,0,0,0,15,15,6515,0,0,0,0,0,0,0,0,0
202301,999,30980,C,Longview  TX ,20,20,4590,1,2,200,0,0,0,1,7,766,12,12,3039,0,0,0,0,0,0,0,0,0
202301,999,31340,C,Lynchburg  VA ,49,49,8292,1,2,284,1,3,603,1,10,259,48,48,8089,0,0,0,0,0,0,0,0,0
202301,999,31740,C,Manhattan  KS ,25,25,8380,0,0,0,0,0,0,0,0,0,20,20,6754,0,0,0,0,0,0,0,0,0
202301,999,33540,C,Missoula  MT ,23,23,7898,0,0,0,0,0,0,0,0,0,23,23,7898,0,0,0,0,0,0,0,0,0
202301,999,36100,C,Ocala  FL ,265,265,66368,1,2,100,0,0,0,0,0,0,265,265,66368,1,2,100,0,0,0,0,0,0
202301,999,36980,C,Owensboro  KY ,9,9,958,0,0,0,0,0,0,0,0,0,8,8,756,0,0,0,0,0,0,0,0,0
202301,999,37340,C,Palm Bay-Melbourne-Titusville  FL ,364,364,142058,2,4,210,0,0,0,0,0,0,356,356,140283,2,4,210,0,0,0,0,0,0
202301,999,37460,C,Panama City  FL ,89,89,33835,2,4,963,0,0,0,2,31,5766,22,22,8967,0,0,0,0,0,0,0,0,0
202301,999,37900,C,Peoria  IL ,7,7,3086,0,0,0,0,0,0,0,0,0,4,4,2286,0,0,0,0,0,0,0,0,0
202301,999,38340,C,Pittsfield  MA ,7,7,3426,0,0,0,0,0,0,0,0,0,0,0,0,0,0,0,0,0,0,0,0,0
202301,999,38540,C,Pocatello  ID ,21,21,3509,1,2,256,0,0,0,0,0,0,15,15,2541,0,0,0,0,0,0,0,0,0
202301,999,39150,C,Prescott Valley-Prescott  AZ ,60,60,19729,1,2,390,0,0,0,0,0,0,57,57,18215,1,2,390,0,0,0,0,0,0
202301,999,40060,C,Richmond  VA ,337,337,81413,0,0,0,1,4,529,11,904,66973,318,318,77845,0,0,0,1,4,529,10,894,66007
202301,999,40220,C,Roanoke  VA ,36,36,10671,0,0,0,0,0,0,2,60,5899,32,32,9860,0,0,0,0,0,0,1,24,1500
202301,999,41100,C,St. George  UT ,78,78,19820,0,0,0,0,0,0,0,0,0,71,71,18071,0,0,0,0,0,0,0,0,0
202301,999,41500,C,Salinas  CA ,12,12,2799,1,2,492,0,0,0,0,0,0,12,12,2799,1,2,492,0,0,0,0,0,0
202301,999,41660,C,San Angelo  TX ,20,20,5064,0,0,0,0,0,0,0,0,0,20,20,5064,0,0,0,0,0,0,0,0,0
202301,999,41740,C,San Diego-Chula Vista-Carlsbad  CA ,148,148,40413,0,0,0,3,9,2408,15,512,41356,141,141,38520,0,0,0,2,6,1961,14,507,40799
202301,999,42020,C,San Luis Obispo-Paso Robles  CA ,28,28,9198,0,0,0,1,3,521,3,22,2693,12,12,5589,0,0,0,0,0,0,0,0,0
202301,999,42200,C,Santa Maria-Santa Barbara  CA ,23,23,2630,1,2,286,0,0,0,1,5,511,15,15,2201,0,0,0,0,0,0,0,0,0
202301,999,42540,C,Scranton--Wilkes-Barre  PA ,28,28,7413,0,0,0,0,0,0,0,0,0,5,5,1608,0,0,0,0,0,0,0,0,0
202301,999,42700,C,Sebring-Avon Park  FL ,55,55,13085,3,6,677,0,0,0,1,52,10240,55,55,13085,3,6,677,0,0,0,1,52,10240
202301,999,43100,C,Sheboygan  WI ,6,6,2015,1,2,532,0,0,0,1,5,404,0,0,0,0,0,0,0,0,0,0,0,0
202301,999,43420,C,Sierra Vista-Douglas  AZ ,37,37,4301,0,0,0,0,0,0,0,0,0,36,36,3991,0,0,0,0,0,0,0,0,0
202301,999,43580,C,Sioux City  IA-NE-SD ,7,7,1996,0,0,0,0,0,0,0,0,0,2,2,573,0,0,0,0,0,0,0,0,0
202301,999,43620,C,Sioux Falls  SD ,18,18,5083,0,0,0,2,7,678,10,128,8833,8,8,2635,0,0,0,0,0,0,9,123,8170
202301,999,44140,C,Springfield  MA ,23,23,6469,0,0,0,0,0,0,1,5,630,9,9,2805,0,0,0,0,0,0,0,0,0
202301,999,44180,C,Springfield  MO ,114,114,30258,4,8,755,0,0,0,0,0,0,99,99,26047,4,8,755,0,0,0,0,0,0
202301,999,44940,C,Sumter  SC ,25,25,4011,0,0,0,0,0,0,0,0,0,0,0,0,0,0,0,0,0,0,0,0,0
202301,999,45220,C,Tallahassee  FL ,86,86,19331,1,2,222,0,0,0,4,137,17531,28,28,7090,0,0,0,0,0,0,0,0,0
202301,999,45300,C,Tampa-St. Petersburg-Clearwater  FL ,954,954,277231,6,12,1153,4,16,736,50,1128,89536,518,518,182367,6,12,1153,4,16,736,47,1109,84434
202301,999,45460,C,Terre Haute  IN ,10,10,1239,0,0,0,0,0,0,0,0,0,8,8,838,0,0,0,0,0,0,0,0,0
202301,999,45500,C,Texarkana  TX-AR ,7,7,1572,0,0,0,0,0,0,0,0,0,2,2,453,0,0,0,0,0,0,0,0,0
202301,999,45820,C,Topeka  KS ,18,18,4994,0,0,0,0,0,0,0,0,0,17,17,4844,0,0,0,0,0,0,0,0,0
202301,999,46220,C,Tuscaloosa  AL ,41,41,9432,1,2,475,4,12,904,1,64,10603,17,17,3402,0,0,0,0,0,0,0,0,0
202301,999,46300,C,Twin Falls  ID ,23,23,5562,0,0,0,0,0,0,0,0,0,23,23,5562,0,0,0,0,0,0,0,0,0
202301,999,46520,C,Urban Honolulu  HI ,37,37,13725,1,2,452,0,0,0,1,30,7277,0,0,0,0,0,0,0,0,0,0,0,0
202301,999,46540,C,Utica-Rome  NY ,8,8,1743,0,0,0,0,0,0,1,5,781,1,1,572,0,0,0,0,0,0,0,0,0
202301,999,46660,C,Valdosta  GA ,70,70,14312,0,0,0,0,0,0,0,0,0,29,29,7421,0,0,0,0,0,0,0,0,0
202301,999,47300,C,Visalia  CA ,96,96,29611,0,0,0,0,0,0,1,12,1309,96,96,29611,0,0,0,0,0,0,1,12,1309
202301,999,47380,C,Waco  TX ,46,46,8274,5,10,447,0,0,0,1,5,514,37,37,6616,4,8,250,0,0,0,0,0,0
202301,999,47940,C,Waterloo-Cedar Falls  IA ,7,7,1923,0,0,0,0,0,0,0,0,0,6,6,1473,0,0,0,0,0,0,0,0,0
202301,999,48060,C,Watertown-Fort Drum  NY ,10,10,2060,0,0,0,0,0,0,0,0,0,0,0,0,0,0,0,0,0,0,0,0,0
202301,999,48300,C,Wenatchee  WA ,23,23,5670,0,0,0,0,0,0,0,0,0,8,8,2857,0,0,0,0,0,0,0,0,0
202301,999,48540,C,Wheeling  WV-OH ,0,0,0,0,0,0,0,0,0,0,0,0,0,0,0,0,0,0,0,0,0,0,0,0
202301,999,48660,C,Wichita Falls  TX ,11,11,3748,2,4,350,1,3,200,0,0,0,7,7,2843,2,4,350,1,3,200,0,0,0
202301,999,48900,C,Wilmington  NC ,124,124,37648,3,6,1261,0,0,0,4,166,21716,8,8,4476,0,0,0,0,0,0,0,0,0
202301,999,49420,C,Yakima  WA ,27,27,7774,0,0,0,3,11,1250,0,0,0,24,24,7063,0,0,0,2,8,958,0,0,0
202301,999,49740,C,Yuma  AZ ,53,53,8696,5,10,928,0,0,0,0,0,0,53,53,8696,5,10,928,0,0,0,0,0,0
