Survey,CSA,CBSA,MONCOV,CBSA,,1-unit,,,2-units,,,3-4 units,,,5+ units,,,1-unit rep,,,2-units rep,,,3-4 units rep,,,5+ units rep
Date,Code,Code,,Name,Bldgs,Units,Value,Bldgs,Units,Value,Bldgs,Units,Value,Bldgs,Units,Value,Bldgs,Units,Value,Bldgs,Units,Value,      Bldgs,Units,Value,Bldgs,Units,Value
 
202304,104,10580,C,Albany-Schenectady-Troy  NY ,301,301,107427,5,10,2100,5,19,4060,14,238,34061,202,202,71202,1,2,250,2,8,2060,7,202,30178
202304,104,24020,C,Glens Falls  NY ,47,47,15592,1,2,346,0,0,0,0,0,0,47,47,15592,1,2,346,0,0,0,0,0,0
202304,106,10740,C,Albuquerque  NM ,586,586,143292,0,0,0,0,0,0,13,418,36291,480,480,114884,0,0,0,0,0,0,7,382,34791
202304,106,42140,C,Santa Fe  NM ,41,41,17166,1,2,295,0,0,0,6,72,8023,0,0,0,0,0,0,0,0,0,0,0,0
202304,107,11020,C,Altoona  PA ,16,16,5975,0,0,0,1,4,400,0,0,0,8,8,3624,0,0,0,1,4,400,0,0,0
202304,108,11100,C,Amarillo  TX ,195,195,51621,2,4,521,0,0,0,0,0,0,188,188,49722,2,4,521,0,0,0,0,0,0
202304,118,11540,C,Appleton  WI ,132,132,46908,4,8,1225,1,4,555,18,268,23253,118,118,42651,4,8,1225,1,4,555,12,228,19787
202304,118,36780,C,Oshkosh-Neenah  WI ,71,71,27689,2,4,300,0,0,0,0,0,0,66,66,25742,2,4,300,0,0,0,0,0,0
202304,120,11700,C,Asheville  NC ,842,842,333129,4,8,1172,0,0,0,21,512,85241,326,326,148129,4,8,1172,0,0,0,0,0,0
202304,122,12020,C,Athens-Clarke County  GA ,224,224,71469,13,26,4448,11,33,2892,6,129,17178,115,115,40141,13,26,4448,11,33,2892,6,129,17178
202304,122,12060,C,Atlanta-Sandy Springs-Alpharetta  GA ,7385,7385,1899545,16,32,5716,19,69,8713,125,5689,832981,6515,6515,1684007,16,32,5716,19,69,8713,122,5651,826821
202304,122,23580,C,Gainesville  GA ,323,323,76136,2,4,350,5,20,1818,8,51,4824,57,57,13442,2,4,350,5,20,1818,8,51,4824
202304,122,40660,C,Rome  GA ,88,88,18469,0,0,0,0,0,0,0,0,0,88,88,18469,0,0,0,0,0,0,0,0,0
202304,140,13460,C,Bend  OR ,369,369,134709,20,40,10457,1,4,475,7,131,19733,176,176,67085,3,6,1348,0,0,0,2,36,7758
202304,142,13820,C,Birmingham-Hoover  AL ,882,882,261545,10,20,10716,1,4,646,0,0,0,732,732,218801,9,18,10641,1,4,646,0,0,0
202304,144,14020,C,Bloomington  IN ,78,78,25432,0,0,0,0,0,0,1,18,3000,71,71,23798,0,0,0,0,0,0,1,18,3000
202304,145,14010,C,Bloomington  IL ,57,57,15940,1,2,146,0,0,0,0,0,0,34,34,10136,0,0,0,0,0,0,0,0,0
202304,146,14100,C,Bloomsburg-Berwick  PA ,19,19,4575,1,2,260,0,0,0,2,11,998,10,10,2508,1,2,260,0,0,0,0,0,0
202304,147,14260,C,Boise City  ID ,1765,1765,467250,8,16,2710,40,157,14991,29,899,139239,1401,1401,365108,3,6,1066,28,112,9794,23,802,129935
202304,148,12700,C,Barnstable Town  MA ,115,115,71765,3,6,753,1,3,500,0,0,0,85,85,57101,3,6,753,1,3,500,0,0,0
202304,148,14460,C,Boston-Cambridge-Newton  MA-NH ,1075,1075,431474,62,124,28439,47,155,33203,145,2417,537534,505,505,257486,37,74,16299,42,140,29805,51,1510,416584
202304,148,31700,C,Manchester-Nashua  NH ,148,148,51534,16,32,9848,0,0,0,2,295,67944,97,97,37216,14,28,9028,0,0,0,2,295,67944
202304,148,39300,C,Providence-Warwick  RI-MA ,403,403,104411,45,90,10434,5,17,2137,6,89,18548,180,180,49063,20,40,5753,4,14,1612,3,71,16631
202304,148,49340,C,Worcester  MA-CT ,249,249,74865,31,62,7145,0,0,0,5,50,5467,110,110,35004,26,52,5332,0,0,0,1,8,800
202304,150,14540,C,Bowling Green  KY ,279,279,72151,3,6,1162,7,26,3298,54,474,55469,278,278,72001,3,6,1162,6,23,3073,54,474,55469
202304,154,15180,C,Brownsville-Harlingen  TX ,362,362,64933,37,74,7380,6,21,2583,11,83,10247,21,21,3714,0,0,0,0,0,0,0,0,0
202304,160,15380,C,Buffalo-Cheektowaga  NY ,244,244,91385,2,4,800,3,10,1434,8,82,14949,180,180,72718,1,2,350,1,4,800,4,32,3737
202304,162,15540,C,Burlington-South Burlington  VT ,125,125,38558,17,34,5887,1,3,145,8,202,23966,82,82,26549,15,30,5470,0,0,0,4,177,21922
202304,163,15980,C,Cape Coral-Fort Myers  FL ,2274,2274,481650,105,210,28734,1,3,518,33,1546,194159,2270,2270,476834,105,210,28734,1,3,518,33,1546,194159
202304,163,34940,C,Naples-Marco Island  FL ,1007,1007,505721,3,6,1529,9,36,6237,7,167,49307,82,82,199399,0,0,0,0,0,0,0,0,0
202304,164,16020,C,Cape Girardeau  MO-IL ,18,18,5440,0,0,0,0,0,0,0,0,0,5,5,2329,0,0,0,0,0,0,0,0,0
202304,168,16300,C,Cedar Rapids  IA ,104,104,23789,4,8,1467,4,15,2398,4,32,2400,96,96,21939,4,8,1467,3,12,2208,4,32,2400
202304,168,26980,C,Iowa City  IA ,126,126,41008,8,16,3871,1,3,582,7,173,26045,89,89,31312,4,8,1781,0,0,0,3,144,22153
202304,170,16620,C,Charleston  WV ,46,46,9641,0,0,0,0,0,0,0,0,0,39,39,8593,0,0,0,0,0,0,0,0,0
202304,170,26580,C,Huntington-Ashland  WV-KY-OH ,73,73,16919,2,4,200,0,0,0,0,0,0,3,3,1326,2,4,200,0,0,0,0,0,0
202304,172,16740,C,Charlotte-Concord-Gastonia  NC-SC ,6185,6185,1634925,12,24,4070,1,4,601,98,4690,491395,5508,5508,1435106,12,24,4070,1,4,601,88,4493,467281
202304,174,16860,C,Chattanooga  TN-GA ,699,699,156402,19,38,2797,13,41,3538,11,208,21096,538,538,119954,1,2,210,9,29,2842,1,5,824
202304,174,17420,C,Cleveland  TN ,176,176,45587,0,0,0,6,20,2603,1,10,1200,113,113,34181,0,0,0,6,20,2603,1,10,1200
202304,174,19140,C,Dalton  GA ,87,87,19757,11,22,1400,4,15,2435,3,18,2240,65,65,14226,11,22,1400,3,12,1984,2,10,1219
202304,176,16980,C,Chicago-Naperville-Elgin  IL-IN-WI ,2087,2087,737032,28,56,12036,54,180,38393,115,2544,469570,1746,1746,629909,28,56,12036,51,171,36959,90,2409,447099
202304,176,28100,C,Kankakee  IL ,12,12,4071,0,0,0,0,0,0,0,0,0,9,9,3051,0,0,0,0,0,0,0,0,0
202304,176,33140,C,Michigan City-La Porte  IN ,48,48,15410,1,2,220,0,0,0,0,0,0,40,40,12363,0,0,0,0,0,0,0,0,0
202304,178,17140,C,Cincinnati  OH-KY-IN ,1183,1183,371411,34,68,9333,15,46,8622,55,1132,160145,1067,1067,344809,32,64,8808,15,46,8622,50,1066,155277
202304,184,10420,C,Akron  OH ,228,228,72141,1,2,581,11,37,9008,8,43,4168,198,198,61159,1,2,581,9,31,4733,2,11,2410
202304,184,15940,C,Canton-Massillon  OH ,105,105,36556,3,6,858,6,20,3302,4,23,1767,93,93,35155,2,4,500,5,17,3148,0,0,0
202304,184,17460,C,Cleveland-Elyria  OH ,753,753,223659,5,10,3070,4,13,2886,8,119,12538,649,649,190798,4,8,3060,2,6,1718,5,35,5603
202304,190,17860,C,Columbia  MO ,178,178,68569,2,4,520,0,0,0,2,48,8877,176,176,68347,2,4,520,0,0,0,2,48,8877
202304,192,17900,C,Columbia  SC ,1357,1357,345298,14,28,2411,0,0,0,9,258,24106,964,964,268737,14,28,2411,0,0,0,9,258,24106
202304,194,12220,C,Auburn-Opelika  AL ,364,364,97763,11,22,3423,3,9,2093,7,129,19226,65,65,18819,0,0,0,0,0,0,0,0,0
202304,194,17980,C,Columbus  GA-AL ,203,203,52878,2,4,95,0,0,0,0,0,0,196,196,51352,2,4,95,0,0,0,0,0,0
202304,198,18140,C,Columbus  OH ,1556,1556,544546,20,40,9391,16,51,11293,36,1287,161341,1266,1266,418440,17,34,7222,16,51,11293,34,1275,160176
202304,204,18580,C,Corpus Christi  TX ,532,532,127511,0,0,0,0,0,0,3,69,5128,78,78,12087,0,0,0,0,0,0,0,0,0
202304,206,19100,C,Dallas-Fort Worth-Arlington  TX ,12738,12738,3683388,145,290,38942,54,189,27351,178,7408,1039519,10318,10318,3051332,119,238,31978,18,62,11439,169,7237,1017294
202304,206,43300,C,Sherman-Denison  TX ,345,345,96566,6,12,1628,0,0,0,28,571,73077,206,206,55414,5,10,1403,0,0,0,28,571,73077
202304,209,19340,C,Davenport-Moline-Rock Island  IA-IL ,123,123,29391,6,12,2800,8,29,5044,1,5,524,87,87,22770,2,4,1500,7,26,4794,0,0,0
202304,212,19430,C,Dayton-Kettering  OH ,351,351,130261,0,0,0,14,56,4232,14,138,14300,231,231,87160,0,0,0,14,56,4232,10,56,4353
202304,212,44220,C,Springfield  OH ,31,31,11187,0,0,0,11,44,3262,0,0,0,31,31,11187,0,0,0,11,44,3262,0,0,0
202304,216,14500,C,Boulder  CO ,297,297,212520,4,8,1598,6,21,4616,16,225,49155,197,197,159028,0,0,0,5,18,3764,3,16,4322
202304,216,19740,C,Denver-Aurora-Lakewood  CO ,2540,2540,796214,19,38,9262,11,39,7796,137,4249,674506,2443,2443,756358,18,36,8820,11,39,7796,128,3933,628877
202304,216,24540,C,Greeley  CO ,814,814,283208,8,16,3070,15,57,11401,44,612,86418,692,692,248623,7,14,2836,13,50,9722,14,357,56701
202304,218,11180,C,Ames  IA ,36,36,12242,0,0,0,4,14,3626,0,0,0,25,25,8935,0,0,0,4,14,3626,0,0,0
202304,218,19780,C,Des Moines-West Des Moines  IA ,1066,1066,363394,4,8,1959,6,19,4469,14,471,77262,1007,1007,343215,4,8,1959,2,7,1696,11,456,75319
202304,220,11460,C,Ann Arbor  MI ,132,132,42530,2,4,1600,1,4,540,36,258,19656,90,90,30616,2,4,1600,1,4,540,36,258,19656
202304,220,19820,C,Detroit-Warren-Dearborn  MI ,1131,1131,402372,6,12,2646,14,48,9544,36,645,94407,865,865,331419,5,10,2546,6,23,6147,31,592,88684
202304,220,22420,C,Flint  MI ,54,54,17178,1,2,400,0,0,0,0,0,0,39,39,12371,0,0,0,0,0,0,0,0,0
202304,220,33780,C,Monroe  MI ,44,44,11747,0,0,0,0,0,0,2,10,804,26,26,7051,0,0,0,0,0,0,0,0,0
202304,222,20020,C,Dothan  AL ,154,154,45058,0,0,0,2,8,1144,0,0,0,111,111,35780,0,0,0,2,8,1144,0,0,0
202304,232,20740,C,Eau Claire  WI ,78,78,28431,17,34,6286,1,3,445,13,224,32294,51,51,20114,3,6,885,0,0,0,8,115,17440
202304,236,21300,C,Elmira  NY ,8,8,2237,0,0,0,0,0,0,4,24,2690,2,2,400,0,0,0,0,0,0,0,0,0
202304,238,21340,C,El Paso  TX ,641,641,151165,15,30,3875,3,9,1187,7,73,8588,64,64,17189,0,0,0,0,0,0,0,0,0
202304,238,29740,C,Las Cruces  NM ,214,214,63299,1,2,274,1,4,849,0,0,0,127,127,38621,1,2,274,1,4,849,0,0,0
202304,240,21500,C,Erie  PA ,28,28,10399,1,2,100,0,0,0,1,6,475,19,19,8061,1,2,100,0,0,0,1,6,475
202304,244,22020,C,Fargo  ND-MN ,181,181,54756,0,0,0,0,0,0,5,416,71481,174,174,52085,0,0,0,0,0,0,4,411,70981
202304,246,22180,C,Fayetteville  NC ,651,651,134133,3,6,627,0,0,0,0,0,0,445,445,106042,3,6,627,0,0,0,0,0,0
202304,258,23060,C,Fort Wayne  IN ,563,563,183404,1,2,450,0,0,0,4,78,6575,563,563,183404,1,2,450,0,0,0,4,78,6575
202304,260,23420,C,Fresno  CA ,472,472,141326,1,2,348,4,12,1200,34,635,46832,298,298,82486,1,2,348,0,0,0,28,605,42800
202304,260,25260,C,Hanford-Corcoran  CA ,178,178,60726,0,0,0,0,0,0,0,0,0,159,159,56195,0,0,0,0,0,0,0,0,0
202304,260,31460,C,Madera  CA ,570,570,180357,0,0,0,0,0,0,2,27,4283,570,570,180357,0,0,0,0,0,0,2,27,4283
202304,264,23540,C,Gainesville  FL ,404,404,106841,1,2,76,0,0,0,5,460,37669,158,158,36884,0,0,0,0,0,0,0,0,0
202304,266,24340,C,Grand Rapids-Kentwood  MI ,715,715,244268,24,48,8385,2,7,1235,9,368,79128,589,589,202020,17,34,6050,2,7,1235,2,294,69480
202304,266,34740,C,Muskegon  MI ,92,92,25309,2,4,576,0,0,0,0,0,0,72,72,21020,0,0,0,0,0,0,0,0,0
202304,267,24580,C,Green Bay  WI ,164,164,66123,20,40,8751,1,4,70,4,27,2310,135,135,56698,8,16,4267,0,0,0,1,9,1080
202304,268,15500,C,Burlington  NC ,470,470,72092,0,0,0,0,0,0,6,241,25760,425,425,62718,0,0,0,0,0,0,3,68,5161
202304,268,24660,C,Greensboro-High Point  NC ,686,686,167886,7,14,1623,0,0,0,2,66,11693,428,428,99923,6,12,1385,0,0,0,2,66,11693
202304,268,49180,C,Winston-Salem  NC ,1143,1143,318971,2,4,460,0,0,0,13,91,10932,1024,1024,291677,0,0,0,0,0,0,9,71,10143
202304,272,24780,C,Greenville  NC ,246,246,58596,15,30,4306,0,0,0,0,0,0,142,142,34691,15,30,4306,0,0,0,0,0,0
202304,273,24860,C,Greenville-Anderson  SC ,2251,2251,615897,35,70,7568,8,26,4425,14,70,30743,2107,2107,579011,35,70,7568,8,26,4425,13,65,30318
202304,273,43900,C,Spartanburg  SC ,917,917,158769,0,0,0,0,0,0,3,41,4918,0,0,0,0,0,0,0,0,0,0,0,0
202304,276,23900,C,Gettysburg  PA ,84,84,23241,0,0,0,0,0,0,0,0,0,84,84,23241,0,0,0,0,0,0,0,0,0
202304,276,25420,C,Harrisburg-Carlisle  PA ,323,323,83467,0,0,0,5,19,2544,6,50,5549,259,259,65579,0,0,0,4,16,2071,2,29,3211
202304,276,30140,C,Lebanon  PA ,61,61,10785,1,2,341,0,0,0,2,10,1752,4,4,800,0,0,0,0,0,0,0,0,0
202304,276,49620,C,York-Hanover  PA ,288,288,67649,0,0,0,1,4,1097,9,104,9911,176,176,44776,0,0,0,1,4,1097,6,80,8135
202304,277,25500,C,Harrisonburg  VA ,128,128,29957,9,18,3728,1,4,550,4,22,3183,128,128,29957,9,18,3728,1,4,550,4,22,3183
202304,277,44420,C,Staunton  VA ,138,138,31235,1,2,294,0,0,0,2,82,12144,138,138,31235,1,2,294,0,0,0,2,82,12144
202304,278,25540,C,Hartford-East Hartford-Middletown  CT ,173,173,48221,0,0,0,0,0,0,11,149,18160,103,103,28380,0,0,0,0,0,0,3,84,13340
202304,278,35980,C,Norwich-New London  CT ,63,63,21313,1,2,736,0,0,0,0,0,0,36,36,12895,1,2,736,0,0,0,0,0,0
202304,279,25620,C,Hattiesburg  MS ,35,35,6718,0,0,0,3,9,392,0,0,0,0,0,0,0,0,0,0,0,0,0,0,0
202304,284,26300,C,Hot Springs  AR ,20,20,6613,3,6,720,0,0,0,0,0,0,20,20,6613,3,6,720,0,0,0,0,0,0
202304,288,26420,C,Houston-The Woodlands-Sugar Land  TX ,15391,15391,3839565,326,652,108749,5,15,2196,158,7004,985594,12981,12981,3253755,307,614,103868,4,12,1971,149,6950,981702
202304,290,19460,C,Decatur  AL ,49,49,13034,0,0,0,0,0,0,0,0,0,47,47,12789,0,0,0,0,0,0,0,0,0
202304,290,26620,C,Huntsville  AL ,1183,1183,265476,20,40,4531,1,4,510,25,1137,224225,706,706,150391,20,40,4531,1,4,510,25,1137,224225
202304,292,26820,C,Idaho Falls  ID ,188,188,41812,2,4,461,5,20,2590,0,0,0,184,184,40187,2,4,461,5,20,2590,0,0,0
202304,294,18020,C,Columbus  IN ,39,39,13163,0,0,0,0,0,0,0,0,0,39,39,13163,0,0,0,0,0,0,0,0,0
202304,294,26900,C,Indianapolis-Carmel-Anderson  IN ,1950,1950,710117,21,42,8759,13,39,7835,36,1549,340391,1700,1700,645207,18,36,7672,13,39,7835,34,1432,322359
202304,294,34620,C,Muncie  IN ,22,22,5546,0,0,0,0,0,0,1,5,596,7,7,1951,0,0,0,0,0,0,0,0,0
202304,296,27060,C,Ithaca  NY ,19,19,5917,1,2,320,0,0,0,3,20,2185,4,4,1560,0,0,0,0,0,0,1,10,1500
202304,297,27180,C,Jackson  TN ,122,122,28278,0,0,0,0,0,0,0,0,0,19,19,4958,0,0,0,0,0,0,0,0,0
202304,298,27140,C,Jackson  MS ,350,350,94093,1,2,247,0,0,0,7,54,6913,283,283,81489,0,0,0,0,0,0,7,54,6913
202304,300,27260,C,Jacksonville  FL ,3494,3494,930708,122,244,34382,22,88,4950,62,3005,473284,3480,3480,924690,121,242,34082,22,88,4950,62,3005,473284
202304,304,27740,C,Johnson City  TN ,186,186,51071,5,10,2352,0,0,0,3,18,1764,136,136,43786,5,10,2352,0,0,0,3,18,1764
202304,304,28700,C,Kingsport-Bristol  TN-VA ,266,266,67201,1,2,450,1,3,346,3,15,1292,206,206,59085,1,2,450,0,0,0,0,0,0
202304,306,27780,C,Johnstown  PA ,25,25,6399,0,0,0,0,0,0,0,0,0,0,0,0,0,0,0,0,0,0,0,0,0
202304,308,27860,C,Jonesboro  AR ,180,180,27165,21,42,3003,24,80,3722,7,44,2358,21,21,3450,1,2,227,3,10,50,1,6,200
202304,309,27900,C,Joplin  MO ,171,171,30900,25,50,7845,1,4,213,7,42,2825,111,111,20751,14,28,4098,1,4,213,1,12,587
202304,310,12980,C,Battle Creek  MI ,17,17,3704,0,0,0,0,0,0,0,0,0,2,2,644,0,0,0,0,0,0,0,0,0
202304,310,28020,C,Kalamazoo-Portage  MI ,122,122,34518,1,2,501,0,0,0,1,180,18665,97,97,22015,1,2,501,0,0,0,1,180,18665
202304,312,28140,C,Kansas City  MO-KS ,1215,1215,395467,42,84,12420,9,33,8654,9,135,18214,1078,1078,349350,42,84,12420,9,33,8654,8,130,17473
202304,312,29940,C,Lawrence  KS ,39,39,16001,0,0,0,1,4,320,0,0,0,37,37,15463,0,0,0,1,4,320,0,0,0
202304,312,41140,C,St. Joseph  MO-KS ,25,25,6274,1,2,200,0,0,0,0,0,0,13,13,3727,0,0,0,0,0,0,0,0,0
202304,313,28420,C,Kennewick-Richland  WA ,339,339,113534,4,8,2630,14,50,6596,15,537,85307,147,147,50730,0,0,0,1,4,300,0,0,0
202304,313,47460,C,Walla Walla  WA ,78,78,20519,5,10,1903,0,0,0,0,0,0,71,71,18847,4,8,1491,0,0,0,0,0,0
202304,315,28940,C,Knoxville  TN ,1308,1308,349312,35,70,13673,10,30,6432,13,225,43212,1188,1188,323906,35,70,13673,10,30,6432,5,110,34174
202304,315,34100,C,Morristown  TN ,221,221,57297,1,2,200,7,21,2610,1,32,5250,124,124,24373,1,2,200,7,21,2610,1,32,5250
202304,316,29020,C,Kokomo  IN ,15,15,3748,1,2,600,0,0,0,0,0,0,10,10,2220,1,2,600,0,0,0,0,0,0
202304,318,29180,C,Lafayette  LA ,614,614,132158,0,0,0,0,0,0,6,216,27233,455,455,101640,0,0,0,0,0,0,6,216,27233
202304,320,29200,C,Lafayette-West Lafayette  IN ,178,178,64378,1,2,210,0,0,0,5,298,38274,142,142,54137,0,0,0,0,0,0,1,162,22919
202304,324,29340,C,Lake Charles  LA ,201,201,42027,7,14,1119,0,0,0,2,70,14798,186,186,38157,5,10,872,0,0,0,2,70,14798
202304,332,29820,C,Las Vegas-Henderson-Paradise  NV ,2984,2984,859506,5,10,1803,22,81,14988,38,718,118789,2977,2977,855243,5,10,1803,22,81,14988,38,718,118789
202304,336,30460,C,Lexington-Fayette  KY ,433,433,120120,6,12,2362,5,17,3105,16,408,38394,110,110,44997,3,6,1500,1,4,1200,0,0,0
202304,338,30620,C,Lima  OH ,21,21,5227,0,0,0,0,0,0,0,0,0,1,1,242,0,0,0,0,0,0,0,0,0
202304,339,30700,C,Lincoln  NE ,303,303,95958,4,8,1585,0,0,0,7,257,31724,27,27,8312,2,4,891,0,0,0,0,0,0
202304,340,30780,C,Little Rock-North Little Rock-Conway  AR ,514,514,134429,14,28,2900,2,7,970,2,49,2466,418,418,109570,13,26,2635,2,7,970,1,5,682
202304,340,38220,C,Pine Bluff  AR ,14,14,3298,0,0,0,0,0,0,2,24,1250,11,11,2604,0,0,0,0,0,0,2,24,1250
202304,348,31080,C,Los Angeles-Long Beach-Anaheim  CA ,3624,3624,968599,239,478,113663,60,207,62301,165,4758,832758,2807,2807,785304,220,440,103509,55,192,59584,123,4268,737734
202304,348,37100,C,Oxnard-Thousand Oaks-Ventura  CA ,110,110,37343,0,0,0,3,11,2349,3,68,7345,48,48,13004,0,0,0,2,8,1876,0,0,0
202304,348,40140,C,Riverside-San Bernardino-Ontario  CA ,2987,2987,848800,27,54,4485,34,122,23692,305,3361,379233,2193,2193,626306,24,48,3455,33,119,23302,296,3315,375725
202304,350,21060,C,Elizabethtown-Fort Knox  KY ,162,162,35864,9,18,2055,1,4,400,31,664,65296,126,126,27665,7,14,1780,1,4,400,31,664,65296
202304,350,31140,C,Louisville-Jefferson County  KY-IN ,865,865,277593,10,20,3794,4,16,1782,42,883,144913,821,821,265215,10,20,3794,4,16,1782,40,872,142420
202304,352,31180,C,Lubbock  TX ,630,630,147285,8,16,1716,1,3,434,33,257,17669,554,554,125200,7,14,1359,0,0,0,33,257,17669
202304,356,31420,C,Macon-Bibb County  GA ,157,157,36991,0,0,0,0,0,0,0,0,0,44,44,11975,0,0,0,0,0,0,0,0,0
202304,356,47580,C,Warner Robins  GA ,374,374,91593,0,0,0,0,0,0,0,0,0,304,304,75036,0,0,0,0,0,0,0,0,0
202304,357,27500,C,Janesville-Beloit  WI ,73,73,20124,5,10,2012,0,0,0,0,0,0,39,39,11375,5,10,2012,0,0,0,0,0,0
202304,357,31540,C,Madison  WI ,444,444,196520,30,60,15863,1,3,616,15,662,141083,369,369,171717,21,42,11191,0,0,0,5,479,113315
202304,359,31860,C,Mankato  MN ,40,40,13743,1,2,421,1,3,976,7,54,6680,8,8,3987,0,0,0,0,0,0,0,0,0
202304,360,31900,C,Mansfield  OH ,34,34,10888,0,0,0,0,0,0,0,0,0,29,29,9294,0,0,0,0,0,0,0,0,0
202304,365,32580,C,McAllen-Edinburg-Mission  TX ,1306,1306,303680,94,188,14940,127,503,47888,39,240,22103,1008,1008,240518,85,170,13804,122,484,45334,39,240,22103
202304,366,24420,C,Grants Pass  OR ,55,55,13389,1,2,600,1,4,907,2,16,3150,19,19,5877,1,2,600,1,4,907,2,16,3150
202304,366,32780,C,Medford  OR ,162,162,48309,2,4,613,6,23,2679,30,289,50829,129,129,39491,2,4,613,4,16,1972,27,274,48795
202304,368,32820,C,Memphis  TN-MS-AR ,901,901,231067,0,0,0,0,0,0,1,82,11600,723,723,188079,0,0,0,0,0,0,1,82,11600
202304,370,33100,C,Miami-Fort Lauderdale-Pompano Beach  FL ,1623,1623,703555,72,144,38635,19,73,10089,159,6452,1566327,1303,1303,532713,71,142,38589,17,67,9453,103,5578,1408299
202304,370,38940,C,Port St. Lucie  FL ,1521,1521,443163,23,46,7495,0,0,0,7,70,14430,1520,1520,441536,23,46,7495,0,0,0,7,70,14430
202304,370,42680,C,Sebastian-Vero Beach  FL ,349,349,153075,7,14,2495,2,6,404,0,0,0,45,45,11787,5,10,1900,0,0,0,0,0,0
202304,372,33260,C,Midland  TX ,133,133,34685,0,0,0,0,0,0,0,0,0,133,133,34685,0,0,0,0,0,0,0,0,0
202304,372,36220,C,Odessa  TX ,272,272,67841,0,0,0,0,0,0,1,5,599,0,0,0,0,0,0,0,0,0,0,0,0
202304,376,33340,C,Milwaukee-Waukesha  WI ,377,377,186571,25,50,12472,0,0,0,10,143,18048,241,241,121170,15,30,7836,0,0,0,6,110,13920
202304,376,39540,C,Racine  WI ,41,41,18343,0,0,0,0,0,0,5,60,33500,37,37,17079,0,0,0,0,0,0,5,60,33500
202304,378,33460,C,Minneapolis-St. Paul-Bloomington  MN-WI ,2003,2003,726022,32,64,11558,10,37,8566,65,3171,554971,1696,1696,604291,11,22,5458,9,34,7923,31,2631,466820
202304,378,41060,C,St. Cloud  MN ,99,99,31034,0,0,0,0,0,0,1,50,1250,71,71,23450,0,0,0,0,0,0,0,0,0
202304,380,19300,C,Daphne-Fairhope-Foley  AL ,907,907,266732,2,4,453,3,12,2539,3,35,2780,718,718,228960,2,4,453,3,12,2539,0,0,0
202304,380,33660,C,Mobile  AL ,254,254,66432,0,0,0,1,4,450,0,0,0,238,238,63150,0,0,0,1,4,450,0,0,0
202304,384,33740,C,Monroe  LA ,102,102,24617,7,14,747,2,7,1100,6,36,4344,1,1,102,0,0,0,0,0,0,0,0,0
202304,388,33860,C,Montgomery  AL ,229,229,63116,0,0,0,1,3,265,0,0,0,163,163,51230,0,0,0,0,0,0,0,0,0
202304,390,34060,C,Morgantown  WV ,5,5,1265,0,0,0,0,0,0,0,0,0,0,0,0,0,0,0,0,0,0,0,0,0
202304,396,34820,C,Myrtle Beach-Conway-North Myrtle Beach  SC-NC ,3515,3515,819468,4,8,1300,11,39,6427,28,544,80248,2668,2668,545808,4,8,1300,10,36,5750,23,516,78848
202304,400,34980,C,Nashville-Davidson--Murfreesboro--Franklin  TN ,4471,4471,1415602,15,30,4497,11,41,4082,112,4624,729568,3616,3616,1209028,14,28,4237,7,27,2782,97,4505,715322
202304,404,35100,C,New Bern  NC ,191,191,53091,1,2,100,0,0,0,0,0,0,124,124,33389,1,2,100,0,0,0,0,0,0
202304,406,25220,C,Hammond  LA ,248,248,43048,0,0,0,0,0,0,4,202,19794,220,220,38317,0,0,0,0,0,0,0,0,0
202304,406,35380,C,New Orleans-Metairie  LA ,651,651,199892,67,134,15639,3,9,1835,13,581,89108,267,267,95071,7,14,1849,0,0,0,6,260,40046
202304,408,14860,C,Bridgeport-Stamford-Norwalk  CT ,141,141,129404,9,18,4125,1,3,1300,15,760,118729,103,103,97961,9,18,4125,1,3,1300,6,623,103486
202304,408,20700,C,East Stroudsburg  PA ,65,65,21520,0,0,0,0,0,0,0,0,0,32,32,11299,0,0,0,0,0,0,0,0,0
202304,408,28740,C,Kingston  NY ,78,78,28930,1,2,230,1,4,562,4,80,7902,58,58,22618,1,2,230,1,4,562,4,80,7902
202304,408,35300,C,New Haven-Milford  CT ,125,125,32757,8,16,3577,3,11,1582,11,438,23667,61,61,14045,1,2,330,2,8,1252,1,191,1111
202304,408,35620,C,New York-Newark-Jersey City  NY-NJ-PA ,4053,4053,1142745,194,388,56122,46,147,10177,340,9620,1086820,2954,2954,803093,128,256,34265,18,61,4134,131,5626,626298
202304,408,39100,C,Poughkeepsie-Newburgh-Middletown  NY ,257,257,100789,0,0,0,5,18,6374,17,313,77278,121,121,45200,0,0,0,4,15,5707,12,286,73542
202304,408,45940,C,Trenton-Princeton  NJ ,150,150,39980,0,0,0,0,0,0,16,232,16522,120,120,36592,0,0,0,0,0,0,8,183,13499
202304,412,35840,C,North Port-Sarasota-Bradenton  FL ,2967,2967,883692,15,30,6151,7,28,13522,62,1838,340675,2967,2967,883692,15,30,6151,7,28,13522,62,1838,340675
202304,412,39460,C,Punta Gorda  FL ,1190,1190,355694,58,116,19503,11,43,11922,11,234,41750,0,0,0,0,0,0,0,0,0,0,0,0
202304,416,36420,C,Oklahoma City  OK ,1679,1679,490538,74,148,20360,0,0,0,0,0,0,1601,1601,475374,67,134,19248,0,0,0,0,0,0
202304,420,36540,C,Omaha-Council Bluffs  NE-IA ,748,748,146443,6,12,1518,1,3,336,36,658,51933,635,635,116244,3,6,802,1,3,336,32,638,49820
202304,422,19660,C,Deltona-Daytona Beach-Ormond Beach  FL ,1614,1614,512023,42,84,14636,0,0,0,25,999,113805,1421,1421,448966,42,84,14636,0,0,0,20,938,105858
202304,422,29460,C,Lakeland-Winter Haven  FL ,2496,2496,644087,24,48,4349,2,8,829,78,1384,172036,2266,2266,584662,10,20,2441,2,8,829,67,1060,142213
202304,422,36740,C,Orlando-Kissimmee-Sanford  FL ,5344,5344,1929398,33,66,10207,9,31,7951,84,3820,477676,4664,4664,1731437,33,66,10207,9,31,7951,70,3565,459622
202304,422,45540,C,The Villages  FL ,1107,1107,277346,0,0,0,0,0,0,0,0,0,1105,1105,276965,0,0,0,0,0,0,0,0,0
202304,425,37620,C,Parkersburg-Vienna  WV ,20,20,5660,0,0,0,0,0,0,0,0,0,15,15,4802,0,0,0,0,0,0,0,0,0
202304,426,37860,C,Pensacola-Ferry Pass-Brent  FL ,823,823,216904,6,12,1563,2,6,902,0,0,0,823,823,216904,6,12,1563,2,6,902,0,0,0
202304,428,12100,C,Atlantic City-Hammonton  NJ ,119,119,33019,1,2,424,0,0,0,8,52,4102,71,71,23456,0,0,0,0,0,0,0,0,0
202304,428,20100,C,Dover  DE ,237,237,41078,4,8,1701,0,0,0,0,0,0,197,197,30830,4,8,1701,0,0,0,0,0,0
202304,428,36140,C,Ocean City  NJ ,179,179,65524,27,54,10285,6,21,1396,2,10,100,175,175,64332,27,54,10285,5,18,887,2,10,100
202304,428,37980,C,Philadelphia-Camden-Wilmington  PA-NJ-DE-MD ,2242,2242,463526,52,104,20407,48,157,21963,100,1603,216957,1307,1307,283965,49,98,20156,44,144,20463,65,1366,192588
202304,428,39740,C,Reading  PA ,90,90,23704,2,4,300,0,0,0,0,0,0,39,39,10337,2,4,300,0,0,0,0,0,0
202304,428,47220,C,Vineland-Bridgeton  NJ ,45,45,5963,0,0,0,0,0,0,0,0,0,33,33,4282,0,0,0,0,0,0,0,0,0
202304,429,38060,C,Phoenix-Mesa-Chandler  AZ ,6597,6597,1976728,159,318,42040,11,44,7171,169,6876,1053480,5699,5699,1685779,151,302,39461,11,44,7171,161,6341,960752
202304,430,38300,C,Pittsburgh  PA ,938,938,289928,6,12,1474,12,38,4639,15,434,64701,548,548,187958,4,8,940,3,11,2541,2,57,10574
202304,430,48260,C,Weirton-Steubenville  WV-OH ,8,8,1997,0,0,0,0,0,0,0,0,0,3,3,950,0,0,0,0,0,0,0,0,0
202304,438,30340,C,Lewiston-Auburn  ME ,56,56,13293,1,2,200,0,0,0,0,0,0,13,13,3538,0,0,0,0,0,0,0,0,0
202304,438,38860,C,Portland-South Portland  ME ,540,540,181076,18,36,6580,4,12,1710,18,251,28304,182,182,76057,13,26,5176,1,3,400,9,198,23820
202304,440,10540,C,Albany-Lebanon  OR ,68,68,19803,2,4,682,1,3,276,2,13,1493,46,46,14299,2,4,682,1,3,276,2,13,1493
202304,440,18700,C,Corvallis  OR ,26,26,9230,0,0,0,0,0,0,0,0,0,26,26,9230,0,0,0,0,0,0,0,0,0
202304,440,31020,C,Longview  WA ,105,105,31134,4,8,2368,0,0,0,0,0,0,85,85,26944,4,8,2368,0,0,0,0,0,0
202304,440,38900,C,Portland-Vancouver-Hillsboro  OR-WA ,1922,1922,671706,24,48,7819,24,88,19472,79,2432,394456,1513,1513,503468,24,48,7819,23,84,19272,67,2160,354928
202304,440,41420,C,Salem  OR ,248,248,76155,13,26,6072,0,0,0,27,322,45564,179,179,55431,1,2,430,0,0,0,19,248,36688
202304,444,39380,C,Pueblo  CO ,104,104,17798,0,0,0,0,0,0,0,0,0,104,104,17798,0,0,0,0,0,0,0,0,0
202304,450,20500,C,Durham-Chapel Hill  NC ,953,953,306359,7,14,1830,0,0,0,29,1996,363566,385,385,135780,1,2,250,0,0,0,5,555,76498
202304,450,39580,C,Raleigh-Cary  NC ,4084,4084,1082519,17,34,9138,1,3,429,69,2665,387019,4084,4084,1082519,17,34,9138,1,3,429,69,2665,387019
202304,452,39660,C,Rapid City  SD ,172,172,53006,4,8,397,3,12,1860,13,237,29456,170,170,52629,4,8,397,3,12,1860,13,237,29456
202304,454,39820,C,Redding  CA ,40,40,12046,0,0,0,0,0,0,0,0,0,8,8,2897,0,0,0,0,0,0,0,0,0
202304,456,16180,C,Carson City  NV ,43,43,11357,0,0,0,2,6,764,5,30,2995,0,0,0,0,0,0,0,0,0,0,0,0
202304,456,39900,C,Reno  NV ,554,554,154187,12,24,3162,4,14,1848,42,734,93367,115,115,29985,6,12,1907,0,0,0,0,0,0
202304,462,40340,C,Rochester  MN ,147,147,47175,1,2,325,1,3,805,2,194,31870,94,94,33680,1,2,325,1,3,805,2,194,31870
202304,464,40380,C,Rochester  NY ,253,253,86116,12,24,4394,5,19,1330,15,190,27390,119,119,51421,12,24,4394,4,16,800,13,176,25760
202304,466,40420,C,Rockford  IL ,40,40,9862,4,8,2340,0,0,0,0,0,0,36,36,9437,4,8,2340,0,0,0,0,0,0
202304,468,40580,C,Rocky Mount  NC ,127,127,22336,0,0,0,0,0,0,0,0,0,57,57,11119,0,0,0,0,0,0,0,0,0
202304,472,40900,C,Sacramento-Roseville-Folsom  CA ,2037,2037,659722,22,44,6282,2,6,2280,65,1665,279620,1973,1973,641230,22,44,6282,2,6,2280,65,1665,279620
202304,472,49700,C,Yuba City  CA ,173,173,45183,0,0,0,0,0,0,5,28,3370,149,149,37441,0,0,0,0,0,0,0,0,0
202304,474,13020,C,Bay City  MI ,11,11,2998,0,0,0,0,0,0,0,0,0,1,1,369,0,0,0,0,0,0,0,0,0
202304,474,33220,C,Midland  MI ,23,23,5944,0,0,0,0,0,0,3,50,8853,15,15,3659,0,0,0,0,0,0,3,50,8853
202304,474,40980,C,Saginaw  MI ,36,36,8650,5,10,1754,0,0,0,0,0,0,17,17,3959,5,10,1754,0,0,0,0,0,0
202304,476,41180,C,St. Louis  MO-IL ,1314,1314,482790,11,22,4971,14,50,7815,33,893,113703,926,926,309539,7,14,3627,13,47,7770,23,830,104540
202304,480,41540,C,Salisbury  MD-DE ,1242,1242,207091,16,32,6909,1,4,416,4,45,5000,1228,1228,205257,15,30,6769,1,4,416,4,45,5000
202304,482,36260,C,Ogden-Clearfield  UT ,529,529,171725,0,0,0,12,43,7497,24,354,45886,358,358,124545,0,0,0,7,26,4349,9,113,18556
202304,482,39340,C,Provo-Orem  UT ,1084,1084,363440,15,30,7771,22,86,15365,20,472,84758,1066,1066,350901,14,28,7102,22,86,15365,20,472,84758
202304,482,41620,C,Salt Lake City  UT ,873,873,251520,14,28,4073,18,66,13543,82,2175,389142,716,716,202444,4,8,2168,12,47,9571,50,969,216280
202304,484,41700,C,San Antonio-New Braunfels  TX ,2556,2556,657638,221,442,58251,6,23,4884,89,2853,336402,2203,2203,581906,220,440,57997,6,23,4884,87,2831,333692
202304,488,32900,C,Merced  CA ,130,130,39421,0,0,0,0,0,0,0,0,0,91,91,26074,0,0,0,0,0,0,0,0,0
202304,488,33700,C,Modesto  CA ,213,213,44940,0,0,0,0,0,0,3,36,4831,190,190,42983,0,0,0,0,0,0,3,36,4831
202304,488,34900,C,Napa  CA ,51,51,14934,0,0,0,0,0,0,4,258,44616,0,0,0,0,0,0,0,0,0,0,0,0
202304,488,41860,C,San Francisco-Oakland-Berkeley  CA ,926,926,313687,10,20,6400,5,15,6964,51,1243,232888,774,774,267427,7,14,3720,5,15,6964,33,1054,201381
202304,488,41940,C,San Jose-Sunnyvale-Santa Clara  CA ,711,711,274764,6,12,4440,1,4,811,20,784,116336,658,658,257098,5,10,4169,1,4,811,11,683,96456
202304,488,42100,C,Santa Cruz-Watsonville  CA ,76,76,12411,0,0,0,0,0,0,7,49,5950,44,44,7460,0,0,0,0,0,0,0,0,0
202304,488,42220,C,Santa Rosa-Petaluma  CA ,277,277,82638,0,0,0,2,6,2300,21,309,62427,226,226,72233,0,0,0,2,6,2300,12,264,53260
202304,488,44700,C,Stockton  CA ,570,570,207996,1,2,352,1,3,527,7,92,11171,455,455,174381,0,0,0,1,3,527,0,0,0
202304,488,46700,C,Vallejo  CA ,186,186,51833,0,0,0,0,0,0,9,72,14920,145,145,37781,0,0,0,0,0,0,9,72,14920
202304,496,25980,C,Hinesville  GA ,204,204,52741,1,2,175,0,0,0,0,0,0,117,117,31970,1,2,175,0,0,0,0,0,0
202304,496,42340,C,Savannah  GA ,967,967,249107,5,10,1444,0,0,0,21,372,54119,729,729,185351,0,0,0,0,0,0,20,367,53553
202304,500,14740,C,Bremerton-Silverdale-Port Orchard  WA ,295,295,112084,0,0,0,0,0,0,26,642,85507,295,295,112084,0,0,0,0,0,0,26,642,85507
202304,500,34580,C,Mount Vernon-Anacortes  WA ,38,38,13718,3,6,3160,1,3,437,6,146,16564,37,37,13642,2,4,2921,0,0,0,1,67,9191
202304,500,36500,C,Olympia-Lacey-Tumwater  WA ,226,226,71185,1,2,482,0,0,0,22,390,56186,197,197,64703,1,2,482,0,0,0,17,364,55080
202304,500,42660,C,Seattle-Tacoma-Bellevue  WA ,1746,1746,648710,129,258,66099,42,139,31432,72,3349,539872,1501,1501,554378,128,256,66054,42,139,31432,57,3155,518097
202304,508,43340,C,Shreveport-Bossier City  LA ,270,270,81365,4,8,897,1,3,298,0,0,0,182,182,45452,4,8,897,1,3,298,0,0,0
202304,515,21140,C,Elkhart-Goshen  IN ,79,79,17104,0,0,0,0,0,0,0,0,0,77,77,16531,0,0,0,0,0,0,0,0,0
202304,515,35660,C,Niles  MI ,72,72,38443,0,0,0,0,0,0,0,0,0,41,41,26160,0,0,0,0,0,0,0,0,0
202304,515,43780,C,South Bend-Mishawaka  IN-MI ,99,99,41161,2,4,968,0,0,0,0,0,0,80,80,33386,2,4,968,0,0,0,0,0,0
202304,518,17660,C,Coeur dAlene  ID ,358,358,130917,10,20,4875,1,3,1257,14,161,33044,287,287,111291,9,18,4491,0,0,0,12,144,31200
202304,518,44060,C,Spokane-Spokane Valley  WA ,487,487,128238,41,82,21259,11,39,8157,45,990,140787,298,298,78227,39,78,20590,11,39,8157,35,878,129582
202304,522,44100,C,Springfield  IL ,46,46,15272,3,6,1121,0,0,0,0,0,0,35,35,9345,3,6,1121,0,0,0,0,0,0
202304,524,44300,C,State College  PA ,100,100,29027,0,0,0,0,0,0,0,0,0,86,86,25001,0,0,0,0,0,0,0,0,0
202304,532,45060,C,Syracuse  NY ,122,122,30845,0,0,0,1,3,380,1,5,313,73,73,21046,0,0,0,1,3,380,0,0,0
202304,534,45780,C,Toledo  OH ,208,208,68274,6,12,1090,0,0,0,11,364,38029,111,111,36065,5,10,850,0,0,0,9,336,36751
202304,536,46060,C,Tucson  AZ ,1021,1021,329696,47,94,11142,3,10,876,54,644,92155,680,680,236280,41,82,9716,3,10,876,34,368,50734
202304,538,46140,C,Tulsa  OK ,1116,1116,266608,11,22,2916,6,20,6985,3,30,2308,956,956,225329,11,22,2916,6,20,6985,0,0,0
202304,540,46340,C,Tyler  TX ,133,133,34566,50,100,13593,3,12,1716,3,15,1868,124,124,31936,50,100,13593,3,12,1716,3,15,1868
202304,544,47020,C,Victoria  TX ,25,25,4553,0,0,0,0,0,0,0,0,0,18,18,4384,0,0,0,0,0,0,0,0,0
202304,545,47260,C,Virginia Beach-Norfolk-Newport News  VA-NC ,1138,1138,304592,5,10,1220,0,0,0,14,743,140666,1063,1063,297902,5,10,1220,0,0,0,14,743,140666
202304,548,12580,C,Baltimore-Columbia-Towson  MD ,1347,1347,286815,0,0,0,0,0,0,39,1779,177013,1331,1331,283143,0,0,0,0,0,0,39,1779,177013
202304,548,15680,C,California-Lexington Park  MD ,84,84,31173,0,0,0,0,0,0,0,0,0,84,84,31173,0,0,0,0,0,0,0,0,0
202304,548,16540,C,Chambersburg-Waynesboro  PA ,98,98,27093,5,10,1980,0,0,0,3,19,2867,83,83,23645,5,10,1980,0,0,0,2,14,2220
202304,548,25180,C,Hagerstown-Martinsburg  MD-WV ,541,541,114676,5,10,2375,0,0,0,0,0,0,521,521,110713,5,10,2375,0,0,0,0,0,0
202304,548,47900,C,Washington-Arlington-Alexandria  DC-VA-MD-WV ,3591,3591,995858,14,28,3869,3,11,1665,70,3437,430410,2926,2926,807554,12,24,3529,3,11,1665,46,2846,356293
202304,548,49020,C,Winchester  VA-WV ,353,353,84432,0,0,0,0,0,0,0,0,0,352,352,84200,0,0,0,0,0,0,0,0,0
202304,554,48140,C,Wausau-Weston  WI ,66,66,18826,4,8,1180,1,4,600,0,0,0,41,41,11433,3,6,840,1,4,600,0,0,0
202304,556,48620,C,Wichita  KS ,453,453,162260,114,228,26802,6,18,2220,0,0,0,193,193,62301,61,122,15477,6,18,2220,0,0,0
202304,558,48700,C,Williamsport  PA ,23,23,7402,0,0,0,0,0,0,0,0,0,7,7,3207,0,0,0,0,0,0,0,0,0
202304,566,49660,C,Youngstown-Warren-Boardman  OH-PA ,86,86,20920,0,0,0,1,4,1184,0,0,0,65,65,15696,0,0,0,1,4,1184,0,0,0
202304,999,10180,C,Abilene  TX ,118,118,31095,9,18,2034,0,0,0,0,0,0,118,118,31095,9,18,2034,0,0,0,0,0,0
202304,999,10500,C,Albany  GA ,39,39,7578,0,0,0,0,0,0,0,0,0,26,26,4167,0,0,0,0,0,0,0,0,0
202304,999,10780,C,Alexandria  LA ,77,77,16841,0,0,0,0,0,0,0,0,0,60,60,11912,0,0,0,0,0,0,0,0,0
202304,999,10900,C,Allentown-Bethlehem-Easton  PA-NJ ,397,397,90218,10,20,2589,0,0,0,6,145,10423,313,313,71484,9,18,2528,0,0,0,2,105,10020
202304,999,11260,C,Anchorage  AK ,110,110,39129,0,0,0,1,4,690,2,18,2730,20,20,3997,0,0,0,0,0,0,0,0,0
202304,999,11500,C,Anniston-Oxford  AL ,18,18,2669,0,0,0,0,0,0,0,0,0,16,16,2366,0,0,0,0,0,0,0,0,0
202304,999,12260,C,Augusta-Richmond County  GA-SC ,1047,1047,261125,0,0,0,0,0,0,0,0,0,373,373,98733,0,0,0,0,0,0,0,0,0
202304,999,12420,C,Austin-Round Rock-Georgetown  TX ,4810,4810,1377864,76,152,16145,12,45,4332,142,5873,557852,3501,3501,1077171,63,126,13495,10,39,3817,138,5826,553015
202304,999,12540,C,Bakersfield  CA ,563,563,138300,6,12,908,1,3,278,4,21,1563,153,153,43912,0,0,0,0,0,0,0,0,0
202304,999,12620,C,Bangor  ME ,82,82,18457,4,8,1149,2,8,946,0,0,0,20,20,5808,2,4,734,2,8,946,0,0,0
202304,999,12940,C,Baton Rouge  LA ,859,859,217929,0,0,0,0,0,0,1,16,1800,120,120,39950,0,0,0,0,0,0,0,0,0
202304,999,13140,C,Beaumont-Port Arthur  TX ,336,336,82353,3,6,665,0,0,0,1,6,614,254,254,64282,1,2,290,0,0,0,1,6,614
202304,999,13220,C,Beckley  WV ,39,39,8174,0,0,0,0,0,0,0,0,0,35,35,7528,0,0,0,0,0,0,0,0,0
202304,999,13380,C,Bellingham  WA ,185,185,52755,0,0,0,5,18,3684,2,128,14455,83,83,25737,0,0,0,5,18,3684,2,128,14455
202304,999,13740,C,Billings  MT ,109,109,45692,0,0,0,0,0,0,0,0,0,93,93,44740,0,0,0,0,0,0,0,0,0
202304,999,13780,C,Binghamton  NY ,26,26,5202,0,0,0,0,0,0,7,55,4653,2,2,827,0,0,0,0,0,0,0,0,0
202304,999,13900,C,Bismarck  ND ,53,53,18209,4,8,2183,0,0,0,1,5,744,34,34,12557,4,8,2183,0,0,0,0,0,0
202304,999,13980,C,Blacksburg-Christiansburg  VA ,101,101,30192,1,2,300,2,6,2280,0,0,0,92,92,27834,1,2,300,2,6,2280,0,0,0
202304,999,15260,C,Brunswick  GA ,170,170,60808,19,38,3563,0,0,0,0,0,0,125,125,50555,19,38,3563,0,0,0,0,0,0
202304,999,16060,C,Carbondale-Marion  IL ,17,17,2631,0,0,0,5,18,1169,0,0,0,4,4,750,0,0,0,0,0,0,0,0,0
202304,999,16220,C,Casper  WY ,20,20,4595,0,0,0,0,0,0,0,0,0,20,20,4595,0,0,0,0,0,0,0,0,0
202304,999,16580,C,Champaign-Urbana  IL ,59,59,16088,0,0,0,0,0,0,5,104,14875,59,59,16088,0,0,0,0,0,0,5,104,14875
202304,999,16700,C,Charleston-North Charleston  SC ,1799,1799,634659,0,0,0,77,231,8278,17,513,46939,749,749,332616,0,0,0,0,0,0,3,18,4902
202304,999,16820,C,Charlottesville  VA ,255,255,91012,2,4,546,1,3,238,12,122,17780,77,77,22996,1,2,200,0,0,0,0,0,0
202304,999,16940,C,Cheyenne  WY ,55,55,13023,0,0,0,8,32,4061,0,0,0,54,54,12673,0,0,0,8,32,4061,0,0,0
202304,999,17020,C,Chico  CA ,192,192,38576,6,12,1749,2,8,521,5,43,4144,192,192,38576,6,12,1749,2,8,521,5,43,4144
202304,999,17300,C,Clarksville  TN-KY ,463,463,90486,16,32,3580,10,32,3760,17,272,19047,454,454,89409,16,32,3580,10,32,3760,17,272,19047
202304,999,17780,C,College Station-Bryan  TX ,380,380,82564,15,30,2137,0,0,0,1,18,875,378,378,82154,15,30,2137,0,0,0,1,18,875
202304,999,17820,C,Colorado Springs  CO ,793,793,321552,42,84,16561,0,0,0,30,1258,203564,792,792,321338,42,84,16561,0,0,0,30,1258,203564
202304,999,18880,C,Crestview-Fort Walton Beach-Destin  FL ,1029,1029,453417,1,2,132,0,0,0,28,1202,141591,1029,1029,453417,1,2,132,0,0,0,28,1202,141591
202304,999,19060,C,Cumberland  MD-WV ,20,20,4687,0,0,0,1,4,30,0,0,0,17,17,4217,0,0,0,1,4,30,0,0,0
202304,999,19180,C,Danville  IL ,2,2,338,0,0,0,0,0,0,0,0,0,0,0,0,0,0,0,0,0,0,0,0,0
202304,999,19500,C,Decatur  IL ,12,12,4421,0,0,0,0,0,0,0,0,0,8,8,3200,0,0,0,0,0,0,0,0,0
202304,999,20220,C,Dubuque  IA ,36,36,12481,0,0,0,0,0,0,0,0,0,22,22,7926,0,0,0,0,0,0,0,0,0
202304,999,20260,C,Duluth  MN-WI ,76,76,20300,1,2,350,0,0,0,1,52,13452,46,46,11702,0,0,0,0,0,0,1,52,13452
202304,999,20940,C,El Centro  CA ,72,72,10175,1,2,90,0,0,0,1,8,1313,0,0,0,1,2,90,0,0,0,0,0,0
202304,999,21420,C,Enid  OK ,4,4,1639,0,0,0,0,0,0,0,0,0,3,3,1440,0,0,0,0,0,0,0,0,0
202304,999,21660,C,Eugene-Springfield  OR ,240,240,67898,4,8,1678,0,0,0,11,451,41477,109,109,30675,3,6,1407,0,0,0,11,451,41477
202304,999,21780,C,Evansville  IN-KY ,258,258,84498,8,16,1969,2,8,600,2,31,2686,119,119,42419,0,0,0,2,8,600,1,24,2289
202304,999,21820,C,Fairbanks  AK ,2,2,789,0,0,0,0,0,0,1,8,1272,2,2,789,0,0,0,0,0,0,1,8,1272
202304,999,22140,C,Farmington  NM ,30,30,7919,0,0,0,0,0,0,0,0,0,30,30,7919,0,0,0,0,0,0,0,0,0
202304,999,22220,C,Fayetteville-Springdale-Rogers  AR-MO ,1430,1430,394123,94,188,44436,13,39,6706,33,451,77529,828,828,246569,92,184,43031,13,39,6706,5,120,18066
202304,999,22380,C,Flagstaff  AZ ,93,93,35481,2,4,800,6,24,11232,7,39,3396,93,93,35481,2,4,800,6,24,11232,7,39,3396
202304,999,22500,C,Florence  SC ,266,266,51689,1,2,150,0,0,0,0,0,0,258,258,50536,1,2,150,0,0,0,0,0,0
202304,999,22520,C,Florence-Muscle Shoals  AL ,74,74,8767,0,0,0,6,20,7443,0,0,0,21,21,2450,0,0,0,6,20,7443,0,0,0
202304,999,22540,C,Fond du Lac  WI ,30,30,9932,1,2,350,0,0,0,3,18,1427,0,0,0,0,0,0,0,0,0,0,0,0
202304,999,22660,C,Fort Collins  CO ,418,418,149162,6,12,3600,2,7,1917,28,640,87983,346,346,124266,2,4,1131,1,4,960,9,307,40174
202304,999,22900,C,Fort Smith  AR-OK ,104,104,26576,39,78,7090,4,13,945,0,0,0,87,87,24678,37,74,6703,1,4,180,0,0,0
202304,999,23460,C,Gadsden  AL ,39,39,7378,0,0,0,0,0,0,0,0,0,28,28,5520,0,0,0,0,0,0,0,0,0
202304,999,24140,C,Goldsboro  NC ,143,143,32557,0,0,0,0,0,0,0,0,0,143,143,32557,0,0,0,0,0,0,0,0,0
202304,999,24220,C,Grand Forks  ND-MN ,21,21,6935,0,0,0,0,0,0,0,0,0,20,20,6710,0,0,0,0,0,0,0,0,0
202304,999,24260,C,Grand Island  NE ,26,26,6690,9,18,2400,5,15,2767,6,60,9000,19,19,5337,0,0,0,5,15,2767,6,60,9000
202304,999,24300,C,Grand Junction  CO ,153,153,24361,4,8,672,1,4,786,6,522,69462,153,153,24361,4,8,672,1,4,786,6,522,69462
202304,999,24500,C,Great Falls  MT ,32,32,13260,0,0,0,0,0,0,1,24,3791,26,26,11510,0,0,0,0,0,0,0,0,0
202304,999,25060,C,Gulfport-Biloxi  MS ,1045,1045,122988,1,2,245,2,6,602,6,50,7958,756,756,72356,0,0,0,0,0,0,4,40,7111
202304,999,25860,C,Hickory-Lenoir-Morganton  NC ,631,631,130497,3,6,825,0,0,0,17,135,11423,532,532,110732,2,4,465,0,0,0,6,72,7776
202304,999,25940,C,Hilton Head Island-Bluffton  SC ,693,693,281338,0,0,0,0,0,0,16,367,50219,190,190,119724,0,0,0,0,0,0,0,0,0
202304,999,26140,C,Homosassa Springs  FL ,525,525,121898,2,4,651,0,0,0,0,0,0,2,2,300,0,0,0,0,0,0,0,0,0
202304,999,26380,C,Houma-Thibodaux  LA ,187,187,46941,2,4,366,0,0,0,1,13,900,186,186,46890,2,4,366,0,0,0,1,13,900
202304,999,27100,C,Jackson  MI ,42,42,12625,0,0,0,0,0,0,0,0,0,13,13,4658,0,0,0,0,0,0,0,0,0
202304,999,27340,C,Jacksonville  NC ,336,336,74016,13,26,3233,0,0,0,0,0,0,336,336,74016,13,26,3233,0,0,0,0,0,0
202304,999,27620,C,Jefferson City  MO ,60,60,16153,1,2,275,0,0,0,0,0,0,44,44,11458,1,2,275,0,0,0,0,0,0
202304,999,27980,C,Kahului-Wailuku-Lahaina  HI ,122,122,63537,0,0,0,0,0,0,0,0,0,122,122,63537,0,0,0,0,0,0,0,0,0
202304,999,28660,C,Killeen-Temple  TX ,660,660,142485,73,146,14032,0,0,0,8,142,17251,172,172,26419,29,58,4922,0,0,0,0,0,0
202304,999,29100,C,La Crosse-Onalaska  WI-MN ,57,57,20742,18,36,7830,0,0,0,1,42,4000,50,50,18762,17,34,7610,0,0,0,1,42,4000
202304,999,29420,C,Lake Havasu City-Kingman  AZ ,367,367,116795,14,28,3012,1,4,477,0,0,0,365,365,116502,14,28,3012,1,4,477,0,0,0
202304,999,29540,C,Lancaster  PA ,208,208,62986,5,10,1627,0,0,0,6,53,7852,137,137,41516,5,10,1627,0,0,0,5,48,7555
202304,999,29620,C,Lansing-East Lansing  MI ,116,116,32908,0,0,0,0,0,0,7,200,21457,50,50,14110,0,0,0,0,0,0,0,0,0
202304,999,29700,C,Laredo  TX ,359,359,66457,7,14,1320,5,17,2347,3,46,2990,0,0,0,0,0,0,0,0,0,0,0,0
202304,999,30020,C,Lawton  OK ,29,29,5278,9,18,2346,0,0,0,0,0,0,16,16,4015,9,18,2346,0,0,0,0,0,0
202304,999,30300,C,Lewiston  ID-WA ,40,40,12554,1,2,485,0,0,0,0,0,0,40,40,12554,1,2,485,0,0,0,0,0,0
202304,999,30860,C,Logan  UT-ID ,157,157,54649,0,0,0,0,0,0,5,95,17672,126,126,46442,0,0,0,0,0,0,5,95,17672
202304,999,30980,C,Longview  TX ,89,89,21707,5,10,1121,1,4,579,4,28,2472,57,57,15031,0,0,0,0,0,0,0,0,0
202304,999,31340,C,Lynchburg  VA ,250,250,53922,2,4,568,1,3,603,4,36,933,243,243,52507,0,0,0,0,0,0,0,0,0
202304,999,31740,C,Manhattan  KS ,81,81,25865,0,0,0,1,3,250,0,0,0,50,50,16145,0,0,0,0,0,0,0,0,0
202304,999,33540,C,Missoula  MT ,89,89,27495,3,6,1176,0,0,0,12,453,45550,89,89,27495,3,6,1176,0,0,0,12,453,45550
202304,999,36100,C,Ocala  FL ,1379,1379,358450,2,4,342,1,4,100,4,96,8800,1379,1379,358450,2,4,342,1,4,100,4,96,8800
202304,999,36980,C,Owensboro  KY ,60,60,5705,0,0,0,0,0,0,7,43,6410,57,57,5100,0,0,0,0,0,0,7,43,6410
202304,999,37340,C,Palm Bay-Melbourne-Titusville  FL ,1761,1761,650618,19,38,3830,5,19,2753,24,834,131102,1546,1546,598003,0,0,0,0,0,0,14,524,95784
202304,999,37460,C,Panama City  FL ,454,454,169658,6,12,2731,3,11,1438,27,378,63749,70,70,29106,1,2,500,2,8,758,20,284,46011
202304,999,37900,C,Peoria  IL ,52,52,17480,0,0,0,0,0,0,0,0,0,28,28,10330,0,0,0,0,0,0,0,0,0
202304,999,38340,C,Pittsfield  MA ,27,27,11735,0,0,0,0,0,0,0,0,0,2,2,1135,0,0,0,0,0,0,0,0,0
202304,999,38540,C,Pocatello  ID ,69,69,12506,2,4,581,4,13,1433,0,0,0,38,38,8033,1,2,325,1,4,500,0,0,0
202304,999,39150,C,Prescott Valley-Prescott  AZ ,379,379,125749,5,10,1400,0,0,0,2,148,22335,354,354,119189,5,10,1400,0,0,0,2,148,22335
202304,999,40060,C,Richmond  VA ,1415,1415,350096,39,78,10510,2,8,829,31,1870,132699,1370,1370,341790,39,78,10510,2,8,829,27,1837,129479
202304,999,40220,C,Roanoke  VA ,137,137,39964,0,0,0,0,0,0,5,144,16164,71,71,19264,0,0,0,0,0,0,0,0,0
202304,999,41100,C,St. George  UT ,615,615,121175,4,8,1233,2,7,1684,12,337,57102,490,490,94371,4,8,1233,0,0,0,9,320,54963
202304,999,41500,C,Salinas  CA ,152,152,32264,2,4,1081,1,4,534,0,0,0,144,144,29639,1,2,492,0,0,0,0,0,0
202304,999,41660,C,San Angelo  TX ,80,80,21154,0,0,0,0,0,0,0,0,0,80,80,21154,0,0,0,0,0,0,0,0,0
202304,999,41740,C,San Diego-Chula Vista-Carlsbad  CA ,704,704,189850,8,16,2605,14,46,9276,74,1461,187923,637,637,168009,4,8,1414,11,35,7482,51,739,95108
202304,999,42020,C,San Luis Obispo-Paso Robles  CA ,146,146,39977,0,0,0,1,3,452,4,115,14345,90,90,27808,0,0,0,0,0,0,1,76,10877
202304,999,42200,C,Santa Maria-Santa Barbara  CA ,121,121,35956,1,2,229,1,3,105,4,53,6026,54,54,22813,0,0,0,1,3,105,0,0,0
202304,999,42540,C,Scranton--Wilkes-Barre  PA ,121,121,34083,8,16,3118,2,7,1330,2,10,1368,27,27,9179,7,14,2620,1,4,976,0,0,0
202304,999,42700,C,Sebring-Avon Park  FL ,238,238,56173,4,8,1042,0,0,0,1,52,10240,238,238,56173,4,8,1042,0,0,0,1,52,10240
202304,999,43100,C,Sheboygan  WI ,33,33,11976,2,4,1182,0,0,0,0,0,0,6,6,2370,0,0,0,0,0,0,0,0,0
202304,999,43420,C,Sierra Vista-Douglas  AZ ,160,160,24220,0,0,0,0,0,0,0,0,0,148,148,21049,0,0,0,0,0,0,0,0,0
202304,999,43580,C,Sioux City  IA-NE-SD ,44,44,13465,0,0,0,3,9,900,0,0,0,12,12,4728,0,0,0,1,3,900,0,0,0
202304,999,43620,C,Sioux Falls  SD ,245,245,62575,1,2,373,7,25,2743,35,977,110751,167,167,43526,1,2,373,0,0,0,29,944,106843
202304,999,44140,C,Springfield  MA ,107,107,31318,1,2,393,0,0,0,14,84,20951,37,37,13272,1,2,393,0,0,0,12,74,20532
202304,999,44180,C,Springfield  MO ,445,445,131096,18,36,5883,12,40,5432,1,6,744,312,312,91607,15,30,5085,12,40,5432,0,0,0
202304,999,44940,C,Sumter  SC ,119,119,19771,5,10,993,0,0,0,0,0,0,0,0,0,0,0,0,0,0,0,0,0,0
202304,999,45220,C,Tallahassee  FL ,439,439,89958,4,8,886,0,0,0,17,485,62288,142,142,28127,0,0,0,0,0,0,0,0,0
202304,999,45300,C,Tampa-St. Petersburg-Clearwater  FL ,4213,4213,1176021,26,52,9730,21,82,7351,153,3489,327688,2133,2133,712435,23,46,8724,21,82,7351,140,3417,308478
202304,999,45460,C,Terre Haute  IN ,40,40,7060,0,0,0,0,0,0,1,5,471,27,27,4680,0,0,0,0,0,0,0,0,0
202304,999,45500,C,Texarkana  TX-AR ,27,27,7154,1,2,240,0,0,0,0,0,0,6,6,2401,0,0,0,0,0,0,0,0,0
202304,999,45820,C,Topeka  KS ,96,96,24335,0,0,0,0,0,0,0,0,0,87,87,22944,0,0,0,0,0,0,0,0,0
202304,999,46220,C,Tuscaloosa  AL ,193,193,49249,1,2,475,13,42,3627,4,196,32281,75,75,18046,0,0,0,0,0,0,0,0,0
202304,999,46300,C,Twin Falls  ID ,102,102,28910,2,4,1025,7,28,5482,0,0,0,102,102,28910,2,4,1025,7,28,5482,0,0,0
202304,999,46520,C,Urban Honolulu  HI ,186,186,68860,10,20,3721,0,0,0,8,227,68879,0,0,0,0,0,0,0,0,0,0,0,0
202304,999,46540,C,Utica-Rome  NY ,49,49,10932,0,0,0,0,0,0,4,22,3438,13,13,3475,0,0,0,0,0,0,0,0,0
202304,999,46660,C,Valdosta  GA ,326,326,64182,2,4,265,0,0,0,2,25,2455,187,187,40023,0,0,0,0,0,0,0,0,0
202304,999,47300,C,Visalia  CA ,293,293,92590,2,4,400,0,0,0,1,12,1309,293,293,92590,2,4,400,0,0,0,1,12,1309
202304,999,47380,C,Waco  TX ,264,264,39869,21,42,3167,0,0,0,35,286,26643,215,215,29356,17,34,2317,0,0,0,31,266,24586
202304,999,47940,C,Waterloo-Cedar Falls  IA ,73,73,22048,1,2,196,0,0,0,1,12,2509,68,68,20080,1,2,196,0,0,0,1,12,2509
202304,999,48060,C,Watertown-Fort Drum  NY ,43,43,8474,0,0,0,0,0,0,0,0,0,4,4,1000,0,0,0,0,0,0,0,0,0
202304,999,48300,C,Wenatchee  WA ,146,146,40618,2,4,768,0,0,0,0,0,0,65,65,24506,1,2,377,0,0,0,0,0,0
202304,999,48540,C,Wheeling  WV-OH ,2,2,492,0,0,0,1,3,350,0,0,0,1,1,270,0,0,0,0,0,0,0,0,0
202304,999,48660,C,Wichita Falls  TX ,64,64,18122,2,4,350,1,3,200,1,13,1421,23,23,6172,0,0,0,1,3,200,0,0,0
202304,999,48900,C,Wilmington  NC ,633,633,201879,32,64,8571,0,0,0,16,572,74720,92,92,25869,0,0,0,0,0,0,0,0,0
202304,999,49420,C,Yakima  WA ,110,110,28214,7,14,1975,12,45,5356,0,0,0,59,59,13073,7,14,1975,11,42,5063,0,0,0
202304,999,49740,C,Yuma  AZ ,187,187,30364,7,14,1387,2,7,584,0,0,0,177,177,28702,6,12,1083,1,4,346,0,0,0
