Survey,CSA,CBSA,MONCOV,CBSA,,1-unit,,,2-units,,,3-4 units,,,5+ units,,,1-unit rep,,,2-units rep,,,3-4 units rep,,,5+ units rep
Date,Code,Code,,Name,Bldgs,Units,Value,Bldgs,Units,Value,Bldgs,Units,Value,Bldgs,Units,Value,Bldgs,Units,Value,Bldgs,Units,Value,      Bldgs,Units,Value,Bldgs,Units,Value
 
202311,104,10580,C,Albany-Schenectady-Troy  NY ,910,910,327197,22,44,9857,15,58,9933,62,869,109943,641,641,230724,16,32,6827,9,35,6042,36,663,74526
202311,104,24020,C,Glens Falls  NY ,199,199,64627,1,2,346,1,4,630,1,6,850,197,197,64020,1,2,346,1,4,630,1,6,850
202311,106,10740,C,Albuquerque  NM ,1896,1896,457015,0,0,0,0,0,0,13,854,73146,1351,1351,361026,0,0,0,0,0,0,8,265,24879
202311,106,42140,C,Santa Fe  NM ,246,246,75715,0,0,0,0,0,0,34,662,110000,246,246,75715,0,0,0,0,0,0,34,662,110000
202311,107,11020,C,Altoona  PA ,56,56,18246,1,2,458,1,4,400,0,0,0,23,23,9480,1,2,458,1,4,400,0,0,0
202311,108,11100,C,Amarillo  TX ,527,527,147139,22,44,6401,1,4,572,11,55,7581,488,488,137088,22,44,6401,1,4,572,11,55,7581
202311,118,11540,C,Appleton  WI ,445,445,169556,21,42,8272,1,4,555,18,268,23253,389,389,151275,19,38,7588,1,4,555,12,228,19787
202311,118,36780,C,Oshkosh-Neenah  WI ,207,207,82610,5,10,1080,1,4,269,13,156,16741,188,188,74301,5,10,1080,1,4,269,13,156,16741
202311,120,11700,C,Asheville  NC ,2404,2404,950392,9,18,2462,0,0,0,41,777,116865,1212,1212,545310,8,16,2052,0,0,0,25,629,83962
202311,122,12020,C,Athens-Clarke County  GA ,668,668,222893,17,34,5849,11,33,2892,8,155,25222,324,324,126166,17,34,5849,11,33,2892,8,155,25222
202311,122,12060,C,Atlanta-Sandy Springs-Alpharetta  GA ,22287,22287,6084341,55,110,25796,72,258,47502,436,13874,1949854,19791,19791,5419890,45,90,21541,38,139,24012,369,12634,1747272
202311,122,23580,C,Gainesville  GA ,1125,1125,248625,2,4,350,8,31,2566,10,70,6007,230,230,44389,1,2,180,1,4,458,2,11,1256
202311,122,40660,C,Rome  GA ,299,299,61038,0,0,0,0,0,0,0,0,0,299,299,61038,0,0,0,0,0,0,0,0,0
202311,140,13460,C,Bend  OR ,1132,1132,435706,51,102,23845,4,15,4057,34,803,136850,536,536,220338,13,26,6229,1,4,1395,14,176,37774
202311,142,13820,C,Birmingham-Hoover  AL ,2771,2771,859925,10,20,10716,1,4,646,2,40,5500,2104,2104,682062,9,18,10641,1,4,646,2,40,5500
202311,144,14020,C,Bloomington  IN ,261,261,86505,2,4,1135,0,0,0,5,239,55450,142,142,50355,2,4,1135,0,0,0,5,239,55450
202311,145,14010,C,Bloomington  IL ,173,173,48659,27,54,7851,0,0,0,0,0,0,141,141,41487,25,50,7201,0,0,0,0,0,0
202311,146,14100,C,Bloomsburg-Berwick  PA ,95,95,25521,2,4,520,0,0,0,2,11,998,43,43,11950,2,4,520,0,0,0,0,0,0
202311,147,14260,C,Boise City  ID ,6062,6062,1662705,22,44,7310,64,251,24706,94,3242,572815,5196,5196,1426588,10,20,3552,30,120,10373,83,2878,517598
202311,148,12700,C,Barnstable Town  MA ,360,360,244568,6,12,2193,4,13,3000,4,104,31023,298,298,214878,5,10,2003,4,13,3000,4,104,31023
202311,148,14460,C,Boston-Cambridge-Newton  MA-NH ,3145,3145,1268361,161,322,80625,96,325,78960,220,5253,1307599,2018,2018,848133,98,196,50308,80,271,67320,116,3629,1096936
202311,148,31700,C,Manchester-Nashua  NH ,501,501,168036,23,46,11950,1,4,630,13,786,146592,285,285,110424,4,8,1215,0,0,0,12,536,91379
202311,148,39300,C,Providence-Warwick  RI-MA ,1172,1172,343484,79,158,21193,17,54,8076,20,421,56980,480,480,148160,36,72,10192,15,48,7026,18,406,55480
202311,148,49340,C,Worcester  MA-CT ,917,917,298510,56,112,17738,3,11,1341,12,290,33534,442,442,150733,45,90,13719,3,11,1341,10,280,32685
202311,150,14540,C,Bowling Green  KY ,792,792,211665,3,6,1162,9,33,4228,61,588,63619,791,791,211515,3,6,1162,8,30,4003,61,588,63619
202311,154,15180,C,Brownsville-Harlingen  TX ,1339,1339,252922,98,196,16519,21,74,7647,24,168,22013,396,396,55591,30,60,5328,7,28,971,1,5,389
202311,160,15380,C,Buffalo-Cheektowaga  NY ,748,748,280168,27,54,8077,6,22,4504,32,374,61949,564,564,228026,24,48,7187,5,19,4279,21,242,32350
202311,162,15540,C,Burlington-South Burlington  VT ,388,388,130007,31,62,11296,5,15,4744,24,684,94203,248,248,88564,23,46,8516,5,15,4744,15,639,90460
202311,163,15980,C,Cape Coral-Fort Myers  FL ,7936,7936,1791936,151,302,41747,2,7,621,137,3972,747096,6021,6021,1242805,86,172,18878,0,0,0,95,2723,591390
202311,163,34940,C,Naples-Marco Island  FL ,2726,2726,1331253,10,20,6996,18,72,11173,24,408,89272,2611,2611,957156,10,20,6996,18,72,11173,22,397,83991
202311,164,16020,C,Cape Girardeau  MO-IL ,73,73,22032,0,0,0,0,0,0,0,0,0,0,0,0,0,0,0,0,0,0,0,0,0
202311,168,16300,C,Cedar Rapids  IA ,406,406,105155,20,40,6949,16,58,8300,8,98,12305,373,373,95263,15,30,4633,14,52,7920,8,98,12305
202311,168,26980,C,Iowa City  IA ,480,480,161692,27,54,12158,3,11,2637,14,675,143425,458,458,157975,25,50,11556,3,11,2637,14,675,143425
202311,170,16620,C,Charleston  WV ,167,167,24878,0,0,0,0,0,0,0,0,0,143,143,20881,0,0,0,0,0,0,0,0,0
202311,170,26580,C,Huntington-Ashland  WV-KY-OH ,219,219,46935,4,8,550,5,17,530,0,0,0,5,5,1609,1,2,150,3,9,330,0,0,0
202311,172,16740,C,Charlotte-Concord-Gastonia  NC-SC ,17650,17650,5006780,59,118,21529,6,23,5824,210,9338,1067679,16015,16015,4563939,59,118,21529,6,23,5824,196,9163,1047813
202311,174,16860,C,Chattanooga  TN-GA ,2080,2080,477953,54,108,8974,33,108,9404,26,490,48973,1540,1540,355261,8,16,2360,23,78,7663,2,10,1024
202311,174,17420,C,Cleveland  TN ,724,724,174472,0,0,0,7,24,3179,2,18,2287,538,538,140786,0,0,0,7,24,3179,2,18,2287
202311,174,19140,C,Dalton  GA ,310,310,62608,24,48,3124,9,30,4352,8,44,4140,0,0,0,0,0,0,0,0,0,0,0,0
202311,176,16980,C,Chicago-Naperville-Elgin  IL-IN-WI ,7738,7738,2708739,161,322,71383,162,543,112583,290,5275,898059,6119,6119,2146289,127,254,59528,154,517,108631,211,4828,824917
202311,176,28100,C,Kankakee  IL ,49,49,15422,0,0,0,3,9,1929,0,0,0,34,34,10881,0,0,0,0,0,0,0,0,0
202311,176,33140,C,Michigan City-La Porte  IN ,145,145,46816,1,2,220,0,0,0,5,62,7853,0,0,0,0,0,0,0,0,0,0,0,0
202311,178,17140,C,Cincinnati  OH-KY-IN ,3491,3491,1159068,137,274,41637,43,145,23077,110,1834,223086,2718,2718,958294,101,202,32003,33,108,17990,67,1358,186516
202311,184,10420,C,Akron  OH ,648,648,211996,2,4,803,27,103,17758,24,131,13877,561,561,176368,2,4,803,27,103,17758,9,49,9457
202311,184,15940,C,Canton-Massillon  OH ,344,344,135553,8,16,2997,17,53,6736,12,72,5530,301,301,129947,3,6,1050,10,32,5660,0,0,0
202311,184,17460,C,Cleveland-Elyria  OH ,2297,2297,742706,7,14,4987,26,95,15031,39,671,68139,1519,1519,519212,6,12,4450,24,89,14056,24,144,18371
202311,190,17860,C,Columbia  MO ,554,554,210341,3,6,1270,1,3,563,3,56,10075,547,547,209035,2,4,520,0,0,0,3,56,10075
202311,192,17900,C,Columbia  SC ,4335,4335,1095485,39,78,8200,34,122,13429,15,602,130533,2988,2988,804582,38,76,7990,34,122,13429,15,602,130533
202311,194,12220,C,Auburn-Opelika  AL ,1240,1240,357427,15,30,3293,3,9,3749,3,25,3823,747,747,235219,7,14,1834,3,9,3749,1,5,1100
202311,194,17980,C,Columbus  GA-AL ,540,540,143019,9,18,2720,1,4,401,9,349,68974,312,312,80208,2,4,95,1,4,401,0,0,0
202311,198,18140,C,Columbus  OH ,4967,4967,1804891,58,116,20777,55,195,34366,180,5567,608434,4073,4073,1461445,53,106,18267,54,192,33841,165,5243,562830
202311,204,18580,C,Corpus Christi  TX ,1612,1612,388425,1,2,180,0,0,0,3,69,5128,130,130,28033,1,2,180,0,0,0,0,0,0
202311,206,19100,C,Dallas-Fort Worth-Arlington  TX ,39238,39238,11435622,443,886,125548,223,804,116836,446,21843,2948628,31487,31487,9334551,250,500,70328,39,130,23370,433,21631,2917423
202311,206,43300,C,Sherman-Denison  TX ,1008,1008,285131,13,26,4197,0,0,0,58,1259,167907,491,491,138459,0,0,0,0,0,0,58,1259,167907
202311,209,19340,C,Davenport-Moline-Rock Island  IA-IL ,337,337,90664,10,20,3727,19,71,12954,6,146,9823,143,143,29320,0,0,0,0,0,0,1,121,7202
202311,212,19430,C,Dayton-Kettering  OH ,1029,1029,423410,3,6,858,24,91,10761,25,471,61238,504,504,238164,0,0,0,15,60,4632,12,217,30902
202311,212,44220,C,Springfield  OH ,95,95,30722,0,0,0,17,68,7010,1,40,2608,95,95,30722,0,0,0,17,68,7010,1,40,2608
202311,216,14500,C,Boulder  CO ,774,774,482071,8,16,3849,12,40,9356,48,771,153960,732,732,446766,5,10,2852,9,31,7282,36,568,99383
202311,216,19740,C,Denver-Aurora-Lakewood  CO ,7809,7809,2524707,77,154,42370,29,106,22138,244,9609,1700198,7116,7116,2310262,77,154,42370,24,87,18539,226,9301,1654824
202311,216,24540,C,Greeley  CO ,2310,2310,791911,34,68,12294,23,87,18704,71,1195,180431,1252,1252,409619,14,28,5967,12,44,7864,14,236,41387
202311,218,11180,C,Ames  IA ,146,146,49978,2,4,1060,24,83,18689,0,0,0,107,107,38569,2,4,1060,23,80,17837,0,0,0
202311,218,19780,C,Des Moines-West Des Moines  IA ,3446,3446,1231796,23,46,11202,19,68,16830,37,977,150556,3305,3305,1175243,21,42,10102,15,56,13296,37,977,150556
202311,220,11460,C,Ann Arbor  MI ,461,461,168184,14,28,4839,1,4,540,53,772,88459,349,349,134732,14,28,4839,1,4,540,53,772,88459
202311,220,19820,C,Detroit-Warren-Dearborn  MI ,3906,3906,1443738,23,46,10637,63,225,42072,102,1610,239462,2956,2956,1139515,22,44,10537,40,149,32437,96,1477,215926
202311,220,22420,C,Flint  MI ,220,220,68870,10,20,4137,14,52,11812,4,64,8112,120,120,40931,6,12,2537,14,52,11812,4,64,8112
202311,220,33780,C,Monroe  MI ,168,168,46246,5,10,1540,4,16,2300,8,40,2873,112,112,33235,5,10,1540,4,16,2300,0,0,0
202311,222,20020,C,Dothan  AL ,447,447,117987,0,0,0,2,8,1144,0,0,0,63,63,16147,0,0,0,0,0,0,0,0,0
202311,232,20740,C,Eau Claire  WI ,320,320,123412,76,152,36529,1,4,632,32,1002,152342,295,295,115064,69,138,34321,1,4,632,32,1002,152342
202311,236,21300,C,Elmira  NY ,22,22,5408,0,0,0,0,0,0,9,49,5491,4,4,680,0,0,0,0,0,0,0,0,0
202311,238,21340,C,El Paso  TX ,1841,1841,438861,30,60,7774,10,31,4087,17,169,19915,227,227,62259,0,0,0,0,0,0,0,0,0
202311,238,29740,C,Las Cruces  NM ,762,762,221254,4,8,1303,2,8,949,0,0,0,666,666,199914,4,8,1303,2,8,949,0,0,0
202311,240,21500,C,Erie  PA ,111,111,41717,3,6,500,0,0,0,13,76,10873,72,72,30931,1,2,100,0,0,0,13,76,10873
202311,244,22020,C,Fargo  ND-MN ,890,890,260420,0,0,0,0,0,0,13,1168,177484,859,859,246503,0,0,0,0,0,0,13,1168,177484
202311,246,22180,C,Fayetteville  NC ,2223,2223,460008,6,12,1715,1,4,408,0,0,0,1597,1597,374083,6,12,1715,1,4,408,0,0,0
202311,258,23060,C,Fort Wayne  IN ,1607,1607,541903,22,44,4785,2,6,600,35,706,93137,1607,1607,541903,22,44,4785,2,6,600,35,706,93137
202311,260,23420,C,Fresno  CA ,2220,2220,752701,1,2,348,4,12,1200,84,847,145764,1324,1324,423070,1,2,348,0,0,0,53,624,107519
202311,260,25260,C,Hanford-Corcoran  CA ,540,540,169732,5,10,1911,6,21,4035,12,140,15223,62,62,14984,0,0,0,0,0,0,0,0,0
202311,260,31460,C,Madera  CA ,1057,1057,328734,0,0,0,0,0,0,0,0,0,1057,1057,328734,0,0,0,0,0,0,0,0,0
202311,264,23540,C,Gainesville  FL ,1234,1234,339824,7,14,1599,0,0,0,14,908,99205,390,390,92756,2,4,384,0,0,0,0,0,0
202311,266,24340,C,Grand Rapids-Kentwood  MI ,2164,2164,720386,41,82,15776,42,161,29610,47,1086,202722,1695,1695,559763,26,52,9096,38,148,26254,8,485,90056
202311,266,34740,C,Muskegon  MI ,310,310,81041,7,14,2439,0,0,0,0,0,0,205,205,55192,2,4,1000,0,0,0,0,0,0
202311,267,24580,C,Green Bay  WI ,539,539,212686,78,156,28864,1,4,70,24,309,32924,467,467,189721,10,20,5482,0,0,0,7,95,13144
202311,268,15500,C,Burlington  NC ,1506,1506,241687,3,6,385,0,0,0,29,1083,92746,1506,1506,241687,3,6,385,0,0,0,29,1083,92746
202311,268,24660,C,Greensboro-High Point  NC ,2131,2131,545717,19,38,5072,0,0,0,35,1099,177698,1891,1891,467301,18,36,4835,0,0,0,35,1099,177698
202311,268,49180,C,Winston-Salem  NC ,3282,3282,920847,5,10,2056,1,3,276,55,1423,163956,2810,2810,800799,5,10,2056,0,0,0,44,1368,161787
202311,272,24780,C,Greenville  NC ,901,901,176353,20,40,5779,0,0,0,1,72,8373,857,857,167557,20,40,5779,0,0,0,1,72,8373
202311,273,24860,C,Greenville-Anderson  SC ,6288,6288,1897710,180,360,38350,32,122,11012,27,463,88603,6271,6271,1893600,179,358,38131,32,122,11012,27,463,88603
202311,273,43900,C,Spartanburg  SC ,2615,2615,482702,1,2,485,0,0,0,3,41,4918,172,172,58623,1,2,485,0,0,0,0,0,0
202311,276,23900,C,Gettysburg  PA ,320,320,78268,0,0,0,0,0,0,0,0,0,320,320,78268,0,0,0,0,0,0,0,0,0
202311,276,25420,C,Harrisburg-Carlisle  PA ,1177,1177,304507,9,18,1711,11,39,5730,46,570,66621,836,836,221458,9,18,1711,7,27,4548,20,319,41158
202311,276,30140,C,Lebanon  PA ,187,187,24306,1,2,341,0,0,0,3,44,7165,170,170,19334,1,2,341,0,0,0,1,34,5413
202311,276,49620,C,York-Hanover  PA ,882,882,227349,4,8,1103,6,24,5060,21,175,22824,397,397,98425,1,2,474,6,24,5060,17,146,20673
202311,277,25500,C,Harrisonburg  VA ,447,447,104321,31,62,9618,1,4,550,5,29,3475,447,447,104321,31,62,9618,1,4,550,5,29,3475
202311,277,44420,C,Staunton  VA ,404,404,101924,3,6,604,1,3,130,7,181,27722,404,404,101924,3,6,604,1,3,130,7,181,27722
202311,278,25540,C,Hartford-East Hartford-Middletown  CT ,588,588,168085,9,18,3034,8,32,4829,70,1024,111567,363,363,103856,2,4,582,3,12,2170,21,573,66835
202311,278,35980,C,Norwich-New London  CT ,203,203,68070,3,6,1191,0,0,0,1,123,17954,112,112,40139,3,6,1191,0,0,0,1,123,17954
202311,279,25620,C,Hattiesburg  MS ,107,107,23083,0,0,0,6,18,818,0,0,0,0,0,0,0,0,0,0,0,0,0,0,0
202311,284,26300,C,Hot Springs  AR ,64,64,23684,3,6,720,0,0,0,0,0,0,64,64,23684,3,6,720,0,0,0,0,0,0
202311,288,26420,C,Houston-The Woodlands-Sugar Land  TX ,46635,46635,12202034,773,1546,246158,18,66,7069,518,15808,2210192,43613,43613,11353350,753,1506,240983,18,66,7069,491,15533,2156763
202311,290,19460,C,Decatur  AL ,288,288,70531,0,0,0,0,0,0,0,0,0,116,116,30283,0,0,0,0,0,0,0,0,0
202311,290,26620,C,Huntsville  AL ,3645,3645,759310,45,90,14325,1,4,510,37,1838,299693,2202,2202,408804,45,90,14325,1,4,510,37,1838,299693
202311,292,26820,C,Idaho Falls  ID ,722,722,172728,2,4,461,13,52,6654,10,389,54930,698,698,164569,2,4,461,13,52,6654,10,389,54930
202311,294,18020,C,Columbus  IN ,146,146,56369,0,0,0,0,0,0,0,0,0,146,146,56369,0,0,0,0,0,0,0,0,0
202311,294,26900,C,Indianapolis-Carmel-Anderson  IN ,6692,6692,2533809,82,164,37214,41,136,27295,139,4661,950389,5861,5861,2321019,79,158,36127,41,136,27295,138,4650,947818
202311,294,34620,C,Muncie  IN ,68,68,17446,0,0,0,0,0,0,1,5,596,38,38,8616,0,0,0,0,0,0,0,0,0
202311,296,27060,C,Ithaca  NY ,118,118,33123,4,8,1264,0,0,0,9,74,9430,29,29,6308,2,4,650,0,0,0,0,0,0
202311,297,27180,C,Jackson  TN ,378,378,91945,2,4,368,0,0,0,0,0,0,77,77,22416,2,4,368,0,0,0,0,0,0
202311,298,27140,C,Jackson  MS ,1094,1094,287071,2,4,494,0,0,0,7,54,6913,787,787,187566,0,0,0,0,0,0,7,54,6913
202311,300,27260,C,Jacksonville  FL ,11600,11600,3102355,148,296,40074,25,99,6256,166,6778,988223,11521,11521,3072645,146,292,39494,25,99,6256,166,6778,988223
202311,304,27740,C,Johnson City  TN ,708,708,208029,26,52,6195,4,13,1774,11,214,34714,538,538,182104,26,52,6195,4,13,1774,11,214,34714
202311,304,28700,C,Kingsport-Bristol  TN-VA ,691,691,180421,1,2,450,2,6,692,9,45,3047,514,514,158543,1,2,450,0,0,0,0,0,0
202311,306,27780,C,Johnstown  PA ,66,66,16164,0,0,0,0,0,0,0,0,0,0,0,0,0,0,0,0,0,0,0,0,0
202311,308,27860,C,Jonesboro  AR ,566,566,87346,50,100,7030,56,188,9663,15,96,5308,73,73,14034,3,6,450,0,0,0,0,0,0
202311,309,27900,C,Joplin  MO ,491,491,91362,48,96,12268,8,32,1573,15,142,15205,277,277,43023,0,0,0,6,24,1270,0,0,0
202311,310,12980,C,Battle Creek  MI ,72,72,13450,0,0,0,0,0,0,0,0,0,4,4,954,0,0,0,0,0,0,0,0,0
202311,310,28020,C,Kalamazoo-Portage  MI ,386,386,109947,1,2,501,2,7,1840,6,300,34590,298,298,59918,1,2,501,0,0,0,1,180,18665
202311,312,28140,C,Kansas City  MO-KS ,3998,3998,1384387,126,252,50482,44,170,36882,54,2260,377092,3632,3632,1263007,115,230,47621,44,170,36882,54,2260,377092
202311,312,29940,C,Lawrence  KS ,177,177,55718,7,14,2609,1,4,320,1,12,1500,171,171,54105,6,12,2412,1,4,320,1,12,1500
202311,312,41140,C,St. Joseph  MO-KS ,75,75,19213,1,2,200,0,0,0,2,12,1100,29,29,8702,0,0,0,0,0,0,2,12,1100
202311,313,28420,C,Kennewick-Richland  WA ,1018,1018,349550,5,10,2611,28,108,13732,27,820,119914,688,688,250575,3,6,2019,25,99,12176,9,296,37459
202311,313,47460,C,Walla Walla  WA ,174,174,47484,11,22,4286,0,0,0,2,32,4657,157,157,44507,6,12,1820,0,0,0,0,0,0
202311,315,28940,C,Knoxville  TN ,3905,3905,1103672,46,92,17342,38,132,23731,59,1577,312972,3468,3468,1003444,44,88,16723,20,61,10948,48,1447,301257
202311,315,34100,C,Morristown  TN ,638,638,181806,5,10,640,28,103,9810,1,32,5250,322,322,75141,5,10,640,28,103,9810,1,32,5250
202311,316,29020,C,Kokomo  IN ,107,107,31111,12,24,6206,0,0,0,0,0,0,85,85,24352,12,24,6206,0,0,0,0,0,0
202311,318,29180,C,Lafayette  LA ,1907,1907,435858,0,0,0,0,0,0,28,378,43162,1386,1386,339026,0,0,0,0,0,0,28,378,43162
202311,320,29200,C,Lafayette-West Lafayette  IN ,473,473,174908,1,2,210,0,0,0,21,1472,226156,427,427,156040,0,0,0,0,0,0,7,1081,182148
202311,324,29340,C,Lake Charles  LA ,527,527,111265,12,24,2133,0,0,0,5,168,35854,500,500,106181,11,22,1983,0,0,0,5,168,35854
202311,332,29820,C,Las Vegas-Henderson-Paradise  NV ,9141,9141,2705044,20,40,6544,57,210,32928,91,2399,403843,9125,9125,2689667,20,40,6544,57,210,32928,91,2399,403843
202311,336,30460,C,Lexington-Fayette  KY ,1202,1202,322743,8,16,2907,12,39,7389,33,930,89134,542,542,171145,5,10,2038,2,7,2700,10,160,13150
202311,338,30620,C,Lima  OH ,74,74,21205,3,6,720,2,6,400,0,0,0,25,25,7523,3,6,720,0,0,0,0,0,0
202311,339,30700,C,Lincoln  NE ,784,784,262981,3,6,1314,6,23,2816,45,1259,198834,743,743,249554,3,6,1314,6,23,2816,45,1259,198834
202311,340,30780,C,Little Rock-North Little Rock-Conway  AR ,1512,1512,415647,49,98,9539,14,53,5948,38,585,61360,1461,1461,407610,45,90,8997,14,53,5948,38,585,61360
202311,340,38220,C,Pine Bluff  AR ,41,41,7635,3,6,560,0,0,0,4,48,9865,29,29,5440,3,6,560,0,0,0,4,48,9865
202311,348,31080,C,Los Angeles-Long Beach-Anaheim  CA ,10852,10852,2965559,695,1390,335343,171,573,211644,487,15795,2874101,8630,8630,2406948,641,1282,309114,150,504,201142,347,13098,2328551
202311,348,37100,C,Oxnard-Thousand Oaks-Ventura  CA ,304,304,108360,0,0,0,25,82,18143,28,644,102956,105,105,35067,0,0,0,17,58,14483,19,521,89799
202311,348,40140,C,Riverside-San Bernardino-Ontario  CA ,11168,11168,3230109,70,140,12974,72,262,51075,594,7038,908111,6146,6146,1779866,8,16,3369,57,212,42561,510,5578,691037
202311,350,21060,C,Elizabethtown-Fort Knox  KY ,494,494,116015,61,122,14999,52,203,25342,38,995,110520,494,494,116015,61,122,14999,52,203,25342,38,995,110520
202311,350,31140,C,Louisville-Jefferson County  KY-IN ,2751,2751,855376,44,88,15232,12,44,6237,120,3230,453919,2630,2630,822351,44,88,15232,12,44,6237,111,3167,443626
202311,352,31180,C,Lubbock  TX ,1851,1851,443217,13,26,2874,2,6,868,49,536,58356,1550,1550,378923,11,22,2223,0,0,0,49,536,58356
202311,356,31420,C,Macon-Bibb County  GA ,509,509,130970,0,0,0,0,0,0,4,20,3433,131,131,33794,0,0,0,0,0,0,4,20,3433
202311,356,47580,C,Warner Robins  GA ,1095,1095,292139,1,2,117,0,0,0,17,596,68654,826,826,235495,1,2,117,0,0,0,17,596,68654
202311,357,27500,C,Janesville-Beloit  WI ,219,219,64826,28,56,12195,0,0,0,4,32,8000,131,131,39191,28,56,12195,0,0,0,4,32,8000
202311,357,31540,C,Madison  WI ,1377,1377,609367,100,200,54922,24,95,33562,60,3166,461707,1250,1250,570396,73,146,40605,24,95,33562,53,2810,403052
202311,359,31860,C,Mankato  MN ,163,163,51361,1,2,200,0,0,0,13,381,52438,123,123,36342,1,2,200,0,0,0,10,311,42855
202311,360,31900,C,Mansfield  OH ,104,104,35095,5,10,1448,3,9,857,0,0,0,86,86,29342,2,4,715,0,0,0,0,0,0
202311,365,32580,C,McAllen-Edinburg-Mission  TX ,3751,3751,897299,192,384,27144,353,1403,135931,88,585,58565,2926,2926,726761,99,198,11405,306,1215,108839,88,585,58565
202311,366,24420,C,Grants Pass  OR ,159,159,40209,6,12,2398,3,11,1977,4,26,4115,0,0,0,0,0,0,0,0,0,0,0,0
202311,366,32780,C,Medford  OR ,605,605,194375,7,14,2400,14,49,8035,54,476,74128,550,550,183699,7,14,2400,10,37,7267,46,436,69609
202311,368,32820,C,Memphis  TN-MS-AR ,2912,2912,792787,2,4,1159,3,12,3427,20,892,139310,2508,2508,705957,2,4,1159,3,12,3427,20,892,139310
202311,370,33100,C,Miami-Fort Lauderdale-Pompano Beach  FL ,5028,5028,2283607,187,374,90235,38,146,30103,379,14451,3235180,4106,4106,1766825,187,374,90235,36,140,28706,286,12054,2880432
202311,370,38940,C,Port St. Lucie  FL ,5029,5029,1473589,109,218,30627,0,0,0,44,403,85589,5021,5021,1422398,109,218,30627,0,0,0,44,403,85589
202311,370,42680,C,Sebastian-Vero Beach  FL ,696,696,336491,18,36,6756,3,9,606,4,191,27329,174,174,76700,6,12,2156,0,0,0,1,5,689
202311,372,33260,C,Midland  TX ,722,722,192995,0,0,0,1,4,250,0,0,0,722,722,192995,0,0,0,1,4,250,0,0,0
202311,372,36220,C,Odessa  TX ,793,793,201331,0,0,0,0,0,0,1,5,599,0,0,0,0,0,0,0,0,0,0,0,0
202311,376,33340,C,Milwaukee-Waukesha  WI ,1264,1264,596908,110,220,55207,0,0,0,34,564,88375,964,964,458920,81,162,39111,0,0,0,26,519,78197
202311,376,39540,C,Racine  WI ,135,135,59642,3,6,1025,0,0,0,5,60,33500,119,119,54685,0,0,0,0,0,0,5,60,33500
202311,378,33460,C,Minneapolis-St. Paul-Bloomington  MN-WI ,7255,7255,2651643,90,180,36551,49,178,41484,238,8874,1714139,6187,6187,2299041,49,98,23536,39,147,34954,130,7246,1427067
202311,378,41060,C,St. Cloud  MN ,400,400,117119,3,6,770,1,4,800,8,163,17110,198,198,71132,3,6,770,0,0,0,1,50,1250
202311,380,19300,C,Daphne-Fairhope-Foley  AL ,2714,2714,856239,8,16,2438,3,12,2539,22,441,48941,1660,1660,599854,8,16,2438,3,12,2539,16,297,30572
202311,380,33660,C,Mobile  AL ,755,755,200481,1,2,123,2,8,900,2,56,13611,713,713,193186,1,2,123,2,8,900,2,56,13611
202311,384,33740,C,Monroe  LA ,261,261,68786,20,40,3754,1,3,399,5,78,4400,34,34,8125,10,20,965,0,0,0,5,78,4400
202311,388,33860,C,Montgomery  AL ,695,695,188503,0,0,0,0,0,0,1,56,12320,689,689,187326,0,0,0,0,0,0,1,56,12320
202311,390,34060,C,Morgantown  WV ,15,15,3879,0,0,0,0,0,0,0,0,0,6,6,2311,0,0,0,0,0,0,0,0,0
202311,396,34820,C,Myrtle Beach-Conway-North Myrtle Beach  SC-NC ,10339,10339,2367064,38,76,6794,13,46,7448,76,1546,186667,2839,2839,731192,33,66,4295,5,20,4000,35,856,115098
202311,400,34980,C,Nashville-Davidson--Murfreesboro--Franklin  TN ,13066,13066,4272171,31,62,11075,19,72,9305,247,9493,1376859,11701,11701,3867914,28,56,9964,15,57,7842,213,9222,1352889
202311,404,35100,C,New Bern  NC ,592,592,140587,1,2,100,0,0,0,0,0,0,346,346,89122,1,2,100,0,0,0,0,0,0
202311,406,25220,C,Hammond  LA ,692,692,121167,2,4,250,0,0,0,12,449,42812,620,620,108723,1,2,150,0,0,0,0,0,0
202311,406,35380,C,New Orleans-Metairie  LA ,1768,1768,549983,228,456,60191,3,9,1000,20,668,157293,883,883,290467,20,40,5056,0,0,0,0,0,0
202311,408,14860,C,Bridgeport-Stamford-Norwalk  CT ,411,411,369288,20,40,6135,3,11,2492,28,1034,182139,277,277,186004,18,36,5145,3,11,2492,24,974,147766
202311,408,20700,C,East Stroudsburg  PA ,221,221,77868,0,0,0,0,0,0,0,0,0,153,153,57483,0,0,0,0,0,0,0,0,0
202311,408,28740,C,Kingston  NY ,238,238,84034,2,4,605,1,4,562,5,88,8902,143,143,56082,2,4,605,0,0,0,5,88,8902
202311,408,35300,C,New Haven-Milford  CT ,342,342,100739,23,46,8859,16,56,7807,42,1125,99945,101,101,23970,10,20,3334,13,45,6225,27,719,78507
202311,408,35620,C,New York-Newark-Jersey City  NY-NJ-PA ,10947,10947,3361279,629,1258,162309,179,590,66756,954,24231,3093796,7186,7186,2141927,432,864,115451,94,317,35229,427,14737,1960873
202311,408,39100,C,Poughkeepsie-Newburgh-Middletown  NY ,728,728,288044,2,4,642,10,35,10588,64,867,161133,292,292,97685,1,2,346,7,26,8314,34,646,129184
202311,408,45940,C,Trenton-Princeton  NJ ,404,404,82622,1,2,334,0,0,0,36,552,39790,363,363,76903,0,0,0,0,0,0,26,460,33786
202311,412,35840,C,North Port-Sarasota-Bradenton  FL ,9922,9922,3151581,167,334,57771,17,66,27604,122,3457,752598,9396,9396,3015043,51,102,18501,16,63,24289,98,3121,712407
202311,412,39460,C,Punta Gorda  FL ,3506,3506,1064096,130,260,44887,26,100,27211,16,194,41396,3420,3420,1015661,123,246,41807,26,100,27211,11,158,33299
202311,416,36420,C,Oklahoma City  OK ,5012,5012,1471703,277,554,74154,29,103,13480,26,322,28077,1807,1807,624335,126,252,39786,0,0,0,7,104,12520
202311,420,36540,C,Omaha-Council Bluffs  NE-IA ,2646,2646,573699,12,24,3664,10,37,7048,82,1690,117726,2137,2137,435226,10,20,3314,9,34,6298,81,1685,117097
202311,422,19660,C,Deltona-Daytona Beach-Ormond Beach  FL ,4978,4978,1713491,130,260,44533,12,45,5792,27,1228,142178,4382,4382,1521501,130,260,44533,12,45,5792,27,1228,142178
202311,422,29460,C,Lakeland-Winter Haven  FL ,8298,8298,2293607,58,116,12003,3,11,1622,142,3094,424692,7557,7557,2111903,44,88,10095,3,11,1622,131,2770,394869
202311,422,36740,C,Orlando-Kissimmee-Sanford  FL ,15873,15873,4853647,44,88,14082,15,54,13002,182,8222,1075734,14119,14119,4320498,44,88,14082,15,54,13002,147,7559,1026118
202311,422,45540,C,The Villages  FL ,3121,3121,759429,0,0,0,0,0,0,0,0,0,3112,3112,757719,0,0,0,0,0,0,0,0,0
202311,425,37620,C,Parkersburg-Vienna  WV ,90,90,19677,0,0,0,0,0,0,0,0,0,74,74,16681,0,0,0,0,0,0,0,0,0
202311,426,37860,C,Pensacola-Ferry Pass-Brent  FL ,2502,2502,699051,6,12,1563,3,9,1052,1,5,150,2502,2502,699051,6,12,1563,3,9,1052,1,5,150
202311,428,12100,C,Atlantic City-Hammonton  NJ ,313,313,101704,11,22,5217,0,0,0,6,38,4731,212,212,89082,10,20,3217,0,0,0,0,0,0
202311,428,20100,C,Dover  DE ,811,811,132743,14,28,4464,0,0,0,6,102,8705,769,769,121055,14,28,4464,0,0,0,6,102,8705
202311,428,36140,C,Ocean City  NJ ,505,505,211716,76,152,30797,20,68,8527,3,15,1600,443,443,191435,75,150,30612,18,62,7508,3,15,1600
202311,428,37980,C,Philadelphia-Camden-Wilmington  PA-NJ-DE-MD ,6883,6883,1570190,119,238,39733,122,414,50636,260,4907,622512,3369,3369,819022,106,212,37369,88,297,41623,156,3904,491044
202311,428,39740,C,Reading  PA ,267,267,72599,4,8,730,0,0,0,5,83,4787,44,44,10240,4,8,730,0,0,0,4,78,4724
202311,428,47220,C,Vineland-Bridgeton  NJ ,104,104,14596,0,0,0,0,0,0,0,0,0,77,77,11738,0,0,0,0,0,0,0,0,0
202311,429,38060,C,Phoenix-Mesa-Chandler  AZ ,22755,22755,6615014,825,1650,212263,38,142,36112,496,17612,2625919,21433,21433,6255273,811,1622,207926,38,142,36112,482,16323,2400656
202311,430,38300,C,Pittsburgh  PA ,3057,3057,987899,8,16,2039,32,110,19983,44,1880,187588,1583,1583,546840,7,14,1755,13,49,10675,4,125,20482
202311,430,48260,C,Weirton-Steubenville  WV-OH ,18,18,5174,0,0,0,0,0,0,0,0,0,7,7,2035,0,0,0,0,0,0,0,0,0
202311,438,30340,C,Lewiston-Auburn  ME ,210,210,47621,8,16,3128,0,0,0,4,45,6800,105,105,21737,4,8,2046,0,0,0,4,45,6800
202311,438,38860,C,Portland-South Portland  ME ,1756,1756,627447,69,138,26065,17,55,8636,56,893,109038,702,702,291274,45,90,18371,9,31,5602,24,601,89313
202311,440,10540,C,Albany-Lebanon  OR ,235,235,69318,25,50,11549,2,7,1242,3,25,3234,227,227,67734,25,50,11549,2,7,1242,3,25,3234
202311,440,18700,C,Corvallis  OR ,121,121,43634,6,12,3807,1,4,918,12,258,39169,121,121,43634,6,12,3807,1,4,918,12,258,39169
202311,440,31020,C,Longview  WA ,275,275,89938,6,12,3283,0,0,0,1,17,2021,42,42,11163,1,2,550,0,0,0,0,0,0
202311,440,38900,C,Portland-Vancouver-Hillsboro  OR-WA ,5912,5912,2306461,57,114,20038,35,126,25842,167,4739,735016,4732,4732,1647642,55,110,19958,30,107,22862,145,4285,665740
202311,440,41420,C,Salem  OR ,770,770,234890,37,74,18430,3,12,2074,83,1054,157886,737,737,225847,36,72,17930,3,12,2074,83,1054,157886
202311,444,39380,C,Pueblo  CO ,275,275,47725,0,0,0,0,0,0,0,0,0,275,275,47725,0,0,0,0,0,0,0,0,0
202311,450,20500,C,Durham-Chapel Hill  NC ,2929,2929,1003976,40,80,11790,2,6,984,79,3816,656409,1078,1078,419933,4,8,1376,0,0,0,13,462,75660
202311,450,39580,C,Raleigh-Cary  NC ,11507,11507,3052004,39,78,19117,1,3,429,146,6927,1011273,10394,10394,2823022,39,78,19117,1,3,429,145,6922,1010174
202311,452,39660,C,Rapid City  SD ,473,473,154354,13,26,3396,15,60,9140,36,909,119303,467,467,153096,13,26,3396,15,60,9140,36,909,119303
202311,454,39820,C,Redding  CA ,178,178,57487,0,0,0,0,0,0,0,0,0,77,77,28612,0,0,0,0,0,0,0,0,0
202311,456,16180,C,Carson City  NV ,141,141,37222,0,0,0,2,6,764,12,74,7388,0,0,0,0,0,0,0,0,0,0,0,0
202311,456,39900,C,Reno  NV ,1830,1830,506572,51,102,13906,17,58,8079,109,1944,246315,392,392,99841,30,60,9510,3,12,2011,1,15,1181
202311,462,40340,C,Rochester  MN ,496,496,160313,2,4,635,2,7,1705,7,559,87327,342,342,120301,2,4,635,2,7,1705,7,559,87327
202311,464,40380,C,Rochester  NY ,843,843,279190,28,56,10540,41,146,12319,48,432,52121,429,429,171655,21,42,7594,31,114,7100,31,303,36655
202311,466,40420,C,Rockford  IL ,158,158,43929,6,12,3540,0,0,0,0,0,0,146,146,42754,6,12,3540,0,0,0,0,0,0
202311,468,40580,C,Rocky Mount  NC ,567,567,121224,0,0,0,0,0,0,3,30,3266,49,49,11429,0,0,0,0,0,0,3,30,3266
202311,472,40900,C,Sacramento-Roseville-Folsom  CA ,7383,7383,2453326,73,146,20920,3,9,2704,147,3528,635782,7264,7264,2419984,73,146,20920,3,9,2704,147,3528,635782
202311,472,49700,C,Yuba City  CA ,575,575,182860,12,24,2123,0,0,0,5,28,3370,502,502,156880,10,20,1700,0,0,0,0,0,0
202311,474,13020,C,Bay City  MI ,40,40,10889,0,0,0,0,0,0,0,0,0,4,4,1598,0,0,0,0,0,0,0,0,0
202311,474,33220,C,Midland  MI ,79,79,22070,2,4,542,0,0,0,3,50,8853,31,31,7255,2,4,542,0,0,0,3,50,8853
202311,474,40980,C,Saginaw  MI ,124,124,27977,15,30,5509,3,12,1908,0,0,0,66,66,12555,11,22,3761,0,0,0,0,0,0
202311,476,41180,C,St. Louis  MO-IL ,4191,4191,1535838,28,56,11636,39,147,25431,104,2509,338830,3584,3584,1362681,18,36,8867,29,112,21193,56,1626,227376
202311,480,41540,C,Salisbury  MD-DE ,3858,3858,630135,39,78,13029,3,12,1319,40,535,65163,3837,3837,627396,38,76,12889,3,12,1319,40,535,65163
202311,482,36260,C,Ogden-Clearfield  UT ,1705,1705,555840,1,2,300,38,137,26178,88,1294,202316,1207,1207,407035,1,2,300,22,82,16147,62,849,137112
202311,482,39340,C,Provo-Orem  UT ,4174,4174,1334736,18,36,8971,36,134,27108,77,1336,276138,4122,4122,1288406,16,32,7942,36,134,27108,77,1336,276138
202311,482,41620,C,Salt Lake City  UT ,3078,3078,986716,41,82,13209,53,198,41201,160,5104,934466,2704,2704,901445,33,66,10346,38,148,30602,123,4752,863210
202311,484,41700,C,San Antonio-New Braunfels  TX ,8232,8232,2230376,238,476,65916,11,39,9884,258,7254,954346,7020,7020,1943401,228,456,62643,11,39,9884,238,6471,848865
202311,488,32900,C,Merced  CA ,372,372,111737,0,0,0,1,3,620,0,0,0,224,224,66024,0,0,0,0,0,0,0,0,0
202311,488,33700,C,Modesto  CA ,662,662,137015,2,4,477,1,3,332,6,78,8081,608,608,131498,2,4,477,1,3,332,6,78,8081
202311,488,34900,C,Napa  CA ,269,269,121643,0,0,0,1,3,867,3,50,11000,261,261,117807,0,0,0,0,0,0,3,50,11000
202311,488,41860,C,San Francisco-Oakland-Berkeley  CA ,2816,2816,1079616,30,60,20998,23,79,23726,143,4329,1163990,2339,2339,875298,24,48,16401,21,71,23326,106,3726,1074603
202311,488,41940,C,San Jose-Sunnyvale-Santa Clara  CA ,2053,2053,814725,7,14,4711,2,8,1091,60,3928,728493,1455,1455,537768,5,10,4169,2,8,1091,39,3371,610390
202311,488,42100,C,Santa Cruz-Watsonville  CA ,199,199,38159,5,10,4412,3,10,3666,7,268,37163,122,122,24442,0,0,0,0,0,0,0,0,0
202311,488,42220,C,Santa Rosa-Petaluma  CA ,950,950,273810,0,0,0,4,12,4700,49,1257,266136,762,762,232287,0,0,0,4,12,4700,34,1019,221086
202311,488,44700,C,Stockton  CA ,1930,1930,748680,0,0,0,1,3,527,0,0,0,1930,1930,748680,0,0,0,1,3,527,0,0,0
202311,488,46700,C,Vallejo  CA ,825,825,192646,0,0,0,0,0,0,30,476,87034,774,774,177801,0,0,0,0,0,0,30,476,87034
202311,496,25980,C,Hinesville  GA ,662,662,170882,2,4,375,0,0,0,0,0,0,397,397,107848,2,4,375,0,0,0,0,0,0
202311,496,42340,C,Savannah  GA ,2442,2442,626253,8,16,2633,0,0,0,40,696,99210,1761,1761,443682,0,0,0,0,0,0,9,92,15958
202311,500,14740,C,Bremerton-Silverdale-Port Orchard  WA ,899,899,345185,1,2,503,0,0,0,47,1082,146565,899,899,345185,1,2,503,0,0,0,47,1082,146565
202311,500,34580,C,Mount Vernon-Anacortes  WA ,154,154,49878,5,10,4350,2,7,1379,15,280,29782,153,153,49802,4,8,4111,1,4,942,2,72,10369
202311,500,36500,C,Olympia-Lacey-Tumwater  WA ,787,787,227862,5,10,2326,6,19,4894,25,667,86839,787,787,227862,5,10,2326,6,19,4894,25,667,86839
202311,500,42660,C,Seattle-Tacoma-Bellevue  WA ,5501,5501,2155811,364,728,192580,151,518,116277,241,8929,1449071,4961,4961,1883132,359,718,190837,149,511,115039,217,8252,1345957
202311,508,43340,C,Shreveport-Bossier City  LA ,824,824,216955,4,8,897,1,3,298,1,7,1138,701,701,182739,4,8,897,1,3,298,1,7,1138
202311,515,21140,C,Elkhart-Goshen  IN ,262,262,86987,0,0,0,2,8,2300,0,0,0,258,258,85841,0,0,0,2,8,2300,0,0,0
202311,515,35660,C,Niles  MI ,253,253,123589,1,2,560,1,4,1350,1,48,8500,128,128,69771,1,2,560,0,0,0,1,48,8500
202311,515,43780,C,South Bend-Mishawaka  IN-MI ,341,341,154559,11,22,4679,0,0,0,0,0,0,290,290,125929,11,22,4679,0,0,0,0,0,0
202311,518,17660,C,Coeur dAlene  ID ,1312,1312,479079,32,64,17130,6,18,8040,35,488,74290,1076,1076,414764,27,54,15210,1,3,1756,22,353,59650
202311,518,44060,C,Spokane-Spokane Valley  WA ,1590,1590,455809,109,218,53247,15,53,12070,80,1926,263988,1332,1332,384233,63,126,28225,6,22,5603,50,1275,166764
202311,522,44100,C,Springfield  IL ,149,149,54098,16,32,4929,0,0,0,1,5,556,102,102,38017,13,26,3945,0,0,0,0,0,0
202311,524,44300,C,State College  PA ,281,281,84714,0,0,0,3,12,2680,4,41,13699,128,128,28099,0,0,0,3,12,2680,1,5,800
202311,532,45060,C,Syracuse  NY ,439,439,118815,0,0,0,1,3,380,9,45,4051,294,294,85874,0,0,0,1,3,380,0,0,0
202311,534,45780,C,Toledo  OH ,764,764,229078,54,108,11920,0,0,0,21,426,43738,741,741,222606,54,108,11920,0,0,0,21,426,43738
202311,536,46060,C,Tucson  AZ ,3402,3402,1170247,67,134,16606,3,10,876,97,1197,173053,2631,2631,973693,46,92,11614,3,10,876,47,472,64252
202311,538,46140,C,Tulsa  OK ,3219,3219,792912,41,82,10813,11,40,9023,49,1463,155911,2717,2717,652983,41,82,10813,11,40,9023,39,1374,149065
202311,540,46340,C,Tyler  TX ,422,422,115948,87,174,24471,21,75,11583,3,18,2423,334,334,92726,87,174,24471,16,56,8010,1,5,689
202311,544,47020,C,Victoria  TX ,59,59,14260,0,0,0,4,16,1350,0,0,0,52,52,14091,0,0,0,4,16,1350,0,0,0
202311,545,47260,C,Virginia Beach-Norfolk-Newport News  VA-NC ,3165,3165,915852,10,20,2797,8,25,3950,45,1975,291255,3098,3098,905132,10,20,2797,8,25,3950,45,1975,291255
202311,548,12580,C,Baltimore-Columbia-Towson  MD ,3564,3564,832522,0,0,0,1,4,640,69,3081,392153,3393,3393,795876,0,0,0,0,0,0,40,1678,272288
202311,548,15680,C,California-Lexington Park  MD ,355,355,130315,0,0,0,0,0,0,0,0,0,355,355,130315,0,0,0,0,0,0,0,0,0
202311,548,16540,C,Chambersburg-Waynesboro  PA ,288,288,82202,11,22,4160,0,0,0,8,80,7720,243,243,71265,11,22,4160,0,0,0,6,70,6425
202311,548,25180,C,Hagerstown-Martinsburg  MD-WV ,1627,1627,343424,8,16,3870,0,0,0,0,0,0,1575,1575,332113,8,16,3870,0,0,0,0,0,0
202311,548,47900,C,Washington-Arlington-Alexandria  DC-VA-MD-WV ,10087,10087,2987688,38,76,12941,12,46,9506,205,10964,1601512,9708,9708,2909062,38,76,12941,12,46,9506,186,10712,1567856
202311,548,49020,C,Winchester  VA-WV ,937,937,227856,0,0,0,0,0,0,0,0,0,934,934,227160,0,0,0,0,0,0,0,0,0
202311,554,48140,C,Wausau-Weston  WI ,311,311,97126,10,20,3060,6,23,3191,5,205,26120,219,219,69162,6,12,1695,6,23,3191,5,205,26120
202311,556,48620,C,Wichita  KS ,1346,1346,460627,370,740,96431,8,26,3100,3,378,55809,552,552,197638,172,344,48768,8,26,3100,2,372,54809
202311,558,48700,C,Williamsport  PA ,64,64,17938,0,0,0,0,0,0,3,15,1840,11,11,3910,0,0,0,0,0,0,0,0,0
202311,566,49660,C,Youngstown-Warren-Boardman  OH-PA ,270,270,73552,0,0,0,2,8,2369,0,0,0,206,206,55097,0,0,0,2,8,2369,0,0,0
202311,999,10180,C,Abilene  TX ,289,289,78148,24,48,5487,0,0,0,9,64,8500,286,286,77388,24,48,5487,0,0,0,9,64,8500
202311,999,10500,C,Albany  GA ,133,133,19037,1,2,21,0,0,0,3,15,1662,106,106,11409,1,2,21,0,0,0,0,0,0
202311,999,10780,C,Alexandria  LA ,224,224,54437,8,16,1160,0,0,0,0,0,0,0,0,0,0,0,0,0,0,0,0,0,0
202311,999,10900,C,Allentown-Bethlehem-Easton  PA-NJ ,1250,1250,300797,11,22,2651,0,0,0,23,339,27074,802,802,198474,8,16,2068,0,0,0,4,123,11853
202311,999,11260,C,Anchorage  AK ,283,283,117024,11,22,4541,2,8,1079,2,61,8474,67,67,18193,11,22,4541,2,8,1079,2,61,8474
202311,999,11500,C,Anniston-Oxford  AL ,55,55,8165,1,2,100,0,0,0,0,0,0,48,48,7487,1,2,100,0,0,0,0,0,0
202311,999,12260,C,Augusta-Richmond County  GA-SC ,3141,3141,793688,7,14,2415,10,33,4679,9,132,25413,1292,1292,338018,7,14,2415,10,33,4679,9,132,25413
202311,999,12420,C,Austin-Round Rock-Georgetown  TX ,15553,15553,4602146,190,380,43801,29,103,12046,383,19480,1692059,10960,10960,3485586,180,360,39069,25,91,9791,327,17976,1581902
202311,999,12540,C,Bakersfield  CA ,2033,2033,521328,20,40,2465,5,15,5132,16,118,15916,169,169,51448,0,0,0,0,0,0,5,60,8897
202311,999,12620,C,Bangor  ME ,263,263,59250,9,18,2554,2,8,946,0,0,0,96,96,25369,6,12,1895,2,8,946,0,0,0
202311,999,12940,C,Baton Rouge  LA ,2807,2807,707193,0,0,0,1,3,385,13,294,30373,1131,1131,301409,0,0,0,0,0,0,11,264,26998
202311,999,13140,C,Beaumont-Port Arthur  TX ,874,874,218057,13,26,3120,1,4,450,7,66,7614,735,735,190509,8,16,2024,1,4,450,7,66,7614
202311,999,13220,C,Beckley  WV ,90,90,20949,0,0,0,0,0,0,0,0,0,81,81,19443,0,0,0,0,0,0,0,0,0
202311,999,13380,C,Bellingham  WA ,542,542,154228,2,4,1240,7,25,5108,6,285,38059,457,457,127204,2,4,1240,5,18,3478,5,279,37127
202311,999,13740,C,Billings  MT ,324,324,115526,1,2,191,0,0,0,0,0,0,306,306,113214,1,2,191,0,0,0,0,0,0
202311,999,13780,C,Binghamton  NY ,110,110,23698,0,0,0,1,4,165,28,194,19597,8,8,2196,0,0,0,1,4,165,0,0,0
202311,999,13900,C,Bismarck  ND ,189,189,73081,37,74,17510,5,20,3840,1,5,744,183,183,71571,37,74,17510,5,20,3840,0,0,0
202311,999,13980,C,Blacksburg-Christiansburg  VA ,420,420,109700,1,2,300,2,6,2280,0,0,0,378,378,97735,1,2,300,2,6,2280,0,0,0
202311,999,15260,C,Brunswick  GA ,521,521,200141,31,62,6550,16,60,11184,2,61,7315,42,42,8400,0,0,0,0,0,0,0,0,0
202311,999,16060,C,Carbondale-Marion  IL ,57,57,16121,2,4,285,13,48,3514,1,8,600,15,15,10140,0,0,0,0,0,0,0,0,0
202311,999,16220,C,Casper  WY ,91,91,26714,0,0,0,3,12,2469,0,0,0,58,58,20851,0,0,0,3,12,2469,0,0,0
202311,999,16580,C,Champaign-Urbana  IL ,210,210,66301,2,4,709,1,3,865,9,347,53095,191,191,59990,2,4,709,1,3,865,9,347,53095
202311,999,16700,C,Charleston-North Charleston  SC ,5714,5714,2000828,41,82,7294,78,234,8415,211,2132,165731,2249,2249,974407,0,0,0,0,0,0,8,49,14786
202311,999,16820,C,Charlottesville  VA ,810,810,303044,1,2,200,4,12,950,27,376,33931,205,205,71250,1,2,200,0,0,0,3,120,3060
202311,999,16940,C,Cheyenne  WY ,153,153,36911,4,8,1092,18,70,8318,1,8,863,151,151,36428,4,8,1092,18,70,8318,1,8,863
202311,999,17020,C,Chico  CA ,619,619,120656,10,20,2754,4,16,1567,12,202,25945,413,413,81286,10,20,2754,4,16,1567,12,202,25945
202311,999,17300,C,Clarksville  TN-KY ,1297,1297,278633,40,80,9923,32,114,12085,87,1272,106455,1277,1277,275625,38,76,9490,32,114,12085,87,1272,106455
202311,999,17780,C,College Station-Bryan  TX ,1072,1072,252259,15,30,2137,0,0,0,12,277,44824,1068,1068,251339,15,30,2137,0,0,0,12,277,44824
202311,999,17820,C,Colorado Springs  CO ,2502,2502,1115342,103,206,35005,5,15,2251,67,2212,423059,2413,2413,1092340,103,206,35005,2,6,1009,67,2212,423059
202311,999,18880,C,Crestview-Fort Walton Beach-Destin  FL ,2581,2581,1245578,26,52,11337,5,20,3453,95,2694,406747,2581,2581,1245578,26,52,11337,5,20,3453,95,2694,406747
202311,999,19060,C,Cumberland  MD-WV ,53,53,14728,2,4,150,2,7,190,0,0,0,47,47,13958,2,4,150,2,7,190,0,0,0
202311,999,19180,C,Danville  IL ,3,3,638,0,0,0,0,0,0,0,0,0,0,0,0,0,0,0,0,0,0,0,0,0
202311,999,19500,C,Decatur  IL ,32,32,12280,0,0,0,0,0,0,0,0,0,26,26,10189,0,0,0,0,0,0,0,0,0
202311,999,20220,C,Dubuque  IA ,124,124,57901,6,12,2955,0,0,0,1,12,2300,122,122,57201,6,12,2955,0,0,0,1,12,2300
202311,999,20260,C,Duluth  MN-WI ,517,517,148211,13,26,5540,0,0,0,2,252,53452,403,403,115587,11,22,4896,0,0,0,2,252,53452
202311,999,20940,C,El Centro  CA ,190,190,27170,5,10,892,0,0,0,8,62,10176,23,23,2563,1,2,90,0,0,0,0,0,0
202311,999,21420,C,Enid  OK ,10,10,3589,0,0,0,0,0,0,0,0,0,8,8,3165,0,0,0,0,0,0,0,0,0
202311,999,21660,C,Eugene-Springfield  OR ,674,674,199259,18,36,7237,0,0,0,14,473,44842,304,304,95219,14,28,5858,0,0,0,13,446,44092
202311,999,21780,C,Evansville  IN-KY ,684,684,235554,34,68,9550,10,40,3732,3,40,3196,461,461,161999,20,40,6225,7,28,2757,1,24,2289
202311,999,21820,C,Fairbanks  AK ,30,30,8171,0,0,0,0,0,0,2,19,2111,30,30,8171,0,0,0,0,0,0,2,19,2111
202311,999,22140,C,Farmington  NM ,106,106,23222,0,0,0,0,0,0,0,0,0,106,106,23222,0,0,0,0,0,0,0,0,0
202311,999,22220,C,Fayetteville-Springdale-Rogers  AR-MO ,5076,5076,1411355,176,352,86417,27,92,14139,72,1055,155602,3406,3406,938529,153,306,71682,24,83,11866,22,494,69874
202311,999,22380,C,Flagstaff  AZ ,300,300,114516,9,18,2926,28,111,16963,32,672,95006,300,300,114516,9,18,2926,28,111,16963,32,672,95006
202311,999,22500,C,Florence  SC ,647,647,121037,3,6,495,0,0,0,0,0,0,210,210,35152,1,2,150,0,0,0,0,0,0
202311,999,22520,C,Florence-Muscle Shoals  AL ,154,154,18842,0,0,0,6,20,7443,0,0,0,114,114,14399,0,0,0,6,20,7443,0,0,0
202311,999,22540,C,Fond du Lac  WI ,108,108,38029,1,2,350,0,0,0,0,0,0,13,13,5765,0,0,0,0,0,0,0,0,0
202311,999,22660,C,Fort Collins  CO ,1140,1140,422551,16,32,6648,5,19,5159,60,1224,187729,1140,1140,422551,16,32,6648,5,19,5159,60,1224,187729
202311,999,22900,C,Fort Smith  AR-OK ,375,375,86646,109,218,26303,7,22,1710,0,0,0,305,305,77856,104,208,25363,1,4,180,0,0,0
202311,999,23460,C,Gadsden  AL ,113,113,20532,0,0,0,0,0,0,0,0,0,53,53,10965,0,0,0,0,0,0,0,0,0
202311,999,24140,C,Goldsboro  NC ,503,503,116192,0,0,0,0,0,0,1,5,365,360,360,74106,0,0,0,0,0,0,0,0,0
202311,999,24220,C,Grand Forks  ND-MN ,156,156,44497,2,4,753,0,0,0,0,0,0,152,152,43321,2,4,753,0,0,0,0,0,0
202311,999,24260,C,Grand Island  NE ,135,135,29935,45,90,12478,11,35,6513,13,126,18400,105,105,23646,45,90,12478,11,35,6513,13,126,18400
202311,999,24300,C,Grand Junction  CO ,468,468,87730,4,8,672,1,4,786,24,678,93539,468,468,87730,4,8,672,1,4,786,24,678,93539
202311,999,24500,C,Great Falls  MT ,135,135,43568,4,8,3040,0,0,0,0,0,0,135,135,43568,4,8,3040,0,0,0,0,0,0
202311,999,25060,C,Gulfport-Biloxi  MS ,2724,2724,394554,7,14,1880,1,3,705,7,90,11161,1621,1621,337351,7,14,1880,1,3,705,7,90,11161
202311,999,25860,C,Hickory-Lenoir-Morganton  NC ,1780,1780,402111,32,64,8730,2,8,450,25,362,57931,1384,1384,304921,30,60,8010,2,8,450,9,263,52048
202311,999,25940,C,Hilton Head Island-Bluffton  SC ,2425,2425,926281,0,0,0,10,38,6091,13,274,37913,1351,1351,697319,0,0,0,10,38,6091,13,274,37913
202311,999,26140,C,Homosassa Springs  FL ,1422,1422,370978,10,20,3561,4,16,2604,0,0,0,19,19,5468,1,2,200,1,4,1254,0,0,0
202311,999,26380,C,Houma-Thibodaux  LA ,546,546,121652,5,10,1020,1,3,365,1,13,900,543,543,121095,5,10,1020,1,3,365,1,13,900
202311,999,27100,C,Jackson  MI ,138,138,40138,0,0,0,0,0,0,0,0,0,36,36,11929,0,0,0,0,0,0,0,0,0
202311,999,27340,C,Jacksonville  NC ,1064,1064,248161,35,70,7678,0,0,0,10,240,19181,1064,1064,248161,35,70,7678,0,0,0,10,240,19181
202311,999,27620,C,Jefferson City  MO ,163,163,37745,3,6,940,4,14,1150,0,0,0,120,120,27182,3,6,940,1,4,405,0,0,0
202311,999,27980,C,Kahului-Wailuku-Lahaina  HI ,427,427,189101,2,4,1535,0,0,0,3,97,86000,427,427,189101,2,4,1535,0,0,0,3,97,86000
202311,999,28660,C,Killeen-Temple  TX ,2328,2328,533959,258,516,61822,0,0,0,21,392,55728,1261,1261,265728,200,400,49803,0,0,0,0,0,0
202311,999,29100,C,La Crosse-Onalaska  WI-MN ,189,189,74867,33,66,14913,0,0,0,8,195,24785,169,169,68575,28,56,13230,0,0,0,8,195,24785
202311,999,29420,C,Lake Havasu City-Kingman  AZ ,1674,1674,391375,27,54,5468,8,25,1629,0,0,0,1659,1659,389180,27,54,5468,6,19,1177,0,0,0
202311,999,29540,C,Lancaster  PA ,646,646,183341,6,12,1880,3,10,2161,25,629,119447,388,388,114346,6,12,1880,2,7,1800,21,609,118841
202311,999,29620,C,Lansing-East Lansing  MI ,474,474,138638,15,30,3323,4,16,2901,18,360,43470,345,345,101359,15,30,3323,4,16,2901,7,170,22386
202311,999,29700,C,Laredo  TX ,1005,1005,226657,12,24,2622,16,57,8357,3,46,2990,0,0,0,0,0,0,0,0,0,0,0,0
202311,999,30020,C,Lawton  OK ,116,116,21788,16,32,3831,0,0,0,0,0,0,7,7,1340,0,0,0,0,0,0,0,0,0
202311,999,30300,C,Lewiston  ID-WA ,121,121,33519,5,10,1651,0,0,0,0,0,0,86,86,24737,5,10,1651,0,0,0,0,0,0
202311,999,30860,C,Logan  UT-ID ,654,654,257998,2,4,976,1,4,856,12,243,41422,578,578,237942,2,4,976,1,4,856,12,243,41422
202311,999,30980,C,Longview  TX ,297,297,79700,20,40,4634,9,32,4479,11,90,5182,215,215,60288,2,4,460,0,0,0,0,0,0
202311,999,31340,C,Lynchburg  VA ,929,929,266422,6,12,2900,0,0,0,2,108,6000,929,929,266422,6,12,2900,0,0,0,2,108,6000
202311,999,31740,C,Manhattan  KS ,194,194,66760,5,10,1909,3,9,750,1,32,4257,82,82,29771,2,4,550,0,0,0,1,32,4257
202311,999,33540,C,Missoula  MT ,302,302,91427,8,16,2579,2,8,624,14,323,47950,302,302,91427,8,16,2579,2,8,624,14,323,47950
202311,999,36100,C,Ocala  FL ,4699,4699,1299684,35,70,7955,1,4,100,4,96,8800,4699,4699,1299684,35,70,7955,1,4,100,4,96,8800
202311,999,36980,C,Owensboro  KY ,182,182,17378,1,2,173,0,0,0,12,97,14540,174,174,15765,0,0,0,0,0,0,12,97,14540
202311,999,37340,C,Palm Bay-Melbourne-Titusville  FL ,4531,4531,1765212,24,48,6011,12,47,4912,35,1171,183889,4397,4397,1732911,24,48,6011,11,44,3393,35,1171,183889
202311,999,37460,C,Panama City  FL ,1670,1670,602789,11,22,4517,4,14,2117,43,471,81630,198,198,73471,3,6,1007,0,0,0,29,338,56487
202311,999,37900,C,Peoria  IL ,166,166,56422,1,2,484,0,0,0,1,22,5000,85,85,30842,0,0,0,0,0,0,1,22,5000
202311,999,38340,C,Pittsfield  MA ,77,77,40309,0,0,0,0,0,0,1,30,2377,10,10,6441,0,0,0,0,0,0,1,30,2377
202311,999,38540,C,Pocatello  ID ,244,244,45885,10,20,2400,12,38,4839,3,18,1620,112,112,12950,8,16,1716,4,14,2351,0,0,0
202311,999,39150,C,Prescott Valley-Prescott  AZ ,1114,1114,365598,31,62,7853,0,0,0,10,277,62896,1060,1060,343594,31,62,7853,0,0,0,10,277,62896
202311,999,40060,C,Richmond  VA ,4192,4192,1046170,110,220,32167,2,8,829,77,5017,465416,3930,3930,995088,110,220,32167,2,8,829,72,4987,462351
202311,999,40220,C,Roanoke  VA ,456,456,131938,6,12,1953,0,0,0,2,119,17710,297,297,76578,6,12,1953,0,0,0,1,95,16210
202311,999,41100,C,St. George  UT ,1945,1945,408524,5,10,1365,11,37,7805,29,566,91266,1843,1843,367339,1,2,132,9,30,6759,29,566,91266
202311,999,41500,C,Salinas  CA ,404,404,104059,2,4,1081,0,0,0,8,150,50608,352,352,91388,1,2,492,0,0,0,8,150,50608
202311,999,41660,C,San Angelo  TX ,233,233,64979,0,0,0,0,0,0,0,0,0,233,233,64979,0,0,0,0,0,0,0,0,0
202311,999,41740,C,San Diego-Chula Vista-Carlsbad  CA ,2654,2654,763866,76,152,27013,64,220,43401,225,7680,1299216,2464,2464,716633,76,152,27013,63,217,42696,205,7300,1225779
202311,999,42020,C,San Luis Obispo-Paso Robles  CA ,549,549,156320,1,2,523,0,0,0,15,391,65182,320,320,102707,1,2,523,0,0,0,7,224,41482
202311,999,42200,C,Santa Maria-Santa Barbara  CA ,333,333,88848,11,22,3409,3,9,770,5,124,12361,144,144,52414,10,20,3180,1,3,105,0,0,0
202311,999,42540,C,Scranton--Wilkes-Barre  PA ,388,388,114317,17,34,7346,6,21,3956,5,25,3954,111,111,40394,15,30,6350,3,12,2551,0,0,0
202311,999,42700,C,Sebring-Avon Park  FL ,580,580,134774,17,34,4600,0,0,0,1,52,10240,580,580,134774,17,34,4600,0,0,0,1,52,10240
202311,999,43100,C,Sheboygan  WI ,158,158,55584,8,16,3874,0,0,0,4,351,50369,99,99,32752,3,6,1360,0,0,0,3,181,29830
202311,999,43420,C,Sierra Vista-Douglas  AZ ,469,469,79182,0,0,0,0,0,0,0,0,0,379,379,57906,0,0,0,0,0,0,0,0,0
202311,999,43580,C,Sioux City  IA-NE-SD ,191,191,56217,1,2,300,12,37,1377,4,104,5400,79,79,24944,0,0,0,2,7,1175,4,104,5400
202311,999,43620,C,Sioux Falls  SD ,1149,1149,280682,23,46,8142,37,132,14544,93,1982,253756,1052,1052,253374,22,44,7810,31,114,12983,92,1977,253350
202311,999,44140,C,Springfield  MA ,397,397,138434,8,16,1825,1,4,653,27,175,31862,163,163,57570,8,16,1825,1,4,653,12,74,20532
202311,999,44180,C,Springfield  MO ,1454,1454,437450,51,102,16065,19,65,8199,17,426,39800,1166,1166,346248,45,90,14333,16,56,7637,17,426,39800
202311,999,44940,C,Sumter  SC ,406,406,68758,17,34,3241,0,0,0,0,0,0,0,0,0,0,0,0,0,0,0,0,0,0
202311,999,45220,C,Tallahassee  FL ,1309,1309,252269,10,20,2216,0,0,0,36,1146,146618,625,625,117449,0,0,0,0,0,0,0,0,0
202311,999,45300,C,Tampa-St. Petersburg-Clearwater  FL ,13517,13517,3920243,82,164,24534,94,365,20863,457,9366,1508326,7500,7500,2532678,74,148,21291,94,365,20863,422,9182,1459875
202311,999,45460,C,Terre Haute  IN ,122,122,21782,7,14,1780,1,3,113,1,5,471,72,72,13452,7,14,1780,0,0,0,0,0,0
202311,999,45500,C,Texarkana  TX-AR ,71,71,18922,48,96,12422,2,8,1500,5,30,3068,23,23,6548,8,16,3120,0,0,0,0,0,0
202311,999,45820,C,Topeka  KS ,278,278,70661,22,44,7981,0,0,0,0,0,0,251,251,66128,22,44,7981,0,0,0,0,0,0
202311,999,46220,C,Tuscaloosa  AL ,538,538,160244,15,30,2560,8,25,2705,3,45,6920,175,175,51368,0,0,0,0,0,0,0,0,0
202311,999,46300,C,Twin Falls  ID ,363,363,102323,12,24,5609,7,28,5482,1,9,950,362,362,102099,12,24,5609,7,28,5482,1,9,950
202311,999,46520,C,Urban Honolulu  HI ,608,608,220365,69,138,18350,2,7,459,19,931,276374,0,0,0,0,0,0,0,0,0,0,0,0
202311,999,46540,C,Utica-Rome  NY ,175,175,67943,0,0,0,0,0,0,10,53,8281,59,59,46459,0,0,0,0,0,0,0,0,0
202311,999,46660,C,Valdosta  GA ,802,802,187950,2,4,265,0,0,0,2,25,2455,29,29,8024,0,0,0,0,0,0,0,0,0
202311,999,47300,C,Visalia  CA ,965,965,260783,29,58,6352,1,3,403,8,69,19095,923,923,253840,29,58,6352,1,3,403,8,69,19095
202311,999,47380,C,Waco  TX ,741,741,144549,37,74,6982,0,0,0,47,505,51011,77,77,14054,0,0,0,0,0,0,0,0,0
202311,999,47940,C,Waterloo-Cedar Falls  IA ,233,233,76212,8,16,2242,2,6,1576,9,222,28884,166,166,59011,4,8,1400,2,6,1576,4,42,6709
202311,999,48060,C,Watertown-Fort Drum  NY ,181,181,28091,0,0,0,0,0,0,0,0,0,7,7,1439,0,0,0,0,0,0,0,0,0
202311,999,48300,C,Wenatchee  WA ,516,516,152179,5,10,2192,2,7,1596,8,66,7426,249,249,95499,5,10,2192,2,7,1596,8,66,7426
202311,999,48540,C,Wheeling  WV-OH ,9,9,1885,0,0,0,1,3,350,0,0,0,3,3,662,0,0,0,0,0,0,0,0,0
202311,999,48660,C,Wichita Falls  TX ,187,187,53502,3,6,580,3,9,900,1,46,4704,144,144,43069,3,6,580,3,9,900,1,46,4704
202311,999,48900,C,Wilmington  NC ,1908,1908,584537,67,134,19672,21,68,16213,37,1432,173406,296,296,74173,1,2,550,0,0,0,0,0,0
202311,999,49420,C,Yakima  WA ,435,435,127363,28,56,9916,22,81,9882,2,58,800,322,322,96828,26,52,9276,21,78,9590,2,58,800
202311,999,49740,C,Yuma  AZ ,689,689,110071,13,26,3028,2,7,584,2,13,1194,649,649,103518,10,20,2116,1,4,346,1,8,720
