Survey,CSA,CBSA,MONCOV,CBSA,,1-unit,,,2-units,,,3-4 units,,,5+ units,,,1-unit rep,,,2-units rep,,,3-4 units rep,,,5+ units rep
Date,Code,Code,,Name,Bldgs,Units,Value,Bldgs,Units,Value,Bldgs,Units,Value,Bldgs,Units,Value,Bldgs,Units,Value,Bldgs,Units,Value,      Bldgs,Units,Value,Bldgs,Units,Value
 
202308,104,10580,C,Albany-Schenectady-Troy  NY ,666,666,240066,17,34,7406,10,38,6768,42,614,74614,426,426,155991,7,14,2136,7,27,4768,14,416,48652
202308,104,24020,C,Glens Falls  NY ,136,136,45259,1,2,346,0,0,0,1,6,850,135,135,44955,1,2,346,0,0,0,1,6,850
202308,106,10740,C,Albuquerque  NM ,1305,1305,323793,0,0,0,0,0,0,11,506,43018,1116,1116,268817,0,0,0,0,0,0,11,506,43018
202308,106,42140,C,Santa Fe  NM ,207,207,63219,1,2,295,0,0,0,1,33,3749,0,0,0,0,0,0,0,0,0,0,0,0
202308,107,11020,C,Altoona  PA ,42,42,14184,1,2,458,1,4,400,0,0,0,17,17,7617,1,2,458,1,4,400,0,0,0
202308,108,11100,C,Amarillo  TX ,386,386,105490,21,42,6107,1,4,572,11,55,7581,358,358,98258,21,42,6107,1,4,572,11,55,7581
202308,118,11540,C,Appleton  WI ,354,354,132008,17,34,6790,1,4,555,18,268,23253,314,314,118885,16,32,6449,1,4,555,12,228,19787
202308,118,36780,C,Oshkosh-Neenah  WI ,165,165,64391,3,6,580,0,0,0,0,0,0,144,144,54722,3,6,580,0,0,0,0,0,0
202308,120,11700,C,Asheville  NC ,1750,1750,692014,9,18,2462,0,0,0,31,703,107296,662,662,282517,9,18,2462,0,0,0,1,43,5275
202308,122,12020,C,Athens-Clarke County  GA ,514,514,172126,17,34,5849,11,33,2892,7,142,21102,375,375,131437,17,34,5849,11,33,2892,7,142,21102
202308,122,12060,C,Atlanta-Sandy Springs-Alpharetta  GA ,16894,16894,4548639,40,80,19699,33,119,20006,242,11384,1626300,15363,15363,4141932,39,78,19253,31,111,18483,234,11258,1611228
202308,122,23580,C,Gainesville  GA ,822,822,182068,2,4,350,6,23,2118,10,70,6007,228,228,41428,2,4,350,6,23,2118,10,70,6007
202308,122,40660,C,Rome  GA ,209,209,43563,0,0,0,0,0,0,0,0,0,209,209,43563,0,0,0,0,0,0,0,0,0
202308,140,13460,C,Bend  OR ,833,833,317596,36,72,18004,2,7,1463,18,541,90910,833,833,317596,36,72,18004,2,7,1463,18,541,90910
202308,142,13820,C,Birmingham-Hoover  AL ,2076,2076,625621,10,20,10716,1,4,646,2,40,5500,1821,1821,547588,10,20,10716,1,4,646,2,40,5500
202308,144,14020,C,Bloomington  IN ,180,180,58844,0,0,0,0,0,0,3,60,9200,92,92,32908,0,0,0,0,0,0,3,60,9200
202308,145,14010,C,Bloomington  IL ,124,124,36687,25,50,7201,0,0,0,0,0,0,65,65,20383,25,50,7201,0,0,0,0,0,0
202308,146,14100,C,Bloomsburg-Berwick  PA ,67,67,17492,2,4,520,0,0,0,2,11,998,30,30,7994,2,4,520,0,0,0,0,0,0
202308,147,14260,C,Boise City  ID ,4433,4433,1160473,15,30,4789,50,200,19332,60,1913,313304,3668,3668,933916,8,16,2713,28,112,9794,55,1684,276126
202308,148,12700,C,Barnstable Town  MA ,252,252,158672,5,10,2003,4,13,3000,3,62,16023,211,211,134799,5,10,2003,4,13,3000,0,0,0
202308,148,14460,C,Boston-Cambridge-Newton  MA-NH ,2367,2367,927130,125,250,63309,80,268,62817,203,4959,1191277,1369,1369,585445,92,184,46290,70,236,55873,104,3474,987198
202308,148,31700,C,Manchester-Nashua  NH ,364,364,121264,20,40,11161,0,0,0,12,744,139826,199,199,76729,3,6,1195,0,0,0,11,494,84613
202308,148,39300,C,Providence-Warwick  RI-MA ,830,830,231707,65,130,16971,13,42,6064,8,263,32281,362,362,111605,29,58,8212,13,42,6064,6,248,30781
202308,148,49340,C,Worcester  MA-CT ,672,672,215248,44,88,12658,0,0,0,5,80,7134,425,425,146323,38,76,10601,0,0,0,4,75,6756
202308,150,14540,C,Bowling Green  KY ,578,578,155939,3,6,1162,8,30,3618,61,588,63619,577,577,155789,3,6,1162,7,27,3393,61,588,63619
202308,154,15180,C,Brownsville-Harlingen  TX ,983,983,177477,68,136,10428,12,40,5425,25,183,21668,63,63,19339,5,10,1120,1,4,550,3,21,5700
202308,160,15380,C,Buffalo-Cheektowaga  NY ,537,537,200476,21,42,5612,4,14,2350,23,303,53296,379,379,149785,19,38,5067,3,11,2125,15,200,30200
202308,162,15540,C,Burlington-South Burlington  VT ,291,291,95880,29,58,10294,5,15,3971,17,432,64031,211,211,74803,20,40,7166,4,12,3869,10,395,61515
202308,163,15980,C,Cape Coral-Fort Myers  FL ,4962,4962,1096453,124,248,35474,2,7,621,90,2854,541330,4962,4962,1096453,124,248,35474,2,7,621,90,2854,541330
202308,163,34940,C,Naples-Marco Island  FL ,2027,2027,1008983,4,8,4856,16,64,8766,16,235,61641,2027,2027,1008983,4,8,4856,16,64,8766,16,235,61641
202308,164,16020,C,Cape Girardeau  MO-IL ,51,51,15452,0,0,0,0,0,0,0,0,0,0,0,0,0,0,0,0,0,0,0,0,0
202308,168,16300,C,Cedar Rapids  IA ,273,273,70812,12,24,3597,11,42,5208,6,78,9705,250,250,64319,10,20,2897,9,36,4828,6,78,9705
202308,168,26980,C,Iowa City  IA ,283,283,98673,33,66,14810,6,21,4352,12,644,133711,228,228,83780,14,28,7258,1,4,887,7,604,129137
202308,170,16620,C,Charleston  WV ,126,126,20008,0,0,0,0,0,0,0,0,0,100,100,16946,0,0,0,0,0,0,0,0,0
202308,170,26580,C,Huntington-Ashland  WV-KY-OH ,157,157,35131,3,6,350,4,14,350,0,0,0,4,4,1406,3,6,350,4,14,350,0,0,0
202308,172,16740,C,Charlotte-Concord-Gastonia  NC-SC ,12956,12956,3610516,49,98,17650,2,7,1351,151,6292,766432,11218,11218,3045689,41,82,14446,1,4,601,138,6130,747183
202308,174,16860,C,Chattanooga  TN-GA ,1524,1524,349434,41,82,6635,21,67,6188,20,381,38082,1129,1129,261702,5,10,1460,12,40,4028,2,10,1024
202308,174,17420,C,Cleveland  TN ,466,466,113213,0,0,0,6,20,2603,2,18,2287,328,328,88221,0,0,0,6,20,2603,2,18,2287
202308,174,19140,C,Dalton  GA ,218,218,44196,18,36,2328,7,24,3563,6,33,3044,0,0,0,0,0,0,0,0,0,0,0,0
202308,176,16980,C,Chicago-Naperville-Elgin  IL-IN-WI ,5181,5181,1834258,108,216,45847,124,419,78535,206,3944,667131,3893,3893,1427752,85,170,37661,109,362,69799,156,3603,618570
202308,176,28100,C,Kankakee  IL ,39,39,12108,0,0,0,2,6,1286,0,0,0,29,29,8937,0,0,0,0,0,0,0,0,0
202308,176,33140,C,Michigan City-La Porte  IN ,107,107,32215,1,2,220,0,0,0,2,27,3420,77,77,24107,0,0,0,0,0,0,0,0,0
202308,178,17140,C,Cincinnati  OH-KY-IN ,2503,2503,805267,90,180,27531,36,118,19996,85,1516,208100,2114,2114,697370,83,166,25838,30,100,17059,70,1389,198341
202308,184,10420,C,Akron  OH ,475,475,149296,2,4,803,21,79,15382,19,104,11384,417,417,125013,2,4,803,21,79,15382,7,37,7433
202308,184,15940,C,Canton-Massillon  OH ,239,239,92487,6,12,2049,13,41,5750,8,50,3840,210,210,88907,2,4,500,9,29,5135,0,0,0
202308,184,17460,C,Cleveland-Elyria  OH ,1714,1714,542815,6,12,4450,18,67,11584,20,490,45042,1270,1270,414532,6,12,4450,16,61,10609,9,55,7603
202308,190,17860,C,Columbia  MO ,368,368,138823,2,4,520,0,0,0,3,56,10075,364,364,138115,2,4,520,0,0,0,3,56,10075
202308,192,17900,C,Columbia  SC ,3303,3303,827556,33,66,6334,26,95,9950,14,597,129520,2440,2440,659928,33,66,6334,26,95,9950,14,597,129520
202308,194,12220,C,Auburn-Opelika  AL ,765,765,224288,10,20,2849,2,6,1749,9,120,16759,526,526,166528,7,14,1834,2,6,1749,1,5,1100
202308,194,17980,C,Columbus  GA-AL ,395,395,103515,6,12,1595,1,4,401,4,212,41898,220,220,54731,2,4,95,1,4,401,0,0,0
202308,198,18140,C,Columbus  OH ,3533,3533,1252111,36,72,13536,27,91,20926,129,4337,666819,2933,2933,1026432,33,66,11741,27,91,20926,126,4320,665346
202308,204,18580,C,Corpus Christi  TX ,1197,1197,286733,1,2,180,0,0,0,3,69,5128,107,107,21351,1,2,180,0,0,0,0,0,0
202308,206,19100,C,Dallas-Fort Worth-Arlington  TX ,28282,28282,8231202,392,784,111114,164,594,86677,352,15913,2169155,21013,21013,5720115,186,372,51051,33,112,20667,320,15157,2071723
202308,206,43300,C,Sherman-Denison  TX ,933,933,255916,20,40,5987,0,0,0,41,919,121044,346,346,100767,2,4,1200,0,0,0,41,919,121044
202308,209,19340,C,Davenport-Moline-Rock Island  IA-IL ,250,250,66805,7,14,2880,16,59,10354,5,25,2621,210,210,59064,3,6,1580,14,53,9854,0,0,0
202308,212,19430,C,Dayton-Kettering  OH ,741,741,303724,2,4,507,17,68,5943,19,384,48719,545,545,232457,0,0,0,17,68,5943,11,203,26762
202308,212,44220,C,Springfield  OH ,70,70,22614,0,0,0,17,68,7010,0,0,0,70,70,22614,0,0,0,17,68,7010,0,0,0
202308,216,14500,C,Boulder  CO ,626,626,399943,6,12,2655,8,28,6554,34,610,117667,596,596,373677,3,6,1657,7,25,5701,25,463,77694
202308,216,19740,C,Denver-Aurora-Lakewood  CO ,5576,5576,1805631,56,112,31044,23,83,16902,192,7877,1398344,5297,5297,1698515,54,108,30159,23,83,16902,183,7683,1366390
202308,216,24540,C,Greeley  CO ,1739,1739,603783,45,90,17650,19,73,16101,55,792,116233,1415,1415,510063,13,26,5072,16,62,13350,26,533,85317
202308,218,11180,C,Ames  IA ,95,95,31977,2,4,1060,19,63,14119,0,0,0,44,44,17693,2,4,1060,18,60,13267,0,0,0
202308,218,19780,C,Des Moines-West Des Moines  IA ,2491,2491,873193,13,26,6849,11,36,9108,20,665,100632,2439,2439,857478,13,26,6849,9,30,7341,20,665,100632
202308,220,11460,C,Ann Arbor  MI ,348,348,110274,9,18,3799,1,4,540,53,772,88459,238,238,79879,9,18,3799,1,4,540,53,772,88459
202308,220,19820,C,Detroit-Warren-Dearborn  MI ,2841,2841,1019769,13,26,6642,32,112,20740,67,1219,191965,2361,2361,870345,12,24,6542,17,63,14761,62,1094,170888
202308,220,22420,C,Flint  MI ,149,149,47123,3,6,1200,0,0,0,3,40,2704,76,76,27146,0,0,0,0,0,0,3,40,2704
202308,220,33780,C,Monroe  MI ,124,124,34289,5,10,1540,2,8,1100,5,25,1838,80,80,23068,5,10,1540,2,8,1100,0,0,0
202308,222,20020,C,Dothan  AL ,311,311,86867,1,2,173,2,8,1144,0,0,0,50,50,13234,0,0,0,2,8,1144,0,0,0
202308,232,20740,C,Eau Claire  WI ,229,229,86187,48,96,21935,0,0,0,21,680,99462,212,212,80525,39,78,18569,0,0,0,21,680,99462
202308,236,21300,C,Elmira  NY ,14,14,3945,0,0,0,0,0,0,8,44,4931,2,2,400,0,0,0,0,0,0,0,0,0
202308,238,21340,C,El Paso  TX ,1401,1401,333769,23,46,5966,7,22,2901,12,131,15431,164,164,44826,0,0,0,0,0,0,0,0,0
202308,238,29740,C,Las Cruces  NM ,525,525,153985,3,6,604,1,4,849,0,0,0,454,454,138201,3,6,604,1,4,849,0,0,0
202308,240,21500,C,Erie  PA ,79,79,29543,3,6,500,0,0,0,13,76,10873,54,54,22606,1,2,100,0,0,0,13,76,10873
202308,244,22020,C,Fargo  ND-MN ,615,615,175622,0,0,0,0,0,0,11,931,151762,594,594,166666,0,0,0,0,0,0,10,926,151262
202308,246,22180,C,Fayetteville  NC ,1529,1529,306307,2,4,521,0,0,0,0,0,0,1069,1069,243330,2,4,521,0,0,0,0,0,0
202308,258,23060,C,Fort Wayne  IN ,1279,1279,429105,6,12,1922,0,0,0,16,228,23263,1279,1279,429105,6,12,1922,0,0,0,16,228,23263
202308,260,23420,C,Fresno  CA ,1499,1499,448416,2,4,1262,4,12,1200,72,1115,125545,1068,1068,297814,1,2,348,0,0,0,48,924,97519
202308,260,25260,C,Hanford-Corcoran  CA ,462,462,144397,4,8,1414,4,15,2501,12,140,15223,327,327,107535,4,8,1414,4,15,2501,12,140,15223
202308,260,31460,C,Madera  CA ,996,996,326257,0,0,0,0,0,0,2,27,4283,996,996,326257,0,0,0,0,0,0,2,27,4283
202308,264,23540,C,Gainesville  FL ,926,926,248239,6,12,1314,0,0,0,11,831,85962,227,227,49406,2,4,384,0,0,0,0,0,0
202308,266,24340,C,Grand Rapids-Kentwood  MI ,1565,1565,519548,44,88,15424,15,55,7525,29,808,165475,1269,1269,421165,24,48,8262,13,49,6705,5,408,84664
202308,266,34740,C,Muskegon  MI ,228,228,59124,6,12,2151,0,0,0,0,0,0,172,172,46199,2,4,1000,0,0,0,0,0,0
202308,267,24580,C,Green Bay  WI ,418,418,162908,54,108,20887,1,4,70,18,222,25703,342,342,131666,11,22,5967,1,4,70,7,95,13144
202308,268,15500,C,Burlington  NC ,1011,1011,161128,1,2,200,0,0,0,20,813,72046,1011,1011,161128,1,2,200,0,0,0,20,813,72046
202308,268,24660,C,Greensboro-High Point  NC ,1477,1477,363810,13,26,2953,0,0,0,24,781,129766,971,971,215660,12,24,2715,0,0,0,24,781,129766
202308,268,49180,C,Winston-Salem  NC ,2394,2394,664103,1,2,70,1,3,276,48,1095,127373,2081,2081,590635,1,2,70,0,0,0,40,1055,125796
202308,272,24780,C,Greenville  NC ,661,661,137066,20,40,5779,0,0,0,0,0,0,432,432,84276,20,40,5779,0,0,0,0,0,0
202308,273,24860,C,Greenville-Anderson  SC ,4644,4644,1307958,130,260,27356,8,26,4425,22,349,69085,4352,4352,1229265,129,258,27137,8,26,4425,22,349,69085
202308,273,43900,C,Spartanburg  SC ,1910,1910,343257,1,2,485,0,0,0,3,41,4918,0,0,0,0,0,0,0,0,0,0,0,0
202308,276,23900,C,Gettysburg  PA ,221,221,54553,0,0,0,0,0,0,0,0,0,221,221,54553,0,0,0,0,0,0,0,0,0
202308,276,25420,C,Harrisburg-Carlisle  PA ,883,883,225270,6,12,594,9,32,4622,21,222,20696,718,718,177147,6,12,594,6,23,3676,9,150,13514
202308,276,30140,C,Lebanon  PA ,139,139,27566,1,2,341,0,0,0,2,10,1752,13,13,3215,0,0,0,0,0,0,0,0,0
202308,276,49620,C,York-Hanover  PA ,685,685,170169,1,2,341,2,8,1772,16,148,18328,375,375,94220,0,0,0,2,8,1772,13,124,16552
202308,277,25500,C,Harrisonburg  VA ,297,297,69540,21,42,7728,1,4,550,5,29,3475,297,297,69540,21,42,7728,1,4,550,5,29,3475
202308,277,44420,C,Staunton  VA ,307,307,74362,2,4,474,0,0,0,6,158,24822,307,307,74362,2,4,474,0,0,0,6,158,24822
202308,278,25540,C,Hartford-East Hartford-Middletown  CT ,409,409,114784,3,6,1142,3,12,975,37,622,63738,258,258,76352,3,6,1142,3,12,975,16,378,41322
202308,278,35980,C,Norwich-New London  CT ,160,160,50938,3,6,1070,0,0,0,1,123,17954,80,80,28101,2,4,876,0,0,0,1,123,17954
202308,279,25620,C,Hattiesburg  MS ,76,76,17717,0,0,0,5,15,676,0,0,0,23,23,5686,0,0,0,0,0,0,0,0,0
202308,284,26300,C,Hot Springs  AR ,41,41,11489,3,6,720,0,0,0,0,0,0,41,41,11489,3,6,720,0,0,0,0,0,0
202308,288,26420,C,Houston-The Woodlands-Sugar Land  TX ,34841,34841,8794073,597,1194,176923,13,45,5732,396,12818,1897273,32693,32693,8192337,577,1154,171748,12,42,5507,378,12676,1886520
202308,290,19460,C,Decatur  AL ,219,219,53807,0,0,0,0,0,0,0,0,0,211,211,52547,0,0,0,0,0,0,0,0,0
202308,290,26620,C,Huntsville  AL ,2630,2630,553264,45,90,14325,1,4,510,33,1800,293931,1569,1569,295865,45,90,14325,1,4,510,33,1800,293931
202308,292,26820,C,Idaho Falls  ID ,508,508,118346,2,4,461,9,36,4582,5,185,25893,492,492,112673,2,4,461,9,36,4582,5,185,25893
202308,294,18020,C,Columbus  IN ,105,105,40388,0,0,0,0,0,0,0,0,0,105,105,40388,0,0,0,0,0,0,0,0,0
202308,294,26900,C,Indianapolis-Carmel-Anderson  IN ,4683,4683,1768250,56,112,26383,29,94,18953,91,2691,586075,4088,4088,1582409,53,106,25295,29,94,18953,91,2691,586075
202308,294,34620,C,Muncie  IN ,43,43,11275,0,0,0,0,0,0,1,5,596,22,22,5088,0,0,0,0,0,0,0,0,0
202308,296,27060,C,Ithaca  NY ,78,78,20933,1,2,320,0,0,0,7,64,7732,17,17,2955,0,0,0,0,0,0,0,0,0
202308,297,27180,C,Jackson  TN ,274,274,65746,2,4,368,0,0,0,0,0,0,88,88,23309,2,4,368,0,0,0,0,0,0
202308,298,27140,C,Jackson  MS ,794,794,208449,2,4,494,0,0,0,7,54,6913,651,651,169431,0,0,0,0,0,0,7,54,6913
202308,300,27260,C,Jacksonville  FL ,8428,8428,2258027,137,274,37678,22,88,4950,132,5642,846881,8297,8297,2195725,135,270,37098,22,88,4950,132,5642,846881
202308,304,27740,C,Johnson City  TN ,507,507,147742,12,24,4726,1,3,649,5,34,3332,335,335,119134,5,10,1501,0,0,0,0,0,0
202308,304,28700,C,Kingsport-Bristol  TN-VA ,544,544,138987,1,2,450,1,3,346,7,35,2462,410,410,121852,1,2,450,0,0,0,0,0,0
202308,306,27780,C,Johnstown  PA ,47,47,11314,0,0,0,0,0,0,0,0,0,0,0,0,0,0,0,0,0,0,0,0,0
202308,308,27860,C,Jonesboro  AR ,418,418,63474,40,80,5602,45,149,7687,12,77,4230,61,61,9948,3,6,487,3,10,500,1,6,200
202308,309,27900,C,Joplin  MO ,376,376,65975,45,90,11271,2,8,303,15,129,14643,259,259,46085,43,86,10713,2,8,303,4,72,9815
202308,310,12980,C,Battle Creek  MI ,50,50,9965,0,0,0,0,0,0,0,0,0,3,3,644,0,0,0,0,0,0,0,0,0
202308,310,28020,C,Kalamazoo-Portage  MI ,317,317,85067,1,2,501,2,7,1840,1,180,18665,270,270,60252,1,2,501,2,7,1840,1,180,18665
202308,312,28140,C,Kansas City  MO-KS ,2941,2941,1011060,109,218,43283,33,129,26998,42,1655,274338,2637,2637,917714,108,216,43013,33,129,26998,42,1655,274338
202308,312,29940,C,Lawrence  KS ,108,108,35886,1,2,196,1,4,320,1,18,2380,47,47,15477,0,0,0,0,0,0,0,0,0
202308,312,41140,C,St. Joseph  MO-KS ,52,52,12969,1,2,200,0,0,0,0,0,0,24,24,7084,0,0,0,0,0,0,0,0,0
202308,313,28420,C,Kennewick-Richland  WA ,750,750,257333,8,16,4442,29,111,14597,22,718,107821,497,497,181140,0,0,0,25,99,12176,7,236,30039
202308,313,47460,C,Walla Walla  WA ,151,151,38092,9,18,3957,0,0,0,2,32,4657,141,141,36450,4,8,1491,0,0,0,0,0,0
202308,315,28940,C,Knoxville  TN ,2885,2885,830625,44,88,16182,36,125,22730,40,1144,248816,2679,2679,780142,43,86,16052,34,117,21463,40,1144,248816
202308,315,34100,C,Morristown  TN ,509,509,137243,1,2,200,10,30,3832,1,32,5250,342,342,109872,1,2,200,7,21,3150,1,32,5250
202308,316,29020,C,Kokomo  IN ,60,60,16952,1,2,600,0,0,0,0,0,0,46,46,12656,1,2,600,0,0,0,0,0,0
202308,318,29180,C,Lafayette  LA ,1518,1518,338540,0,0,0,0,0,0,7,224,28020,908,908,222565,0,0,0,0,0,0,1,8,787
202308,320,29200,C,Lafayette-West Lafayette  IN ,373,373,129212,1,2,210,0,0,0,16,986,135735,69,69,31048,0,0,0,0,0,0,2,482,73507
202308,324,29340,C,Lake Charles  LA ,430,430,92129,6,12,1022,0,0,0,5,168,35854,391,391,82632,5,10,872,0,0,0,5,168,35854
202308,332,29820,C,Las Vegas-Henderson-Paradise  NV ,6758,6758,1994640,20,40,6544,49,184,28692,66,1681,321824,6746,6746,1981060,20,40,6544,49,184,28692,66,1681,321824
202308,336,30460,C,Lexington-Fayette  KY ,958,958,251212,8,16,2892,11,36,6822,24,700,67382,215,215,81404,4,8,1788,2,7,2700,0,0,0
202308,338,30620,C,Lima  OH ,54,54,15375,3,6,720,1,3,200,0,0,0,18,18,5433,3,6,720,0,0,0,0,0,0
202308,339,30700,C,Lincoln  NE ,580,580,187472,4,8,1649,1,4,841,16,654,83618,53,53,15311,3,6,1314,0,0,0,0,0,0
202308,340,30780,C,Little Rock-North Little Rock-Conway  AR ,1147,1147,311134,32,64,5431,4,13,1470,4,98,6302,1114,1114,305838,30,60,5083,4,13,1470,4,98,6302
202308,340,38220,C,Pine Bluff  AR ,27,27,5233,2,4,350,0,0,0,2,24,1250,18,18,3566,2,4,350,0,0,0,2,24,1250
202308,348,31080,C,Los Angeles-Long Beach-Anaheim  CA ,8127,8127,2154411,500,1000,244528,123,415,143848,372,11909,2163109,6096,6096,1699294,466,932,224643,98,331,129161,253,9292,1694200
202308,348,37100,C,Oxnard-Thousand Oaks-Ventura  CA ,227,227,82686,0,0,0,12,42,9930,13,219,28446,39,39,8248,0,0,0,7,25,6408,0,0,0
202308,348,40140,C,Riverside-San Bernardino-Ontario  CA ,8427,8427,2383976,61,122,11875,59,216,41704,511,5189,613819,5360,5360,1538117,10,20,3664,47,175,34612,465,4769,543161
202308,350,21060,C,Elizabethtown-Fort Knox  KY ,383,383,86177,48,96,11199,52,203,25342,35,692,66976,383,383,86177,48,96,11199,52,203,25342,35,692,66976
202308,350,31140,C,Louisville-Jefferson County  KY-IN ,2081,2081,642781,31,62,12179,6,22,2349,77,1779,285220,1286,1286,422172,15,30,5313,0,0,0,38,826,112724
202308,352,31180,C,Lubbock  TX ,1414,1414,345943,12,24,2824,4,12,1736,34,264,18255,1229,1229,294859,8,16,1459,0,0,0,34,264,18255
202308,356,31420,C,Macon-Bibb County  GA ,355,355,91211,0,0,0,0,0,0,0,0,0,83,83,22651,0,0,0,0,0,0,0,0,0
202308,356,47580,C,Warner Robins  GA ,804,804,178765,1,2,117,0,0,0,4,150,16692,388,388,76910,1,2,117,0,0,0,2,80,10460
202308,357,27500,C,Janesville-Beloit  WI ,174,174,51588,23,46,10128,0,0,0,4,32,8000,106,106,32164,23,46,10128,0,0,0,4,32,8000
202308,357,31540,C,Madison  WI ,983,983,429476,66,132,35893,21,84,20724,42,2135,312462,882,882,395390,54,108,29652,21,84,20724,35,2074,302979
202308,359,31860,C,Mankato  MN ,108,108,37818,4,8,1683,0,0,0,10,181,24888,31,31,14597,0,0,0,0,0,0,6,96,13730
202308,360,31900,C,Mansfield  OH ,77,77,25402,3,6,959,3,9,857,0,0,0,62,62,20630,2,4,715,0,0,0,0,0,0
202308,365,32580,C,McAllen-Edinburg-Mission  TX ,2952,2952,701394,148,296,21506,263,1043,102546,64,405,41168,2468,2468,594896,136,272,19254,237,943,88684,63,400,40757
202308,366,24420,C,Grants Pass  OR ,136,136,33348,5,10,2115,2,8,1642,3,21,3633,0,0,0,0,0,0,0,0,0,0,0,0
202308,366,32780,C,Medford  OR ,425,425,132650,7,14,2400,10,36,6152,45,405,64402,388,388,125413,7,14,2400,8,30,5768,40,380,61577
202308,368,32820,C,Memphis  TN-MS-AR ,2124,2124,564086,4,8,2406,3,12,3427,20,830,141058,1835,1835,501725,4,8,2406,3,12,3427,20,830,141058
202308,370,33100,C,Miami-Fort Lauderdale-Pompano Beach  FL ,3459,3459,1561393,126,252,61146,32,122,24907,300,12311,2865454,2869,2869,1238599,125,250,61099,29,113,22363,236,11162,2694197
202308,370,38940,C,Port St. Lucie  FL ,3660,3660,1075712,109,218,30627,0,0,0,33,332,67772,3653,3653,1025715,109,218,30627,0,0,0,33,332,67772
202308,370,42680,C,Sebastian-Vero Beach  FL ,692,692,327901,12,24,3812,4,12,808,1,16,2250,128,128,49355,6,12,2156,0,0,0,1,16,2250
202308,372,33260,C,Midland  TX ,469,469,123329,0,0,0,1,4,250,0,0,0,469,469,123329,0,0,0,1,4,250,0,0,0
202308,372,36220,C,Odessa  TX ,587,587,148550,0,0,0,0,0,0,1,5,599,0,0,0,0,0,0,0,0,0,0,0,0
202308,376,33340,C,Milwaukee-Waukesha  WI ,900,900,424310,58,116,30671,0,0,0,24,348,52590,610,610,294550,36,72,20093,0,0,0,16,290,42808
202308,376,39540,C,Racine  WI ,101,101,42697,2,4,684,0,0,0,5,60,33500,84,84,37188,0,0,0,0,0,0,0,0,0
202308,378,33460,C,Minneapolis-St. Paul-Bloomington  MN-WI ,5207,5207,1891420,61,122,23472,33,121,28040,199,7394,1343407,4337,4337,1605451,32,64,14174,23,85,19531,113,6145,1136694
202308,378,41060,C,St. Cloud  MN ,310,310,92993,1,2,320,0,0,0,2,55,1675,241,241,73707,1,2,320,0,0,0,1,50,1250
202308,380,19300,C,Daphne-Fairhope-Foley  AL ,2083,2083,626399,6,12,1888,3,12,2539,21,429,46832,1350,1350,447972,6,12,1888,3,12,2539,15,285,28463
202308,380,33660,C,Mobile  AL ,551,551,142493,1,2,123,2,8,900,2,56,13611,540,540,140026,1,2,123,2,8,900,2,56,13611
202308,384,33740,C,Monroe  LA ,173,173,46597,26,52,3461,3,10,1500,3,16,1852,107,107,30245,0,0,0,0,0,0,0,0,0
202308,388,33860,C,Montgomery  AL ,508,508,137261,0,0,0,0,0,0,0,0,0,344,344,105828,0,0,0,0,0,0,0,0,0
202308,390,34060,C,Morgantown  WV ,12,12,3141,0,0,0,0,0,0,0,0,0,0,0,0,0,0,0,0,0,0,0,0,0
202308,396,34820,C,Myrtle Beach-Conway-North Myrtle Beach  SC-NC ,7575,7575,1709233,32,64,4823,15,52,8069,33,572,81863,2249,2249,588583,27,54,3478,5,20,4000,23,516,78848
202308,400,34980,C,Nashville-Davidson--Murfreesboro--Franklin  TN ,9897,9897,3175909,24,48,8125,18,67,8485,225,8273,1216188,8101,8101,2693291,22,44,7342,14,53,7185,209,8094,1190523
202308,404,35100,C,New Bern  NC ,376,376,100134,1,2,100,0,0,0,0,0,0,252,252,64996,1,2,100,0,0,0,0,0,0
202308,406,25220,C,Hammond  LA ,547,547,93007,1,2,100,0,0,0,9,351,33679,485,485,81656,0,0,0,0,0,0,0,0,0
202308,406,35380,C,New Orleans-Metairie  LA ,1500,1500,434781,149,298,35253,6,18,3670,16,673,112373,924,924,296407,25,50,7018,0,0,0,8,284,42296
202308,408,14860,C,Bridgeport-Stamford-Norwalk  CT ,280,280,273469,24,48,9667,3,11,2492,22,946,171511,181,181,129528,23,46,8867,3,11,2492,18,886,132679
202308,408,20700,C,East Stroudsburg  PA ,152,152,49830,0,0,0,0,0,0,0,0,0,94,94,32641,0,0,0,0,0,0,0,0,0
202308,408,28740,C,Kingston  NY ,178,178,64652,1,2,230,1,4,562,5,88,8902,110,110,44283,1,2,230,0,0,0,5,88,8902
202308,408,35300,C,New Haven-Milford  CT ,246,246,70004,14,28,5418,9,29,3744,36,968,83088,86,86,32667,11,22,4434,2,6,664,26,898,78599
202308,408,35620,C,New York-Newark-Jersey City  NY-NJ-PA ,8061,8061,2401267,387,774,118139,120,387,44518,739,20444,2530230,5278,5278,1555794,248,496,79680,61,197,22435,312,13568,1779257
202308,408,39100,C,Poughkeepsie-Newburgh-Middletown  NY ,570,570,222484,2,4,642,9,32,9784,37,497,104036,302,302,101591,1,2,346,7,26,8314,21,411,92555
202308,408,45940,C,Trenton-Princeton  NJ ,341,341,57146,0,0,0,0,0,0,22,414,34964,219,219,44506,0,0,0,0,0,0,14,369,33582
202308,412,35840,C,North Port-Sarasota-Bradenton  FL ,7214,7214,2259179,120,240,40968,10,38,18637,110,3051,556447,6835,6835,2165557,44,88,15371,9,35,15322,87,2720,517094
202308,412,39460,C,Punta Gorda  FL ,2392,2392,736726,107,214,36455,20,76,20299,14,162,33258,2332,2332,701511,102,204,34225,20,76,20299,9,126,25160
202308,416,36420,C,Oklahoma City  OK ,3822,3822,1113051,207,414,50446,12,40,7655,25,302,27777,3609,3609,1077345,201,402,49118,12,40,7655,25,302,27777
202308,420,36540,C,Omaha-Council Bluffs  NE-IA ,1881,1881,408779,8,16,2340,7,27,4833,43,789,60597,1497,1497,306286,6,12,1990,7,27,4833,43,789,60597
202308,422,19660,C,Deltona-Daytona Beach-Ormond Beach  FL ,3681,3681,1231999,91,182,31254,8,31,3687,30,1033,117401,3270,3270,1104891,91,182,31254,8,31,3687,22,967,109242
202308,422,29460,C,Lakeland-Winter Haven  FL ,5994,5994,1621163,49,98,9582,2,8,829,128,2800,368918,5455,5455,1487797,35,70,7674,2,8,829,117,2476,339095
202308,422,36740,C,Orlando-Kissimmee-Sanford  FL ,11734,11734,3682370,40,80,12762,14,49,11530,143,6603,843789,9682,9682,3110473,35,70,11512,13,46,11375,106,5882,775250
202308,422,45540,C,The Villages  FL ,2321,2321,579216,0,0,0,0,0,0,1,58,12051,0,0,0,0,0,0,0,0,0,0,0,0
202308,425,37620,C,Parkersburg-Vienna  WV ,58,58,13684,0,0,0,0,0,0,0,0,0,46,46,11531,0,0,0,0,0,0,0,0,0
202308,426,37860,C,Pensacola-Ferry Pass-Brent  FL ,1711,1711,470848,6,12,1563,2,6,902,0,0,0,1711,1711,470848,6,12,1563,2,6,902,0,0,0
202308,428,12100,C,Atlantic City-Hammonton  NJ ,209,209,65483,3,6,2699,0,0,0,5,35,4357,168,168,58752,2,4,699,0,0,0,0,0,0
202308,428,20100,C,Dover  DE ,595,595,97962,11,22,3603,0,0,0,6,102,8705,594,594,97612,11,22,3603,0,0,0,6,102,8705
202308,428,36140,C,Ocean City  NJ ,350,350,144478,55,110,16033,10,35,3854,3,15,1600,298,298,128765,54,108,15848,8,29,2836,3,15,1600
202308,428,37980,C,Philadelphia-Camden-Wilmington  PA-NJ-DE-MD ,4954,4954,1117328,74,148,26564,94,318,39271,197,3157,409984,2480,2480,597629,64,128,22113,68,228,33048,125,2517,325501
202308,428,39740,C,Reading  PA ,188,188,52846,3,6,550,0,0,0,1,5,63,78,78,18455,3,6,550,0,0,0,0,0,0
202308,428,47220,C,Vineland-Bridgeton  NJ ,78,78,11143,0,0,0,0,0,0,0,0,0,62,62,9215,0,0,0,0,0,0,0,0,0
202308,429,38060,C,Phoenix-Mesa-Chandler  AZ ,15889,15889,4638481,627,1254,166198,28,108,28299,324,11326,1753098,14783,14783,4349720,614,1228,162440,28,108,28299,312,10366,1587182
202308,430,38300,C,Pittsburgh  PA ,2229,2229,709103,8,16,1939,26,86,13818,35,1328,151162,1256,1256,439361,6,12,1405,10,37,8053,4,125,20482
202308,430,48260,C,Weirton-Steubenville  WV-OH ,12,12,3591,0,0,0,0,0,0,0,0,0,6,6,1785,0,0,0,0,0,0,0,0,0
202308,438,30340,C,Lewiston-Auburn  ME ,153,153,34510,7,14,2787,0,0,0,3,40,4519,67,67,13449,1,2,400,0,0,0,0,0,0
202308,438,38860,C,Portland-South Portland  ME ,1295,1295,457994,48,96,17434,13,42,6258,37,584,75906,525,525,219988,33,66,12200,8,27,4512,17,424,65867
202308,440,10540,C,Albany-Lebanon  OR ,154,154,47751,18,36,8058,1,3,276,2,13,1493,121,121,38121,17,34,7575,1,3,276,2,13,1493
202308,440,18700,C,Corvallis  OR ,84,84,30884,5,10,3166,1,4,918,9,198,29800,84,84,30884,5,10,3166,1,4,918,9,198,29800
202308,440,31020,C,Longview  WA ,214,214,66960,6,12,3283,0,0,0,0,0,0,212,212,66567,6,12,3283,0,0,0,0,0,0
202308,440,38900,C,Portland-Vancouver-Hillsboro  OR-WA ,4255,4255,1635638,49,98,16354,32,117,24468,138,3997,611696,3413,3413,1179596,47,94,16274,32,117,24468,124,3695,569579
202308,440,41420,C,Salem  OR ,582,582,181736,26,52,12705,3,11,1651,58,722,100904,263,263,86245,10,20,5251,1,4,714,34,406,59433
202308,444,39380,C,Pueblo  CO ,222,222,38876,0,0,0,0,0,0,0,0,0,222,222,38876,0,0,0,0,0,0,0,0,0
202308,450,20500,C,Durham-Chapel Hill  NC ,2133,2133,731240,33,66,9520,1,3,277,67,3254,552112,444,444,127441,2,4,536,0,0,0,7,567,78152
202308,450,39580,C,Raleigh-Cary  NC ,8726,8726,2281521,31,62,15568,1,3,429,105,5211,771813,7390,7390,1865199,1,2,425,0,0,0,66,2815,408389
202308,452,39660,C,Rapid City  SD ,379,379,121604,11,22,2756,11,44,6501,26,592,68967,365,365,117675,11,22,2756,11,44,6501,25,573,65087
202308,454,39820,C,Redding  CA ,118,118,36331,0,0,0,0,0,0,0,0,0,45,45,15297,0,0,0,0,0,0,0,0,0
202308,456,16180,C,Carson City  NV ,104,104,27457,0,0,0,2,6,764,9,54,5392,0,0,0,0,0,0,0,0,0,0,0,0
202308,456,39900,C,Reno  NV ,1316,1316,364310,32,64,8488,11,35,4617,80,1415,179855,271,271,68721,17,34,5348,0,0,0,0,0,0
202308,462,40340,C,Rochester  MN ,350,350,111708,2,4,635,1,3,805,5,494,73598,231,231,80317,2,4,635,1,3,805,5,494,73598
202308,464,40380,C,Rochester  NY ,593,593,199177,24,48,8911,32,118,8489,38,366,44489,272,272,113588,21,42,7594,26,99,5350,28,283,34325
202308,466,40420,C,Rockford  IL ,106,106,27711,6,12,3540,0,0,0,0,0,0,98,98,26961,6,12,3540,0,0,0,0,0,0
202308,468,40580,C,Rocky Mount  NC ,262,262,47624,0,0,0,0,0,0,3,30,3266,33,33,8788,0,0,0,0,0,0,3,30,3266
202308,472,40900,C,Sacramento-Roseville-Folsom  CA ,5258,5258,1763710,65,130,18404,3,9,2704,138,3286,597331,5189,5189,1738172,65,130,18404,3,9,2704,138,3286,597331
202308,472,49700,C,Yuba City  CA ,442,442,133517,12,24,2123,0,0,0,5,28,3370,384,384,113617,10,20,1700,0,0,0,0,0,0
202308,474,13020,C,Bay City  MI ,27,27,7574,0,0,0,0,0,0,0,0,0,3,3,1203,0,0,0,0,0,0,0,0,0
202308,474,33220,C,Midland  MI ,62,62,17426,2,4,542,0,0,0,3,50,8853,36,36,9597,2,4,542,0,0,0,3,50,8853
202308,474,40980,C,Saginaw  MI ,100,100,22023,9,18,3324,1,4,636,0,0,0,55,55,9967,8,16,2834,0,0,0,0,0,0
202308,476,41180,C,St. Louis  MO-IL ,3091,3091,1130831,25,50,11287,30,112,19600,68,1958,282071,2433,2433,897189,17,34,8618,25,95,17975,41,1442,208953
202308,480,41540,C,Salisbury  MD-DE ,2760,2760,451282,31,62,10586,1,4,416,28,403,50708,2710,2710,441380,30,60,10446,1,4,416,28,403,50708
202308,482,36260,C,Ogden-Clearfield  UT ,1291,1291,422442,0,0,0,30,107,21032,45,593,87421,922,922,315378,0,0,0,16,59,12033,23,254,38928
202308,482,39340,C,Provo-Orem  UT ,2932,2932,941453,15,30,7771,29,108,22263,47,681,130416,2882,2882,905532,14,28,7102,29,108,22263,47,681,130416
202308,482,41620,C,Salt Lake City  UT ,2307,2307,763333,26,52,7238,41,152,32985,136,4317,797938,1928,1928,672835,6,12,3074,27,107,23165,77,1814,415621
202308,484,41700,C,San Antonio-New Braunfels  TX ,5893,5893,1578240,229,458,60525,11,39,9884,171,5939,692023,5108,5108,1399266,221,442,57761,11,39,9884,164,5817,676901
202308,488,32900,C,Merced  CA ,233,233,69956,0,0,0,0,0,0,0,0,0,126,126,36587,0,0,0,0,0,0,0,0,0
202308,488,33700,C,Modesto  CA ,481,481,100123,1,2,35,0,0,0,5,72,7331,410,410,87906,1,2,35,0,0,0,5,72,7331
202308,488,34900,C,Napa  CA ,164,164,78100,0,0,0,1,3,867,0,0,0,158,158,75469,0,0,0,0,0,0,0,0,0
202308,488,41860,C,San Francisco-Oakland-Berkeley  CA ,2148,2148,797090,21,42,11829,20,68,20400,106,2643,552924,1768,1768,657268,16,32,7807,17,57,19126,74,2191,480033
202308,488,41940,C,San Jose-Sunnyvale-Santa Clara  CA ,1540,1540,601209,6,12,4440,1,4,811,49,3427,640408,1046,1046,404580,5,10,4169,0,0,0,33,3069,560536
202308,488,42100,C,Santa Cruz-Watsonville  CA ,182,182,31318,0,0,0,0,0,0,14,307,39643,37,37,8330,0,0,0,0,0,0,3,245,34831
202308,488,42220,C,Santa Rosa-Petaluma  CA ,702,702,198159,0,0,0,4,12,4700,32,533,146354,583,583,174020,0,0,0,2,6,2400,15,448,128854
202308,488,44700,C,Stockton  CA ,1298,1298,500705,1,2,352,1,3,527,13,177,21572,1022,1022,420073,0,0,0,1,3,527,0,0,0
202308,488,46700,C,Vallejo  CA ,625,625,137091,0,0,0,0,0,0,23,308,64859,621,621,135948,0,0,0,0,0,0,23,308,64859
202308,496,25980,C,Hinesville  GA ,494,494,126166,2,4,375,0,0,0,0,0,0,300,300,79990,2,4,375,0,0,0,0,0,0
202308,496,42340,C,Savannah  GA ,1792,1792,466197,8,16,1680,1,3,304,35,669,95179,1379,1379,359550,0,0,0,0,0,0,35,669,95179
202308,500,14740,C,Bremerton-Silverdale-Port Orchard  WA ,660,660,256991,1,2,503,0,0,0,44,970,129868,660,660,256991,1,2,503,0,0,0,44,970,129868
202308,500,34580,C,Mount Vernon-Anacortes  WA ,125,125,41658,3,6,3160,1,3,437,11,219,23377,124,124,41583,2,4,2921,0,0,0,1,67,9191
202308,500,36500,C,Olympia-Lacey-Tumwater  WA ,616,616,181748,4,8,1779,1,4,1216,33,533,77337,547,547,166300,4,8,1779,1,4,1216,24,486,75337
202308,500,42660,C,Seattle-Tacoma-Bellevue  WA ,4021,4021,1561960,282,564,148511,111,376,84284,167,6911,1138748,3479,3479,1354920,280,560,148160,111,376,84284,146,6673,1111089
202308,508,43340,C,Shreveport-Bossier City  LA ,584,584,154372,4,8,897,1,3,298,1,7,1138,500,500,131109,4,8,897,1,3,298,1,7,1138
202308,515,21140,C,Elkhart-Goshen  IN ,196,196,57487,0,0,0,0,0,0,0,0,0,193,193,56627,0,0,0,0,0,0,0,0,0
202308,515,35660,C,Niles  MI ,185,185,89207,0,0,0,1,4,1350,0,0,0,105,105,57460,0,0,0,1,4,1350,0,0,0
202308,515,43780,C,South Bend-Mishawaka  IN-MI ,261,261,117407,6,12,2663,0,0,0,0,0,0,222,222,96369,6,12,2663,0,0,0,0,0,0
202308,518,17660,C,Coeur dAlene  ID ,829,829,310843,24,48,11722,6,18,8040,21,296,53168,656,656,262649,19,38,9802,1,3,1756,13,211,43950
202308,518,44060,C,Spokane-Spokane Valley  WA ,1196,1196,326303,71,142,35347,11,39,8157,66,1575,218932,713,713,202943,64,128,32958,11,39,8157,51,1296,192753
202308,522,44100,C,Springfield  IL ,102,102,36683,6,12,2189,0,0,0,0,0,0,27,27,10103,0,0,0,0,0,0,0,0,0
202308,524,44300,C,State College  PA ,198,198,60281,0,0,0,2,8,1780,3,33,10603,94,94,36115,0,0,0,2,8,1780,3,33,10603
202308,532,45060,C,Syracuse  NY ,303,303,82836,2,4,682,1,3,380,8,40,3429,188,188,56561,0,0,0,1,3,380,0,0,0
202308,534,45780,C,Toledo  OH ,585,585,165605,21,42,4370,0,0,0,17,387,40752,510,510,125758,21,42,4370,0,0,0,12,352,39251
202308,536,46060,C,Tucson  AZ ,2362,2362,800547,60,120,14831,3,10,876,78,948,136492,1801,1801,657521,44,88,11027,3,10,876,40,416,56655
202308,538,46140,C,Tulsa  OK ,2322,2322,551448,33,66,7957,11,40,9023,31,1134,124297,1955,1955,453010,33,66,7957,11,40,9023,24,1068,119220
202308,540,46340,C,Tyler  TX ,310,310,83125,85,170,23715,20,72,11154,2,13,1792,238,238,64358,80,160,22413,20,72,11154,2,13,1792
202308,544,47020,C,Victoria  TX ,46,46,10549,0,0,0,0,0,0,0,0,0,39,39,10380,0,0,0,0,0,0,0,0,0
202308,545,47260,C,Virginia Beach-Norfolk-Newport News  VA-NC ,2408,2408,659482,6,12,1560,5,16,1885,38,1938,285215,2260,2260,644989,6,12,1560,5,16,1885,38,1938,285215
202308,548,12580,C,Baltimore-Columbia-Towson  MD ,2654,2654,605625,0,0,0,1,4,640,61,2817,343155,2550,2550,582391,0,0,0,1,4,640,46,1692,270678
202308,548,15680,C,California-Lexington Park  MD ,205,205,76406,0,0,0,0,0,0,0,0,0,205,205,76406,0,0,0,0,0,0,0,0,0
202308,548,16540,C,Chambersburg-Waynesboro  PA ,216,216,61567,6,12,2300,0,0,0,6,59,6097,156,156,46218,6,12,2300,0,0,0,5,54,5450
202308,548,25180,C,Hagerstown-Martinsburg  MD-WV ,1213,1213,250550,5,10,2375,0,0,0,0,0,0,1179,1179,243914,5,10,2375,0,0,0,0,0,0
202308,548,47900,C,Washington-Arlington-Alexandria  DC-VA-MD-WV ,7743,7743,2263514,24,48,7498,4,15,2237,160,8606,1199216,7387,7387,2104104,24,48,7498,4,15,2237,134,7416,1027831
202308,548,49020,C,Winchester  VA-WV ,665,665,162804,0,0,0,0,0,0,0,0,0,664,664,162572,0,0,0,0,0,0,0,0,0
202308,554,48140,C,Wausau-Weston  WI ,218,218,68526,7,14,2064,6,23,3191,4,52,5234,144,144,45099,4,8,1040,6,23,3191,4,52,5234
202308,556,48620,C,Wichita  KS ,985,985,330297,298,596,78149,6,18,2220,3,378,55809,488,488,169385,170,340,47544,6,18,2220,2,372,54809
202308,558,48700,C,Williamsport  PA ,51,51,14675,0,0,0,0,0,0,2,10,1227,10,10,3360,0,0,0,0,0,0,0,0,0
202308,566,49660,C,Youngstown-Warren-Boardman  OH-PA ,183,183,48067,0,0,0,2,8,2369,0,0,0,136,136,34605,0,0,0,2,8,2369,0,0,0
202308,999,10180,C,Abilene  TX ,226,226,60747,20,40,4566,0,0,0,9,64,8500,226,226,60747,20,40,4566,0,0,0,9,64,8500
202308,999,10500,C,Albany  GA ,112,112,17592,1,2,21,0,0,0,2,10,1108,83,83,10001,1,2,21,0,0,0,0,0,0
202308,999,10780,C,Alexandria  LA ,158,158,38254,2,4,290,0,0,0,0,0,0,3,3,1266,2,4,290,0,0,0,0,0,0
202308,999,10900,C,Allentown-Bethlehem-Easton  PA-NJ ,895,895,218230,9,18,2528,0,0,0,17,224,21860,609,609,148442,9,18,2528,0,0,0,4,123,11853
202308,999,11260,C,Anchorage  AK ,193,193,78220,7,14,2890,2,8,1079,2,61,8474,37,37,8291,7,14,2890,2,8,1079,2,61,8474
202308,999,11500,C,Anniston-Oxford  AL ,50,50,7330,0,0,0,0,0,0,0,0,0,44,44,6727,0,0,0,0,0,0,0,0,0
202308,999,12260,C,Augusta-Richmond County  GA-SC ,2267,2267,593220,7,14,2415,8,25,3534,9,132,25413,1553,1553,449007,7,14,2415,8,25,3534,9,132,25413
202308,999,12420,C,Austin-Round Rock-Georgetown  TX ,10925,10925,3234159,163,326,36403,14,52,5666,283,13621,1244307,8038,8038,2611431,149,298,33381,11,43,4817,241,12519,1164593
202308,999,12540,C,Bakersfield  CA ,1420,1420,365303,10,20,1579,6,18,5238,8,42,4228,489,489,103505,7,14,1030,3,9,440,0,0,0
202308,999,12620,C,Bangor  ME ,196,196,44511,9,18,2554,2,8,946,0,0,0,72,72,19466,6,12,1895,2,8,946,0,0,0
202308,999,12940,C,Baton Rouge  LA ,2026,2026,501842,1,2,182,1,3,385,0,0,0,377,377,92346,0,0,0,0,0,0,0,0,0
202308,999,13140,C,Beaumont-Port Arthur  TX ,685,685,165953,8,16,1869,0,0,0,7,66,7614,582,582,145615,4,8,1003,0,0,0,7,66,7614
202308,999,13220,C,Beckley  WV ,75,75,16808,0,0,0,0,0,0,0,0,0,69,69,15807,0,0,0,0,0,0,0,0,0
202308,999,13380,C,Bellingham  WA ,374,374,110025,2,4,1240,7,25,5108,3,147,17522,143,143,40219,2,4,1240,5,18,3478,3,147,17522
202308,999,13740,C,Billings  MT ,232,232,82313,0,0,0,0,0,0,0,0,0,200,200,78857,0,0,0,0,0,0,0,0,0
202308,999,13780,C,Binghamton  NY ,80,80,17339,0,0,0,1,4,165,19,140,13492,6,6,1766,0,0,0,1,4,165,0,0,0
202308,999,13900,C,Bismarck  ND ,144,144,52291,27,54,14005,4,16,3058,1,5,744,107,107,41699,27,54,14005,4,16,3058,0,0,0
202308,999,13980,C,Blacksburg-Christiansburg  VA ,331,331,83886,1,2,300,2,6,2280,0,0,0,300,300,75645,1,2,300,2,6,2280,0,0,0
202308,999,15260,C,Brunswick  GA ,346,346,141695,23,46,4563,14,53,9510,0,0,0,249,249,120375,23,46,4563,14,53,9510,0,0,0
202308,999,16060,C,Carbondale-Marion  IL ,40,40,13065,1,2,143,9,34,2419,1,8,600,9,9,8753,0,0,0,0,0,0,0,0,0
202308,999,16220,C,Casper  WY ,56,56,17358,0,0,0,2,8,2175,0,0,0,35,35,13369,0,0,0,2,8,2175,0,0,0
202308,999,16580,C,Champaign-Urbana  IL ,158,158,48822,1,2,425,1,3,865,7,274,41676,158,158,48822,1,2,425,1,3,865,7,274,41676
202308,999,16700,C,Charleston-North Charleston  SC ,4200,4200,1468210,1,2,150,78,234,8415,127,1403,130191,2127,2127,1020284,0,0,0,0,0,0,7,41,12259
202308,999,16820,C,Charlottesville  VA ,581,581,208383,1,2,200,3,9,713,17,196,25191,146,146,41714,1,2,200,0,0,0,0,0,0
202308,999,16940,C,Cheyenne  WY ,118,118,28064,0,0,0,8,32,4061,0,0,0,117,117,27714,0,0,0,8,32,4061,0,0,0
202308,999,17020,C,Chico  CA ,419,419,81837,8,16,2286,3,12,991,10,152,21799,273,273,53067,8,16,2286,3,12,991,10,152,21799
202308,999,17300,C,Clarksville  TN-KY ,938,938,197991,32,64,7897,32,114,12085,64,905,73750,923,923,195745,31,62,7680,32,114,12085,64,905,73750
202308,999,17780,C,College Station-Bryan  TX ,819,819,182052,15,30,2137,0,0,0,12,277,44824,817,817,181642,15,30,2137,0,0,0,12,277,44824
202308,999,17820,C,Colorado Springs  CO ,1985,1985,811514,83,166,28208,2,6,827,50,1967,359175,1977,1977,809901,83,166,28208,0,0,0,50,1967,359175
202308,999,18880,C,Crestview-Fort Walton Beach-Destin  FL ,1941,1941,894853,22,44,7675,3,12,2288,66,2150,266259,1941,1941,894853,22,44,7675,3,12,2288,66,2150,266259
202308,999,19060,C,Cumberland  MD-WV ,39,39,11632,2,4,150,1,4,30,0,0,0,33,33,10862,2,4,150,1,4,30,0,0,0
202308,999,19180,C,Danville  IL ,3,3,638,0,0,0,0,0,0,0,0,0,0,0,0,0,0,0,0,0,0,0,0,0
202308,999,19500,C,Decatur  IL ,26,26,10281,0,0,0,0,0,0,0,0,0,21,21,8625,0,0,0,0,0,0,0,0,0
202308,999,20220,C,Dubuque  IA ,98,98,42265,4,8,2020,0,0,0,1,12,2300,96,96,41565,4,8,2020,0,0,0,1,12,2300
202308,999,20260,C,Duluth  MN-WI ,367,367,103180,9,18,3550,0,0,0,2,252,53452,287,287,80505,8,16,3200,0,0,0,2,252,53452
202308,999,20940,C,El Centro  CA ,146,146,20616,4,8,741,0,0,0,5,39,6401,62,62,11098,1,2,90,0,0,0,0,0,0
202308,999,21420,C,Enid  OK ,6,6,2039,0,0,0,0,0,0,0,0,0,4,4,1615,0,0,0,0,0,0,0,0,0
202308,999,21660,C,Eugene-Springfield  OR ,496,496,147209,17,34,6901,0,0,0,14,473,44842,219,219,70238,14,28,5858,0,0,0,13,446,44092
202308,999,21780,C,Evansville  IN-KY ,523,523,172854,24,48,6738,8,32,3232,3,34,2989,345,345,117669,12,24,3036,5,20,1575,1,24,2289
202308,999,21820,C,Fairbanks  AK ,19,19,4442,0,0,0,0,0,0,1,8,1272,19,19,4442,0,0,0,0,0,0,1,8,1272
202308,999,22140,C,Farmington  NM ,84,84,16951,0,0,0,0,0,0,0,0,0,84,84,16951,0,0,0,0,0,0,0,0,0
202308,999,22220,C,Fayetteville-Springdale-Rogers  AR-MO ,3797,3797,1034336,147,294,71299,15,45,7984,56,827,125478,2605,2605,719908,132,264,61473,13,39,6706,15,355,49571
202308,999,22380,C,Flagstaff  AZ ,221,221,81200,4,8,1071,22,88,15108,28,465,58468,221,221,81200,4,8,1071,22,88,15108,28,465,58468
202308,999,22500,C,Florence  SC ,530,530,96435,3,6,495,0,0,0,0,0,0,516,516,94086,3,6,495,0,0,0,0,0,0
202308,999,22520,C,Florence-Muscle Shoals  AL ,104,104,12556,0,0,0,6,20,7443,0,0,0,74,74,9136,0,0,0,6,20,7443,0,0,0
202308,999,22540,C,Fond du Lac  WI ,79,79,27365,1,2,350,0,0,0,0,0,0,19,19,5006,0,0,0,0,0,0,0,0,0
202308,999,22660,C,Fort Collins  CO ,846,846,309708,15,30,6375,4,15,4199,39,767,111572,846,846,309708,15,30,6375,4,15,4199,39,767,111572
202308,999,22900,C,Fort Smith  AR-OK ,267,267,62600,82,164,19398,6,19,1455,0,0,0,217,217,56337,79,158,18782,1,4,180,0,0,0
202308,999,23460,C,Gadsden  AL ,84,84,15066,0,0,0,0,0,0,0,0,0,41,41,8188,0,0,0,0,0,0,0,0,0
202308,999,24140,C,Goldsboro  NC ,323,323,71362,0,0,0,0,0,0,2,10,731,241,241,51617,0,0,0,0,0,0,0,0,0
202308,999,24220,C,Grand Forks  ND-MN ,112,112,32278,2,4,753,0,0,0,0,0,0,109,109,31555,2,4,753,0,0,0,0,0,0
202308,999,24260,C,Grand Island  NE ,70,70,18393,23,46,8019,11,35,6513,12,120,18000,44,44,12807,14,28,5619,11,35,6513,12,120,18000
202308,999,24300,C,Grand Junction  CO ,328,328,58086,4,8,672,1,4,786,21,628,85809,328,328,58086,4,8,672,1,4,786,21,628,85809
202308,999,24500,C,Great Falls  MT ,85,85,28463,4,8,3040,0,0,0,0,0,0,85,85,28463,4,8,3040,0,0,0,0,0,0
202308,999,25060,C,Gulfport-Biloxi  MS ,2037,2037,276242,7,14,1880,3,9,1307,6,50,7958,676,676,149002,4,8,1145,1,3,705,4,40,7111
202308,999,25860,C,Hickory-Lenoir-Morganton  NC ,1363,1363,302284,22,44,5875,2,8,450,26,290,41892,918,918,180251,21,42,5515,2,8,450,7,167,34015
202308,999,25940,C,Hilton Head Island-Bluffton  SC ,1579,1579,640495,0,0,0,2,6,2051,18,389,52882,532,532,277943,0,0,0,2,6,2051,11,264,37013
202308,999,26140,C,Homosassa Springs  FL ,1097,1097,273615,4,8,1359,1,4,1254,0,0,0,9,9,2176,1,2,200,1,4,1254,0,0,0
202308,999,26380,C,Houma-Thibodaux  LA ,406,406,93774,2,4,366,1,3,365,1,13,900,403,403,93216,2,4,366,1,3,365,1,13,900
202308,999,27100,C,Jackson  MI ,98,98,29514,0,0,0,0,0,0,0,0,0,42,42,13616,0,0,0,0,0,0,0,0,0
202308,999,27340,C,Jacksonville  NC ,750,750,167336,31,62,7172,0,0,0,0,0,0,750,750,167336,31,62,7172,0,0,0,0,0,0
202308,999,27620,C,Jefferson City  MO ,112,112,28203,3,6,940,2,7,561,0,0,0,79,79,19227,3,6,940,0,0,0,0,0,0
202308,999,27980,C,Kahului-Wailuku-Lahaina  HI ,280,280,124015,1,2,800,0,0,0,1,7,50000,280,280,124015,1,2,800,0,0,0,1,7,50000
202308,999,28660,C,Killeen-Temple  TX ,1679,1679,376797,218,436,52482,0,0,0,14,275,38726,924,924,185679,174,348,43613,0,0,0,0,0,0
202308,999,29100,C,La Crosse-Onalaska  WI-MN ,138,138,54281,27,54,12170,0,0,0,7,189,23285,121,121,49188,26,52,11950,0,0,0,7,189,23285
202308,999,29420,C,Lake Havasu City-Kingman  AZ ,1140,1140,280251,20,40,4025,4,13,1042,0,0,0,1130,1130,278788,20,40,4025,2,7,590,0,0,0
202308,999,29540,C,Lancaster  PA ,502,502,142153,7,14,2280,3,10,2161,15,145,17328,337,337,97074,6,12,1880,2,7,1800,12,130,16825
202308,999,29620,C,Lansing-East Lansing  MI ,300,300,86988,5,10,1512,0,0,0,10,260,27872,158,158,47717,4,8,1171,0,0,0,1,105,10850
202308,999,29700,C,Laredo  TX ,774,774,172788,11,22,2362,13,46,6704,3,46,2990,0,0,0,0,0,0,0,0,0,0,0,0
202308,999,30020,C,Lawton  OK ,77,77,12999,9,18,2346,0,0,0,0,0,0,47,47,10219,9,18,2346,0,0,0,0,0,0
202308,999,30300,C,Lewiston  ID-WA ,87,87,25858,4,8,1573,0,0,0,0,0,0,25,25,6201,2,4,600,0,0,0,0,0,0
202308,999,30860,C,Logan  UT-ID ,472,472,187962,2,4,976,0,0,0,7,115,20722,414,414,172220,2,4,976,0,0,0,7,115,20722
202308,999,30980,C,Longview  TX ,228,228,60545,14,28,3253,5,18,2604,8,65,4089,166,166,46253,1,2,230,0,0,0,0,0,0
202308,999,31340,C,Lynchburg  VA ,533,533,116468,3,6,852,5,15,3017,10,177,7789,517,517,113260,0,0,0,0,0,0,2,108,6000
202308,999,31740,C,Manhattan  KS ,138,138,48517,4,8,1609,3,9,750,1,32,4257,134,134,47652,3,6,1330,0,0,0,1,32,4257
202308,999,33540,C,Missoula  MT ,224,224,66550,7,14,2225,1,4,224,13,299,43609,224,224,66550,7,14,2225,1,4,224,13,299,43609
202308,999,36100,C,Ocala  FL ,3412,3412,933718,30,60,6621,1,4,100,4,96,8800,3412,3412,933718,30,60,6621,1,4,100,4,96,8800
202308,999,36980,C,Owensboro  KY ,129,129,11939,1,2,173,0,0,0,7,43,6410,122,122,10527,0,0,0,0,0,0,7,43,6410
202308,999,37340,C,Palm Bay-Melbourne-Titusville  FL ,3439,3439,1313590,23,46,5097,11,44,3393,35,1171,183889,3344,3344,1291767,23,46,5097,11,44,3393,35,1171,183889
202308,999,37460,C,Panama City  FL ,1222,1222,441866,9,18,3687,3,11,1438,40,455,78592,178,178,65724,3,6,1007,0,0,0,29,338,56487
202308,999,37900,C,Peoria  IL ,116,116,40116,1,2,484,0,0,0,2,31,5281,61,61,21792,1,2,484,0,0,0,1,22,5000
202308,999,38340,C,Pittsfield  MA ,57,57,30811,1,2,341,0,0,0,0,0,0,0,0,0,0,0,0,0,0,0,0,0,0
202308,999,38540,C,Pocatello  ID ,191,191,35849,2,4,581,9,29,3906,2,11,990,87,87,9534,1,2,325,4,14,2351,0,0,0
202308,999,39150,C,Prescott Valley-Prescott  AZ ,824,824,276084,18,36,4744,0,0,0,3,153,24035,436,436,146506,18,36,4744,0,0,0,3,153,24035
202308,999,40060,C,Richmond  VA ,3013,3013,754075,72,144,22387,2,8,829,43,2589,210599,2922,2922,735752,72,144,22387,2,8,829,41,2576,209270
202308,999,40220,C,Roanoke  VA ,295,295,89380,0,0,0,0,0,0,10,318,42028,143,143,41184,0,0,0,0,0,0,1,95,16210
202308,999,41100,C,St. George  UT ,1393,1393,294347,5,10,1365,9,29,6790,20,454,75545,1302,1302,264667,1,2,132,8,26,6267,20,454,75545
202308,999,41500,C,Salinas  CA ,302,302,77545,2,4,1081,0,0,0,4,50,13050,264,264,68729,1,2,492,0,0,0,4,50,13050
202308,999,41660,C,San Angelo  TX ,162,162,44642,0,0,0,0,0,0,0,0,0,162,162,44642,0,0,0,0,0,0,0,0,0
202308,999,41740,C,San Diego-Chula Vista-Carlsbad  CA ,1788,1788,501141,50,100,17295,46,161,33401,166,4748,845288,1627,1627,467508,50,100,17295,45,158,32696,143,4354,763382
202308,999,42020,C,San Luis Obispo-Paso Robles  CA ,407,407,116549,0,0,0,1,3,452,14,364,61168,261,261,87763,0,0,0,0,0,0,7,224,41482
202308,999,42200,C,Santa Maria-Santa Barbara  CA ,262,262,74733,11,22,3409,2,6,420,5,103,10517,119,119,46182,10,20,3180,1,3,105,0,0,0
202308,999,42540,C,Scranton--Wilkes-Barre  PA ,283,283,83040,14,28,5389,4,15,2906,4,20,3270,83,83,28247,9,18,3350,3,12,2551,0,0,0
202308,999,42700,C,Sebring-Avon Park  FL ,439,439,102462,14,28,3743,0,0,0,1,52,10240,439,439,102462,14,28,3743,0,0,0,1,52,10240
202308,999,43100,C,Sheboygan  WI ,101,101,34822,4,8,1957,0,0,0,3,301,40989,15,15,8193,1,2,375,0,0,0,1,170,20539
202308,999,43420,C,Sierra Vista-Douglas  AZ ,347,347,57197,0,0,0,0,0,0,0,0,0,295,295,43814,0,0,0,0,0,0,0,0,0
202308,999,43580,C,Sioux City  IA-NE-SD ,141,141,40608,1,2,300,8,24,1102,3,68,3600,55,55,15610,0,0,0,0,0,0,3,68,3600
202308,999,43620,C,Sioux Falls  SD ,788,788,187230,14,28,4929,25,93,9919,57,1556,212480,607,607,140180,13,26,4597,7,27,3971,44,1486,203266
202308,999,44140,C,Springfield  MA ,267,267,82929,3,6,985,1,4,653,21,124,25271,140,140,49376,3,6,985,1,4,653,12,74,20532
202308,999,44180,C,Springfield  MO ,1060,1060,314641,42,84,12796,16,53,6545,8,240,20000,808,808,238595,38,76,11683,13,44,5982,8,240,20000
202308,999,44940,C,Sumter  SC ,313,313,51564,10,20,1907,0,0,0,0,0,0,0,0,0,0,0,0,0,0,0,0,0,0
202308,999,45220,C,Tallahassee  FL ,909,909,180682,8,16,1773,0,0,0,28,884,113101,408,408,81958,0,0,0,0,0,0,0,0,0
202308,999,45300,C,Tampa-St. Petersburg-Clearwater  FL ,9578,9578,2735406,47,94,15891,70,269,16762,351,6604,759318,5101,5101,1710554,41,82,13208,70,269,16762,326,6471,723485
202308,999,45460,C,Terre Haute  IN ,94,94,16954,2,4,640,0,0,0,1,5,471,56,56,10527,2,4,640,0,0,0,0,0,0
202308,999,45500,C,Texarkana  TX-AR ,58,58,14381,10,20,3685,2,8,1500,0,0,0,18,18,5108,8,16,3120,0,0,0,0,0,0
202308,999,45820,C,Topeka  KS ,219,219,53682,1,2,267,0,0,0,0,0,0,169,169,43939,1,2,267,0,0,0,0,0,0
202308,999,46220,C,Tuscaloosa  AL ,394,394,112285,3,6,1310,20,65,7133,8,266,43047,138,138,39886,0,0,0,0,0,0,0,0,0
202308,999,46300,C,Twin Falls  ID ,257,257,73801,9,18,4084,7,28,5482,0,0,0,256,256,73577,9,18,4084,7,28,5482,0,0,0
202308,999,46520,C,Urban Honolulu  HI ,459,459,165536,54,108,13570,2,7,459,10,558,144002,0,0,0,0,0,0,0,0,0,0,0,0
202308,999,46540,C,Utica-Rome  NY ,121,121,31200,0,0,0,0,0,0,8,43,6719,22,22,5001,0,0,0,0,0,0,0,0,0
202308,999,46660,C,Valdosta  GA ,533,533,136941,0,0,0,0,0,0,2,25,2455,497,497,128779,0,0,0,0,0,0,0,0,0
202308,999,47300,C,Visalia  CA ,749,749,198900,18,36,4030,0,0,0,8,69,19095,716,716,193384,18,36,4030,0,0,0,8,69,19095
202308,999,47380,C,Waco  TX ,546,546,111061,32,64,5758,0,0,0,41,435,44201,423,423,79859,27,54,4647,0,0,0,33,395,40086
202308,999,47940,C,Waterloo-Cedar Falls  IA ,156,156,49830,7,14,2088,1,3,803,1,12,2509,117,117,38330,4,8,1400,1,3,803,1,12,2509
202308,999,48060,C,Watertown-Fort Drum  NY ,111,111,16435,0,0,0,0,0,0,0,0,0,6,6,1214,0,0,0,0,0,0,0,0,0
202308,999,48300,C,Wenatchee  WA ,376,376,109639,2,4,1039,1,3,1000,2,30,5351,183,183,69159,2,4,1039,1,3,1000,2,30,5351
202308,999,48540,C,Wheeling  WV-OH ,7,7,1145,0,0,0,1,3,350,0,0,0,2,2,440,0,0,0,0,0,0,0,0,0
202308,999,48660,C,Wichita Falls  TX ,144,144,40348,2,4,350,3,9,900,0,0,0,110,110,32662,2,4,350,3,9,900,0,0,0
202308,999,48900,C,Wilmington  NC ,1349,1349,414053,47,94,12526,19,62,14671,28,1137,135110,215,215,54629,0,0,0,0,0,0,0,0,0
202308,999,49420,C,Yakima  WA ,271,271,75822,20,40,6812,17,63,8237,2,58,800,210,210,59999,18,36,6172,16,60,7944,2,58,800
202308,999,49740,C,Yuma  AZ ,475,475,75834,9,18,1977,2,7,584,0,0,0,447,447,71220,8,16,1673,1,4,346,0,0,0
