Survey,FIPS,Region,Division,State,,1-unit,,,2-units,,,3-4 units,,,5+ units,,,1-unit rep,,,2-units rep,,,3-4 units rep,,,5+ units rep
Date,State,Code,Code,Name,Bldgs,Units,Value,Bldgs,Units,Value,Bldgs,Units,Value,Bldgs,Units,Value,Bldgs,Units,Value,Bldgs,Units,Value,Bldgs,Units,Value,Bldgs,Units,Value

8699,01,3,6,ALABAMA,11520,11520,526119,120,240,5978,138,534,12866,608,6886,141083,11201,11201,512053,120,240,5978,138,534,12866,594,6790,139189
8699,02,4,9,ALASKA,974,974,94742,63,126,8759,53,197,10476,7,56,3018,877,877,88383,59,118,8300,40,153,8745,6,51,2757
8699,04,4,8,ARIZONA,33642,33642,2326370,269,538,18534,339,1271,38682,1862,26163,698973,33414,33414,2312486,259,518,17697,326,1225,37414,1859,26135,698528
8699,05,3,7,ARKANSAS,5055,5055,290654,266,532,13696,169,636,16445,205,2496,55031,4842,4842,277879,258,516,13272,163,618,15442,194,2441,53247
8699,06,4,9,CALIFORNIA,145692,145692,13205531,3183,6366,418019,3952,14498,749866,11811,148085,6491767,142786,142786,12992380,3137,6274,414263,3890,14280,741845,11619,146353,6437042
8699,08,4,8,COLORADO,20409,20409,1314618,257,514,27139,150,584,22406,532,9454,262512,20212,20212,1302539,256,512,27095,150,584,22406,528,9434,261559
8699,09,1,1,CONNECTICUT,20494,20494,1428865,376,752,26741,216,790,34932,459,5694,186767,20221,20221,1410549,371,742,26517,215,787,34750,457,5684,186489
8699,10,3,5,DELAWARE,4210,4210,204388,12,24,1076,24,89,6017,85,1204,23530,4204,4204,204140,12,24,1076,24,89,6017,82,1189,23186
8699,11,3,5,DISTRICT OF COLUMBIA,142,142,8159,13,26,870,0,0,0,30,472,12427,142,142,8159,13,26,870,0,0,0,30,472,12427
8699,12,3,5,FLORIDA,110022,110022,6050190,2476,4952,175725,1821,6908,251543,5465,73643,2264834,109688,109688,6038422,2460,4920,174872,1790,6802,247703,5440,73433,2256184
8699,13,3,5,GEORGIA,50705,50705,3126359,1068,2136,61507,453,1701,49060,1707,22354,631278,49886,49886,3093049,1025,2050,59776,447,1680,48756,1696,22254,629568
8699,15,4,9,HAWAII,4488,4488,321869,73,146,8223,47,186,19465,152,2397,115771,3739,3739,283688,57,114,6764,46,183,19018,143,2349,108609
8699,16,4,8,IDAHO,2897,2897,189953,72,144,7156,55,206,6374,60,557,13902,2722,2722,179157,68,136,6688,53,200,5733,60,557,13902
8699,17,2,3,ILLINOIS,30635,30635,2539981,719,1438,59667,527,1992,76810,1135,17811,714350,29796,29796,2495402,698,1396,58390,506,1922,74954,1118,17672,711812
8699,18,2,3,INDIANA,17198,17198,1250619,487,974,40059,269,1036,33343,823,10478,254126,16726,16726,1228441,479,958,39812,267,1028,32903,809,10368,251743
8699,19,2,4,IOWA,3085,3085,199797,98,196,6765,45,174,5959,117,2017,55913,2943,2943,192216,98,196,6765,43,168,5773,112,1947,54166
8699,20,2,4,KANSAS,7309,7309,598223,488,976,45836,165,611,22187,267,4190,115678,7282,7282,596901,488,976,45836,162,602,22052,265,4170,115336
8699,21,3,6,KENTUCKY,8037,8037,496638,245,490,12664,150,561,12660,336,4415,119685,7677,7677,478489,234,468,12311,139,526,11863,312,4234,114633
8699,22,3,7,LOUISIANA,8594,8594,501465,201,402,11458,47,183,5321,106,1322,38544,8075,8075,474308,198,396,11278,43,167,4911,67,762,22783
8699,23,1,1,MAINE,6801,6801,408570,144,288,11260,133,479,18023,197,1986,67278,5717,5717,364404,139,278,10675,113,412,15591,167,1768,57359
8699,24,3,5,MARYLAND,34318,34318,2029426,131,262,9558,92,347,7020,401,7451,223299,34109,34109,2019309,131,262,9558,92,347,7020,394,7360,219901
8699,25,1,1,MASSACHUSETTS,28110,28110,2264713,1128,2256,95353,480,1726,74857,846,13123,651623,24164,24164,2015855,1061,2122,91053,412,1506,68102,710,11941,601019
8699,26,2,3,MICHIGAN,26982,26982,1819201,371,742,31838,665,2560,108190,1226,16946,477330,25682,25682,1754180,355,710,30889,651,2506,106253,1137,16032,457627
8699,27,2,4,MINNESOTA,20694,20694,1618748,257,514,28102,189,725,36620,429,11282,458109,20215,20215,1590855,250,500,27569,185,712,36345,421,11201,455517
8699,28,3,6,MISSISSIPPI,5864,5864,303398,196,392,12016,98,376,9104,191,1657,31271,5365,5365,280892,192,384,11861,98,376,9104,185,1586,30287
8699,29,2,4,MISSOURI,17414,17414,1124274,818,1636,59489,524,1967,61279,873,12191,340928,17243,17243,1114614,814,1628,59251,512,1928,60290,861,12029,337955
8699,30,4,8,MONTANA,726,726,45107,28,56,2195,52,200,4498,26,171,5548,663,663,42682,27,54,2174,48,186,4180,16,121,4609
8699,31,2,4,NEBRASKA,3331,3331,201650,133,266,10030,33,130,2878,126,2509,37129,3273,3273,199016,133,266,10030,33,130,2878,126,2509,37129
8699,32,4,8,NEVADA,9940,9940,593747,95,190,8389,99,369,12966,479,5156,143141,9873,9873,591180,94,188,8363,99,369,12966,479,5156,143141
8699,33,1,1,NEW HAMPSHIRE,12273,12273,894290,785,1570,68283,284,1046,52604,220,3126,98206,10360,10360,777785,710,1420,63772,272,1007,51789,188,2888,94004
8699,34,1,2,NEW JERSEY,42606,42606,2807823,1279,2558,112817,164,584,25143,878,11604,603846,38591,38591,2603230,1189,2378,105221,153,543,23583,801,9948,498545
8699,35,4,8,NEW MEXICO,8122,8122,532310,38,76,2985,52,199,6419,162,3116,62119,6785,6785,450104,36,72,2851,50,193,6198,144,3025,58981
8699,36,1,2,NEW YORK,41322,41322,2874850,2153,4306,179905,762,2644,114851,839,11926,560331,37694,37694,2663375,2092,4184,175944,694,2408,107015,755,11314,528962
8699,37,3,5,NORTH CAROLINA,42729,42729,2496046,751,1502,46523,497,1884,59589,1495,16880,451649,41505,41505,2436045,717,1434,43461,479,1829,57987,1438,16280,431508
8699,38,2,4,NORTH DAKOTA,874,874,58302,51,102,4925,29,112,3702,40,614,15694,777,777,53067,51,102,4925,25,96,3302,40,614,15694
8699,39,2,3,OHIO,25610,25610,1988536,731,1462,56471,484,1782,67763,1447,15606,423941,24948,24948,1941124,722,1444,55526,467,1725,64537,1420,15340,410318
8699,40,3,7,OKLAHOMA,6304,6304,380320,107,214,8206,37,135,4195,175,2331,72995,5831,5831,353823,92,184,7245,31,114,3683,141,2114,66650
8699,41,4,9,OREGON,6996,6996,526348,124,248,9089,97,360,11294,258,3058,81242,6891,6891,520264,124,248,9089,97,360,11294,245,2977,79695
8699,42,1,2,PENNSYLVANIA,43972,43972,2688560,640,1280,42485,254,951,33391,591,7239,229140,39940,39940,2466324,526,1052,36307,233,882,31672,502,6463,198472
8699,44,1,1,RHODE ISLAND,4699,4699,279741,227,454,13790,97,353,12600,164,1768,43575,4512,4512,270975,223,446,13577,96,350,12560,149,1674,43029
8699,45,3,5,SOUTH CAROLINA,19128,19128,1123729,410,820,25286,164,621,19355,524,6271,188394,18729,18729,1106017,402,804,24627,158,598,18758,511,6168,185653
8699,46,2,4,SOUTH DAKOTA,1257,1257,62820,23,46,1662,21,76,1456,28,602,14874,1226,1226,61158,23,46,1662,14,55,1038,28,602,14874
8699,47,3,6,TENNESSEE,21607,21607,1323069,854,1708,67907,207,777,23894,836,10264,286053,21149,21149,1300933,851,1702,67789,203,765,23610,796,10027,280182
8699,48,3,7,TEXAS,59117,59117,4265847,1390,2780,95067,256,983,28210,1331,33857,791258,57998,57998,4207854,1371,2742,93797,248,957,27650,1293,33539,784500
8699,49,4,8,UTAH,9137,9137,570448,116,232,9453,97,369,12884,232,4089,104899,8893,8893,554566,110,220,9099,92,354,12448,220,3991,103116
8699,50,1,1,VERMONT,3484,3484,224091,88,176,6508,64,230,11757,62,588,24473,2814,2814,190066,66,132,4919,59,214,11657,44,441,20262
8699,51,3,5,VIRGINIA,54432,54432,3106446,509,1018,34144,302,1159,39139,1328,16902,483363,53443,53443,3054581,508,1016,34084,295,1137,38493,1310,16799,480695
8699,53,4,9,WASHINGTON,19262,19262,1437406,411,822,34487,386,1464,54570,1175,14886,516484,18618,18618,1393683,397,794,33722,361,1383,52130,1123,14495,505957
8699,54,3,5,WEST VIRGINIA,1444,1444,71665,16,32,1002,17,61,1274,34,381,9387,1284,1284,66452,15,30,928,14,52,1070,21,310,8294
8699,55,2,3,WISCONSIN,13151,13151,854269,700,1400,57267,287,1110,39753,408,6163,178982,12091,12091,799897,683,1366,56463,258,1011,36863,386,5986,174922
8699,56,4,8,WYOMING,782,782,45184,9,18,1046,7,26,834,6,50,1405,715,715,42223,7,14,944,7,26,834,3,35,1069
8699,US, , ,United States ,1077596,1077596,73695474,25199,50398,2097410,15550,57962,2334524,42794,583487,19877155,1037531,1037531,71455174,24401,48802,2044935,14991,56079,2274051,41445,571028,19423086
8699,R1,1, ,Northeast ,203761,203761,13871503,6820,13640,557142,2454,8803,378158,4256,57054,2465239,184013,184013,12762563,6377,12754,527985,2247,8109,356719,3773,52121,2228141
8699,R2,2, ,Midwest ,167540,167540,12316420,4876,9752,402111,3238,12275,459940,6919,100409,3087054,162202,162202,12026871,4794,9588,397118,3123,11883,447188,6723,98470,3037093
8699,R3,3, ,South ,443228,443228,26303918,8765,17530,582683,4472,16955,545692,14857,208786,5824081,435128,435128,25912405,8599,17198,572783,4362,16591,534933,14504,205758,5738887
8699,R4,4, ,West,263067,263067,21203633,4738,9476,555474,5386,19929,950734,16762,217238,8500781,256188,256188,20753335,4631,9262,547049,5259,19496,935211,16445,214679,8418965
8699,D1,1,1,New England ,75861,75861,5500270,2748,5496,221935,1274,4624,204773,1948,26285,1071922,67788,67788,5029634,2570,5140,210513,1167,4276,194449,1715,24396,1002162
8699,D2,1,2,Middle Atlantic ,127900,127900,8371233,4072,8144,335207,1180,4179,173385,2308,30769,1393317,116225,116225,7732929,3807,7614,317472,1080,3833,162270,2058,27725,1225979
8699,D3,2,3,East North Central,113576,113576,8452606,3008,6016,245302,2232,8480,325859,5039,67004,2048729,109243,109243,8219044,2937,5874,241080,2149,8192,315510,4870,65398,2006422
8699,D4,2,4,West North Central,53964,53964,3863814,1868,3736,156809,1006,3795,134081,1880,33405,1038325,52959,52959,3807827,1857,3714,156038,974,3691,131678,1853,33072,1030671
8699,D5,3,5,South Atlantic,317130,317130,18216408,5386,10772,355691,3370,12770,432997,11069,145558,4288161,312990,312990,18026174,5283,10566,349252,3299,12534,425804,10922,144265,4247416
8699,D6,3,6,East South Central,47028,47028,2649224,1415,2830,98565,593,2248,58524,1971,23222,578092,45392,45392,2572367,1397,2794,97939,578,2201,57443,1887,22637,564291
8699,D7,3,7,West South Central,79070,79070,5438286,1964,3928,128427,509,1937,54171,1817,40006,957828,76746,76746,5313864,1919,3838,125592,485,1856,51686,1695,38856,927180
8699,D8,4,8,Mountain,85655,85655,5617737,884,1768,76897,851,3224,105063,3359,48756,1292499,83277,83277,5474937,857,1714,74911,825,3137,102179,3309,48454,1284905
8699,D9,4,9,Pacific ,177412,177412,15585896,3854,7708,478577,4535,16705,845671,13403,168482,7208282,172911,172911,15278398,3774,7548,472138,4434,16359,833032,13136,166225,7134060
