Survey,FIPS,Region,Division,State,,1-unit,,,2-units,,,3-4 units,,,5+ units,,,1-unit rep,,,2-units rep,,,3-4 units rep,,,5+ units rep
Date,State,Code,Code,Name,Bldgs,Units,Value,Bldgs,Units,Value,Bldgs,Units,Value,Bldgs,Units,Value,Bldgs,Units,Value,Bldgs,Units,Value,Bldgs,Units,Value,Bldgs,Units,Value

8599,01,3,6,ALABAMA,9932,9932,396581,83,166,4845,184,708,17201,544,6431,118735,9196,9196,367485,82,164,4791,170,656,16363,507,6033,111265
8599,02,4,9,ALASKA,2233,2233,214977,136,272,18485,158,598,32781,90,926,53250,2068,2068,204964,125,250,17234,128,483,28768,86,906,52230
8599,04,4,8,ARIZONA,32672,32672,2093854,577,1154,33784,580,2157,77102,2451,35837,914498,32610,32610,2090700,573,1146,33608,579,2154,76980,2450,35823,914171
8599,05,3,7,ARKANSAS,5224,5224,270404,361,722,19110,214,781,21893,272,3208,76516,5015,5015,258748,358,716,18943,207,759,20818,265,3169,75465
8599,06,4,9,CALIFORNIA,113647,113647,9610204,3195,6390,383055,3741,13765,638281,11255,137594,5556867,112089,112089,9497614,3169,6338,380582,3688,13575,631057,11155,136622,5519830
8599,08,4,8,COLORADO,20071,20071,1196964,303,606,29746,226,856,29349,763,11291,314097,19209,19209,1142513,286,572,28284,217,823,28118,744,11157,308385
8599,09,1,1,CONNECTICUT,16762,16762,1042923,311,622,20313,155,540,20508,517,6621,204873,16308,16308,1013628,307,614,20185,153,532,20028,511,6591,203928
8599,10,3,5,DELAWARE,3345,3345,154691,22,44,2519,7,24,1675,66,1223,43250,3333,3333,154196,22,44,2519,7,24,1675,62,1203,42791
8599,11,3,5,DISTRICT OF COLUMBIA,152,152,8646,12,24,732,8,31,946,4,383,13486,152,152,8646,12,24,732,8,31,946,4,383,13486
8599,12,3,5,FLORIDA,104642,104642,5435771,3371,6742,224956,2390,9068,310730,6284,82163,2492863,103623,103623,5391265,3303,6606,221215,2344,8905,304381,6206,81395,2465948
8599,13,3,5,GEORGIA,45871,45871,2443194,1385,2770,69024,551,2120,53347,1804,22380,564472,44986,44986,2405144,1339,2678,67583,545,2099,52993,1779,22223,560964
8599,15,4,9,HAWAII,4565,4565,346584,95,190,11259,53,207,9575,109,2300,121837,4400,4400,338479,93,186,10915,53,207,9575,107,2279,119977
8599,16,4,8,IDAHO,2963,2963,178059,68,136,5876,85,328,10706,59,880,22513,2683,2683,162072,65,130,5481,83,322,10064,58,875,22286
8599,17,2,3,ILLINOIS,20496,20496,1593308,606,1212,51272,499,1902,69293,974,15109,523810,19660,19660,1542260,583,1166,49881,485,1858,68125,947,14841,517823
8599,18,2,3,INDIANA,12654,12654,818736,378,756,30124,210,797,28539,743,8809,222594,12207,12207,792930,362,724,29122,201,770,27684,716,8436,212958
8599,19,2,4,IOWA,2790,2790,165513,64,128,5086,69,266,9446,113,2006,62124,2585,2585,155064,64,128,5086,64,249,8983,109,1922,59626
8599,20,2,4,KANSAS,6042,6042,424345,478,956,41384,240,901,27997,403,5368,115571,5953,5953,419609,466,932,40488,228,860,26975,400,5336,114953
8599,21,3,6,KENTUCKY,6346,6346,358697,220,440,11561,210,810,21062,591,6174,131306,6033,6033,342880,213,426,11373,194,757,20064,564,6006,127279
8599,22,3,7,LOUISIANA,11133,11133,598812,292,584,17419,337,1247,40667,417,5802,146931,10483,10483,570883,278,556,16438,313,1163,38827,375,5364,137561
8599,23,1,1,MAINE,5672,5672,295875,122,244,8299,150,554,20765,178,1643,57269,4664,4664,256656,121,242,8256,143,532,20383,153,1456,52090
8599,24,3,5,MARYLAND,34293,34293,1582237,24,48,1358,265,863,113612,398,6933,221495,33985,33985,1562749,24,48,1358,265,863,113612,382,6827,217591
8599,25,1,1,MASSACHUSETTS,25594,25594,1767246,873,1746,68265,348,1250,48259,693,10606,457861,22009,22009,1557466,833,1666,65597,292,1068,42576,553,9617,423689
8599,26,2,3,MICHIGAN,21792,21792,1347298,211,422,18254,428,1655,67625,1047,13723,395885,20851,20851,1298753,199,398,17462,416,1615,66386,979,12907,379648
8599,27,2,4,MINNESOTA,16382,16382,1186874,243,486,25778,207,791,36928,467,10952,401099,16014,16014,1168020,236,472,25257,197,760,36158,454,10779,391876
8599,28,3,6,MISSISSIPPI,5862,5862,280888,206,412,11916,135,521,13819,184,1962,45336,5419,5419,263940,198,396,11403,124,481,12830,163,1726,41138
8599,29,2,4,MISSOURI,13706,13706,791349,656,1312,43440,518,1971,56172,817,10247,289642,13541,13541,776846,643,1286,42669,498,1902,54783,803,10158,288142
8599,30,4,8,MONTANA,954,954,54416,53,106,3921,43,158,4130,53,816,24457,879,879,51423,52,104,3863,38,141,3879,44,770,23505
8599,31,2,4,NEBRASKA,3268,3268,184735,128,256,9188,37,137,3567,84,1340,23867,3188,3188,181087,128,256,9188,37,137,3567,84,1340,23867
8599,32,4,8,NEVADA,7385,7385,414092,59,118,4883,85,332,10045,529,6169,164582,7283,7283,409193,57,114,4799,85,332,10045,519,6028,161938
8599,33,1,1,NEW HAMPSHIRE,10500,10500,663973,530,1060,41088,184,694,29457,407,5515,157588,8755,8755,580320,463,926,37248,174,662,28565,373,5170,151034
8599,34,1,2,NEW JERSEY,39216,39216,2400066,1044,2088,99017,208,752,31595,856,12971,599138,39109,39109,2393887,1035,2070,98349,206,745,31464,854,12961,598541
8599,35,4,8,NEW MEXICO,7150,7150,457343,40,80,2179,83,317,8111,306,4243,99408,6086,6086,399544,36,72,1885,74,285,7095,245,3814,90960
8599,36,1,2,NEW YORK,34292,34292,2115774,1782,3564,134409,706,2310,88134,864,21761,1234878,31173,31173,1935514,1717,3434,130002,641,2088,84142,783,20953,1209105
8599,37,3,5,NORTH CAROLINA,41723,41723,2229153,947,1894,55768,670,2540,79942,2118,24570,599478,41026,41026,2197777,936,1872,55033,654,2483,78342,2098,24449,595991
8599,38,2,4,NORTH DAKOTA,890,890,55600,63,126,5212,35,134,3914,73,1491,37084,811,811,51199,57,114,4807,31,122,3561,72,1483,36851
8599,39,2,3,OHIO,18199,18199,1308906,602,1204,53721,391,1454,49562,1144,12167,312036,17453,17453,1259676,595,1190,52915,380,1419,47741,1081,11521,292260
8599,40,3,7,OKLAHOMA,7023,7023,414253,127,254,9866,40,140,4104,191,3253,73943,6734,6734,395492,119,238,9289,39,136,3979,167,3043,67161
8599,41,4,9,OREGON,6407,6407,452602,89,178,7329,103,399,13407,343,4313,116428,6264,6264,445448,87,174,7203,103,399,13407,333,4261,115556
8599,42,1,2,PENNSYLVANIA,34617,34617,1885409,730,1460,43229,324,1215,42115,525,6274,212860,31615,31615,1750752,709,1418,41960,296,1128,39692,419,5400,182624
8599,44,1,1,RHODE ISLAND,3990,3990,203211,139,278,8034,51,193,8232,110,947,21285,3603,3603,182917,139,278,8034,51,193,8232,94,819,20043
8599,45,3,5,SOUTH CAROLINA,18738,18738,952273,685,1370,44036,297,1098,35424,919,11609,328163,17522,17522,893475,671,1342,43195,290,1076,34462,891,11399,322561
8599,46,2,4,SOUTH DAKOTA,1432,1432,63111,28,56,1998,35,135,2518,53,921,23080,1401,1401,61493,28,56,1998,33,129,2368,53,921,23080
8599,47,3,6,TENNESSEE,17310,17310,951472,1183,2366,86350,233,887,23927,1329,17563,453058,16858,16858,928075,1172,2344,85909,219,842,23043,1288,17255,446235
8599,48,3,7,TEXAS,69322,69322,4922702,2677,5354,197564,970,3758,120079,3251,64680,1479562,67961,67961,4822394,2654,5308,196110,946,3674,117853,3196,64247,1470305
8599,49,4,8,UTAH,9789,9789,558593,128,256,10636,169,649,23273,429,5831,148698,9524,9524,541982,121,242,10163,164,633,22983,414,5670,145588
8599,50,1,1,VERMONT,2859,2859,170252,80,160,7207,53,199,6708,99,943,33709,2233,2233,140178,64,128,6068,37,142,5821,91,883,31165
8599,51,3,5,VIRGINIA,46826,46826,2494450,449,898,29042,175,677,17264,1245,15719,418783,45907,45907,2446475,445,890,28797,167,652,16783,1201,15205,402160
8599,53,4,9,WASHINGTON,17040,17040,1210188,519,1038,45057,551,2111,75254,1361,15285,463175,16691,16691,1190685,504,1008,44270,537,2066,73912,1319,14939,451680
8599,54,3,5,WEST VIRGINIA,1111,1111,49640,17,34,1058,23,85,1324,28,247,6282,936,936,43921,17,34,1058,13,50,720,18,196,5436
8599,55,2,3,WISCONSIN,10913,10913,632290,608,1216,45749,229,888,32091,495,7134,207124,10177,10177,598057,582,1164,44434,205,807,29891,457,6721,197483
8599,56,4,8,WYOMING,800,800,44198,13,26,894,20,79,1337,26,262,5584,734,734,41305,13,26,894,20,79,1337,20,232,4933
8599,US, , ,United States ,956595,956595,59492732,27012,54024,2105295,17683,66052,2493792,48081,656595,20812430,922999,922999,57685779,26355,52710,2063933,17042,63868,2432036,46646,643714,20445162
8599,R1,1, ,Northeast ,173502,173502,10544729,5611,11222,429861,2179,7707,295773,4249,67281,2979461,159469,159469,9811318,5388,10776,415699,1993,7090,280903,3831,63850,2872219
8599,R2,2, ,Midwest ,128564,128564,8572065,4065,8130,331206,2898,11031,387652,6413,89267,2613916,123841,123841,8304994,3943,7886,323307,2775,10628,376222,6155,86365,2538567
8599,R3,3, ,South ,428853,428853,23543864,12061,24122,787124,6709,25358,877016,19645,274300,7213659,419169,419169,23053545,11843,23686,775746,6505,24651,857691,19166,270123,7103337
8599,R4,4, ,West,225676,225676,16832074,5275,10550,557104,5897,21956,933351,17774,225747,8005394,220520,220520,16515922,5181,10362,549181,5769,21499,917220,17494,223376,7931039
8599,D1,1,1,New England ,65377,65377,4143480,2055,4110,153206,941,3430,133929,2004,26275,932585,57572,57572,3731165,1927,3854,145388,850,3129,125605,1775,24536,881949
8599,D2,1,2,Middle Atlantic ,108125,108125,6401249,3556,7112,276655,1238,4277,161844,2245,41006,2046876,101897,101897,6080153,3461,6922,270311,1143,3961,155298,2056,39314,1990270
8599,D3,2,3,East North Central,84054,84054,5700538,2405,4810,199120,1757,6696,247110,4403,56942,1661449,80348,80348,5491676,2321,4642,193814,1687,6469,239827,4180,54426,1600172
8599,D4,2,4,West North Central,44510,44510,2871527,1660,3320,132086,1141,4335,140542,2010,32325,952467,43493,43493,2813318,1622,3244,129493,1088,4159,136395,1975,31939,938395
8599,D5,3,5,South Atlantic,296701,296701,15350055,6912,13824,428493,4386,16506,614264,12866,165227,4688272,291470,291470,15103648,6769,13538,421490,4293,16183,603914,12641,163280,4626928
8599,D6,3,6,East South Central,39450,39450,1987638,1692,3384,114672,762,2926,76009,2648,32130,748435,37506,37506,1902380,1665,3330,113476,707,2736,72300,2522,31020,725917
8599,D7,3,7,West South Central,92702,92702,6206171,3457,6914,243959,1561,5926,186743,4131,76943,1776952,90193,90193,6047517,3409,6818,240780,1505,5732,181477,4003,75823,1750492
8599,D8,4,8,Mountain,81784,81784,4997519,1241,2482,91919,1291,4876,164053,4616,65329,1693837,79008,79008,4838732,1203,2406,88977,1260,4769,160501,4494,64369,1671766
8599,D9,4,9,Pacific ,143892,143892,11834555,4034,8068,465185,4606,17080,769298,13158,160418,6311557,141512,141512,11677190,3978,7956,460204,4509,16730,756719,13000,159007,6259273
