Survey,FIPS,Region,Division,State,,1-unit,,,2-units,,,3-4 units,,,5+ units,,,1-unit rep,,,2-units rep,,,3-4 units rep       ,,,5+ units rep
Date,State,Code,Code,Name,Bldgs,Units,Value,Bldgs,Units,Value,Bldgs,Units,Value,      Bldgs,Units,Value,Bldgs,Units,Value,Bldgs,Units,Value,      Bldgs,Units,Value,Bldgs,Units,Value
 
202199,01,3,6,Alabama,17879,17879,4323650,49,98,15617,55,199,16749,159,3924,460158,15471,15471,3807168,48,96,15579,54,195,16624,159,3924,460158
202199,02,4,9,Alaska,1158,1158,353576,17,34,5555,29,103,15405,24,257,38763,284,284,77723,16,32,5249,16,54,6952,2,13,1762
202199,04,4,8,Arizona,46561,46561,12666074,666,1332,160904,96,336,64318,727,17105,2431395,45197,45197,12327048,630,1260,152106,95,332,64105,652,14583,2013140
202199,05,3,7,Arkansas,10563,10563,2510146,308,616,70596,160,567,65517,126,2452,211357,9028,9028,2245391,266,532,64869,109,391,56269,82,2009,178545
202199,06,4,9,California,65890,65890,18779857,1204,2408,531442,469,1631,353962,1763,49507,9059617,62562,62562,17747883,1147,2294,486570,452,1578,342837,1638,47264,8714424
202199,08,4,8,Colorado,30246,30246,9850482,630,1260,228796,207,736,145019,664,24282,3519593,28732,28732,9408478,629,1258,228381,192,688,134773,637,23686,3383461
202199,09,1,1,Connecticut,2941,2941,1042836,74,148,19342,21,79,9901,116,1483,152787,2524,2524,954218,62,124,16924,19,72,9413,49,963,116800
202199,10,3,5,Delaware,7261,7261,1047784,152,304,33291,1,3,72,25,932,94535,7235,7235,1042192,152,304,33291,1,3,72,25,932,94535
202199,11,3,5,District of Columbia,376,376,89466,12,24,3063,2,7,928,50,4333,532384,376,376,89466,12,24,3063,2,7,928,50,4333,532384
202199,12,3,5,Florida,148735,148735,39939407,1669,3338,458269,338,1272,221190,1646,60149,8707069,143075,143075,38590699,1652,3304,454053,338,1272,221190,1501,56708,8389525
202199,13,3,5,Georgia,53419,53419,12603896,182,364,47654,170,624,86479,559,12816,1699204,46408,46408,11266426,171,342,45962,164,604,84880,529,12099,1619851
202199,15,4,9,Hawaii,2445,2445,1071187,51,102,21211,4,13,39457,75,899,264185,2445,2445,1071187,51,102,21211,4,13,39457,75,899,264185
202199,16,4,8,Idaho,16154,16154,4213834,111,222,44105,267,1051,132577,255,4305,558803,15182,15182,3959171,110,220,43595,265,1043,132148,254,4289,556631
202199,17,2,3,Illinois,10937,10937,3208508,245,490,83237,222,736,132574,287,7495,848306,9966,9966,2978576,238,476,81549,219,726,131342,267,7374,829631
202199,18,2,3,Indiana,22225,22225,6692956,359,718,117031,35,134,30324,223,6783,742937,21083,21083,6477317,358,716,116872,35,134,30324,203,6416,722607
202199,19,2,4,Iowa,9158,9158,2552542,223,446,69429,87,298,56906,120,3784,503500,8473,8473,2399809,221,442,68634,86,294,56423,114,3542,473201
202199,20,2,4,Kansas,6569,6569,2208827,501,1002,136185,40,135,16697,52,1832,231197,6357,6357,2161072,498,996,135256,37,123,15789,52,1832,231197
202199,21,3,6,Kentucky,10087,10087,2429560,135,270,36327,52,189,20069,281,4295,426515,8678,8678,2135989,114,228,32297,40,147,14874,243,3331,331806
202199,22,3,7,Louisiana,16937,16937,3783984,240,480,43788,24,78,12335,50,1652,213954,14500,14500,3260034,80,160,9999,1,4,800,24,468,49772
202199,23,1,1,Maine,5238,5238,1405235,120,240,44075,21,72,11699,54,980,132790,3747,3747,1070661,98,196,36855,13,48,9699,42,825,118050
202199,24,3,5,Maryland,12520,12520,3201070,25,50,7295,19,70,12150,185,5856,791012,12314,12314,3170573,19,38,6275,19,70,12150,173,5794,783069
202199,25,1,1,Massachusetts,7231,7231,2839909,351,702,151654,100,330,64855,594,11590,1885376,5672,5672,2398092,329,658,142694,89,297,58633,201,7931,1516613
202199,26,2,3,Michigan,16760,16760,4766835,212,424,81488,117,421,67505,207,4127,768513,14206,14206,4191455,201,402,79145,95,345,58250,187,3580,703279
202199,27,2,4,Minnesota,16704,16704,5145714,177,354,72540,75,283,59111,299,16311,2448768,15414,15414,4835294,176,352,72282,71,271,56542,270,16002,2422703
202199,28,3,6,Mississippi,7384,7384,1501706,22,44,5384,28,100,9377,56,460,25056,5787,5787,1242814,16,32,4091,15,55,4861,23,212,12777
202199,29,2,4,Missouri,13941,13941,3920894,239,478,71838,157,595,79633,238,6358,675225,13228,13228,3773469,234,468,71193,152,576,78435,236,6344,674636
202199,30,4,8,Montana,3169,3169,867672,174,348,68725,73,267,40903,134,3488,433899,2733,2733,761916,133,266,53026,41,149,20929,98,2738,349220
202199,31,2,4,Nebraska,6328,6328,1542380,59,118,16338,49,177,24376,169,4100,432907,6089,6089,1480052,59,118,16338,48,173,23931,169,4100,432907
202199,32,4,8,Nevada,16295,16295,4476019,110,220,29076,199,677,96530,364,6214,691807,13995,13995,3829022,81,162,23011,176,602,86698,223,3704,374814
202199,33,1,1,New Hampshire,3426,3426,1040877,66,132,23796,41,141,26778,59,1193,169117,3057,3057,943842,62,124,22046,38,130,25568,41,1086,159856
202199,34,1,2,New Jersey,13913,13913,2905710,596,1192,160591,191,645,58718,1030,21344,2109037,13857,13857,2896801,576,1152,158138,186,630,58364,984,20698,2067323
202199,35,4,8,New Mexico,5465,5465,1413313,29,58,10465,7,27,2822,116,2203,195688,3525,3525,927310,27,54,9857,7,27,2822,75,1934,177079
202199,36,1,2,New York,11099,11099,3935759,454,908,145096,183,618,94651,760,27510,3476678,9152,9152,3493505,417,834,133681,160,541,86204,627,24953,3149588
202199,37,3,5,North Carolina,68636,68636,17262614,271,542,86487,64,238,39056,743,25458,3097697,63413,63413,16213806,263,526,84689,63,234,38429,710,24968,3042745
202199,38,2,4,North Dakota,2266,2266,666882,129,258,47530,2,8,2015,27,1068,149142,2137,2137,634651,128,256,47265,2,8,2015,25,1044,146005
202199,39,2,3,Ohio,20506,20506,6325437,188,376,52280,169,607,76992,464,8929,884745,19063,19063,6024218,179,358,51155,152,553,73835,434,8375,829313
202199,40,3,7,Oklahoma,13315,13315,3313629,243,486,45892,23,81,10553,77,851,84134,12605,12605,3198737,234,468,44528,19,69,9533,51,683,72757
202199,41,4,9,Oregon,13185,13185,3748332,212,424,71989,70,250,31067,307,8057,1276930,12696,12696,3629985,212,424,71989,69,247,30857,297,7938,1260817
202199,42,1,2,Pennsylvania,18764,18764,4886551,559,1118,178021,419,1422,186177,663,26590,4060382,15862,15862,4225461,546,1092,174515,404,1374,177434,596,24728,3850931
202199,43,0,0,Puerto Rico,0,0,0,0,0,0,0,0,0,0,0,0,0,0,0,0,0,0,0,0,0,0,0,0
202199,44,1,1,Rhode Island,1033,1033,287267,74,148,21258,22,85,9011,9,126,10959,852,852,237640,66,132,19593,22,85,9011,9,126,10959
202199,45,3,5,South Carolina,43264,43264,10770285,208,416,47718,12,42,8136,272,6958,826123,36753,36753,9049740,208,416,47718,11,39,7836,182,5432,689450
202199,46,2,4,South Dakota,4324,4324,1126573,72,144,25550,74,274,35918,172,3175,377439,3982,3982,1041732,72,144,25550,63,238,35918,172,3175,377439
202199,47,3,6,Tennessee,36986,36986,9597497,148,296,31252,137,512,68143,630,19690,1780659,33068,33068,8771880,104,208,24931,127,480,65992,590,19015,1717573
202199,48,3,7,Texas,179620,179620,42406772,2175,4350,472054,569,2133,241551,2151,79852,9198847,166262,166262,39504488,2108,4216,457980,553,2083,234894,2085,78854,9108451
202199,49,4,8,Utah,24423,24423,7045024,240,480,69418,251,879,153678,573,13276,1919906,22832,22832,6638458,218,436,65904,201,717,121039,490,9577,1416623
202199,50,1,1,Vermont,1361,1361,385777,66,132,22894,5,20,1484,55,806,89570,975,975,285659,57,114,20955,4,16,1292,23,489,58423
202199,51,3,5,Virginia,25118,25118,6210452,251,502,54626,45,156,22161,309,13612,1462963,22974,22974,5706075,241,482,51232,41,143,19897,268,12359,1324821
202199,52,0,0,Virgin Islands,93,93,22896,34,68,13764,2,7,1291,0,0,0,93,93,22896,34,68,13764,2,7,1291,0,0,0
202199,53,4,9,Washington,25076,25076,7541508,767,1534,313042,421,1486,274008,744,28845,4372770,22762,22762,6949008,750,1500,308463,414,1464,270874,683,27923,4254000
202199,54,3,5,West Virginia,3112,3112,701534,42,84,11341,5,18,1765,21,478,63364,2946,2946,682033,42,84,11341,5,18,1765,19,464,61635
202199,55,2,3,Wisconsin,13199,13199,4368305,725,1450,292842,27,103,20503,418,10692,1303981,12301,12301,4137546,717,1434,289039,27,103,20503,404,10613,1298584
202199,56,4,8,Wyoming,2158,2158,989013,48,96,18960,44,165,13186,24,287,36967,1981,1981,936260,38,76,12727,39,150,12604,23,282,35927
202199,US,0,0,United States,1115360,1115360,295965122,15880,31760,4877360,5898,21093,3264994,19126,568769,75928711,1023816,1023816,274882032,15066,30132,4653663,5455,19615,3076017,16966,530611,71461987
202199,R1,1,0,Northeast Region,65006,65006,18729922,2360,4720,766728,1003,3412,463275,3340,91622,12086696,55698,55698,16505880,2213,4426,725401,935,3193,435619,2572,81799,11048544
202199,R2,2,0,Midwest Region,142917,142917,42525853,3129,6258,1066289,1054,3771,602556,2676,74654,9366661,132299,132299,40135191,3081,6162,1054278,987,3544,583309,2533,72397,9141504
202199,R3,3,0,South Region,655212,655212,161693454,6132,12264,1470653,1704,6289,836230,7340,243768,29675030,600893,600893,149977512,5730,11460,1391897,1562,5814,790995,6714,231585,28469855
202199,R4,4,0,West Region,252225,252225,73015893,4259,8518,1573690,2137,7621,1362933,5770,158725,24800324,234926,234926,68263449,4042,8084,1482087,1971,7064,1266094,5147,144830,22802084
202199,D1,1,1,New England Division,21230,21230,7001902,751,1502,283019,210,727,123729,887,16178,2440599,16827,16827,5890113,674,1348,259066,185,648,113616,365,11420,1980702
202199,D2,1,2,Middle Atlantic Division,43776,43776,11728020,1609,3218,483709,793,2685,339546,2453,75444,9646097,38871,38871,10615767,1539,3078,466335,750,2545,322003,2207,70379,9067842
202199,D3,2,3,East North Central Division,83627,83627,25362042,1729,3458,626878,570,2001,327898,1599,38026,4548482,76619,76619,23809112,1693,3386,617761,528,1861,314254,1495,36358,4383416
202199,D4,2,4,West North Central Division,59290,59290,17163811,1400,2800,439411,484,1770,274658,1077,36628,4818179,55680,55680,16326079,1388,2776,436517,459,1683,269055,1038,36039,4758088
202199,D5,3,5,South Atlantic Division,362441,362441,91826508,2812,5624,749743,656,2430,391936,3810,130592,17274350,335494,335494,85811011,2760,5520,737623,644,2390,387148,3457,123089,16538015
202199,D6,3,6,East South Central Division,72336,72336,17852414,354,708,88580,272,1000,114338,1126,28369,2692388,63004,63004,15957850,282,564,76898,236,877,102351,1015,26482,2522314
202199,D7,3,7,West South Central Division,220435,220435,52014532,2966,5932,632330,776,2859,329956,2404,84807,9708292,202395,202395,48208651,2688,5376,577376,682,2547,301496,2242,82014,9409526
202199,D8,4,8,Mountain Division,144471,144471,41521432,2008,4016,630450,1144,4138,649034,2857,71160,9788059,134177,134177,38787664,1866,3732,588605,1016,3708,575117,2452,60793,8306896
202199,D9,4,9,Pacific Division,107754,107754,31494461,2251,4502,943240,993,3483,713899,2913,87565,15012265,100749,100749,29475785,2176,4352,893482,955,3356,690977,2695,84037,14495188
