Survey,FIPS,Region,Division,State,,1-unit,,,2-units,,,3-4 units,,,5+ units,,,1-unit rep,,,2-units rep,,,3-4 units rep       ,,,5+ units rep
Date,State,Code,Code,Name,Bldgs,Units,Value,Bldgs,Units,Value,Bldgs,Units,Value,      Bldgs,Units,Value,Bldgs,Units,Value,Bldgs,Units,Value,      Bldgs,Units,Value,Bldgs,Units,Value
 
201999,01,3,6,Alabama,14705,14705,3103068,75,150,19134,89,330,28860,92,2563,394209,14198,14198,3031718,75,150,19134,88,326,28735,92,2563,394209
201999,02,4,9,Alaska,1147,1147,336955,27,54,8527,23,85,13497,41,394,53942,309,309,74441,27,54,8527,10,37,5159,21,221,26591
201999,04,4,8,Arizona,33981,33981,9040908,438,876,112744,60,202,41261,326,11521,1655643,33683,33683,8966177,432,864,111186,60,202,41261,314,10234,1431676
201999,05,3,7,Arkansas,7869,7869,1716632,280,560,71276,112,415,31447,158,3879,352252,6871,6871,1535939,268,536,69550,107,396,30504,115,3381,320399
201999,06,4,9,California,58575,58575,17376935,1238,2476,498041,492,1694,305526,1600,47452,8402846,56085,56085,16660377,1210,2420,480472,470,1623,291986,1512,46005,8150225
201999,08,4,8,Colorado,24756,24756,7652182,176,352,58415,105,370,61816,379,13155,1865632,24412,24412,7518615,174,348,57866,99,350,58765,373,13046,1836818
201999,09,1,1,Connecticut,2364,2364,764976,93,186,22462,43,151,20652,121,3153,546301,2153,2153,711804,87,174,21363,43,151,20652,78,2818,520958
201999,10,3,5,Delaware,5573,5573,751985,81,162,18432,24,89,9322,73,715,69363,5553,5553,747681,81,162,18432,24,89,9322,73,715,69363
201999,11,3,5,District of Columbia,168,168,39785,45,90,10413,1,4,520,59,5683,629821,168,168,39785,45,90,10413,1,4,520,59,5683,629821
201999,12,3,5,Florida,99831,99831,25773822,1007,2014,306236,294,1118,210772,1407,51339,6919641,95516,95516,24461394,986,1972,301789,294,1118,210772,1313,48579,6670972
201999,13,3,5,Georgia,42939,42939,9343379,138,276,34056,108,392,46223,400,10216,1257920,39732,39732,8784425,128,256,32789,102,368,45299,395,9904,1230731
201999,15,4,9,Hawaii,2547,2547,964399,9,18,4434,25,92,43816,49,1436,271173,2547,2547,964399,9,18,4434,25,92,43816,49,1436,271173
201999,16,4,8,Idaho,12978,12978,2893095,114,228,31557,172,672,63520,226,3838,413316,12758,12758,2841487,113,226,31439,171,668,63520,226,3838,413316
201999,17,2,3,Illinois,8745,8745,2349803,235,470,78312,253,855,157620,315,10454,1140722,8125,8125,2234589,234,468,78112,251,847,157007,296,10295,1131909
201999,18,2,3,Indiana,16308,16308,4298385,179,358,48202,46,163,26551,226,5480,615228,15702,15702,4197275,176,352,47792,45,159,26151,194,5156,591785
201999,19,2,4,Iowa,7877,7877,1980909,173,346,51205,80,274,35804,122,3373,432577,7321,7321,1882596,170,340,50410,79,271,35564,110,3250,423999
201999,20,2,4,Kansas,5089,5089,1319253,350,700,76774,60,214,34183,69,1958,252711,4136,4136,1141536,205,410,54201,56,201,33116,55,1777,239683
201999,21,3,6,Kentucky,7467,7467,1712857,156,312,30280,57,215,19305,189,3817,373395,6903,6903,1631142,137,274,27925,46,176,16022,175,3737,369784
201999,22,3,7,Louisiana,14013,14013,2903602,248,496,45984,39,137,13365,52,1147,173135,12888,12888,2703832,248,496,45984,38,133,13365,52,1147,173135
201999,23,1,1,Maine,3474,3474,833466,98,196,33260,8,29,3862,50,1061,134152,2647,2647,676494,95,190,32291,8,29,3862,48,983,125632
201999,24,3,5,Maryland,12053,12053,2733697,76,152,20783,25,95,15116,119,6191,984427,11918,11918,2707205,76,152,20783,25,95,15116,119,6191,984427
201999,25,1,1,Massachusetts,6292,6292,2094983,284,568,114782,126,419,80811,665,10086,1388625,5124,5124,1678700,259,518,107321,121,404,79619,575,8174,1096969
201999,26,2,3,Michigan,14623,14623,3823113,122,244,41823,152,567,86054,293,5166,629496,12933,12933,3439971,117,234,40431,137,517,81048,277,4677,571392
201999,27,2,4,Minnesota,13709,13709,3882049,93,186,35787,51,190,33807,199,14501,2196264,13206,13206,3775455,93,186,35787,50,186,33432,186,14339,2185461
201999,28,3,6,Mississippi,6164,6164,1161662,36,72,9781,29,103,11423,52,613,58020,5096,5096,1002140,27,54,7499,13,51,7641,17,368,43731
201999,29,2,4,Missouri,10955,10955,2766152,277,554,60081,116,447,53383,179,5504,508952,10275,10275,2644263,274,548,59499,113,435,52674,173,4594,478413
201999,30,4,8,Montana,3014,3014,631710,164,328,53835,102,376,49940,53,1058,120260,2292,2292,579463,154,308,51726,101,372,49400,51,871,96511
201999,31,2,4,Nebraska,4672,4672,1022374,82,164,26721,21,74,11646,81,3115,264415,3613,3613,785191,69,138,23000,21,74,11646,62,2277,170444
201999,32,4,8,Nevada,13088,13088,2860591,29,58,5957,74,242,32909,287,6755,782379,13088,13088,2860591,29,58,5957,74,242,32909,287,6755,782379
201999,33,1,1,New Hampshire,2746,2746,761471,96,192,32924,11,38,4710,73,1767,260323,2391,2391,677781,91,182,30760,11,38,4710,62,1663,251217
201999,34,1,2,New Jersey,11526,11526,2368948,533,1066,124485,279,932,91137,1071,22981,1869084,11427,11427,2356586,530,1060,123854,279,932,91137,1040,22818,1848497
201999,35,4,8,New Mexico,4285,4285,1042070,7,14,1767,6,19,1523,39,702,76515,3156,3156,774094,6,12,1484,2,7,227,18,582,69191
201999,36,1,2,New York,9412,9412,2938240,543,1086,165824,213,705,93155,928,34016,4549116,7895,7895,2601838,494,988,152388,187,621,82990,820,31762,4240422
201999,37,3,5,North Carolina,51642,51642,11742608,204,408,49008,57,212,35520,641,19045,2022535,47537,47537,10990018,202,404,47949,57,212,35520,611,18779,1992265
201999,38,2,4,North Dakota,1767,1767,449484,22,44,7455,1,4,568,13,680,79950,1642,1642,423030,21,42,7190,1,4,568,11,662,77581
201999,39,2,3,Ohio,16078,16078,4569919,149,298,40156,157,555,67773,283,6116,743843,14949,14949,4336605,147,294,39566,144,514,65927,263,5936,730835
201999,40,3,7,Oklahoma,10393,10393,2274806,217,434,42868,25,95,8060,41,1230,156871,10162,10162,2244655,209,418,41710,20,78,6962,35,1200,155407
201999,41,4,9,Oregon,11586,11586,3127851,246,492,85582,66,244,37323,377,9715,1196349,11104,11104,3004844,244,488,85005,66,244,37323,368,9643,1190355
201999,42,1,2,Pennsylvania,14878,14878,3584647,306,612,97629,274,952,132915,312,7097,862292,12871,12871,3107456,298,596,94987,272,944,132602,295,6374,795381
201999,43,0,0,Puerto Rico,1554,1554,107067,19,38,1212,7,21,313,26,915,31177,0,0,0,0,0,0,0,0,0,0,0,0
201999,44,1,1,Rhode Island,1020,1020,249341,65,130,11565,23,87,7904,11,163,11604,992,992,247012,65,130,11565,23,87,7904,11,163,11604
201999,45,3,5,South Carolina,31052,31052,7542148,134,268,32684,24,74,9046,220,4640,422770,27494,27494,6575890,131,262,32230,24,74,9046,171,3811,359962
201999,46,2,4,South Dakota,3127,3127,709345,58,116,18621,27,104,7638,56,1068,100711,2829,2829,640651,57,114,18269,20,79,7638,56,1068,100711
201999,47,3,6,Tennessee,29598,29598,6707848,148,296,25782,57,205,20251,305,11262,1122616,26711,26711,6141525,142,284,25156,54,193,18792,303,11172,1113735
201999,48,3,7,Texas,129094,129094,28232254,1278,2556,328265,467,1805,202682,2070,76440,8650083,125136,125136,27503903,1267,2534,326430,459,1779,201489,2037,76215,8622709
201999,49,4,8,Utah,18191,18191,4874793,154,308,44288,210,757,127256,352,9523,1407256,17154,17154,4609675,153,306,44065,203,735,121921,337,9402,1386935
201999,50,1,1,Vermont,987,987,257969,48,96,19471,12,40,4189,47,678,70281,749,749,202744,42,84,18170,12,40,4189,20,491,57223
201999,51,3,5,Virginia,21056,21056,4668695,145,290,17843,110,408,50707,282,10664,1056508,20122,20122,4481485,144,288,17653,110,408,50707,279,10273,1016736
201999,52,0,0,Virgin Islands,148,148,28142,38,76,17966,1,4,500,0,0,0,148,148,28142,38,76,17966,1,4,500,0,0,0
201999,53,4,9,Washington,23300,23300,6850159,690,1380,263048,317,1118,203838,697,22626,2906010,22074,22074,6469123,675,1350,260053,311,1100,200644,684,22538,2897222
201999,54,3,5,West Virginia,2551,2551,455456,26,52,6218,51,202,17394,25,205,21048,2384,2384,438071,26,52,6218,50,198,16532,6,108,13573
201999,55,2,3,Wisconsin,11298,11298,3212687,505,1010,156670,28,105,21171,227,5067,577922,11133,11133,3186208,505,1010,156670,28,105,21171,227,5067,577922
201999,56,4,8,Wyoming,1521,1521,517654,35,70,10121,15,54,4917,9,63,8321,1402,1402,483285,28,56,5758,10,38,4089,6,42,5250
201999,US,0,0,United States,862084,862084,213271119,11932,23864,3511569,5217,18729,2692686,15961,481371,61058824,810566,810566,201775162,11475,22950,3403243,5015,18046,2620968,14957,462783,58946636
201999,R1,1,0,Northeast Region,52699,52699,13854040,2066,4132,622403,989,3353,439335,3278,81002,9691778,46249,46249,12260416,1961,3922,592700,956,3246,427666,2949,75246,8947903
201999,R2,2,0,Midwest Region,114248,114248,30383471,2245,4490,641807,992,3552,536197,2063,62482,7542791,105864,105864,28687369,2068,4136,610927,945,3392,525941,1910,59098,7280135
201999,R3,3,0,South Region,486168,486168,110864305,4294,8588,1069044,1569,5899,730013,6185,209649,24664614,458389,458389,105020806,4192,8384,1051644,1512,5698,716343,5852,203826,24160956
201999,R4,4,0,West Region,208969,208969,58169303,3327,6654,1178315,1667,5925,987141,4435,128238,19159641,200064,200064,55806571,3254,6508,1147972,1602,5710,951018,4246,124613,18557642
201999,D1,1,1,New England Division,16883,16883,4962205,684,1368,234464,223,764,122129,967,16908,2411286,14056,14056,4194536,639,1278,221471,218,749,120937,794,14292,2063603
201999,D2,1,2,Middle Atlantic Division,35816,35816,8891835,1382,2764,387939,766,2589,317206,2311,64094,7280492,32193,32193,8065880,1322,2644,371229,738,2497,306729,2155,60954,6884300
201999,D3,2,3,East North Central Division,67052,67052,18253906,1190,2380,365163,636,2245,359168,1344,32283,3707212,62842,62842,17394648,1179,2358,362571,605,2142,351303,1257,31131,3603843
201999,D4,2,4,West North Central Division,47196,47196,12129565,1055,2110,276644,356,1307,177029,719,30199,3835579,43022,43022,11292721,889,1778,248356,340,1250,174638,653,27967,3676292
201999,D5,3,5,South Atlantic Division,266865,266865,63051575,1856,3712,495674,694,2594,394620,3226,108698,13384032,250424,250424,59225952,1819,3638,488256,687,2566,392834,3026,104043,12967848
201999,D6,3,6,East South Central Division,57934,57934,12685435,415,830,84978,232,853,79839,638,18255,1948241,52908,52908,11806525,381,762,79714,201,746,71190,587,17840,1921459
201999,D7,3,7,West South Central Division,161369,161369,35127295,2023,4046,488392,643,2452,255554,2321,82696,9332341,155057,155057,33988329,1992,3984,483674,624,2386,252319,2239,81943,9271649
201999,D8,4,8,Mountain Division,111814,111814,29513004,1117,2234,318683,744,2692,383141,1671,46615,6329321,107945,107945,28633387,1089,2178,309481,720,2614,372091,1612,44770,6022075
201999,D9,4,9,Pacific Division,97155,97155,28656299,2210,4420,859632,923,3233,604000,2764,81623,12830320,92119,92119,27173184,2165,4330,838491,882,3096,578927,2634,79843,12535567
