Survey,FIPS,Region,Division,State,,1-unit,,,2-units,,,3-4 units,,,5+ units,,,1-unit rep,,,2-units rep,,,3-4 units rep,,,       5+ units rep
Date,State,Code,Code,Name,Bldgs,Units,Value,Bldgs,Units,Value,Bldgs,Units,Value,Bldgs,Units,Value,      Bldgs,Units,Value,Bldgs,Units,Value,      Bldgs,Units,Value,Bldgs,Units,Value
 
202212,01,3,6,Alabama,16038,16038,4166211,109,218,26892,39,141,19715,119,3220,507708,10027,10027,2512606,95,190,21865,19,74,10150,83,1870,294040
202212,02,4,9,Alaska,1023,1023,316092,21,42,7413,17,61,9765,23,263,42164,245,245,76876,19,38,6817,5,18,2351,2,16,4797
202212,04,4,8,Arizona,37326,37326,10536818,954,1908,237526,82,291,61805,719,21559,3590308,31925,31925,9050680,822,1644,195925,79,281,60689,616,18280,3057776
202212,05,3,7,Arkansas,9415,9415,2528943,304,608,80312,163,574,59380,178,3707,323757,7446,7446,2164677,229,458,66745,101,366,48126,111,3089,279154
202212,06,4,9,California,62937,62937,18179182,1270,2540,529750,471,1620,348837,2015,50993,9397159,51401,51401,14960607,1157,2314,470832,399,1379,299586,1464,42096,7906532
202212,08,4,8,Colorado,23965,23965,8575778,409,818,153134,145,513,125071,707,23699,4042247,20183,20183,7220159,360,720,134067,124,447,107216,577,21509,3675031
202212,09,1,1,Connecticut,2413,2413,993377,103,206,23272,11,39,3988,129,2509,376710,1479,1479,626634,90,180,19867,7,25,2429,45,1478,242792
202212,10,3,5,Delaware,5851,5851,856897,88,176,25491,0,0,0,23,386,29916,4803,4803,736491,88,176,25491,0,0,0,16,302,22695
202212,11,3,5,District of Columbia,409,409,102757,32,64,8299,1,4,601,66,7228,919169,409,409,102757,32,64,8299,1,4,601,66,7228,919169
202212,12,3,5,Florida,133750,133750,39664550,1318,2636,418713,508,1817,257353,2593,74003,10181420,106096,106096,31961826,1019,2038,320929,481,1729,241877,2184,65175,9119892
202212,13,3,5,Georgia,46819,46819,11977027,338,676,100012,233,853,114749,941,28334,3586377,33933,33933,9041344,280,560,90536,213,790,107945,759,25465,3228017
202212,15,4,9,Hawaii,2023,2023,1022557,106,212,36479,0,0,0,59,2120,740160,1371,1371,782632,34,68,13533,0,0,0,11,338,109141
202212,16,4,8,Idaho,12050,12050,3589179,138,276,50221,204,792,103912,309,5941,933198,10198,10198,3116275,108,216,41258,187,740,92440,279,5441,888646
202212,17,2,3,Illinois,9585,9585,2985823,208,416,75766,250,828,157714,345,9468,1413687,7197,7197,2370225,156,312,60732,236,781,151895,252,8814,1312462
202212,18,2,3,Indiana,18718,18718,5999707,265,530,80808,34,123,13272,299,8641,1013059,15115,15115,5094950,186,372,59535,32,117,12792,211,6855,854167
202212,19,2,4,Iowa,7571,7571,2258224,224,448,93336,95,331,66030,165,4318,646045,5645,5645,1743956,125,250,53329,39,138,30093,95,3799,584098
202212,20,2,4,Kansas,5648,5648,1915192,503,1006,136842,53,194,25656,87,2655,388406,4279,4279,1401536,418,836,102748,41,157,20951,65,2045,300051
202212,21,3,6,Kentucky,8719,8719,2235050,243,486,59062,79,285,29552,311,5355,974506,6282,6282,1760375,198,396,51786,57,215,22037,239,3839,847231
202212,22,3,7,Louisiana,13942,13942,3437459,288,576,69343,25,82,13245,97,1976,262030,6639,6639,1732049,100,200,19153,2,6,500,24,304,37420
202212,23,1,1,Maine,4563,4563,1270476,116,232,40566,23,81,10780,74,1826,244897,1627,1627,525828,80,160,30165,12,45,7019,29,1131,192966
202212,24,3,5,Maryland,9675,9675,2653022,52,104,15622,11,40,6101,166,9455,1327873,8864,8864,2463647,43,86,13832,11,40,6101,137,9270,1292047
202212,25,1,1,Massachusetts,6094,6094,2604637,322,634,182883,118,385,85645,536,11083,2410356,2928,2928,1367275,203,406,89658,84,281,65969,154,7218,1881669
202212,26,2,3,Michigan,14776,14776,4490797,197,394,69453,170,611,93570,291,5467,976749,9252,9252,3075346,96,192,35246,76,284,54031,189,4090,781761
202212,27,2,4,Minnesota,13523,13523,4405881,127,254,50991,81,298,69378,380,17950,3078732,11258,11258,3787233,79,158,34014,69,259,60200,241,15507,2704467
202212,28,3,6,Mississippi,7409,7409,1447264,28,56,5251,30,102,10912,74,543,28146,4971,4971,984272,11,22,1477,2,8,900,18,196,9181
202212,29,2,4,Missouri,11517,11517,3541246,298,596,82111,144,529,81930,294,8270,1130178,8819,8819,2760773,216,432,56970,116,436,73641,223,7827,1085911
202212,30,4,8,Montana,3122,3122,822248,125,250,47773,71,264,36269,134,2728,337836,2367,2367,673656,84,168,32376,32,125,11821,99,1992,260170
202212,31,2,4,Nebraska,5143,5143,1338717,157,314,41493,72,272,26967,186,5630,492699,3224,3224,771619,140,280,35876,67,256,25573,109,3237,256075
202212,32,4,8,Nevada,12344,12344,3543483,114,228,34634,71,267,32739,400,7307,814033,10166,10166,2936187,88,176,29190,51,195,23046,250,4713,488639
202212,33,1,1,New Hampshire,3090,3090,1038201,90,180,35721,51,178,35776,63,1240,195090,1535,1535,575242,69,138,27815,31,116,24644,20,747,120369
202212,34,1,2,New Jersey,13883,13883,2932924,620,1240,174910,213,704,84288,1153,22290,3004661,8337,8337,1761669,510,1020,158701,139,467,62885,503,12809,1753040
202212,35,4,8,New Mexico,7331,7331,1657955,10,20,3128,8,31,4650,56,1425,135750,5766,5766,1253928,3,6,1065,7,28,4266,8,903,91760
202212,36,1,2,New York,10663,10663,3941039,353,706,118159,127,443,63331,872,29468,3896173,5827,5827,2515004,182,364,66349,92,327,50473,543,25726,3344791
202212,37,3,5,North Carolina,65135,65135,17880709,352,704,112199,33,117,19008,727,26091,3576581,49634,49634,13388990,267,534,85117,25,91,13441,526,20071,2662175
202212,38,2,4,North Dakota,2021,2021,639109,69,138,24954,21,79,8691,35,1263,174846,1575,1575,507233,57,114,21455,18,70,5564,27,1223,169870
202212,39,2,3,Ohio,17424,17424,5772836,269,538,86282,321,1168,124289,693,11810,1301111,13335,13335,4537168,223,446,75291,267,1001,102455,567,10275,1151001
202212,40,3,7,Oklahoma,11006,11006,3026609,307,614,73170,22,79,8123,96,2103,287732,8850,8850,2559337,259,518,63367,9,32,4448,52,1820,265652
202212,41,4,9,Oregon,10321,10321,3243368,212,424,80921,50,172,23010,398,9311,1193837,9040,9040,2902931,194,388,74431,42,142,20204,369,8727,1089846
202212,42,1,2,Pennsylvania,15812,15812,4338515,314,628,107099,216,726,102381,474,7325,1023273,9406,9406,2708451,272,544,95805,179,608,87662,263,5212,755339
202212,44,1,1,Rhode Island,954,954,315552,80,160,23558,16,58,9158,12,229,30818,557,557,213644,21,42,5979,12,45,6808,1,18,1800
202212,45,3,5,South Carolina,37886,37886,10812097,150,300,36721,138,508,76233,379,7361,873699,24755,24755,7145638,143,286,34287,119,435,57687,217,4640,582000
202212,46,2,4,South Dakota,3871,3871,1083948,51,102,16796,87,317,36437,216,5069,667775,2883,2883,825849,18,36,6981,39,144,25709,177,4769,634358
202212,47,3,6,Tennessee,33055,33055,9139986,257,514,47033,251,930,119265,505,8445,955588,23743,23743,7234351,175,350,34230,224,839,109140,391,6624,752417
202212,48,3,7,Texas,155120,155120,39536991,2099,4198,496100,646,2447,289533,2927,101764,12142392,124506,124506,32332254,1573,3146,374978,443,1713,203243,2531,90142,10795807
202212,49,4,8,Utah,18779,18779,5976149,155,310,57092,148,543,99364,472,11866,1833858,17214,17214,5495534,122,244,47494,110,412,75270,387,7982,1302635
202212,50,1,1,Vermont,1311,1311,395131,35,70,12119,5,17,2177,67,810,114379,536,536,172497,15,30,6014,2,7,1068,15,460,78628
202212,51,3,5,Virginia,21116,21116,5709490,182,364,53585,23,78,11947,543,18065,2104250,16534,16534,4463998,166,332,48867,11,40,7270,406,13663,1673032
202212,53,4,9,Washington,20362,20362,6586969,719,1438,314576,396,1376,264838,695,26080,3716323,15738,15738,5153919,670,1340,295890,383,1334,257728,516,22120,3201166
202212,54,3,5,West Virginia,2983,2983,705144,43,86,9249,7,24,2695,23,360,46010,2430,2430,594468,42,84,9049,3,11,1270,8,64,7310
202212,55,2,3,Wisconsin,11699,11699,4180842,648,1296,265125,35,132,25451,313,7387,1192917,8161,8161,3100319,500,1000,203953,24,91,18177,178,5733,944734
202212,56,4,8,Wyoming,1990,1990,1047115,42,84,19115,50,193,24121,19,767,58034,1381,1381,865866,24,48,11639,45,177,23185,14,692,49327
202212,US,0,0,United States,972180,972180,277419276,15514,31018,4951061,6065,21717,3299701,22458,627163,88734628,739892,739892,216110784,12061,24122,3871011,4767,17326,2702575,16267,517544,74063053
202212,R1,1,0,Northeast Region,58783,58783,17829853,2033,4056,718287,780,2631,397523,3380,76780,11296359,32232,32232,10466245,1442,2884,500353,558,1921,308957,1573,54799,8371393
202212,R2,2,0,Midwest Region,121496,121496,38612322,3016,6032,1023957,1363,4882,729385,3304,87928,12476204,90743,90743,29976209,2214,4428,746131,1024,3734,581079,2334,74174,10778955
202212,R3,3,0,South Region,578328,578328,155880207,6190,12380,1637055,2209,8081,1038414,9768,298396,38127155,439922,439922,121179080,4720,9440,1270009,1721,6393,834737,7768,253762,32787240
202212,R4,4,0,West Region,213573,213573,65096894,4275,8550,1571762,1713,6123,1134379,6006,164059,26834910,176995,176995,54489250,3685,7370,1354518,1464,5278,977802,4592,134809,22125465
202212,D1,1,1,New England Division,18425,18425,6617374,746,1482,318119,224,758,147524,881,17697,3372251,8662,8662,3481120,478,956,179498,148,519,107937,264,11052,2518223
202212,D2,1,2,Middle Atlantic Division,40358,40358,11212479,1287,2574,400168,556,1873,249999,2499,59083,7924108,23570,23570,6985125,964,1928,320854,410,1402,201020,1309,43747,5853170
202212,D3,2,3,East North Central Division,72202,72202,23430005,1587,3174,577433,810,2862,414296,1941,42773,5897523,53060,53060,18178009,1161,2322,434756,635,2274,339349,1397,35767,5044124
202212,D4,2,4,West North Central Division,49294,49294,15182317,1429,2858,446524,553,2020,315089,1363,45155,6578681,37683,37683,11798200,1053,2106,311374,389,1460,241731,937,38407,5734831
202212,D5,3,5,South Atlantic Division,323624,323624,90361693,2555,5110,779891,954,3441,488687,5461,171283,22645295,247458,247458,69899160,2080,4160,636408,864,3140,436193,4319,145878,19506338
202212,D6,3,6,East South Central Division,65221,65221,16988512,637,1274,138239,399,1458,179445,1009,17563,2465949,45023,45023,12491603,479,958,109358,302,1136,142228,731,12529,1902868
202212,D7,3,7,West South Central Division,189483,189483,48530002,2998,5996,718925,856,3182,370282,3298,109550,13015911,147441,147441,38788317,2161,4322,524243,555,2117,256317,2718,95355,11378033
202212,D8,4,8,Mountain Division,116907,116907,35748725,1947,3894,602623,779,2894,487930,2816,75292,11745266,99200,99200,30612285,1611,3222,493015,635,2405,397933,2230,61512,9813984
202212,D9,4,9,Pacific Division,96666,96666,29348169,2328,4656,969139,934,3229,646449,3190,88767,15089644,77795,77795,23876965,2074,4148,861504,829,2873,579869,2362,73297,12311481
