Survey,FIPS,Region,Division,State,,1-unit,,,2-units,,,3-4 units,,,5+ units,,,1-unit rep,,,2-units rep,,,3-4 units rep,,,       5+ units rep
Date,State,Code,Code,Name,Bldgs,Units,Value,Bldgs,Units,Value,Bldgs,Units,Value,Bldgs,Units,Value,      Bldgs,Units,Value,Bldgs,Units,Value,      Bldgs,Units,Value,Bldgs,Units,Value
 
202202,01,3,6,Alabama,3001,3001,719089,4,8,1126,1,3,277,15,194,27529,1587,1587,423117,1,2,360,0,0,0,0,0,0
202202,02,4,9,Alaska,167,167,51588,4,8,1288,2,8,1377,6,54,9085,15,15,4266,2,4,629,0,0,0,0,0,0
202202,04,4,8,Arizona,8292,8292,2275849,216,432,45176,19,72,11543,85,2184,325147,7846,7846,2130043,208,416,43261,19,72,11543,73,1801,261565
202202,05,3,7,Arkansas,1522,1522,386106,45,90,9181,15,48,3283,43,619,70739,985,985,279675,17,34,2961,4,12,1396,29,452,54794
202202,06,4,9,California,10138,10138,2928772,182,364,80371,69,236,59586,276,6493,1135628,7599,7599,2193869,156,312,66306,54,185,48698,187,5376,956363
202202,08,4,8,Colorado,4531,4531,1474626,108,216,38925,18,65,14232,127,4264,639905,3911,3911,1255668,94,188,34315,11,43,9413,106,4039,593707
202202,09,1,1,Connecticut,449,449,169330,10,20,2897,1,3,737,19,334,31714,235,235,98037,7,14,2391,0,0,0,3,55,8705
202202,10,3,5,Delaware,1049,1049,132749,20,40,4011,0,0,0,0,0,0,844,844,128693,20,40,4011,0,0,0,0,0,0
202202,11,3,5,District of Columbia,81,81,19379,2,4,514,0,0,0,3,279,34754,81,81,19379,2,4,514,0,0,0,3,279,34754
202202,12,3,5,Florida,23993,23993,6724032,143,286,46785,48,180,26772,278,9350,1402212,21608,21608,6100018,134,268,43733,42,157,21232,225,8430,1295755
202202,13,3,5,Georgia,8456,8456,1960897,49,98,16797,48,180,21142,134,3151,353836,6055,6055,1484661,25,50,9852,43,164,19497,100,2695,299082
202202,15,4,9,Hawaii,363,363,185830,19,38,5982,0,0,0,13,140,64637,363,363,185830,19,38,5982,0,0,0,13,140,64637
202202,16,4,8,Idaho,2136,2136,567491,12,24,4323,23,87,10415,65,834,125457,1737,1737,474021,6,12,2180,19,74,8892,49,605,103714
202202,17,2,3,Illinois,1151,1151,349335,27,54,7754,39,133,19514,37,832,163482,814,814,261995,22,44,6913,38,130,19289,23,747,151410
202202,18,2,3,Indiana,3027,3027,904310,39,78,12793,5,17,1278,53,1145,148166,2591,2591,799440,32,64,10821,4,14,978,34,943,126666
202202,19,2,4,Iowa,920,920,261754,18,36,7739,7,27,5452,15,141,16706,717,717,211407,12,24,5509,5,20,4607,4,74,9324
202202,20,2,4,Kansas,845,845,287055,99,198,24528,5,16,1476,10,581,76687,647,647,234993,88,176,22046,2,7,775,3,283,38250
202202,21,3,6,Kentucky,1554,1554,374665,38,76,8809,6,20,1663,32,353,28851,969,969,251275,29,58,6899,2,8,315,21,166,11492
202202,22,3,7,Louisiana,2795,2795,650958,38,76,7340,3,9,1205,12,256,35720,1245,1245,303368,8,16,1279,0,0,0,1,11,3245
202202,23,1,1,Maine,546,546,147362,18,36,6252,3,12,2367,20,700,104943,186,186,63917,12,24,4379,2,8,2000,14,664,101150
202202,24,3,5,Maryland,1795,1795,456325,1,2,170,0,0,0,27,1767,233158,1613,1613,417051,0,0,0,0,0,0,23,1574,196119
202202,25,1,1,Massachusetts,1021,1021,377446,44,88,17529,17,54,12274,113,2120,421460,423,423,207784,34,68,13680,15,48,11305,26,1422,335056
202202,26,2,3,Michigan,1883,1883,579056,22,44,8432,17,59,9170,33,674,74612,1218,1218,420547,10,20,4143,10,37,6892,19,550,62277
202202,27,2,4,Minnesota,1672,1672,550936,15,30,5029,10,37,6329,47,2170,426883,1285,1285,449093,5,10,2766,10,37,6329,25,1865,388253
202202,28,3,6,Mississippi,1261,1261,260962,0,0,0,3,10,834,11,83,4480,823,823,186877,0,0,0,0,0,0,3,32,1981
202202,29,2,4,Missouri,1669,1669,484348,33,66,7719,22,80,9695,42,1475,168763,1211,1211,358545,19,38,3972,17,65,8445,32,1111,115692
202202,30,4,8,Montana,632,632,161059,17,34,5632,12,40,6305,27,309,42627,403,403,129440,9,18,2923,2,8,1168,19,177,29113
202202,31,2,4,Nebraska,743,743,186637,23,46,7710,48,189,12091,25,654,54538,460,460,109061,18,36,6275,45,180,11307,14,484,36598
202202,32,4,8,Nevada,2950,2950,805879,10,20,2996,23,91,9919,64,1380,147131,2524,2524,687880,5,10,1947,21,83,8869,42,1004,100031
202202,33,1,1,New Hampshire,402,402,129138,4,8,2533,1,4,660,8,108,16171,164,164,62059,2,4,1770,0,0,0,1,40,3835
202202,34,1,2,New Jersey,2352,2352,470214,100,200,25665,18,57,4351,241,3137,239852,1697,1697,356940,75,150,21867,8,26,3361,120,1444,115289
202202,35,4,8,New Mexico,823,823,212524,0,0,0,1,3,237,8,125,6636,461,461,120459,0,0,0,0,0,0,1,84,4000
202202,36,1,2,New York,1514,1514,498274,72,144,14932,15,48,5999,134,4244,578480,761,761,276154,64,128,11921,10,33,4316,76,3488,474208
202202,37,3,5,North Carolina,11626,11626,3005640,47,94,12523,7,23,4318,122,4701,553044,8699,8699,2270357,30,60,6511,7,23,4318,92,4072,481627
202202,38,2,4,North Dakota,90,90,25894,1,2,379,0,0,0,0,0,0,41,41,11045,0,0,0,0,0,0,0,0,0
202202,39,2,3,Ohio,2426,2426,786113,25,50,7635,25,88,10204,76,1537,125151,1880,1880,638178,20,40,6894,15,57,7808,62,1429,113818
202202,40,3,7,Oklahoma,2114,2114,556896,47,94,10984,6,22,1845,5,133,11832,1926,1926,525296,42,84,10051,6,22,1845,1,104,9882
202202,41,4,9,Oregon,1886,1886,543359,30,60,10612,20,68,7253,70,1186,155279,1383,1383,430759,23,46,7975,18,62,6249,51,1005,132966
202202,42,1,2,Pennsylvania,2626,2626,684825,28,56,7289,17,59,8290,60,817,116494,1689,1689,469979,22,44,6296,13,47,6927,22,488,75426
202202,44,1,1,Rhode Island,147,147,46622,10,20,2637,2,7,746,2,10,1923,84,84,31631,3,6,1001,1,4,523,0,0,0
202202,45,3,5,South Carolina,6528,6528,1775785,19,38,3224,5,15,921,69,1312,157464,3897,3897,1099262,12,24,2013,4,12,621,33,774,85208
202202,46,2,4,South Dakota,384,384,106976,7,14,2591,12,44,4763,23,216,27112,310,310,88666,4,8,1625,8,32,4536,23,216,27112
202202,47,3,6,Tennessee,6063,6063,1593846,16,32,3068,40,149,20482,120,2673,239199,4544,4544,1266836,7,14,1697,32,121,17440,102,2383,210110
202202,48,3,7,Texas,29695,29695,7291237,301,602,69792,115,432,42357,360,12804,1516499,24299,24299,6078951,249,498,59474,104,399,38638,307,12172,1443232
202202,49,4,8,Utah,3774,3774,1107609,23,46,8553,33,119,23676,104,2959,421995,3077,3077,919539,10,20,4334,19,71,15711,71,1696,235514
202202,50,1,1,Vermont,154,154,44261,2,4,565,1,3,145,9,60,5738,64,64,19766,1,2,150,0,0,0,0,0,0
202202,51,3,5,Virginia,3578,3578,926251,40,80,10586,4,14,2147,77,1861,221369,2911,2911,770228,38,76,9904,2,8,1171,61,1558,189166
202202,53,4,9,Washington,3748,3748,1117029,129,258,50680,65,223,40703,138,4178,527118,2617,2617,798567,120,240,47401,57,197,36463,105,3720,468077
202202,54,3,5,West Virginia,438,438,105910,17,34,3187,1,4,700,5,37,4426,320,320,86252,17,34,3187,1,4,700,4,32,3940
202202,55,2,3,Wisconsin,1391,1391,485639,57,114,23693,1,4,1800,22,580,86746,954,954,352973,43,86,18723,1,4,1800,12,517,79313
202202,56,4,8,Wyoming,315,315,149659,9,18,3253,12,47,4358,3,15,2037,193,193,115969,6,12,1880,11,44,4242,0,0,0
202202,US,0,0,United States,170716,170716,46097525,2240,4480,662191,865,3109,434887,3288,85229,11383413,131966,131966,36659816,1782,3564,534719,682,2518,359618,2235,70201,9532452
202202,R1,1,0,Northeast Region,9211,9211,2567472,288,576,80299,75,247,35568,606,11530,1516775,5303,5303,1586268,220,440,63455,49,166,28432,262,7601,1113669
202202,R2,2,0,Midwest Region,16201,16201,5008053,366,732,116003,191,694,81771,383,10005,1368845,12128,12128,3935944,273,546,89687,155,583,72766,251,8219,1148711
202202,R3,3,0,South Region,105549,105549,26940726,827,1654,208098,302,1109,127945,1313,39573,4895112,82406,82406,21691294,631,1262,162445,247,930,107172,1005,34734,4320386
202202,R4,4,0,West Region,39755,39755,11581274,759,1518,257791,297,1059,189603,986,24121,3602681,32129,32129,9446310,658,1316,219132,231,839,151248,717,19647,2949686
202202,D1,1,1,New England Division,2719,2719,914160,88,176,32413,25,83,16928,171,3332,581949,1156,1156,483195,59,118,23371,18,60,13828,44,2181,448746
202202,D2,1,2,Middle Atlantic Division,6492,6492,1653312,200,400,47886,50,164,18640,435,8198,934826,4147,4147,1103073,161,322,40084,31,106,14605,218,5420,664923
202202,D3,2,3,East North Central Division,9878,9878,3104453,170,340,60307,87,301,41966,221,4768,598156,7457,7457,2473134,127,254,47495,68,242,36767,150,4186,533483
202202,D4,2,4,West North Central Division,6323,6323,1903600,196,392,55696,104,393,39805,162,5237,770689,4671,4671,1462810,146,292,42193,87,341,35998,101,4033,615228
202202,D5,3,5,South Atlantic Division,57544,57544,15106967,338,676,97797,113,416,56000,715,22458,2960263,46028,46028,12375901,278,556,79724,99,368,47539,541,19414,2585650
202202,D6,3,6,East South Central Division,11879,11879,2948563,58,116,13003,50,182,23256,178,3303,300059,7923,7923,2128104,37,74,8956,34,129,17755,126,2581,223582
202202,D7,3,7,West South Central Division,36126,36126,8885196,431,862,97298,139,511,48689,420,13812,1634790,28455,28455,7187289,316,632,73766,114,433,41879,338,12739,1511154
202202,D8,4,8,Mountain Division,23453,23453,6754695,395,790,108858,141,524,80684,483,12070,1710934,20152,20152,5833019,338,676,90840,102,395,59838,361,9406,1327643
202202,D9,4,9,Pacific Division,16302,16302,4826579,364,728,148933,156,535,108919,503,12051,1891747,11977,11977,3613291,320,640,128292,129,444,91410,356,10241,1622042
