Survey,FIPS,Region,Division,State,,1-unit,,,2-units,,,3-4 units,,,5+ units,,,1-unit rep,,,2-units rep,,,3-4 units rep,,,       5+ units rep
Date,State,Code,Code,Name,Bldgs,Units,Value,Bldgs,Units,Value,Bldgs,Units,Value,Bldgs,Units,Value,      Bldgs,Units,Value,Bldgs,Units,Value,      Bldgs,Units,Value,Bldgs,Units,Value
 
202407,01,3,6,Alabama,10841,10841,2960734,46,92,24343,12,41,7054,57,1594,239867,8313,8313,2370487,38,76,18319,2,8,1156,35,1054,137725
202407,02,4,9,Alaska,301,301,119405,16,32,6053,6,18,2470,5,153,28098,110,110,39954,11,22,3988,5,15,2065,3,143,26542
202407,04,4,8,Arizona,25809,25809,7582773,560,1120,149794,31,110,19033,273,9243,1308890,22444,22444,6526917,506,1012,136124,30,107,18798,219,8224,1141882
202407,05,3,7,Arkansas,5908,5908,1580393,216,432,76487,52,188,13302,55,970,89292,4606,4606,1304490,180,360,69768,19,74,7253,26,639,61107
202407,06,4,9,California,36712,36712,11312544,935,1870,353992,182,617,140722,849,20064,3585850,28513,28513,9038030,726,1452,283005,147,507,121493,672,18199,3237187
202407,08,4,8,Colorado,12703,12703,5370935,183,366,80293,51,181,38907,207,5802,1238195,11212,11212,4723342,157,314,70276,37,137,31550,180,5599,1201578
202407,09,1,1,Connecticut,1206,1206,518191,33,66,14515,36,125,20822,73,1643,242451,715,715,315906,28,56,11988,21,76,13369,33,962,124363
202407,10,3,5,Delaware,3540,3540,490620,51,102,31254,4,15,1670,14,367,51239,3107,3107,451744,51,102,31254,4,15,1670,11,293,38277
202407,11,3,5,District of Columbia,111,111,31827,22,44,6748,1,3,438,22,569,80791,111,111,31827,22,44,6748,1,3,438,22,569,80791
202407,12,3,5,Florida,77833,77833,24204856,597,1194,340943,186,695,105209,924,31302,5835041,68273,68273,20759063,551,1102,187004,158,603,92379,739,26754,4919623
202407,13,3,5,Georgia,29799,29799,8223727,253,506,70072,190,710,107040,748,10332,1442580,23351,23351,6592749,173,346,53802,169,638,95104,680,9637,1356784
202407,15,4,9,Hawaii,1387,1387,670862,52,104,21118,0,0,0,17,694,222351,357,357,186795,9,18,3595,0,0,0,2,213,64400
202407,16,4,8,Idaho,8756,8756,2460820,71,142,22422,93,344,49877,47,785,141807,7156,7156,2025548,52,104,16986,67,254,35308,33,669,125441
202407,17,2,3,Illinois,5986,5986,2092588,101,202,43906,105,344,71664,221,3705,810361,4174,4174,1473699,64,128,31848,80,263,60789,140,2888,652964
202407,18,2,3,Indiana,11713,11713,4036300,183,366,72856,36,131,16222,143,2628,449021,9661,9661,3440205,152,304,64179,27,104,13817,102,2232,405466
202407,19,2,4,Iowa,4357,4357,1514652,119,238,43085,31,108,21452,65,1537,246064,3400,3400,1233605,78,156,28498,23,84,17757,45,1410,229081
202407,20,2,4,Kansas,3110,3110,1153366,383,766,109867,56,203,27481,50,1438,259179,2495,2495,964271,281,562,79623,44,160,21767,41,1292,234378
202407,21,3,6,Kentucky,5196,5196,1408229,140,280,41704,62,210,26939,311,4222,609714,3518,3518,1024489,105,210,33352,36,127,17131,250,2791,400282
202407,22,3,7,Louisiana,7192,7192,1758440,136,272,33732,8,28,3116,33,896,205829,3524,3524,877102,17,34,4630,5,18,2297,16,412,87276
202407,23,1,1,Maine,2740,2740,831363,72,144,21952,19,68,21279,54,618,88245,990,990,355031,46,92,15755,12,47,18637,21,356,66152
202407,24,3,5,Maryland,6687,6687,1775328,2,4,810,3,10,1935,88,4150,863788,6297,6297,1672666,2,4,810,3,10,1935,76,3737,793948
202407,25,1,1,Massachusetts,3358,3358,1585489,160,320,81130,56,181,39922,201,4634,1499471,1753,1753,900014,87,174,45697,49,159,35252,102,3705,1354904
202407,26,2,3,Michigan,8791,8791,2820198,128,256,34539,36,128,27267,143,2220,462858,5720,5720,1961617,101,202,27257,25,91,19648,64,1429,254924
202407,27,2,4,Minnesota,7847,7847,2806729,100,200,37811,28,102,14005,172,4437,893425,6297,6297,2346292,81,162,31021,26,96,12687,84,3504,731710
202407,28,3,6,Mississippi,4500,4500,905660,25,50,8733,12,43,10818,22,129,8887,2556,2556,564480,6,12,560,0,0,0,2,18,4360
202407,29,2,4,Missouri,6658,6658,2176165,168,336,56965,149,550,66662,119,2319,317985,4656,4656,1525675,120,240,41270,125,477,61298,77,1861,250066
202407,30,4,8,Montana,1791,1791,591595,70,140,29509,37,131,20877,50,640,65922,1096,1096,396677,38,76,16383,10,39,4697,24,310,30368
202407,31,2,4,Nebraska,3406,3406,1031795,50,100,17118,24,82,14537,106,2401,188714,2975,2975,909806,22,44,7150,22,76,14037,99,2352,183140
202407,32,4,8,Nevada,9431,9431,2987243,54,108,14467,37,129,21336,102,2272,361796,8295,8295,2665423,39,78,11123,29,102,17775,54,1469,259781
202407,33,1,1,New Hampshire,1695,1695,609335,52,104,18704,22,75,13285,50,1028,171010,871,871,348648,33,66,10117,6,23,5707,22,598,90909
202407,34,1,2,New Jersey,9088,9088,1918483,602,1204,130750,152,501,39629,572,10253,1327567,5820,5820,1202897,489,978,105202,89,300,22446,205,4297,522284
202407,35,4,8,New Mexico,4937,4937,1400441,68,136,23117,5,18,3331,16,352,19487,2002,2002,531018,68,136,23117,5,18,3331,16,352,19487
202407,36,1,2,New York,6089,6089,2352427,402,804,136111,120,408,64946,521,20769,3243657,3057,3057,1335251,296,592,107135,74,260,41488,292,18693,2897577
202407,37,3,5,North Carolina,42683,42683,11999960,229,458,73420,41,149,28122,516,15297,2439542,33236,33236,9562488,187,374,60235,23,85,13790,418,12766,2094224
202407,38,2,4,North Dakota,962,962,329607,10,20,4388,19,66,14095,10,332,55174,757,757,269121,8,16,3093,19,66,14095,9,327,54441
202407,39,2,3,Ohio,10377,10377,3632017,190,380,63644,130,431,71728,304,6706,822230,7630,7630,2802749,156,312,53705,102,345,62470,248,6226,749652
202407,40,3,7,Oklahoma,6375,6375,1785048,224,448,57076,20,67,8221,57,1148,167981,3593,3593,1049092,134,268,40087,3,9,975,36,1004,154091
202407,41,4,9,Oregon,5894,5894,2084865,130,260,60759,30,108,23213,135,2284,354769,4995,4995,1838324,117,234,55293,27,99,20352,117,2040,316063
202407,42,1,2,Pennsylvania,9833,9833,3090083,187,374,60384,134,477,76018,208,3916,537872,5315,5315,1745636,153,306,47813,114,411,65932,129,2546,372203
202407,44,1,1,Rhode Island,431,431,140803,85,170,25378,8,25,2730,8,234,15811,215,215,74924,59,118,17650,8,25,2730,4,90,10105
202407,45,3,5,South Carolina,25769,25769,7883264,113,226,23691,82,277,30038,194,3079,389822,14384,14384,4985440,77,154,16838,53,190,26610,76,1944,267627
202407,46,2,4,South Dakota,1872,1872,588337,23,46,9517,22,79,10225,74,1118,128369,1482,1482,474125,16,32,7223,13,52,9363,72,1108,127447
202407,47,3,6,Tennessee,20533,20533,6046249,146,292,43398,87,308,41653,230,5518,715316,17135,17135,5305686,94,188,31523,66,239,34221,168,4522,556070
202407,48,3,7,Texas,97551,97551,28109622,1511,3022,427884,505,1891,208220,1052,31085,4209722,78054,78054,23089508,1271,2542,366610,401,1533,161879,942,29989,4079563
202407,49,4,8,Utah,10684,10684,3732136,58,116,24772,84,301,74268,190,3053,565212,9360,9360,3354677,47,94,20097,65,235,58860,159,2676,511788
202407,50,1,1,Vermont,826,826,275391,40,80,12285,10,32,3731,33,630,100979,341,341,127233,23,46,6999,3,11,1342,15,518,93564
202407,51,3,5,Virginia,13917,13917,3805035,99,198,29119,11,37,6001,130,5991,550439,11709,11709,3137425,83,166,24789,6,20,3586,107,5711,509438
202407,53,4,9,Washington,11462,11462,4238495,439,878,217778,126,431,95702,313,8486,1353609,8957,8957,3209930,391,782,196976,118,404,89675,246,7501,1238014
202407,54,3,5,West Virginia,2112,2112,473108,15,30,4545,12,38,3980,23,275,25684,1729,1729,384361,14,28,4445,5,17,2090,11,69,12507
202407,55,2,3,Wisconsin,7541,7541,2891355,442,884,189975,14,47,14021,164,4861,664381,5021,5021,2052782,274,548,120175,7,25,10134,120,4395,580550
202407,56,4,8,Wyoming,1008,1008,433278,26,52,6468,11,41,4593,9,103,15610,592,592,180523,13,26,2996,0,0,0,7,92,14574
202407,US,0,0,United States,599308,599308,182822164,10017,20034,3489380,3188,11302,1749806,9980,248282,39711954,461930,461930,143739741,7746,15492,2654136,2383,8657,1391182,7271,210185,33726677
202407,R1,1,0,Northeast Region,35266,35266,11321565,1633,3266,501209,557,1892,282362,1720,43725,7227063,19077,19077,6405540,1214,2428,368358,376,1312,206903,823,31765,5532060
202407,R2,2,0,Midwest Region,72620,72620,25073108,1897,3794,683670,650,2271,369358,1571,33702,5297763,54268,54268,19453946,1353,2706,495043,513,1839,317860,1101,29024,4453820
202407,R3,3,0,South Region,360547,360547,103442099,3825,7650,1293959,1288,4710,603757,4476,116924,17925533,283496,283496,83163096,3005,6010,950774,954,3589,462514,3615,101909,15553693
202407,R4,4,0,West Region,130875,130875,42985392,2662,5324,1010542,693,2429,494329,2213,53931,9261595,105089,105089,34717159,2174,4348,839961,540,1917,403905,1732,47487,8187104
202407,D1,1,1,New England Division,10256,10256,3960572,442,884,173965,151,506,101769,419,8787,2117966,4885,4885,2121755,276,552,108207,99,341,77037,197,6229,1739997
202407,D2,1,2,Middle Atlantic Division,25010,25010,7360993,1191,2382,327244,406,1386,180593,1301,34938,5109097,14192,14192,4283784,938,1876,260151,277,971,129866,626,25536,3792063
202407,D3,2,3,East North Central Division,44408,44408,15472457,1044,2088,404919,321,1081,200902,975,20120,3208851,32206,32206,11731052,747,1494,297164,241,828,166858,674,17170,2643556
202407,D4,2,4,West North Central Division,28212,28212,9600651,853,1706,278751,329,1190,168456,596,13582,2088912,22062,22062,7722894,606,1212,197880,272,1011,151002,427,11854,1810264
202407,D5,3,5,South Atlantic Division,202451,202451,58887725,1381,2762,580602,530,1934,284434,2659,71362,11678926,162197,162197,47577762,1160,2320,385925,422,1581,237602,2140,61480,10073219
202407,D6,3,6,East South Central Division,41070,41070,11320871,357,714,118178,173,602,86464,620,11463,1573783,31522,31522,9265142,243,486,83754,104,374,52508,455,8385,1098437
202407,D7,3,7,West South Central Division,117026,117026,33233503,2087,4174,595179,585,2174,232859,1197,34099,4672824,89777,89777,26320192,1602,3204,481095,428,1634,172404,1020,32044,4382037
202407,D8,4,8,Mountain Division,75119,75119,24559221,1090,2180,350842,349,1255,232222,894,22250,3716918,62157,62157,20404126,920,1840,297103,243,892,170320,692,19391,3304898
202407,D9,4,9,Pacific Division,55756,55756,18426171,1572,3144,659700,344,1174,262107,1319,31681,5544677,42932,42932,14313033,1254,2508,542857,297,1025,233585,1040,28096,4882206
