Survey,FIPS,FIPS,Region,Division,County,,1-unit,,,2-units,,,3-4 units,,,5+ units,,,1-unit rep,,,2-units rep,,,3-4 units rep,,, 5+units rep
Date,State,County,Code,Code,Name,Bldgs,Units,Value,Bldgs,Units,Value,Bldgs,Units,Value,Bldgs,Units,Value,Bldgs,Units,Value,Bldgs,Units,Value,Bldgs,Units,Value,Bldgs,Units,Value
 
2006,01,001,3,6,Autauga County                ,347,347,61035911,0,0,0,0,0,0,0,0,0,321,321,57566082,0,0,0,0,0,0,0,0,0
2006,01,003,3,6,Baldwin County                ,2776,2776,478261795,11,22,3151565,8,31,4348361,128,2857,635130916,2674,2674,468564237,11,22,3151565,8,31,4348361,128,2857,635130916
2006,01,005,3,6,Barbour County                ,26,26,4268664,0,0,0,0,0,0,0,0,0,24,24,4019500,0,0,0,0,0,0,0,0,0
2006,01,007,3,6,Bibb County                   ,12,12,1828432,0,0,0,0,0,0,0,0,0,12,12,1828432,0,0,0,0,0,0,0,0,0
2006,01,009,3,6,Blount County                 ,39,39,7784254,10,20,783900,0,0,0,4,32,2653000,39,39,7784254,10,20,783900,0,0,0,4,32,2653000
2006,01,011,3,6,Bullock County                ,0,0,0,0,0,0,0,0,0,1,40,2404000,0,0,0,0,0,0,0,0,0,1,40,2404000
2006,01,013,3,6,Butler County                 ,22,22,3054480,0,0,0,0,0,0,0,0,0,22,22,3054480,0,0,0,0,0,0,0,0,0
2006,01,015,3,6,Calhoun County                ,232,232,32137720,7,14,523000,6,24,540000,1,7,180000,203,203,27118621,7,14,523000,6,24,540000,1,7,180000
2006,01,017,3,6,Chambers County               ,22,22,2036074,0,0,0,0,0,0,0,0,0,11,11,733674,0,0,0,0,0,0,0,0,0
2006,01,019,3,6,Cherokee County               ,47,47,5307200,0,0,0,0,0,0,5,100,10921698,47,47,5307200,0,0,0,0,0,0,5,100,10921698
2006,01,021,3,6,Chilton County                ,105,105,14311710,0,0,0,0,0,0,4,32,950000,105,105,14311710,0,0,0,0,0,0,4,32,950000
2006,01,023,3,6,Choctaw County                ,6,6,758975,0,0,0,0,0,0,0,0,0,1,1,158975,0,0,0,0,0,0,0,0,0
2006,01,025,3,6,Clarke County                 ,20,20,2710780,0,0,0,0,0,0,1,16,1300000,19,19,2530780,0,0,0,0,0,0,1,16,1300000
2006,01,027,3,6,Clay County                   ,5,5,725000,0,0,0,0,0,0,0,0,0,5,5,725000,0,0,0,0,0,0,0,0,0
2006,01,029,3,6,Cleburne County               ,5,5,750000,0,0,0,0,0,0,3,30,1200000,5,5,750000,0,0,0,0,0,0,3,30,1200000
2006,01,031,3,6,Coffee County                 ,344,344,45139935,0,0,0,0,0,0,0,0,0,344,344,45139935,0,0,0,0,0,0,0,0,0
2006,01,033,3,6,Colbert County                ,200,200,20523721,0,0,0,0,0,0,0,0,0,194,194,19663321,0,0,0,0,0,0,0,0,0
2006,01,035,3,6,Conecuh County                ,5,5,403320,0,0,0,0,0,0,0,0,0,5,5,403320,0,0,0,0,0,0,0,0,0
2006,01,037,3,6,Coosa County                  ,0,0,0,0,0,0,0,0,0,0,0,0,0,0,0,0,0,0,0,0,0,0,0,0
2006,01,039,3,6,Covington County              ,19,19,2433790,0,0,0,0,0,0,0,0,0,19,19,2433790,0,0,0,0,0,0,0,0,0
2006,01,041,3,6,Crenshaw County               ,8,8,911100,0,0,0,0,0,0,0,0,0,8,8,911100,0,0,0,0,0,0,0,0,0
2006,01,043,3,6,Cullman County                ,82,82,6971250,1,2,80000,0,0,0,0,0,0,36,36,4463458,1,2,80000,0,0,0,0,0,0
2006,01,045,3,6,Dale County                   ,95,95,9147868,0,0,0,0,0,0,0,0,0,71,71,7873760,0,0,0,0,0,0,0,0,0
2006,01,047,3,6,Dallas County                 ,4,4,1105000,0,0,0,0,0,0,0,0,0,0,0,0,0,0,0,0,0,0,0,0,0
2006,01,049,3,6,DeKalb County                 ,85,85,10028173,0,0,0,0,0,0,5,40,1540987,59,59,7592956,0,0,0,0,0,0,5,40,1540987
2006,01,051,3,6,Elmore County                 ,310,310,54243169,0,0,0,0,0,0,0,0,0,301,301,53300169,0,0,0,0,0,0,0,0,0
2006,01,053,3,6,Escambia County               ,19,19,2264870,0,0,0,0,0,0,0,0,0,19,19,2264870,0,0,0,0,0,0,0,0,0
2006,01,055,3,6,Etowah County                 ,312,312,37821700,0,0,0,9,36,2300000,4,43,1818878,260,260,33161369,0,0,0,9,36,2300000,3,24,1200000
2006,01,057,3,6,Fayette County                ,6,6,623000,1,2,98000,1,3,100000,5,40,3814480,6,6,623000,1,2,98000,1,3,100000,5,40,3814480
2006,01,059,3,6,Franklin County               ,23,23,2891851,0,0,0,2,8,250000,0,0,0,6,6,953851,0,0,0,0,0,0,0,0,0
2006,01,061,3,6,Geneva County                 ,25,25,2188514,0,0,0,0,0,0,0,0,0,14,14,1298000,0,0,0,0,0,0,0,0,0
2006,01,063,3,6,Greene County                 ,2,2,240000,0,0,0,0,0,0,0,0,0,2,2,240000,0,0,0,0,0,0,0,0,0
2006,01,065,3,6,Hale County                   ,89,89,6675000,0,0,0,0,0,0,0,0,0,89,89,6675000,0,0,0,0,0,0,0,0,0
2006,01,067,3,6,Henry County                  ,8,8,1358000,0,0,0,0,0,0,0,0,0,8,8,1358000,0,0,0,0,0,0,0,0,0
2006,01,069,3,6,Houston County                ,665,665,60801118,2,4,400000,0,0,0,0,0,0,654,654,58066958,2,4,400000,0,0,0,0,0,0
2006,01,071,3,6,Jackson County                ,85,85,12244103,0,0,0,0,0,0,0,0,0,81,81,12028102,0,0,0,0,0,0,0,0,0
2006,01,073,3,6,Jefferson County              ,3300,3300,599069580,2,4,173344,6,21,2318247,61,1223,109071961,3216,3216,583256099,2,4,173344,6,21,2318247,61,1223,109071961
2006,01,075,3,6,Lamar County                  ,0,0,0,0,0,0,0,0,0,0,0,0,0,0,0,0,0,0,0,0,0,0,0,0
2006,01,077,3,6,Lauderdale County             ,167,167,18929830,0,0,0,0,0,0,1,8,311981,159,159,17665726,0,0,0,0,0,0,1,8,311981
2006,01,079,3,6,Lawrence County               ,3,3,240000,0,0,0,0,0,0,0,0,0,3,3,240000,0,0,0,0,0,0,0,0,0
2006,01,081,3,6,Lee County                    ,1687,1687,261687955,9,18,1216678,0,0,0,26,499,36400674,1687,1687,261687955,9,18,1216678,0,0,0,26,499,36400674
2006,01,083,3,6,Limestone County              ,241,241,40401361,0,0,0,0,0,0,0,0,0,241,241,40401361,0,0,0,0,0,0,0,0,0
2006,01,085,3,6,Lowndes County                ,3,3,375000,0,0,0,0,0,0,0,0,0,0,0,0,0,0,0,0,0,0,0,0,0
2006,01,087,3,6,Macon County                  ,25,25,2240060,0,0,0,0,0,0,0,0,0,13,13,1441000,0,0,0,0,0,0,0,0,0
2006,01,089,3,6,Madison County                ,3913,3913,420522437,0,0,0,0,0,0,30,316,12834320,3449,3449,361496698,0,0,0,0,0,0,30,316,12834320
2006,01,091,3,6,Marengo County                ,29,29,2428032,0,0,0,0,0,0,0,0,0,0,0,0,0,0,0,0,0,0,0,0,0
2006,01,093,3,6,Marion County                 ,21,21,2169000,0,0,0,0,0,0,0,0,0,21,21,2169000,0,0,0,0,0,0,0,0,0
2006,01,095,3,6,Marshall County               ,188,188,27648000,11,22,1260000,1,4,115000,9,72,3000000,188,188,27648000,11,22,1260000,1,4,115000,9,72,3000000
2006,01,097,3,6,Mobile County                 ,2316,2316,252751181,0,0,0,13,52,4727879,38,409,23265840,2181,2181,231462132,0,0,0,13,52,4727879,30,369,22015840
2006,01,099,3,6,Monroe County                 ,12,12,1770000,0,0,0,0,0,0,0,0,0,12,12,1770000,0,0,0,0,0,0,0,0,0
2006,01,101,3,6,Montgomery County             ,924,924,118370355,3,6,534000,0,0,0,0,0,0,924,924,118370355,3,6,534000,0,0,0,0,0,0
2006,01,103,3,6,Morgan County                 ,333,333,45789714,0,0,0,0,0,0,0,0,0,333,333,45789714,0,0,0,0,0,0,0,0,0
2006,01,105,3,6,Perry County                  ,0,0,0,0,0,0,0,0,0,0,0,0,0,0,0,0,0,0,0,0,0,0,0,0
2006,01,107,3,6,Pickens County                ,7,7,537333,0,0,0,0,0,0,0,0,0,0,0,0,0,0,0,0,0,0,0,0,0
2006,01,109,3,6,Pike County                   ,71,71,11148765,14,28,1315000,6,18,840000,3,16,800000,71,71,11148765,14,28,1315000,6,18,840000,3,16,800000
2006,01,111,3,6,Randolph County               ,0,0,0,0,0,0,0,0,0,0,0,0,0,0,0,0,0,0,0,0,0,0,0,0
2006,01,113,3,6,Russell County                ,477,477,59486319,0,0,0,0,0,0,12,200,7500000,477,477,59486319,0,0,0,0,0,0,12,200,7500000
2006,01,115,3,6,St. Clair County              ,610,610,71176020,5,10,400000,1,4,356610,0,0,0,610,610,71176020,5,10,400000,1,4,356610,0,0,0
2006,01,117,3,6,Shelby County                 ,2321,2321,368864806,0,0,0,0,0,0,1,24,1560000,1398,1398,212746445,0,0,0,0,0,0,1,24,1560000
2006,01,119,3,6,Sumter County                 ,5,5,757950,0,0,0,0,0,0,0,0,0,5,5,757950,0,0,0,0,0,0,0,0,0
2006,01,121,3,6,Talladega County              ,219,219,27706099,1,2,100000,0,0,0,6,108,10756000,216,216,27261766,1,2,100000,0,0,0,6,108,10756000
2006,01,123,3,6,Tallapoosa County             ,62,62,9401130,0,0,0,0,0,0,0,0,0,62,62,9401130,0,0,0,0,0,0,0,0,0
2006,01,125,3,6,Tuscaloosa County             ,1092,1092,183355737,0,0,0,0,0,0,87,1435,77965571,1002,1002,168811289,0,0,0,0,0,0,83,1381,75157957
2006,01,127,3,6,Walker County                 ,50,50,9564846,0,0,0,0,0,0,0,0,0,50,50,9564846,0,0,0,0,0,0,0,0,0
2006,01,129,3,6,Washington County             ,6,6,1293000,0,0,0,0,0,0,0,0,0,6,6,1293000,0,0,0,0,0,0,0,0,0
2006,01,131,3,6,Wilcox County                 ,0,0,0,0,0,0,0,0,0,0,0,0,0,0,0,0,0,0,0,0,0,0,0,0
2006,01,133,3,6,Winston County                ,0,0,0,0,0,0,0,0,0,0,0,0,0,0,0,0,0,0,0,0,0,0,0,0
2006,02,000,4,9,Alaska Balance of State       ,203,203,39039779,0,0,0,0,0,0,0,0,0,0,0,0,0,0,0,0,0,0,0,0,0
2006,02,013,4,9,Aleutians East Borough        ,5,5,750000,0,0,0,0,0,0,0,0,0,5,5,750000,0,0,0,0,0,0,0,0,0
2006,02,016,4,9,Aleutians West Census Area    ,9,9,882702,0,0,0,0,0,0,0,0,0,0,0,0,0,0,0,0,0,0,0,0,0
2006,02,020,4,9,Anchorage Borough             ,550,550,157997178,70,140,23415740,18,67,10217743,37,605,77757415,550,550,157997178,70,140,23415740,18,67,10217743,37,605,77757415
2006,02,050,4,9,Bethel Census Area            ,42,42,6031129,1,2,160000,0,0,0,0,0,0,0,0,0,0,0,0,0,0,0,0,0,0
2006,02,060,4,9,Bristol Bay Borough           ,11,11,1542352,1,2,450000,0,0,0,0,0,0,11,11,1542352,1,2,450000,0,0,0,0,0,0
2006,02,090,4,9,Fairbanks North Star Borough  ,300,300,58938788,25,50,6040000,3,10,810000,0,0,0,288,288,57836900,25,50,6040000,3,10,810000,0,0,0
2006,02,100,4,9,Haines Borough                ,44,44,8927000,0,0,0,0,0,0,0,0,0,44,44,8927000,0,0,0,0,0,0,0,0,0
2006,02,110,4,9,Juneau Borough                ,70,70,19444523,7,14,2179618,0,0,0,3,31,4851358,70,70,19444523,7,14,2179618,0,0,0,3,31,4851358
2006,02,122,4,9,Kenai Peninsula Borough       ,122,122,26723069,1,2,300000,11,44,4790448,0,0,0,122,122,26723069,1,2,300000,11,44,4790448,0,0,0
2006,02,130,4,9,Ketchikan Gateway Borough     ,39,39,7203190,0,0,0,0,0,0,0,0,0,39,39,7203190,0,0,0,0,0,0,0,0,0
2006,02,150,4,9,Kodiak Island Borough         ,30,30,6048726,3,6,749724,0,0,0,0,0,0,30,30,6048726,3,6,749724,0,0,0,0,0,0
2006,02,170,4,9,Matanuska-Susitna Borough     ,115,115,17803231,22,44,5128665,1,3,483247,5,64,6850721,72,72,13073231,22,44,5128665,1,3,483247,5,64,6850721
2006,02,180,4,9,Nome Census Area              ,4,4,575407,1,2,86615,0,0,0,0,0,0,4,4,575407,1,2,86615,0,0,0,0,0,0
2006,02,185,4,9,North Slope Borough           ,4,4,745272,0,0,0,0,0,0,0,0,0,4,4,745272,0,0,0,0,0,0,0,0,0
2006,02,188,4,9,Northwest Arctic Borough      ,0,0,0,0,0,0,0,0,0,0,0,0,0,0,0,0,0,0,0,0,0,0,0,0
2006,02,201,4,9,Prince of Wales-Outer Ketchika,3,3,558954,1,2,218026,0,0,0,0,0,0,3,3,558954,1,2,218026,0,0,0,0,0,0
2006,02,220,4,9,Sitka Borough                 ,24,24,5199816,4,8,701912,0,0,0,4,20,1799048,0,0,0,0,0,0,0,0,0,0,0,0
2006,02,232,4,9,Skagway-Hoonah-Angoon Census A,6,6,782790,0,0,0,2,7,730000,0,0,0,6,6,782790,0,0,0,2,7,730000,0,0,0
2006,02,261,4,9,Valdez-Cordova Census Area    ,14,14,1700587,1,2,160000,0,0,0,0,0,0,14,14,1700587,1,2,160000,0,0,0,0,0,0
2006,02,280,4,9,Wrangell-Petersburg Census Are,14,14,2276870,1,2,86900,0,0,0,0,0,0,14,14,2276870,1,2,86900,0,0,0,0,0,0
2006,02,282,4,9,Yakutat Borough               ,3,3,331500,0,0,0,0,0,0,0,0,0,0,0,0,0,0,0,0,0,0,0,0,0
2006,02,290,4,9,Yukon-Koyukuk Census Area     ,0,0,0,0,0,0,0,0,0,0,0,0,0,0,0,0,0,0,0,0,0,0,0,0
2006,04,001,4,8,Apache County                 ,198,198,26805813,0,0,0,0,0,0,4,48,2606272,97,97,13680193,0,0,0,0,0,0,4,48,2606272
2006,04,003,4,8,Cochise County                ,1032,1032,143877546,0,0,0,0,0,0,5,69,6286000,1032,1032,143877546,0,0,0,0,0,0,5,69,6286000
2006,04,005,4,8,Coconino County               ,820,820,166354252,2,4,414950,0,0,0,16,256,16783194,792,792,162201539,2,4,414950,0,0,0,16,256,16783194
2006,04,007,4,8,Gila County                   ,313,313,62216807,0,0,0,0,0,0,5,40,3706835,313,313,62216807,0,0,0,0,0,0,5,40,3706835
2006,04,009,4,8,Graham County                 ,219,219,26052944,0,0,0,4,16,860000,18,179,11065136,71,71,11509668,0,0,0,4,16,860000,18,179,11065136
2006,04,011,4,8,Greenlee County               ,3,3,410000,0,0,0,0,0,0,0,0,0,3,3,410000,0,0,0,0,0,0,0,0,0
2006,04,012,4,8,La Paz County                 ,118,118,7822459,0,0,0,0,0,0,0,0,0,41,41,5863669,0,0,0,0,0,0,0,0,0
2006,04,013,4,8,Maricopa County               ,27812,27812,5725089545,59,118,19952464,404,1337,147631238,427,6461,726884882,27748,27748,5715727879,59,118,19952464,404,1337,147631238,427,6461,726884882
2006,04,015,4,8,Mohave County                 ,2265,2265,372724394,46,92,9019616,52,190,15301317,9,145,8246244,2175,2175,359603559,46,92,9019616,52,190,15301317,9,145,8246244
2006,04,017,4,8,Navajo County                 ,1129,1129,196137390,6,12,647664,0,0,0,12,96,7235678,1058,1058,188004774,6,12,647664,0,0,0,12,96,7235678
2006,04,019,4,8,Pima County                   ,8132,8132,1468236998,52,104,8917247,28,108,7839840,8,178,12177900,8069,8069,1458687148,52,104,8917247,28,108,7839840,8,178,12177900
2006,04,021,4,8,Pinal County                  ,8470,8470,1110584637,6,12,940287,9,29,1433148,2,41,2916615,7660,7660,999219293,6,12,940287,3,11,520164,1,36,2595306
2006,04,023,4,8,Santa Cruz County             ,690,690,118790712,1,2,188028,1,3,282846,8,61,5816754,663,663,115036899,1,2,188028,1,3,282846,8,61,5816754
2006,04,025,4,8,Yavapai County                ,2869,2869,533193566,15,30,3041569,7,24,1365361,10,64,5435561,2865,2865,532593566,15,30,3041569,7,24,1365361,10,64,5435561
2006,04,027,4,8,Yuma County                   ,1563,1563,217326918,2,4,185333,2,7,299680,0,0,0,1562,1562,217229952,2,4,185333,2,7,299680,0,0,0
2006,05,001,3,7,Arkansas County               ,18,18,2943725,1,2,244790,0,0,0,1,16,683214,18,18,2943725,1,2,244790,0,0,0,1,16,683214
2006,05,003,3,7,Ashley County                 ,1,1,35000,0,0,0,0,0,0,0,0,0,1,1,35000,0,0,0,0,0,0,0,0,0
2006,05,005,3,7,Baxter County                 ,126,126,19951600,0,0,0,1,3,200000,3,15,2000000,119,119,19073600,0,0,0,1,3,200000,3,15,2000000
2006,05,007,3,7,Benton County                 ,2659,2659,362959404,139,278,33176864,26,97,9326693,73,769,45851840,2589,2589,358482014,139,278,33176864,26,97,9326693,68,706,43961840
2006,05,009,3,7,Boone County                  ,62,62,7759538,0,0,0,0,0,0,0,0,0,11,11,992000,0,0,0,0,0,0,0,0,0
2006,05,011,3,7,Bradley County                ,15,15,1140470,0,0,0,0,0,0,0,0,0,15,15,1140470,0,0,0,0,0,0,0,0,0
2006,05,013,3,7,Calhoun County                ,2,2,134000,0,0,0,0,0,0,0,0,0,0,0,0,0,0,0,0,0,0,0,0,0
2006,05,015,3,7,Carroll County                ,43,43,4594875,13,26,1103400,0,0,0,1,12,356000,43,43,4594875,13,26,1103400,0,0,0,1,12,356000
2006,05,017,3,7,Chicot County                 ,3,3,221317,0,0,0,0,0,0,0,0,0,3,3,221317,0,0,0,0,0,0,0,0,0
2006,05,019,3,7,Clark County                  ,20,20,2769641,0,0,0,0,0,0,0,0,0,15,15,1939999,0,0,0,0,0,0,0,0,0
2006,05,021,3,7,Clay County                   ,8,8,800642,0,0,0,0,0,0,0,0,0,5,5,596000,0,0,0,0,0,0,0,0,0
2006,05,023,3,7,Cleburne County               ,30,30,3780300,3,6,390000,0,0,0,0,0,0,30,30,3780300,3,6,390000,0,0,0,0,0,0
2006,05,025,3,7,Cleveland County              ,3,3,182000,0,0,0,0,0,0,0,0,0,3,3,182000,0,0,0,0,0,0,0,0,0
2006,05,027,3,7,Columbia County               ,9,9,3110000,0,0,0,0,0,0,0,0,0,9,9,3110000,0,0,0,0,0,0,0,0,0
2006,05,029,3,7,Conway County                 ,8,8,1022171,3,6,357500,0,0,0,0,0,0,0,0,0,0,0,0,0,0,0,0,0,0
2006,05,031,3,7,Craighead County              ,486,486,45819769,1,2,396000,13,49,1762160,4,96,3600000,486,486,45819769,1,2,396000,12,45,1762160,4,96,3600000
2006,05,033,3,7,Crawford County               ,160,160,21187046,9,18,1406971,3,11,733683,0,0,0,160,160,21187046,9,18,1406971,3,11,733683,0,0,0
2006,05,035,3,7,Crittenden County             ,271,271,47559862,0,0,0,1,3,300000,1,28,1300000,271,271,47559862,0,0,0,1,3,300000,1,28,1300000
2006,05,037,3,7,Cross County                  ,34,34,5736476,2,4,380000,0,0,0,0,0,0,0,0,0,0,0,0,0,0,0,0,0,0
2006,05,039,3,7,Dallas County                 ,2,2,280000,0,0,0,0,0,0,0,0,0,2,2,280000,0,0,0,0,0,0,0,0,0
2006,05,041,3,7,Desha County                  ,1,1,50000,1,2,100000,0,0,0,0,0,0,1,1,50000,1,2,100000,0,0,0,0,0,0
2006,05,043,3,7,Drew County                   ,13,13,1438400,0,0,0,0,0,0,0,0,0,13,13,1438400,0,0,0,0,0,0,0,0,0
2006,05,045,3,7,Faulkner County               ,718,718,114179437,27,54,3130000,0,0,0,5,168,8493896,718,718,114179437,27,54,3130000,0,0,0,5,168,8493896
2006,05,047,3,7,Franklin County               ,17,17,1305364,0,0,0,0,0,0,0,0,0,9,9,934180,0,0,0,0,0,0,0,0,0
2006,05,049,3,7,Fulton County                 ,0,0,0,0,0,0,0,0,0,0,0,0,0,0,0,0,0,0,0,0,0,0,0,0
2006,05,051,3,7,Garland County                ,135,135,14758507,0,0,0,0,0,0,0,0,0,0,0,0,0,0,0,0,0,0,0,0,0
2006,05,053,3,7,Grant County                  ,36,36,3035676,6,12,410000,0,0,0,0,0,0,0,0,0,0,0,0,0,0,0,0,0,0
2006,05,055,3,7,Greene County                 ,137,137,13417350,4,8,620000,6,20,695000,0,0,0,135,135,13207350,4,8,620000,6,20,695000,0,0,0
2006,05,057,3,7,Hempstead County              ,22,22,2556125,0,0,0,0,0,0,4,41,1247826,1,1,158975,0,0,0,0,0,0,0,0,0
2006,05,059,3,7,Hot Spring County             ,6,6,782002,3,6,395571,0,0,0,0,0,0,6,6,782002,3,6,395571,0,0,0,0,0,0
2006,05,061,3,7,Howard County                 ,14,14,1260587,0,0,0,0,0,0,0,0,0,3,3,250700,0,0,0,0,0,0,0,0,0
2006,05,063,3,7,Independence County           ,26,26,3269980,0,0,0,0,0,0,0,0,0,0,0,0,0,0,0,0,0,0,0,0,0
2006,05,065,3,7,Izard County                  ,43,43,4725361,0,0,0,0,0,0,0,0,0,43,43,4725361,0,0,0,0,0,0,0,0,0
2006,05,067,3,7,Jackson County                ,10,10,1118000,0,0,0,0,0,0,0,0,0,10,10,1118000,0,0,0,0,0,0,0,0,0
2006,05,069,3,7,Jefferson County              ,80,80,7665275,3,6,210000,1,3,238000,0,0,0,80,80,7665275,3,6,210000,1,3,238000,0,0,0
2006,05,071,3,7,Johnson County                ,36,36,5961245,3,6,847231,1,4,264774,1,8,496204,29,29,5052350,2,4,744425,1,4,264774,1,8,496204
2006,05,073,3,7,Lafayette County              ,0,0,0,0,0,0,0,0,0,0,0,0,0,0,0,0,0,0,0,0,0,0,0,0
2006,05,075,3,7,Lawrence County               ,11,11,1248400,0,0,0,0,0,0,0,0,0,4,4,635900,0,0,0,0,0,0,0,0,0
2006,05,077,3,7,Lee County                    ,3,3,201000,0,0,0,0,0,0,0,0,0,3,3,201000,0,0,0,0,0,0,0,0,0
2006,05,079,3,7,Lincoln County                ,9,9,668000,0,0,0,0,0,0,0,0,0,8,8,628000,0,0,0,0,0,0,0,0,0
2006,05,081,3,7,Little River County           ,11,11,1429000,0,0,0,0,0,0,0,0,0,11,11,1429000,0,0,0,0,0,0,0,0,0
2006,05,083,3,7,Logan County                  ,6,6,608000,0,0,0,0,0,0,0,0,0,6,6,608000,0,0,0,0,0,0,0,0,0
2006,05,085,3,7,Lonoke County                 ,761,761,75195540,3,6,285700,1,3,90000,8,128,7463740,761,761,75195540,3,6,285700,1,3,90000,8,128,7463740
2006,05,087,3,7,Madison County                ,6,6,470266,0,0,0,0,0,0,0,0,0,6,6,470266,0,0,0,0,0,0,0,0,0
2006,05,089,3,7,Marion County                 ,42,42,3856334,1,2,110000,0,0,0,0,0,0,2,2,235000,1,2,110000,0,0,0,0,0,0
2006,05,091,3,7,Miller County                 ,100,100,9527978,2,4,211200,0,0,0,0,0,0,100,100,9527978,2,4,211200,0,0,0,0,0,0
2006,05,093,3,7,Mississippi County            ,28,28,2707655,2,4,200000,5,16,1386667,1,5,280000,17,17,2038380,0,0,0,0,0,0,1,5,280000
2006,05,095,3,7,Monroe County                 ,1,1,87290,0,0,0,0,0,0,0,0,0,1,1,87290,0,0,0,0,0,0,0,0,0
2006,05,099,3,7,Nevada County                 ,6,6,290880,0,0,0,0,0,0,0,0,0,2,2,93600,0,0,0,0,0,0,0,0,0
2006,05,101,3,7,Newton County                 ,1,1,95000,0,0,0,0,0,0,0,0,0,1,1,95000,0,0,0,0,0,0,0,0,0
2006,05,103,3,7,Ouachita County               ,4,4,411000,0,0,0,0,0,0,0,0,0,4,4,411000,0,0,0,0,0,0,0,0,0
2006,05,105,3,7,Perry County                  ,4,4,538950,0,0,0,0,0,0,0,0,0,4,4,538950,0,0,0,0,0,0,0,0,0
2006,05,107,3,7,Phillips County               ,2,2,375300,0,0,0,0,0,0,0,0,0,0,0,0,0,0,0,0,0,0,0,0,0
2006,05,111,3,7,Poinsett County               ,43,43,5351118,2,4,350000,0,0,0,0,0,0,38,38,4620000,2,4,350000,0,0,0,0,0,0
2006,05,113,3,7,Polk County                   ,10,10,1125000,0,0,0,1,4,110000,0,0,0,10,10,1125000,0,0,0,1,4,110000,0,0,0
2006,05,115,3,7,Pope County                   ,187,187,17664001,7,14,1001000,3,10,433200,0,0,0,148,148,14966815,7,14,1001000,3,10,433200,0,0,0
2006,05,117,3,7,Prairie County                ,5,5,213975,0,0,0,0,0,0,0,0,0,5,5,213975,0,0,0,0,0,0,0,0,0
2006,05,119,3,7,Pulaski County                ,1471,1471,320096650,17,34,1632000,1,3,250000,0,0,0,1470,1470,319906650,17,34,1632000,1,3,250000,0,0,0
2006,05,121,3,7,Randolph County               ,6,6,642000,0,0,0,0,0,0,0,0,0,6,6,642000,0,0,0,0,0,0,0,0,0
2006,05,123,3,7,St. Francis County            ,17,17,1321880,0,0,0,0,0,0,0,0,0,17,17,1321880,0,0,0,0,0,0,0,0,0
2006,05,125,3,7,Saline County                 ,777,777,117083137,0,0,0,0,0,0,0,0,0,616,616,99816859,0,0,0,0,0,0,0,0,0
2006,05,127,3,7,Scott County                  ,8,8,1271801,0,0,0,0,0,0,0,0,0,8,8,1271801,0,0,0,0,0,0,0,0,0
2006,05,129,3,7,Searcy County                 ,1,1,100000,0,0,0,0,0,0,0,0,0,1,1,100000,0,0,0,0,0,0,0,0,0
2006,05,131,3,7,Sebastian County              ,352,352,42242366,38,76,4791150,4,12,400000,1,16,300000,352,352,42242366,38,76,4791150,4,12,400000,1,16,300000
2006,05,133,3,7,Sevier County                 ,13,13,904000,0,0,0,0,0,0,0,0,0,13,13,904000,0,0,0,0,0,0,0,0,0
2006,05,135,3,7,Sharp County                  ,40,40,5744800,0,0,0,0,0,0,0,0,0,40,40,5744800,0,0,0,0,0,0,0,0,0
2006,05,137,3,7,Stone County                  ,12,12,1501000,0,0,0,0,0,0,0,0,0,12,12,1501000,0,0,0,0,0,0,0,0,0
2006,05,139,3,7,Union County                  ,15,15,3365120,0,0,0,0,0,0,0,0,0,15,15,3365120,0,0,0,0,0,0,0,0,0
2006,05,141,3,7,Van Buren County              ,33,33,4830278,0,0,0,0,0,0,0,0,0,33,33,4830278,0,0,0,0,0,0,0,0,0
2006,05,143,3,7,Washington County             ,1354,1354,238049424,88,176,19944884,18,63,5726657,62,667,39707926,920,920,161436484,23,46,4949234,15,52,4789862,31,296,19632174
2006,05,145,3,7,White County                  ,166,166,18184024,7,14,625000,1,4,100000,6,64,1400000,156,156,17122774,6,12,550000,1,4,100000,6,64,1400000
2006,05,147,3,7,Woodruff County               ,7,7,743750,0,0,0,0,0,0,0,0,0,2,2,100000,0,0,0,0,0,0,0,0,0
2006,05,149,3,7,Yell County                   ,3,3,422000,0,0,0,2,8,240000,0,0,0,3,3,422000,0,0,0,2,8,240000,0,0,0
2006,06,001,4,9,Alameda County                ,1635,1635,544225334,17,34,5735976,45,159,33793225,152,4448,585425671,1606,1606,531679772,17,34,5735976,44,156,33394522,149,4433,582690346
2006,06,003,4,9,Alpine County                 ,31,31,15685261,0,0,0,0,0,0,0,0,0,31,31,15685261,0,0,0,0,0,0,0,0,0
2006,06,005,4,9,Amador County                 ,221,221,36449318,5,10,961495,1,4,600446,0,0,0,188,188,31932365,0,0,0,1,4,600446,0,0,0
2006,06,007,4,9,Butte County                  ,1189,1189,162559984,6,12,1310002,8,31,3253600,1,50,3175168,1189,1189,162559984,6,12,1310002,8,31,3253600,1,50,3175168
2006,06,009,4,9,Calaveras County              ,497,497,148699669,0,0,0,0,0,0,0,0,0,497,497,148699669,0,0,0,0,0,0,0,0,0
2006,06,011,4,9,Colusa County                 ,99,99,27108341,0,0,0,0,0,0,0,0,0,99,99,27108341,0,0,0,0,0,0,0,0,0
2006,06,013,4,9,Contra Costa County           ,3368,3368,997171441,6,12,1852296,11,41,4275858,37,801,109244193,3189,3189,958332219,6,12,1852296,9,35,3499379,25,608,91758188
2006,06,015,4,9,Del Norte County              ,37,37,7365103,0,0,0,0,0,0,0,0,0,37,37,7365103,0,0,0,0,0,0,0,0,0
2006,06,017,4,9,El Dorado County              ,969,969,301203987,12,24,2901954,1,4,526147,1,8,998364,969,969,301203987,12,24,2901954,1,4,526147,1,8,998364
2006,06,019,4,9,Fresno County                 ,3904,3904,691226638,40,80,7156334,29,106,9585322,116,1188,84225093,1284,1284,246183535,0,0,0,0,0,0,7,89,7101111
2006,06,021,4,9,Glenn County                  ,168,168,28531236,0,0,0,1,3,304814,0,0,0,168,168,28531236,0,0,0,1,3,304814,0,0,0
2006,06,023,4,9,Humboldt County               ,324,324,32856010,12,24,2061239,14,49,3149192,12,92,7289683,306,306,29832123,7,14,1493314,12,41,2582102,12,92,7289683
2006,06,025,4,9,Imperial County               ,1934,1934,314882453,7,14,851472,5,17,646334,22,238,14661674,1613,1613,273924362,5,10,617472,4,14,551231,10,144,11530294
2006,06,027,4,9,Inyo County                   ,13,13,2739682,0,0,0,0,0,0,0,0,0,13,13,2739682,0,0,0,0,0,0,0,0,0
2006,06,029,4,9,Kern County                   ,5731,5731,836735190,94,188,12891068,200,766,51672156,25,306,17176386,5355,5355,790872373,92,184,12626477,198,758,51128040,23,285,15956391
2006,06,031,4,9,Kings County                  ,755,755,119354309,6,12,915853,11,43,2928767,4,39,2077854,661,661,108983353,6,12,915853,10,40,2853498,4,39,2077854
2006,06,033,4,9,Lake County                   ,453,453,89754470,0,0,0,1,4,332384,12,111,9502601,453,453,89754470,0,0,0,1,4,332384,12,111,9502601
2006,06,035,4,9,Lassen County                 ,132,132,24409586,0,0,0,0,0,0,0,0,0,26,26,4238386,0,0,0,0,0,0,0,0,0
2006,06,037,4,9,Los Angeles County            ,9942,9942,2292966384,322,644,74479302,139,489,50568596,484,14127,1760712960,9548,9548,2190491907,304,608,71433511,103,362,44654793,399,13508,1708067501
2006,06,039,4,9,Madera County                 ,1269,1269,220107111,3,6,394258,5,20,1041998,12,81,5266824,1269,1269,220107111,3,6,394258,5,20,1041998,12,81,5266824
2006,06,041,4,9,Marin County                  ,356,356,136231902,2,4,1036824,1,3,452472,16,219,19804658,113,113,61498497,1,2,750000,0,0,0,3,49,3051067
2006,06,043,4,9,Mariposa County               ,139,139,34474065,0,0,0,0,0,0,0,0,0,139,139,34474065,0,0,0,0,0,0,0,0,0
2006,06,045,4,9,Mendocino County              ,272,272,41443489,4,8,804218,3,12,1045679,0,0,0,272,272,41443489,4,8,804218,3,12,1045679,0,0,0
2006,06,047,4,9,Merced County                 ,2136,2136,380361911,8,16,1422161,9,35,2579498,4,29,2064745,1999,1999,358635980,8,16,1422161,9,35,2579498,4,29,2064745
2006,06,049,4,9,Modoc County                  ,22,22,3843142,0,0,0,0,0,0,0,0,0,22,22,3843142,0,0,0,0,0,0,0,0,0
2006,06,051,4,9,Mono County                   ,119,119,47866300,0,0,0,0,0,0,2,31,6405722,47,47,31257040,0,0,0,0,0,0,0,0,0
2006,06,053,4,9,Monterey County               ,752,752,253138164,5,10,2233177,3,10,1380759,5,93,9741853,746,746,252000463,5,10,2233177,3,10,1380759,5,93,9741853
2006,06,055,4,9,Napa County                   ,267,267,94913596,0,0,0,1,4,76735,17,236,20595368,239,239,85806563,0,0,0,1,4,76735,17,236,20595368
2006,06,057,4,9,Nevada County                 ,467,467,107839095,10,20,2452888,12,44,6177961,13,106,13112449,467,467,107839095,10,20,2452888,12,44,6177961,13,106,13112449
2006,06,059,4,9,Orange County                 ,3744,3744,1069082745,39,78,18951735,76,265,56271935,179,4216,642968984,3650,3650,1036217003,32,64,16059802,73,256,54601407,176,4201,641116463
2006,06,061,4,9,Placer County                 ,2596,2596,648040634,10,20,3154106,8,24,3176650,26,538,42327664,2595,2595,647749181,10,20,3154106,8,24,3176650,26,538,42327664
2006,06,063,4,9,Plumas County                 ,216,216,34247223,0,0,0,0,0,0,0,0,0,216,216,34247223,0,0,0,0,0,0,0,0,0
2006,06,065,4,9,Riverside County              ,20882,20882,4388962686,169,338,31419674,106,375,43502795,277,3170,280371225,20655,20655,4349962396,169,338,31419674,106,375,43502795,275,3151,278459100
2006,06,067,4,9,Sacramento County             ,4366,4366,759855883,37,74,8230099,43,141,13973557,146,1849,138767675,4366,4366,759855883,37,74,8230099,43,141,13973557,146,1849,138767675
2006,06,069,4,9,San Benito County             ,30,30,7162149,0,0,0,0,0,0,0,0,0,30,30,7162149,0,0,0,0,0,0,0,0,0
2006,06,071,4,9,San Bernardino County         ,12616,12616,2364416976,48,96,9296148,41,154,12236701,55,458,41136722,12346,12346,2318423791,38,76,7508414,41,154,12236701,55,458,41136722
2006,06,073,4,9,San Diego County              ,4743,4743,1275547655,99,198,26947539,85,303,39623491,201,3947,438847466,4652,4652,1260748317,98,196,26809939,81,290,37705395,200,3942,438069248
2006,06,075,4,9,San Francisco County          ,95,95,17472709,25,50,5811048,16,51,4982250,37,2202,211513864,95,95,17472709,25,50,5811048,16,51,4982250,37,2202,211513864
2006,06,077,4,9,San Joaquin County            ,3461,3461,804296701,4,8,1339173,13,51,5037632,11,132,11536156,3461,3461,804296701,4,8,1339173,13,51,5037632,11,132,11536156
2006,06,079,4,9,San Luis Obispo County        ,1388,1388,268836928,36,72,10308908,17,55,6545825,19,249,29061942,1388,1388,268836928,36,72,10308908,17,55,6545825,19,249,29061942
2006,06,081,4,9,San Mateo County              ,446,446,216025891,5,10,2275486,2,6,1033640,31,543,108798103,384,384,193601483,4,8,1945049,2,6,1033640,18,477,98567808
2006,06,083,4,9,Santa Barbara County          ,690,690,192669051,9,18,2542038,14,51,6531551,7,114,15616580,678,678,190576331,9,18,2542038,14,51,6531551,7,114,15616580
2006,06,085,4,9,Santa Clara County            ,2121,2121,683722563,5,10,1409019,26,90,12302811,153,3899,533438469,2076,2076,674745991,5,10,1409019,26,90,12302811,153,3899,533438469
2006,06,087,4,9,Santa Cruz County             ,539,539,118522084,3,6,724404,5,16,1532373,13,150,11818174,358,358,86739972,3,6,724404,2,7,628161,1,15,757391
2006,06,089,4,9,Shasta County                 ,733,733,133508591,13,26,2573413,22,85,7905713,6,108,12915688,694,694,127054374,13,26,2573413,22,85,7905713,6,108,12915688
2006,06,091,4,9,Sierra County                 ,17,17,5824024,0,0,0,0,0,0,0,0,0,17,17,5824024,0,0,0,0,0,0,0,0,0
2006,06,093,4,9,Siskiyou County               ,194,194,37220781,3,6,620941,1,3,417924,0,0,0,191,191,37085781,3,6,620941,1,3,417924,0,0,0
2006,06,095,4,9,Solano County                 ,1002,1002,224314078,2,4,436980,5,19,2133578,11,180,25102866,907,907,201939088,2,4,436980,5,19,2133578,2,96,17184525
2006,06,097,4,9,Sonoma County                 ,1357,1357,342567904,43,86,10736773,1,4,446896,19,465,49754725,1357,1357,342567904,43,86,10736773,1,4,446896,19,465,49754725
2006,06,099,4,9,Stanislaus County             ,2271,2271,411518797,16,32,3071071,16,48,4578900,17,293,21618205,2010,2010,367697877,10,20,1868283,13,39,3752136,5,26,873347
2006,06,101,4,9,Sutter County                 ,318,318,64970813,1,2,183778,0,0,0,6,36,2018886,318,318,64970813,1,2,183778,0,0,0,6,36,2018886
2006,06,103,4,9,Tehama County                 ,385,385,54833738,7,14,1117252,3,9,346391,21,117,12630748,385,385,54833738,7,14,1117252,3,9,346391,21,117,12630748
2006,06,105,4,9,Trinity County                ,64,64,11509190,0,0,0,0,0,0,0,0,0,64,64,11509190,0,0,0,0,0,0,0,0,0
2006,06,107,4,9,Tulare County                 ,2815,2815,527133475,102,204,18066436,61,243,21598096,34,313,23164105,2813,2813,526990135,102,204,18066436,61,243,21598096,34,313,23164105
2006,06,109,4,9,Tuolumne County               ,222,222,49400672,0,0,0,0,0,0,0,0,0,222,222,49400672,0,0,0,0,0,0,0,0,0
2006,06,111,4,9,Ventura County                ,1426,1426,427799871,53,106,16334083,22,76,10137284,39,636,71038309,1098,1098,352489801,51,102,15885455,14,51,7095301,25,324,41834499
2006,06,113,4,9,Yolo County                   ,783,783,156482827,5,10,1355682,2,8,924674,47,463,38248761,783,783,156482827,5,10,1355682,2,8,924674,47,463,38248761
2006,06,115,4,9,Yuba County                   ,993,993,164126041,0,0,0,0,0,0,0,0,0,980,980,162440966,0,0,0,0,0,0,0,0,0
2006,08,001,4,8,Adams County                  ,2754,2754,448716208,21,42,3797706,16,49,6108618,8,63,5457218,2754,2754,448716208,21,42,3797706,16,49,6108618,8,63,5457218
2006,08,003,4,8,Alamosa County                ,51,51,6649289,0,0,0,0,0,0,0,0,0,51,51,6649289,0,0,0,0,0,0,0,0,0
2006,08,005,4,8,Arapahoe County               ,2745,2745,694521168,1,2,121788,12,39,5490998,41,748,75300882,2737,2737,687257456,1,2,121788,12,39,5490998,41,748,75300882
2006,08,007,4,8,Archuleta County              ,286,286,57299167,5,10,1367000,0,0,0,2,22,2238000,286,286,57299167,5,10,1367000,0,0,0,2,22,2238000
2006,08,009,4,8,Baca County                   ,0,0,0,0,0,0,0,0,0,0,0,0,0,0,0,0,0,0,0,0,0,0,0,0
2006,08,011,4,8,Bent County                   ,4,4,383000,0,0,0,0,0,0,0,0,0,4,4,383000,0,0,0,0,0,0,0,0,0
2006,08,013,4,8,Boulder County                ,453,453,146587285,12,24,2824137,10,31,2977567,26,238,19279783,398,398,136680429,11,22,2621430,7,22,2168767,14,125,11052433
2006,08,014,4,8,Broomfield County             ,916,916,196123943,1,2,108254,1,4,491547,1,160,13895777,916,916,196123943,1,2,108254,1,4,491547,1,160,13895777
2006,08,015,4,8,Chaffee County                ,162,162,34024095,0,0,0,0,0,0,0,0,0,162,162,34024095,0,0,0,0,0,0,0,0,0
2006,08,017,4,8,Cheyenne County               ,1,1,15000,0,0,0,0,0,0,0,0,0,1,1,15000,0,0,0,0,0,0,0,0,0
2006,08,019,4,8,Clear Creek County            ,37,37,10614819,0,0,0,0,0,0,0,0,0,34,34,10316556,0,0,0,0,0,0,0,0,0
2006,08,021,4,8,Conejos County                ,39,39,5516500,0,0,0,0,0,0,0,0,0,39,39,5516500,0,0,0,0,0,0,0,0,0
2006,08,023,4,8,Costilla County               ,20,20,3263972,0,0,0,0,0,0,0,0,0,0,0,0,0,0,0,0,0,0,0,0,0
2006,08,025,4,8,Crowley County                ,2,2,200000,0,0,0,0,0,0,0,0,0,0,0,0,0,0,0,0,0,0,0,0,0
2006,08,027,4,8,Custer County                 ,90,90,16607022,0,0,0,0,0,0,0,0,0,90,90,16607022,0,0,0,0,0,0,0,0,0
2006,08,029,4,8,Delta County                  ,146,146,18646975,1,2,172386,1,3,286968,0,0,0,146,146,18646975,1,2,172386,1,3,286968,0,0,0
2006,08,031,4,8,Denver County                 ,1800,1800,400988920,76,152,27104110,5,18,1892532,47,1882,247362117,1800,1800,400988920,76,152,27104110,5,18,1892532,47,1882,247362117
2006,08,033,4,8,Dolores County                ,5,5,918948,0,0,0,0,0,0,0,0,0,5,5,918948,0,0,0,0,0,0,0,0,0
2006,08,035,4,8,Douglas County                ,3279,3279,842190073,0,0,0,11,33,4684493,6,657,76944048,3279,3279,842190073,0,0,0,11,33,4684493,6,657,76944048
2006,08,037,4,8,Eagle County                  ,534,534,271607380,32,64,14331404,3,9,1031996,1,12,7400000,506,506,262387231,32,64,14331404,3,9,1031996,1,12,7400000
2006,08,039,4,8,Elbert County                 ,244,244,54631974,0,0,0,0,0,0,0,0,0,244,244,54631974,0,0,0,0,0,0,0,0,0
2006,08,041,4,8,El Paso County                ,4129,4129,695372697,11,22,2091731,29,109,15063280,25,164,19880088,4129,4129,695372697,11,22,2091731,29,109,15063280,25,164,19880088
2006,08,043,4,8,Fremont County                ,250,250,38916704,0,0,0,0,0,0,0,0,0,248,248,38713104,0,0,0,0,0,0,0,0,0
2006,08,045,4,8,Garfield County               ,637,637,128020001,9,18,2183300,2,6,296986,11,96,7837184,567,567,111739705,9,18,2183300,0,0,0,3,34,1994827
2006,08,047,4,8,Gilpin County                 ,77,77,10406689,0,0,0,0,0,0,0,0,0,33,33,4877492,0,0,0,0,0,0,0,0,0
2006,08,049,4,8,Grand County                  ,571,571,142713376,8,16,2150653,3,9,774599,11,239,30789680,140,140,40816668,1,2,633186,0,0,0,2,194,25821275
2006,08,051,4,8,Gunnison County               ,237,237,71326350,4,8,1057039,1,4,465770,1,8,1266439,236,236,71196350,4,8,1057039,1,4,465770,1,8,1266439
2006,08,053,4,8,Hinsdale County               ,13,13,3519983,0,0,0,0,0,0,0,0,0,13,13,3519983,0,0,0,0,0,0,0,0,0
2006,08,055,4,8,Huerfano County               ,50,50,8630707,0,0,0,0,0,0,0,0,0,50,50,8630707,0,0,0,0,0,0,0,0,0
2006,08,057,4,8,Jackson County                ,13,13,1917000,0,0,0,0,0,0,0,0,0,13,13,1917000,0,0,0,0,0,0,0,0,0
2006,08,059,4,8,Jefferson County              ,991,991,270929811,14,28,3385824,1,4,264000,35,1021,89321600,991,991,270929811,14,28,3385824,1,4,264000,35,1021,89321600
2006,08,061,4,8,Kiowa County                  ,2,2,161400,0,0,0,0,0,0,0,0,0,2,2,161400,0,0,0,0,0,0,0,0,0
2006,08,063,4,8,Kit Carson County             ,2,2,123660,0,0,0,0,0,0,0,0,0,2,2,123660,0,0,0,0,0,0,0,0,0
2006,08,065,4,8,Lake County                   ,55,55,5118960,0,0,0,0,0,0,0,0,0,0,0,0,0,0,0,0,0,0,0,0,0
2006,08,067,4,8,La Plata County               ,606,606,81189925,10,20,3922145,9,28,3550032,13,73,9543370,116,116,23692740,10,20,3922145,1,4,799000,13,73,9543370
2006,08,069,4,8,Larimer County                ,1432,1432,305415243,32,64,7539123,28,107,15367992,27,637,57329257,1432,1432,305415243,32,64,7539123,28,107,15367992,27,637,57329257
2006,08,071,4,8,Las Animas County             ,50,50,7306663,0,0,0,0,0,0,0,0,0,50,50,7306663,0,0,0,0,0,0,0,0,0
2006,08,073,4,8,Lincoln County                ,9,9,1414241,0,0,0,0,0,0,0,0,0,9,9,1414241,0,0,0,0,0,0,0,0,0
2006,08,075,4,8,Logan County                  ,39,39,5553567,0,0,0,1,3,180000,0,0,0,30,30,5292740,0,0,0,0,0,0,0,0,0
2006,08,077,4,8,Mesa County                   ,1426,1426,286769392,9,18,2791825,6,24,2816170,12,106,10219708,1426,1426,286769392,9,18,2791825,6,24,2816170,12,106,10219708
2006,08,079,4,8,Mineral County                ,24,24,989479,0,0,0,0,0,0,0,0,0,5,5,783647,0,0,0,0,0,0,0,0,0
2006,08,081,4,8,Moffat County                 ,52,52,10210000,0,0,0,0,0,0,0,0,0,52,52,10210000,0,0,0,0,0,0,0,0,0
2006,08,083,4,8,Montezuma County              ,63,63,8146500,1,2,247000,0,0,0,0,0,0,55,55,6902500,0,0,0,0,0,0,0,0,0
2006,08,085,4,8,Montrose County               ,501,501,70446635,1,2,128180,4,14,1072029,7,48,2600280,496,496,70045595,1,2,128180,3,10,952029,7,48,2600280
2006,08,087,4,8,Morgan County                 ,80,80,12093351,3,6,241304,0,0,0,0,0,0,56,56,9848428,0,0,0,0,0,0,0,0,0
2006,08,089,4,8,Otero County                  ,12,12,2443879,5,10,1244534,0,0,0,0,0,0,12,12,2443879,5,10,1244534,0,0,0,0,0,0
2006,08,091,4,8,Ouray County                  ,67,67,23690721,1,2,208746,0,0,0,0,0,0,9,9,2549670,1,2,208746,0,0,0,0,0,0
2006,08,093,4,8,Park County                   ,323,323,50452339,0,0,0,0,0,0,0,0,0,323,323,50452339,0,0,0,0,0,0,0,0,0
2006,08,095,4,8,Phillips County               ,8,8,1322000,0,0,0,0,0,0,0,0,0,8,8,1322000,0,0,0,0,0,0,0,0,0
2006,08,097,4,8,Pitkin County                 ,137,137,131192272,0,0,0,0,0,0,3,75,21203367,14,14,26242929,0,0,0,0,0,0,3,75,21203367
2006,08,099,4,8,Prowers County                ,3,3,902000,0,0,0,0,0,0,0,0,0,3,3,902000,0,0,0,0,0,0,0,0,0
2006,08,101,4,8,Pueblo County                 ,1202,1202,190481730,51,102,4576208,0,0,0,0,0,0,1202,1202,190481730,51,102,4576208,0,0,0,0,0,0
2006,08,103,4,8,Rio Blanco County             ,50,50,6893433,0,0,0,0,0,0,0,0,0,50,50,6893433,0,0,0,0,0,0,0,0,0
2006,08,105,4,8,Rio Grande County             ,63,63,13558075,0,0,0,0,0,0,0,0,0,63,63,13558075,0,0,0,0,0,0,0,0,0
2006,08,107,4,8,Routt County                  ,315,315,113457248,0,0,0,2,8,1106410,9,104,24821596,315,315,113457248,0,0,0,2,8,1106410,9,104,24821596
2006,08,109,4,8,Saguache County               ,76,76,11312361,0,0,0,0,0,0,0,0,0,74,74,11212361,0,0,0,0,0,0,0,0,0
2006,08,111,4,8,San Juan County               ,19,19,2515400,1,2,189750,0,0,0,0,0,0,0,0,0,0,0,0,0,0,0,0,0,0
2006,08,113,4,8,San Miguel County             ,85,85,95959043,6,12,7262160,3,9,11772929,5,57,18200129,53,53,43017443,2,4,1976500,0,0,0,1,5,1875000
2006,08,115,4,8,Sedgwick County               ,2,2,225000,0,0,0,0,0,0,0,0,0,1,1,150000,0,0,0,0,0,0,0,0,0
2006,08,117,4,8,Summit County                 ,361,361,198663925,0,0,0,9,36,7338471,2,48,11743197,323,323,186776214,0,0,0,9,36,7338471,0,0,0
2006,08,119,4,8,Teller County                 ,171,171,44467531,0,0,0,0,0,0,0,0,0,168,168,44200253,0,0,0,0,0,0,0,0,0
2006,08,121,4,8,Washington County             ,10,10,1464885,0,0,0,0,0,0,0,0,0,10,10,1464885,0,0,0,0,0,0,0,0,0
2006,08,123,4,8,Weld County                   ,2579,2579,530108710,12,24,2254020,5,16,2209075,13,303,43608528,2534,2534,524846205,12,24,2254020,5,16,2209075,13,303,43608528
2006,08,125,4,8,Yuma County                   ,5,5,1417103,0,0,0,0,0,0,0,0,0,5,5,1417103,0,0,0,0,0,0,0,0,0
2006,09,001,1,1,Fairfield County              ,1480,1480,679270441,54,108,9586735,3,11,1302312,17,340,30871059,1430,1430,637718329,52,104,8995902,3,11,1302312,14,314,27899126
2006,09,003,1,1,Hartford County               ,1682,1682,300995194,50,100,5716915,9,29,3120360,13,494,38039658,1614,1614,288466094,50,100,5716915,9,29,3120360,13,494,38039658
2006,09,005,1,1,Litchfield County             ,534,534,135184865,0,0,0,0,0,0,1,7,728200,397,397,104611872,0,0,0,0,0,0,1,7,728200
2006,09,007,1,1,Middlesex County              ,483,483,94851483,3,6,798890,1,4,695000,18,141,1826327,362,362,80921613,3,6,798890,1,4,695000,0,0,0
2006,09,009,1,1,New Haven County              ,1156,1156,195321607,36,72,4300630,2,7,370000,24,419,27374031,1058,1058,177960153,36,72,4300630,2,7,370000,12,187,13116235
2006,09,011,1,1,New London County             ,801,801,147583206,18,36,2888730,0,0,28000,10,169,11696048,734,734,137053960,18,36,2888730,0,0,28000,10,169,11696048
2006,09,013,1,1,Tolland County                ,532,532,105374786,4,8,670000,0,0,0,15,159,9688523,482,482,101161670,0,0,0,0,0,0,3,24,2830848
2006,09,015,1,1,Windham County                ,439,439,64096403,1,2,180000,3,12,1300000,1,5,385000,361,361,56112888,1,2,180000,3,12,1300000,1,5,385000
2006,10,001,3,5,Kent County                   ,1485,1485,217715014,1,2,220000,6,24,1914904,9,192,5284870,1440,1440,213533437,1,2,220000,6,24,1914904,9,192,5284870
2006,10,003,3,5,New Castle County             ,1409,1409,119386403,0,0,0,0,0,0,24,319,10736880,1312,1312,112148293,0,0,0,0,0,0,9,230,9092880
2006,10,005,3,5,Sussex County                 ,2121,2121,326197629,107,214,19794838,29,113,12931896,62,625,71268983,2121,2121,326197629,107,214,19794838,29,113,12931896,62,625,71268983
2006,11,001,3,5,Washington  DC                ,126,126,20358694,7,14,1320914,2,6,675556,26,1959,277161086,119,119,19335130,4,8,850000,1,3,425000,24,1778,263298569
2006,12,001,3,5,Alachua County                ,1009,1009,144852719,3,6,319656,0,0,0,68,934,65885899,952,952,137923066,3,6,319656,0,0,0,59,778,57518653
2006,12,003,3,5,Baker County                  ,226,226,30991293,0,0,0,0,0,0,0,0,0,226,226,30991293,0,0,0,0,0,0,0,0,0
2006,12,005,3,5,Bay County                    ,920,920,103162423,37,74,3666298,33,130,24847391,60,1952,247957795,853,853,94586320,36,72,3561144,33,130,24847391,60,1952,247957795
2006,12,007,3,5,Bradford County               ,124,124,9606810,0,0,0,0,0,0,0,0,0,124,124,9606810,0,0,0,0,0,0,0,0,0
2006,12,009,3,5,Brevard County                ,3967,3967,849859597,7,14,1798996,5,18,4495962,45,1045,131854017,3919,3919,839369443,7,14,1798996,5,18,4495962,42,1017,127564327
2006,12,011,3,5,Broward County                ,3550,3550,623120680,62,124,10773642,12,40,3574879,116,3002,350797235,2880,2880,534327242,60,120,10484490,6,21,2172774,93,2749,320157261
2006,12,013,3,5,Calhoun County                ,40,40,5130870,0,0,0,0,0,0,0,0,0,40,40,5130870,0,0,0,0,0,0,0,0,0
2006,12,015,3,5,Charlotte County              ,3052,3052,649789866,69,138,19010336,76,293,46421403,62,852,124835803,3052,3052,649789866,69,138,19010336,76,293,46421403,62,852,124835803
2006,12,017,3,5,Citrus County                 ,2056,2056,386727975,11,22,2417712,4,14,1921660,1,5,225388,2056,2056,386727975,11,22,2417712,4,14,1921660,1,5,225388
2006,12,019,3,5,Clay County                   ,1336,1336,271871108,54,108,4992000,2,8,1002000,57,960,77002000,1336,1336,271871108,54,108,4992000,2,8,1002000,57,960,77002000
2006,12,021,3,5,Collier County                ,2829,2829,794506214,8,16,2632000,234,920,205442665,92,1023,226193336,2829,2829,794506214,8,16,2632000,234,920,205442665,92,1023,226193336
2006,12,023,3,5,Columbia County               ,467,467,45689087,3,6,418500,0,0,0,0,0,0,256,256,25012989,3,6,418500,0,0,0,0,0,0
2006,12,027,3,5,DeSoto County                 ,167,167,29896700,10,20,655000,0,0,0,0,0,0,167,167,29896700,10,20,655000,0,0,0,0,0,0
2006,12,029,3,5,Dixie County                  ,71,71,9171694,0,0,0,0,0,0,2,12,1425000,57,57,6850377,0,0,0,0,0,0,0,0,0
2006,12,031,3,5,Duval County                  ,6450,6450,1035077471,78,156,10369328,3,11,1499124,147,3466,233690523,6450,6450,1035077471,78,156,10369328,3,11,1499124,147,3466,233690523
2006,12,033,3,5,Escambia County               ,1218,1218,205612722,31,62,7030000,2,6,452085,21,598,63328779,1218,1218,205612722,31,62,7030000,2,6,452085,21,598,63328779
2006,12,035,3,5,Flagler County                ,1499,1499,381622588,8,16,2155000,3,11,944170,14,313,106386872,1481,1481,376216346,8,16,2155000,0,0,0,13,308,103886872
2006,12,037,3,5,Franklin County               ,225,225,47274948,0,0,0,0,0,0,0,0,0,6,6,866600,0,0,0,0,0,0,0,0,0
2006,12,039,3,5,Gadsden County                ,458,458,70254486,0,0,0,0,0,0,0,0,0,458,458,70254486,0,0,0,0,0,0,0,0,0
2006,12,041,3,5,Gilchrist County              ,92,92,11776608,0,0,0,0,0,0,0,0,0,0,0,0,0,0,0,0,0,0,0,0,0
2006,12,043,3,5,Glades County                 ,73,73,10991620,0,0,0,0,0,0,0,0,0,73,73,10991620,0,0,0,0,0,0,0,0,0
2006,12,045,3,5,Gulf County                   ,235,235,44370343,0,0,0,0,0,0,0,0,0,235,235,44370343,0,0,0,0,0,0,0,0,0
2006,12,047,3,5,Hamilton County               ,40,40,4857522,0,0,0,0,0,0,0,0,0,40,40,4857522,0,0,0,0,0,0,0,0,0
2006,12,049,3,5,Hardee County                 ,216,216,19145337,0,0,0,0,0,0,0,0,0,216,216,19145337,0,0,0,0,0,0,0,0,0
2006,12,051,3,5,Hendry County                 ,282,282,38204671,1,2,52000,0,0,0,0,0,0,282,282,38204671,1,2,52000,0,0,0,0,0,0
2006,12,053,3,5,Hernando County               ,2862,2862,598401416,0,0,0,1,3,158000,33,272,17940450,2857,2857,597257099,0,0,0,1,3,158000,33,272,17940450
2006,12,055,3,5,Highlands County              ,1415,1415,244358205,14,28,3652600,1,3,668000,5,94,9043469,1413,1413,244056479,14,28,3652600,1,3,668000,1,69,7500000
2006,12,057,3,5,Hillsborough County           ,8639,8639,1452811648,114,228,30156406,57,173,21901565,106,2414,218855325,8639,8639,1452811648,114,228,30156406,57,173,21901565,106,2414,218855325
2006,12,059,3,5,Holmes County                 ,97,97,13181200,0,0,0,0,0,0,0,0,0,97,97,13181200,0,0,0,0,0,0,0,0,0
2006,12,061,3,5,Indian River County           ,2839,2839,680702042,4,8,884597,7,28,1887824,32,268,39732392,2839,2839,680702042,4,8,884597,7,28,1887824,32,268,39732392
2006,12,063,3,5,Jackson County                ,179,179,26114935,1,2,70000,0,0,0,0,0,0,179,179,26114935,1,2,70000,0,0,0,0,0,0
2006,12,065,3,5,Jefferson County              ,100,100,15143826,0,0,0,0,0,0,0,0,0,100,100,15143826,0,0,0,0,0,0,0,0,0
2006,12,067,3,5,Lafayette County              ,26,26,4430306,0,0,0,0,0,0,0,0,0,26,26,4430306,0,0,0,0,0,0,0,0,0
2006,12,069,3,5,Lake County                   ,5637,5637,907779516,14,28,3047801,0,0,0,36,444,38958358,1840,1840,403416374,13,26,2887245,0,0,0,23,298,30918307
2006,12,071,3,5,Lee County                    ,14700,14700,3042255663,44,88,8141651,35,139,21367673,312,3819,661190459,14700,14700,3042255663,44,88,8141651,35,139,21367673,312,3819,661190459
2006,12,073,3,5,Leon County                   ,1301,1301,227812426,18,36,3140684,11,38,3870000,44,514,34335115,1301,1301,227812426,18,36,3140684,11,38,3870000,44,514,34335115
2006,12,075,3,5,Levy County                   ,275,275,44932899,0,0,0,1,3,227979,0,0,0,275,275,44932899,0,0,0,1,3,227979,0,0,0
2006,12,077,3,5,Liberty County                ,22,22,2801395,0,0,0,0,0,0,0,0,0,22,22,2801395,0,0,0,0,0,0,0,0,0
2006,12,079,3,5,Madison County                ,89,89,11521892,0,0,0,0,0,0,0,0,0,77,77,11105000,0,0,0,0,0,0,0,0,0
2006,12,081,3,5,Manatee County                ,2565,2565,664696461,10,20,3065000,18,69,8945061,67,912,124431454,2564,2564,664441061,5,10,1185000,18,69,8945061,64,897,121314310
2006,12,083,3,5,Marion County                 ,6753,6753,1049298236,27,54,2747970,16,51,4124900,24,205,4057000,6753,6753,1049298236,27,54,2747970,16,51,4124900,24,205,4057000
2006,12,085,3,5,Martin County                 ,936,936,270251043,2,4,345750,1,4,2137200,2,20,5484786,936,936,270251043,2,4,345750,1,4,2137200,2,20,5484786
2006,12,086,3,5,Miami-Dade County             ,6548,6548,1109896150,255,510,51445381,55,206,21076399,335,12753,2140694789,6325,6325,1058957491,255,510,51445381,55,206,21076399,322,12404,2071015666
2006,12,087,3,5,Monroe County                 ,430,430,88600790,2,4,234276,0,0,0,4,23,4950000,204,204,54786062,0,0,0,0,0,0,2,13,4350000
2006,12,089,3,5,Nassau County                 ,986,986,221873748,0,0,0,0,0,0,31,250,36745096,985,985,221764201,0,0,0,0,0,0,31,250,36745096
2006,12,091,3,5,Okaloosa County               ,1699,1699,277494394,1,2,250000,3,11,1107000,9,78,4765024,1699,1699,277494394,1,2,250000,3,11,1107000,9,78,4765024
2006,12,093,3,5,Okeechobee County             ,202,202,20472484,0,0,0,0,0,0,0,0,0,33,33,5787823,0,0,0,0,0,0,0,0,0
2006,12,095,3,5,Orange County                 ,9527,9527,1901544799,29,58,9174979,72,267,23931737,189,4294,407142143,9527,9527,1901544799,29,58,9174979,72,267,23931737,189,4294,407142143
2006,12,097,3,5,Osceola County                ,5772,5772,1214859881,2,4,774828,49,154,21528145,93,2076,261288775,5772,5772,1214859881,2,4,774828,49,154,21528145,93,2076,261288775
2006,12,099,3,5,Palm Beach County             ,4652,4652,1259365595,15,30,7152528,22,84,15649966,185,3611,734831436,4418,4418,1146043127,14,28,5947028,20,78,14388154,171,3480,706126937
2006,12,101,3,5,Pasco County                  ,5007,5007,873526521,30,60,8536236,41,145,19608505,75,657,64819879,5007,5007,873526521,30,60,8536236,41,145,19608505,75,657,64819879
2006,12,103,3,5,Pinellas County               ,1786,1786,384841296,1,2,100000,3,9,2480778,18,383,83666123,1786,1786,384841296,1,2,100000,3,9,2480778,18,383,83666123
2006,12,105,3,5,Polk County                   ,7609,7609,954253156,19,38,2723561,9,29,3562655,100,1647,156115303,7559,7559,948315107,19,38,2723561,9,29,3562655,100,1647,156115303
2006,12,107,3,5,Putnam County                 ,282,282,38068845,0,0,0,0,0,0,3,57,4800000,32,32,4742404,0,0,0,0,0,0,3,57,4800000
2006,12,109,3,5,St. Johns County              ,2502,2502,696467194,6,12,2000000,11,44,10969804,42,452,47220379,2502,2502,696467194,6,12,2000000,11,44,10969804,42,452,47220379
2006,12,111,3,5,St. Lucie County              ,4636,4636,609250578,11,22,1079122,24,83,13134871,42,623,47387908,4594,4594,602717806,11,22,1079122,15,49,9268026,36,498,39729366
2006,12,113,3,5,Santa Rosa County             ,923,923,142140998,2,4,341814,0,0,0,0,0,0,923,923,142140998,2,4,341814,0,0,0,0,0,0
2006,12,115,3,5,Sarasota County               ,3418,3418,629064978,17,34,5153061,12,44,11081648,44,609,101008882,3418,3418,629064978,17,34,5153061,12,44,11081648,44,609,101008882
2006,12,117,3,5,Seminole County               ,2710,2710,546902978,3,6,370000,0,0,0,1,7,435007,2707,2707,546581952,3,6,370000,0,0,0,0,0,0
2006,12,119,3,5,Sumter County                 ,3558,3558,560905084,9,18,2461977,0,0,0,0,0,0,3558,3558,560905084,9,18,2461977,0,0,0,0,0,0
2006,12,121,3,5,Suwannee County               ,172,172,26628080,0,0,0,0,0,0,13,102,4377000,171,171,26567997,0,0,0,0,0,0,13,102,4377000
2006,12,123,3,5,Taylor County                 ,75,75,12277833,0,0,0,0,0,0,0,0,0,68,68,11384124,0,0,0,0,0,0,0,0,0
2006,12,125,3,5,Union County                  ,71,71,7782800,0,0,0,0,0,0,0,0,0,71,71,7782800,0,0,0,0,0,0,0,0,0
2006,12,127,3,5,Volusia County                ,2906,2906,617231624,12,24,4182018,1,4,1125151,42,881,186245934,2786,2786,599088321,12,24,4182018,1,4,1125151,24,598,158503775
2006,12,129,3,5,Wakulla County                ,571,571,76431908,0,0,0,0,0,0,0,0,0,571,571,76431908,0,0,0,0,0,0,0,0,0
2006,12,131,3,5,Walton County                 ,1032,1032,544021739,0,0,0,3,12,3570000,31,233,22154014,1032,1032,544021739,0,0,0,3,12,3570000,31,233,22154014
2006,12,133,3,5,Washington County             ,125,125,7833520,0,0,0,0,0,0,0,0,0,125,125,7833520,0,0,0,0,0,0,0,0,0
2006,13,001,3,5,Appling County                ,9,9,1000000,0,0,0,0,0,0,0,0,0,9,9,1000000,0,0,0,0,0,0,0,0,0
2006,13,003,3,5,Atkinson County               ,0,0,0,0,0,0,0,0,0,0,0,0,0,0,0,0,0,0,0,0,0,0,0,0
2006,13,005,3,5,Bacon County                  ,2,2,660000,0,0,0,0,0,0,0,0,0,2,2,660000,0,0,0,0,0,0,0,0,0
2006,13,007,3,5,Baker County                  ,0,0,0,0,0,0,0,0,0,0,0,0,0,0,0,0,0,0,0,0,0,0,0,0
2006,13,009,3,5,Baldwin County                ,192,192,20824137,27,54,2231000,5,20,2860000,14,162,7484350,37,37,3640000,27,54,2231000,5,20,2860000,14,162,7484350
2006,13,011,3,5,Banks County                  ,137,137,14533626,0,0,0,0,0,0,0,0,0,0,0,0,0,0,0,0,0,0,0,0,0
2006,13,013,3,5,Barrow County                 ,1115,1115,102687715,0,0,0,0,0,0,0,0,0,1115,1115,102687715,0,0,0,0,0,0,0,0,0
2006,13,015,3,5,Bartow County                 ,1003,1003,158008091,5,10,854534,6,24,1826086,2,16,1582256,999,999,157423197,5,10,854534,6,24,1826086,2,16,1582256
2006,13,017,3,5,Ben Hill County               ,39,39,3176615,1,2,70000,0,0,0,0,0,0,39,39,3176615,1,2,70000,0,0,0,0,0,0
2006,13,019,3,5,Berrien County                ,75,75,7697881,0,0,0,0,0,0,0,0,0,22,22,2055000,0,0,0,0,0,0,0,0,0
2006,13,021,3,5,Bibb County                   ,636,636,78670168,0,0,0,0,0,0,0,0,0,636,636,78670168,0,0,0,0,0,0,0,0,0
2006,13,023,3,5,Bleckley County               ,41,41,6486658,0,0,0,0,0,0,0,0,0,41,41,6486658,0,0,0,0,0,0,0,0,0
2006,13,025,3,5,Brantley County               ,3,3,175000,0,0,0,0,0,0,0,0,0,3,3,175000,0,0,0,0,0,0,0,0,0
2006,13,027,3,5,Brooks County                 ,8,8,1072925,0,0,0,0,0,0,0,0,0,8,8,1072925,0,0,0,0,0,0,0,0,0
2006,13,029,3,5,Bryan County                  ,550,550,99490673,0,0,0,4,13,1425000,1,5,400000,234,234,41414161,0,0,0,4,13,1425000,1,5,400000
2006,13,031,3,5,Bulloch County                ,867,867,103968159,9,18,465000,0,0,0,3,30,2500000,834,834,101355143,6,12,300000,0,0,0,1,20,2000000
2006,13,033,3,5,Burke County                  ,67,67,9714697,0,0,0,0,0,0,0,0,0,66,66,9659697,0,0,0,0,0,0,0,0,0
2006,13,035,3,5,Butts County                  ,176,176,16243126,0,0,0,0,0,0,7,35,1271746,12,12,1462000,0,0,0,0,0,0,0,0,0
2006,13,037,3,5,Calhoun County                ,1,1,148500,0,0,0,0,0,0,0,0,0,0,0,0,0,0,0,0,0,0,0,0,0
2006,13,039,3,5,Camden County                 ,619,619,103489097,0,0,0,0,0,0,0,0,0,619,619,103489097,0,0,0,0,0,0,0,0,0
2006,13,043,3,5,Candler County                ,12,12,1144000,1,2,80000,0,0,0,0,0,0,12,12,1144000,1,2,80000,0,0,0,0,0,0
2006,13,045,3,5,Carroll County                ,1397,1397,143628986,1,2,80000,0,0,0,1,6,225000,1397,1397,143628986,1,2,80000,0,0,0,1,6,225000
2006,13,047,3,5,Catoosa County                ,475,475,72743569,12,24,1847253,23,82,4851304,0,0,0,475,475,72743569,12,24,1847253,23,82,4851304,0,0,0
2006,13,049,3,5,Charlton County               ,52,52,5510776,0,0,0,0,0,0,0,0,0,19,19,2210776,0,0,0,0,0,0,0,0,0
2006,13,051,3,5,Chatham County                ,2692,2692,399764638,10,20,2343145,3,11,1538609,39,617,37881264,2222,2222,324460283,6,12,940000,1,4,500000,35,578,34819000
2006,13,053,3,5,Chattahoochee County          ,18,18,1260000,0,0,0,0,0,0,0,0,0,0,0,0,0,0,0,0,0,0,0,0,0
2006,13,055,3,5,Chattooga County              ,9,9,691520,0,0,0,0,0,0,0,0,0,9,9,691520,0,0,0,0,0,0,0,0,0
2006,13,057,3,5,Cherokee County               ,3485,3485,518353062,12,24,1286000,0,0,0,8,214,14317274,3413,3413,509018637,12,24,1286000,0,0,0,8,214,14317274
2006,13,059,3,5,Clarke County                 ,469,469,48238073,0,0,0,0,0,0,24,472,21759161,469,469,48238073,0,0,0,0,0,0,24,472,21759161
2006,13,061,3,5,Clay County                   ,15,15,2720000,0,0,0,0,0,0,0,0,0,15,15,2720000,0,0,0,0,0,0,0,0,0
2006,13,063,3,5,Clayton County                ,2217,2217,307123040,1,2,50000,1,4,100000,1,8,200000,2217,2217,307123040,1,2,50000,1,4,100000,1,8,200000
2006,13,065,3,5,Clinch County                 ,16,16,865000,0,0,0,0,0,0,0,0,0,16,16,865000,0,0,0,0,0,0,0,0,0
2006,13,067,3,5,Cobb County                   ,3346,3346,727362227,20,40,4707124,38,144,19137022,91,988,82934061,3346,3346,727362227,20,40,4707124,38,144,19137022,91,988,82934061
2006,13,069,3,5,Coffee County                 ,152,152,16892589,0,0,0,0,0,0,0,0,0,26,26,1629284,0,0,0,0,0,0,0,0,0
2006,13,071,3,5,Colquitt County               ,195,195,27210285,0,0,0,1,4,250000,3,24,1500000,40,40,4192800,0,0,0,1,4,250000,3,24,1500000
2006,13,073,3,5,Columbia County               ,1379,1379,246466871,7,14,1196000,0,0,0,0,0,0,1379,1379,246466871,7,14,1196000,0,0,0,0,0,0
2006,13,075,3,5,Cook County                   ,50,50,7708956,2,4,325824,0,0,0,0,0,0,50,50,7708956,2,4,325824,0,0,0,0,0,0
2006,13,077,3,5,Coweta County                 ,1835,1835,347844688,0,0,0,3,12,1767967,0,0,0,1795,1795,340540277,0,0,0,3,12,1767967,0,0,0
2006,13,079,3,5,Crawford County               ,123,123,10086000,0,0,0,0,0,0,0,0,0,0,0,0,0,0,0,0,0,0,0,0,0
2006,13,081,3,5,Crisp County                  ,86,86,11921969,1,2,50000,0,0,0,0,0,0,86,86,11921969,1,2,50000,0,0,0,0,0,0
2006,13,083,3,5,Dade County                   ,16,16,1792000,2,4,240000,1,3,180000,0,0,0,16,16,1792000,2,4,240000,1,3,180000,0,0,0
2006,13,085,3,5,Dawson County                 ,400,400,93918891,0,0,0,0,0,0,0,0,0,400,400,93918891,0,0,0,0,0,0,0,0,0
2006,13,087,3,5,Decatur County                ,126,126,16474371,3,6,315000,0,0,0,0,0,0,126,126,16474371,3,6,315000,0,0,0,0,0,0
2006,13,089,3,5,DeKalb County                 ,2867,2867,564642619,0,0,0,2,8,1588608,51,1471,148616776,2867,2867,564642619,0,0,0,2,8,1588608,51,1471,148616776
2006,13,091,3,5,Dodge County                  ,51,51,3766689,0,0,0,2,6,123744,0,0,0,15,15,1336689,0,0,0,2,6,123744,0,0,0
2006,13,093,3,5,Dooly County                  ,18,18,3029497,0,0,0,0,0,0,0,0,0,18,18,3029497,0,0,0,0,0,0,0,0,0
2006,13,095,3,5,Dougherty County              ,186,186,23702286,20,40,3008977,8,32,1735664,1,8,300000,186,186,23702286,20,40,3008977,8,32,1735664,1,8,300000
2006,13,097,3,5,Douglas County                ,1863,1863,155024990,0,0,0,0,0,0,0,0,0,1863,1863,155024990,0,0,0,0,0,0,0,0,0
2006,13,099,3,5,Early County                  ,28,28,3874000,0,0,0,0,0,0,0,0,0,26,26,3770000,0,0,0,0,0,0,0,0,0
2006,13,101,3,5,Echols County                 ,5,5,540150,0,0,0,0,0,0,0,0,0,5,5,540150,0,0,0,0,0,0,0,0,0
2006,13,103,3,5,Effingham County              ,951,951,125986747,0,0,0,0,0,0,0,0,0,683,683,99186747,0,0,0,0,0,0,0,0,0
2006,13,105,3,5,Elbert County                 ,114,114,6105630,2,4,240000,0,0,0,0,0,0,1,1,185000,2,4,240000,0,0,0,0,0,0
2006,13,107,3,5,Emanuel County                ,4,4,293333,0,0,0,0,0,0,4,37,3552000,0,0,0,0,0,0,0,0,0,0,0,0
2006,13,109,3,5,Evans County                  ,59,59,7928333,0,0,0,0,0,0,0,0,0,52,52,7247000,0,0,0,0,0,0,0,0,0
2006,13,111,3,5,Fannin County                 ,548,548,88379357,0,0,0,0,0,0,0,0,0,548,548,88379357,0,0,0,0,0,0,0,0,0
2006,13,113,3,5,Fayette County                ,651,651,167057086,0,0,0,0,0,0,0,0,0,651,651,167057086,0,0,0,0,0,0,0,0,0
2006,13,115,3,5,Floyd County                  ,391,391,46466566,35,70,4027800,1,4,200000,0,0,0,391,391,46466566,35,70,4027800,1,4,200000,0,0,0
2006,13,117,3,5,Forsyth County                ,4183,4183,525793423,0,0,0,2,8,566000,40,579,23974140,4183,4183,525793423,0,0,0,2,8,566000,40,579,23974140
2006,13,119,3,5,Franklin County               ,27,27,3346666,0,0,0,0,0,0,1,6,200000,15,15,1775000,0,0,0,0,0,0,1,6,200000
2006,13,121,3,5,Fulton County                 ,9491,9491,1253999861,43,86,7265371,8,24,2182097,116,9043,857990673,9375,9375,1245224551,43,86,7265371,8,24,2182097,116,9043,857990673
2006,13,123,3,5,Gilmer County                 ,673,673,105620707,0,0,0,0,0,0,1,5,333333,647,647,102226110,0,0,0,0,0,0,0,0,0
2006,13,127,3,5,Glynn County                  ,968,968,225561317,1,2,187600,0,0,0,1,12,4710500,968,968,225561317,1,2,187600,0,0,0,1,12,4710500
2006,13,129,3,5,Gordon County                 ,402,402,52462707,4,8,296000,11,42,2185000,7,85,5105000,402,402,52462707,4,8,296000,11,42,2185000,7,85,5105000
2006,13,131,3,5,Grady County                  ,100,100,15279592,0,0,0,0,0,0,7,56,4200000,100,100,15279592,0,0,0,0,0,0,7,56,4200000
2006,13,133,3,5,Greene County                 ,234,234,108439263,0,0,0,0,0,0,0,0,0,234,234,108439263,0,0,0,0,0,0,0,0,0
2006,13,135,3,5,Gwinnett County               ,7886,7886,941776272,0,0,0,5,15,947250,38,1132,72625682,7834,7834,937443386,0,0,0,5,15,947250,38,1132,72625682
2006,13,137,3,5,Habersham County              ,513,513,74981791,1,2,50000,1,4,400000,2,11,770000,492,492,74065791,1,2,50000,0,0,0,2,11,770000
2006,13,139,3,5,Hall County                   ,1702,1702,335490205,3,6,233000,15,47,5110000,7,99,3494000,1702,1702,335490205,3,6,233000,15,47,5110000,7,99,3494000
2006,13,141,3,5,Hancock County                ,72,72,11317232,0,0,0,3,9,250000,0,0,0,72,72,11317232,0,0,0,3,9,250000,0,0,0
2006,13,143,3,5,Haralson County               ,141,141,21220946,0,0,0,0,0,0,0,0,0,141,141,21220946,0,0,0,0,0,0,0,0,0
2006,13,145,3,5,Harris County                 ,430,430,99017623,0,0,0,0,0,0,0,0,0,430,430,99017623,0,0,0,0,0,0,0,0,0
2006,13,147,3,5,Hart County                   ,195,195,34456849,5,10,1511500,2,7,819000,0,0,0,195,195,34456849,5,10,1511500,2,7,819000,0,0,0
2006,13,149,3,5,Heard County                  ,38,38,5123961,0,0,0,0,0,0,0,0,0,2,2,287048,0,0,0,0,0,0,0,0,0
2006,13,151,3,5,Henry County                  ,2992,2992,542257218,2,4,603060,8,32,4679288,12,137,8065326,2543,2543,491329319,2,4,603060,8,32,4679288,1,24,1479292
2006,13,153,3,5,Houston County                ,1677,1677,226332010,0,0,0,2,8,700560,32,428,20759000,1677,1677,226332010,0,0,0,2,8,700560,32,428,20759000
2006,13,155,3,5,Irwin County                  ,0,0,0,0,0,0,0,0,0,0,0,0,0,0,0,0,0,0,0,0,0,0,0,0
2006,13,157,3,5,Jackson County                ,1378,1378,262232602,5,10,610000,0,0,0,0,0,0,1128,1128,213895921,0,0,0,0,0,0,0,0,0
2006,13,159,3,5,Jasper County                 ,156,156,16914509,0,0,0,0,0,0,0,0,0,156,156,16914509,0,0,0,0,0,0,0,0,0
2006,13,161,3,5,Jeff Davis County             ,0,0,0,0,0,0,0,0,0,0,0,0,0,0,0,0,0,0,0,0,0,0,0,0
2006,13,163,3,5,Jefferson County              ,38,38,5464983,0,0,0,0,0,0,0,0,0,36,36,5165189,0,0,0,0,0,0,0,0,0
2006,13,165,3,5,Jenkins County                ,21,21,3338477,0,0,0,0,0,0,0,0,0,21,21,3338477,0,0,0,0,0,0,0,0,0
2006,13,167,3,5,Johnson County                ,0,0,0,0,0,0,0,0,0,0,0,0,0,0,0,0,0,0,0,0,0,0,0,0
2006,13,169,3,5,Jones County                  ,237,237,42489365,1,2,135000,0,0,0,0,0,0,237,237,42489365,1,2,135000,0,0,0,0,0,0
2006,13,171,3,5,Lamar County                  ,162,162,20304682,2,4,200000,2,6,220000,0,0,0,162,162,20304682,2,4,200000,2,6,220000,0,0,0
2006,13,173,3,5,Lanier County                 ,110,110,9725000,0,0,0,2,8,350000,0,0,0,110,110,9725000,0,0,0,2,8,350000,0,0,0
2006,13,175,3,5,Laurens County                ,39,39,3703842,0,0,0,0,0,0,0,0,0,39,39,3703842,0,0,0,0,0,0,0,0,0
2006,13,177,3,5,Lee County                    ,359,359,41028358,0,0,0,0,0,0,0,0,0,0,0,0,0,0,0,0,0,0,0,0,0
2006,13,179,3,5,Liberty County                ,259,259,35217088,0,0,0,3,12,540000,0,0,0,259,259,35217088,0,0,0,3,12,540000,0,0,0
2006,13,181,3,5,Lincoln County                ,43,43,6188122,0,0,0,0,0,0,0,0,0,38,38,5423244,0,0,0,0,0,0,0,0,0
2006,13,185,3,5,Lowndes County                ,1136,1136,133414856,18,36,2982408,0,0,0,17,159,10324243,1091,1091,127614876,16,32,2655192,0,0,0,16,154,9954400
2006,13,187,3,5,Lumpkin County                ,495,495,74265359,0,0,0,0,0,0,0,0,0,466,466,63066168,0,0,0,0,0,0,0,0,0
2006,13,189,3,5,McDuffie County               ,57,57,9742000,0,0,0,0,0,0,0,0,0,57,57,9742000,0,0,0,0,0,0,0,0,0
2006,13,191,3,5,McIntosh County               ,241,241,40498455,0,0,0,0,0,0,0,0,0,52,52,16255000,0,0,0,0,0,0,0,0,0
2006,13,193,3,5,Macon County                  ,26,26,3003135,0,0,0,0,0,0,0,0,0,0,0,0,0,0,0,0,0,0,0,0,0
2006,13,195,3,5,Madison County                ,248,248,36912820,0,0,0,0,0,0,0,0,0,248,248,36912820,0,0,0,0,0,0,0,0,0
2006,13,197,3,5,Marion County                 ,0,0,0,0,0,0,0,0,0,0,0,0,0,0,0,0,0,0,0,0,0,0,0,0
2006,13,199,3,5,Meriwether County             ,130,130,18745243,0,0,0,0,0,0,0,0,0,124,124,18258643,0,0,0,0,0,0,0,0,0
2006,13,201,3,5,Miller County                 ,2,2,485000,0,0,0,0,0,0,0,0,0,2,2,485000,0,0,0,0,0,0,0,0,0
2006,13,205,3,5,Mitchell County               ,51,51,5851451,0,0,0,0,0,0,1,48,2995000,49,49,5753451,0,0,0,0,0,0,1,48,2995000
2006,13,207,3,5,Monroe County                 ,557,557,101019067,2,4,150000,0,0,0,0,0,0,310,310,64901863,2,4,150000,0,0,0,0,0,0
2006,13,209,3,5,Montgomery County             ,25,25,3974377,0,0,0,0,0,0,0,0,0,25,25,3974377,0,0,0,0,0,0,0,0,0
2006,13,211,3,5,Morgan County                 ,229,229,43174425,0,0,0,0,0,0,0,0,0,229,229,43174425,0,0,0,0,0,0,0,0,0
2006,13,213,3,5,Murray County                 ,278,278,38535060,3,6,459975,1,3,227979,2,56,2659888,278,278,38535060,3,6,459975,1,3,227979,2,56,2659888
2006,13,215,3,5,Muscogee County               ,710,710,75062667,4,8,662720,12,43,1950576,29,341,26311844,0,0,0,0,0,0,0,0,0,0,0,0
2006,13,217,3,5,Newton County                 ,1678,1678,252143677,0,0,0,0,0,0,0,0,0,1678,1678,252143677,0,0,0,0,0,0,0,0,0
2006,13,219,3,5,Oconee County                 ,534,534,142617825,4,8,280000,0,0,0,0,0,0,444,444,129294106,0,0,0,0,0,0,0,0,0
2006,13,221,3,5,Oglethorpe County             ,160,160,20709277,0,0,0,0,0,0,0,0,0,160,160,20709277,0,0,0,0,0,0,0,0,0
2006,13,223,3,5,Paulding County               ,3238,3238,507159452,0,0,0,32,128,5160000,0,0,0,3238,3238,507159452,0,0,0,32,128,5160000,0,0,0
2006,13,225,3,5,Peach County                  ,297,297,35997267,3,6,329130,3,9,505595,1,5,324330,297,297,35997267,3,6,329130,3,9,505595,1,5,324330
2006,13,227,3,5,Pickens County                ,380,380,90963015,0,0,0,0,0,0,0,0,0,380,380,90963015,0,0,0,0,0,0,0,0,0
2006,13,229,3,5,Pierce County                 ,300,300,24149681,0,0,0,0,0,0,0,0,0,300,300,24149681,0,0,0,0,0,0,0,0,0
2006,13,231,3,5,Pike County                   ,255,255,32453276,0,0,0,0,0,0,0,0,0,25,25,2622000,0,0,0,0,0,0,0,0,0
2006,13,233,3,5,Polk County                   ,203,203,24932473,1,2,100800,0,0,0,1,6,300000,203,203,24932473,1,2,100800,0,0,0,1,6,300000
2006,13,235,3,5,Pulaski County                ,28,28,3750000,0,0,0,0,0,0,0,0,0,28,28,3750000,0,0,0,0,0,0,0,0,0
2006,13,237,3,5,Putnam County                 ,444,444,84719481,0,0,0,0,0,0,0,0,0,444,444,84719481,0,0,0,0,0,0,0,0,0
2006,13,239,3,5,Quitman County                ,24,24,1920000,0,0,0,0,0,0,0,0,0,24,24,1920000,0,0,0,0,0,0,0,0,0
2006,13,241,3,5,Rabun County                  ,377,377,26483300,0,0,0,3,9,92250,1,5,211041,15,15,4225000,0,0,0,0,0,0,0,0,0
2006,13,243,3,5,Randolph County               ,0,0,0,0,0,0,0,0,0,0,0,0,0,0,0,0,0,0,0,0,0,0,0,0
2006,13,245,3,5,Richmond County               ,815,815,113683900,0,0,0,0,0,0,0,0,0,815,815,113683900,0,0,0,0,0,0,0,0,0
2006,13,247,3,5,Rockdale County               ,1010,1010,245304269,1,2,303186,6,22,2092124,0,0,0,1010,1010,245304269,1,2,303186,6,22,2092124,0,0,0
2006,13,249,3,5,Schley County                 ,7,7,820000,0,0,0,0,0,0,0,0,0,7,7,820000,0,0,0,0,0,0,0,0,0
2006,13,251,3,5,Screven County                ,41,41,3892766,0,0,0,0,0,0,0,0,0,41,41,3892766,0,0,0,0,0,0,0,0,0
2006,13,253,3,5,Seminole County               ,22,22,2649842,3,6,204000,0,0,0,0,0,0,22,22,2649842,3,6,204000,0,0,0,0,0,0
2006,13,255,3,5,Spalding County               ,511,511,62232484,0,0,0,16,51,4636958,0,0,0,511,511,62232484,0,0,0,16,51,4636958,0,0,0
2006,13,257,3,5,Stephens County               ,126,126,19857870,0,0,0,0,0,0,1,48,3455600,126,126,19857870,0,0,0,0,0,0,1,48,3455600
2006,13,259,3,5,Stewart County                ,0,0,0,0,0,0,0,0,0,0,0,0,0,0,0,0,0,0,0,0,0,0,0,0
2006,13,261,3,5,Sumter County                 ,74,74,11672127,0,0,0,0,0,0,0,0,0,63,63,10606785,0,0,0,0,0,0,0,0,0
2006,13,263,3,5,Talbot County                 ,20,20,3800000,0,0,0,0,0,0,0,0,0,20,20,3800000,0,0,0,0,0,0,0,0,0
2006,13,265,3,5,Taliaferro County             ,3,3,389527,0,0,0,0,0,0,0,0,0,0,0,0,0,0,0,0,0,0,0,0,0
2006,13,267,3,5,Tattnall County               ,108,108,14091997,0,0,0,0,0,0,0,0,0,74,74,9043000,0,0,0,0,0,0,0,0,0
2006,13,269,3,5,Taylor County                 ,36,36,3904798,0,0,0,0,0,0,0,0,0,35,35,3878302,0,0,0,0,0,0,0,0,0
2006,13,271,3,5,Telfair County                ,1,1,100000,0,0,0,0,0,0,0,0,0,1,1,100000,0,0,0,0,0,0,0,0,0
2006,13,273,3,5,Terrell County                ,34,34,2449540,0,0,0,0,0,0,0,0,0,1,1,163000,0,0,0,0,0,0,0,0,0
2006,13,275,3,5,Thomas County                 ,355,355,58869990,0,0,0,0,0,0,9,85,3992344,279,279,52244690,0,0,0,0,0,0,0,0,0
2006,13,277,3,5,Tift County                   ,145,145,16290593,0,0,0,0,0,0,0,0,0,0,0,0,0,0,0,0,0,0,0,0,0
2006,13,279,3,5,Toombs County                 ,79,79,9099000,2,4,160000,0,0,0,0,0,0,25,25,3078000,2,4,160000,0,0,0,0,0,0
2006,13,281,3,5,Towns County                  ,397,397,72695083,0,0,0,0,0,0,0,0,0,397,397,72695083,0,0,0,0,0,0,0,0,0
2006,13,283,3,5,Treutlen County               ,0,0,0,0,0,0,0,0,0,0,0,0,0,0,0,0,0,0,0,0,0,0,0,0
2006,13,285,3,5,Troup County                  ,456,456,65531640,6,12,1320000,0,0,0,0,0,0,456,456,65531640,6,12,1320000,0,0,0,0,0,0
2006,13,287,3,5,Turner County                 ,20,20,1804000,0,0,0,0,0,0,0,0,0,20,20,1804000,0,0,0,0,0,0,0,0,0
2006,13,289,3,5,Twiggs County                 ,18,18,2865000,0,0,0,0,0,0,0,0,0,18,18,2865000,0,0,0,0,0,0,0,0,0
2006,13,291,3,5,Union County                  ,485,485,75646869,0,0,0,0,0,0,0,0,0,485,485,75646869,0,0,0,0,0,0,0,0,0
2006,13,293,3,5,Upson County                  ,96,96,12884216,0,0,0,0,0,0,0,0,0,96,96,12884216,0,0,0,0,0,0,0,0,0
2006,13,295,3,5,Walker County                 ,406,406,50041852,9,18,700000,0,0,0,0,0,0,406,406,50041852,9,18,700000,0,0,0,0,0,0
2006,13,297,3,5,Walton County                 ,1321,1321,175763253,26,52,4294980,2,6,0,0,0,0,1320,1320,175653072,26,52,4294980,0,0,0,0,0,0
2006,13,299,3,5,Ware County                   ,120,120,12767065,0,0,0,0,0,0,0,0,0,0,0,0,0,0,0,0,0,0,0,0,0
2006,13,301,3,5,Warren County                 ,0,0,0,0,0,0,0,0,0,0,0,0,0,0,0,0,0,0,0,0,0,0,0,0
2006,13,303,3,5,Washington County             ,36,36,3370639,0,0,0,0,0,0,0,0,0,28,28,3245565,0,0,0,0,0,0,0,0,0
2006,13,305,3,5,Wayne County                  ,20,20,1590642,0,0,0,0,0,0,0,0,0,0,0,0,0,0,0,0,0,0,0,0,0
2006,13,309,3,5,Wheeler County                ,0,0,0,0,0,0,0,0,0,0,0,0,0,0,0,0,0,0,0,0,0,0,0,0
2006,13,311,3,5,White County                  ,344,344,45930777,1,2,153325,0,0,0,0,0,0,25,25,3974377,1,2,153325,0,0,0,0,0,0
2006,13,313,3,5,Whitfield County              ,437,437,53564619,8,16,770420,11,38,2176806,14,99,4878624,220,220,28740424,0,0,0,0,0,0,2,12,400000
2006,13,317,3,5,Wilkes County                 ,23,23,3280020,0,0,0,0,0,0,0,0,0,23,23,3280020,0,0,0,0,0,0,0,0,0
2006,13,319,3,5,Wilkinson County              ,2,2,185000,0,0,0,0,0,0,0,0,0,2,2,185000,0,0,0,0,0,0,0,0,0
2006,13,321,3,5,Worth County                  ,68,68,8471140,0,0,0,0,0,0,0,0,0,68,68,8471140,0,0,0,0,0,0,0,0,0
2006,15,001,4,9,Hawaii County                 ,2306,2306,583666210,0,0,0,26,98,28106052,21,200,33555368,1731,1731,448890540,0,0,0,20,76,20464000,7,67,7779600
2006,15,003,4,9,Honolulu County               ,1727,1727,478057450,0,0,0,0,0,0,6,879,110908964,1727,1727,478057450,0,0,0,0,0,0,6,879,110908964
2006,15,007,4,9,Kauai County                  ,556,556,214988141,0,0,0,5,20,5271500,12,346,68061400,556,556,214988141,0,0,0,5,20,5271500,12,346,68061400
2006,15,009,4,9,Maui County                   ,1008,1008,199721428,43,86,10413266,13,40,3686024,20,264,24769269,1008,1008,199721428,43,86,10413266,13,40,3686024,20,264,24769269
2006,16,001,4,8,Ada County                    ,4104,4104,956777178,33,66,7948733,100,395,27004540,12,261,20054712,4104,4104,956777178,33,66,7948733,100,395,27004540,12,261,20054712
2006,16,003,4,8,Adams County                  ,54,54,14163265,4,8,601968,2,8,463872,0,0,0,54,54,14163265,4,8,601968,2,8,463872,0,0,0
2006,16,005,4,8,Bannock County                ,607,607,69021414,19,38,2329075,6,24,1440000,1,10,900000,607,607,69021414,19,38,2329075,6,24,1440000,1,10,900000
2006,16,007,4,8,Bear Lake County              ,20,20,2613903,0,0,0,0,0,0,0,0,0,9,9,1085000,0,0,0,0,0,0,0,0,0
2006,16,009,4,8,Benewah County                ,26,26,2953161,0,0,0,0,0,0,0,0,0,1,1,160000,0,0,0,0,0,0,0,0,0
2006,16,011,4,8,Bingham County                ,213,213,26347872,0,0,0,4,16,600000,0,0,0,213,213,26347872,0,0,0,4,16,600000,0,0,0
2006,16,013,4,8,Blaine County                 ,205,205,136380012,7,14,1972494,0,0,0,4,65,17096715,184,184,114176011,7,14,1972494,0,0,0,3,52,11463382
2006,16,015,4,8,Boise County                  ,141,141,27322225,0,0,0,0,0,0,0,0,0,141,141,27322225,0,0,0,0,0,0,0,0,0
2006,16,017,4,8,Bonner County                 ,9,9,503103,0,0,0,0,0,0,1,42,13600000,0,0,0,0,0,0,0,0,0,1,42,13600000
2006,16,019,4,8,Bonneville County             ,1035,1035,90635742,5,10,380200,18,71,3034627,10,80,3399465,1035,1035,90635742,5,10,380200,17,67,3034627,10,80,3399465
2006,16,021,4,8,Boundary County               ,204,204,36835219,1,2,251725,1,4,300000,0,0,0,195,195,36029084,0,0,0,1,4,300000,0,0,0
2006,16,023,4,8,Butte County                  ,10,10,850557,0,0,0,0,0,0,0,0,0,5,5,559432,0,0,0,0,0,0,0,0,0
2006,16,025,4,8,Camas County                  ,14,14,1367215,0,0,0,0,0,0,0,0,0,14,14,1367215,0,0,0,0,0,0,0,0,0
2006,16,027,4,8,Canyon County                 ,2963,2963,467659013,17,34,2544684,38,149,7087514,0,0,0,2961,2961,467485981,17,34,2544684,38,149,7087514,0,0,0
2006,16,029,4,8,Caribou County                ,18,18,3308223,0,0,0,1,4,121886,0,0,0,18,18,3308223,0,0,0,1,4,121886,0,0,0
2006,16,031,4,8,Cassia County                 ,63,63,8689409,0,0,0,0,0,0,0,0,0,43,43,6452637,0,0,0,0,0,0,0,0,0
2006,16,033,4,8,Clark County                  ,5,5,769862,0,0,0,0,0,0,0,0,0,5,5,769862,0,0,0,0,0,0,0,0,0
2006,16,035,4,8,Clearwater County             ,33,33,2909443,0,0,0,0,0,0,0,0,0,33,33,2909443,0,0,0,0,0,0,0,0,0
2006,16,037,4,8,Custer County                 ,6,6,1281000,0,0,0,0,0,0,0,0,0,6,6,1281000,0,0,0,0,0,0,0,0,0
2006,16,039,4,8,Elmore County                 ,230,230,41226860,33,66,3466107,4,12,1370739,0,0,0,196,196,38108800,25,50,2681535,3,9,1217100,0,0,0
2006,16,041,4,8,Franklin County               ,66,66,11113954,0,0,0,0,0,0,0,0,0,66,66,11113954,0,0,0,0,0,0,0,0,0
2006,16,043,4,8,Fremont County                ,145,145,22038521,0,0,0,1,3,265413,0,0,0,145,145,22038521,0,0,0,1,3,265413,0,0,0
2006,16,045,4,8,Gem County                    ,165,165,23920343,2,4,419013,1,3,280198,0,0,0,165,165,23920343,2,4,419013,1,3,280198,0,0,0
2006,16,047,4,8,Gooding County                ,74,74,9018048,3,6,403399,0,0,0,1,5,113720,70,70,8547256,1,2,152793,0,0,0,1,5,113720
2006,16,049,4,8,Idaho County                  ,6,6,817976,0,0,0,0,0,0,0,0,0,1,1,128207,0,0,0,0,0,0,0,0,0
2006,16,051,4,8,Jefferson County              ,328,328,43122792,0,0,0,0,0,0,0,0,0,328,328,43122792,0,0,0,0,0,0,0,0,0
2006,16,053,4,8,Jerome County                 ,215,215,27245872,1,2,164445,0,0,0,0,0,0,215,215,27245872,1,2,164445,0,0,0,0,0,0
2006,16,055,4,8,Kootenai County               ,1208,1208,266468270,35,70,7353285,7,21,1858499,24,300,85925354,1144,1144,256391711,35,70,7353285,7,21,1858499,22,267,83006435
2006,16,057,4,8,Latah County                  ,120,120,22422948,24,48,6590000,6,24,1514628,9,126,9136898,120,120,22422948,24,48,6590000,6,24,1514628,9,126,9136898
2006,16,059,4,8,Lemhi County                  ,52,52,7475483,0,0,0,0,0,0,0,0,0,52,52,7475483,0,0,0,0,0,0,0,0,0
2006,16,061,4,8,Lewis County                  ,6,6,2019397,0,0,0,0,0,0,0,0,0,6,6,2019397,0,0,0,0,0,0,0,0,0
2006,16,063,4,8,Lincoln County                ,34,34,4472038,5,10,1015000,0,0,0,0,0,0,34,34,4472038,5,10,1015000,0,0,0,0,0,0
2006,16,065,4,8,Madison County                ,228,228,48372887,3,6,961750,0,0,0,0,0,0,228,228,48372887,3,6,961750,0,0,0,0,0,0
2006,16,067,4,8,Minidoka County               ,30,30,4575609,0,0,0,0,0,0,0,0,0,0,0,0,0,0,0,0,0,0,0,0,0
2006,16,069,4,8,Nez Perce County              ,83,83,14528716,6,12,2128173,0,0,0,1,32,2998128,83,83,14528716,6,12,2128173,0,0,0,1,32,2998128
2006,16,071,4,8,Oneida County                 ,12,12,1433938,0,0,0,0,0,0,0,0,0,0,0,0,0,0,0,0,0,0,0,0,0
2006,16,073,4,8,Owyhee County                 ,67,67,9869679,0,0,0,0,0,0,0,0,0,57,57,9069679,0,0,0,0,0,0,0,0,0
2006,16,075,4,8,Payette County                ,205,205,23110284,0,0,0,0,0,0,0,0,0,192,192,21540681,0,0,0,0,0,0,0,0,0
2006,16,077,4,8,Power County                  ,22,22,3072450,0,0,0,0,0,0,0,0,0,22,22,3072450,0,0,0,0,0,0,0,0,0
2006,16,079,4,8,Shoshone County               ,33,33,3219016,0,0,0,1,4,443328,3,105,7913590,33,33,3219016,0,0,0,1,4,443328,3,105,7913590
2006,16,081,4,8,Teton County                  ,382,382,79137041,6,12,1572798,3,12,2200968,3,30,3108762,382,382,79137041,6,12,1572798,3,12,2200968,3,30,3108762
2006,16,083,4,8,Twin Falls County             ,819,819,113006565,8,16,1376676,0,0,0,2,48,3233114,819,819,113006565,8,16,1376676,0,0,0,2,48,3233114
2006,16,085,4,8,Valley County                 ,434,434,80620244,3,6,1200000,0,0,0,0,0,0,326,326,63195807,0,0,0,0,0,0,0,0,0
2006,16,087,4,8,Washington County             ,95,95,16301144,1,2,116000,0,0,0,0,0,0,95,95,16301144,1,2,116000,0,0,0,0,0,0
2006,17,001,2,3,Adams County                  ,140,140,21682854,0,0,0,0,0,0,2,16,430600,140,140,21682854,0,0,0,0,0,0,2,16,430600
2006,17,003,2,3,Alexander County              ,3,3,90000,0,0,0,0,0,0,0,0,0,3,3,90000,0,0,0,0,0,0,0,0,0
2006,17,005,2,3,Bond County                   ,63,63,11789600,1,2,265000,0,0,0,0,0,0,63,63,11789600,1,2,265000,0,0,0,0,0,0
2006,17,007,2,3,Boone County                  ,407,407,76261198,1,2,205000,0,0,0,1,6,600000,279,279,59749931,0,0,0,0,0,0,1,6,600000
2006,17,009,2,3,Brown County                  ,0,0,0,0,0,0,0,0,0,0,0,0,0,0,0,0,0,0,0,0,0,0,0,0
2006,17,011,2,3,Bureau County                 ,62,62,8952560,1,2,180000,0,0,0,0,0,0,11,11,1405800,0,0,0,0,0,0,0,0,0
2006,17,013,2,3,Calhoun County                ,14,14,1790000,0,0,0,0,0,0,0,0,0,14,14,1790000,0,0,0,0,0,0,0,0,0
2006,17,015,2,3,Carroll County                ,74,74,15261392,0,0,0,0,0,0,0,0,0,74,74,15261392,0,0,0,0,0,0,0,0,0
2006,17,017,2,3,Cass 