Survey,MSA/,PMSA,,MA,,1-unit,,,2-units,,,3-4 units,,,5+ units,,,1-unit rep,,,2-units rep,,,3-4 units rep,,,5+ units rep
Date,CMSA,,,Name,Bldgs,Units,Value,Bldgs,Units,Value,Bldgs,Units,Value,Bldgs,Units,Value,Bldgs,Units,Value,Bldgs,Units,Value,Bldgs,Units,Value,Bldgs,Units,Value

8999,0040,9999, ,Abilene TX MSA,106,106,8514,0,0,0,0,0,0,0,0,0,64,64,6539,0,0,0,0,0,0,0,0,0
8999,0120,9999, ,Albany GA MSA,238,238,13468,14,28,748,4,16,236,23,146,4149,238,238,13468,14,28,748,4,16,236,23,146,4149
8999,0160,9999, ,Albany-Schenectady-Troy NY MSA,3181,3181,303086,140,280,11314,30,109,2650,70,796,31299,2965,2965,285149,140,280,11314,20,78,1964,62,731,29034
8999,0200,9999, ,Albuquerque NM MSA,1723,1723,147129,1,2,57,4,16,422,4,425,14910,1723,1723,147129,1,2,57,4,16,422,4,425,14910
8999,0220,9999, ,Alexandria LA MSA,71,71,6344,1,2,25,0,0,0,0,0,0,66,66,6118,1,2,25,0,0,0,0,0,0
8999,0240,9999, ,Allentown-Bethlehem PA-NJ MSA,2327,2327,221297,23,46,2308,13,50,4190,52,586,30479,2264,2264,217331,22,44,2267,12,47,4081,52,586,30479
8999,0280,9999, ,Altoona PA MSA,274,274,18025,1,2,22,2,7,105,6,60,1500,267,267,17765,1,2,22,0,0,0,6,60,1500
8999,0320,9999, ,Amarillo TX MSA,140,140,11981,0,0,0,0,0,0,0,0,0,106,106,10481,0,0,0,0,0,0,0,0,0
8999,0380,9999, ,Anchorage AK MSA,198,198,30554,0,0,0,0,0,0,0,0,0,198,198,30554,0,0,0,0,0,0,0,0,0
8999,0400,9999, ,Anderson IN MSA,170,170,13342,22,44,1915,0,0,0,3,30,1049,165,165,13067,22,44,1915,0,0,0,3,30,1049
8999,0405,9999, ,Anderson SC MSA,628,628,44404,9,18,560,17,65,1536,11,78,1330,624,624,44101,9,18,560,17,65,1536,11,78,1330
8999,0450,9999, ,Anniston AL MSA,164,164,10194,2,4,80,1,4,90,4,38,750,164,164,10194,2,4,80,1,4,90,4,38,750
8999,0460,9999, ,Appleton-Oshkosh-Neenah WI MSA,1211,1211,98161,91,182,7758,8,32,767,38,370,14430,977,977,78987,77,154,6459,8,32,767,29,289,12552
8999,0480,9999, ,Asheville NC MSA,818,818,74621,16,32,1271,5,18,551,5,37,1059,818,818,74621,16,32,1271,5,18,551,5,37,1059
8999,0500,9999, ,Athens GA MSA,657,657,48505,56,112,4212,11,35,1132,3,21,760,657,657,48505,56,112,4212,11,35,1132,3,21,760
8999,0520,9999, ,Atlanta GA MSA,21773,21773,1731795,268,536,17657,59,222,7075,725,10976,349777,21770,21770,1731600,266,532,17577,59,222,7075,725,10976,349777
8999,0560,9999, ,Atlantic City NJ MSA,1995,1995,154288,161,322,26062,17,61,3468,60,1029,57957,1968,1968,153293,152,304,25361,17,61,3468,51,655,26953
8999,0600,9999, ,Augusta GA-SC MSA,2630,2630,167058,17,34,2154,3,11,212,24,338,19663,2625,2625,166820,17,34,2154,3,11,212,24,338,19663
8999,0640,9999, ,Austin TX MSA,1888,1888,210895,7,14,826,0,0,0,1,8,600,1881,1881,210476,7,14,826,0,0,0,1,8,600
8999,0680,9999, ,Bakersfield CA MSA,3918,3918,347807,9,18,923,57,214,7355,18,153,5991,3918,3918,347807,9,18,923,57,214,7355,18,153,5991
8999,0720,9999, ,Baltimore MD MSA,12872,12872,1064723,0,0,0,7,28,3855,276,5006,184129,12872,12872,1064723,0,0,0,7,28,3855,276,5006,184129
8999,0730,9999, ,Bangor ME MSA,264,264,18930,3,6,242,21,83,2826,20,132,4157,254,254,18423,3,6,242,21,83,2826,16,112,3408
8999,0760,9999, ,Baton Rouge LA MSA,875,875,70484,2,4,120,1,4,146,0,0,0,875,875,70484,2,4,120,1,4,146,0,0,0
8999,0780,9999, ,Battle Creek MI MSA,159,159,11712,0,0,0,8,30,1405,8,346,9855,153,153,11342,0,0,0,8,30,1405,8,346,9855
8999,0840,9999, ,Beaumont-Port Arthur TX MSA,427,427,36430,1,2,114,0,0,0,0,0,0,422,422,36202,1,2,114,0,0,0,0,0,0
8999,0860,9999, ,Bellingham WA MSA,1009,1009,80443,33,66,3732,41,163,5023,35,476,17907,1009,1009,80443,33,66,3732,41,163,5023,35,476,17907
8999,0870,9999, ,Benton Harbor MI MSA,404,404,35556,9,18,1102,10,36,2064,1,20,1472,334,334,31138,9,18,1102,5,20,1200,1,20,1472
8999,0880,9999, ,Billings MT MSA,83,83,7867,0,0,0,0,0,0,0,0,0,79,79,7687,0,0,0,0,0,0,0,0,0
8999,0920,9999, ,Biloxi-Gulfport MS MSA,575,575,32512,2,4,153,0,0,0,6,88,2181,573,573,32445,2,4,153,0,0,0,6,88,2181
8999,0960,9999, ,Binghamton NY MSA,565,565,50890,14,28,1150,2,8,180,4,68,1577,563,563,50775,13,26,1080,2,8,180,4,68,1577
8999,1000,9999, ,Birmingham AL MSA,2367,2367,197945,2,4,160,24,90,2532,20,266,11075,2214,2214,186666,2,4,160,24,90,2532,20,266,11075
8999,1010,9999, ,Bismarck ND MSA,230,230,19736,0,0,0,2,8,185,7,145,5293,229,229,19636,0,0,0,2,8,185,7,145,5293
8999,1020,9999, ,Bloomington IN MSA,436,436,41873,13,26,1610,2,7,288,16,321,9630,436,436,41873,13,26,1610,2,7,288,16,321,9630
8999,1040,9999, ,Bloomington-Normal IL MSA,470,470,34046,12,24,1051,1,3,92,18,231,5867,470,470,34046,12,24,1051,1,3,92,18,231,5867
8999,1080,9999, ,Boise City ID MSA,1585,1585,130107,26,52,2064,45,175,4760,66,450,13310,1585,1585,130107,26,52,2064,45,175,4760,66,450,13310
8999,1122,1120, ,Boston MA PMSA,4254,4254,495980,210,420,23737,55,182,12782,193,2391,141208,3193,3193,414115,172,344,20533,43,146,11534,91,1697,107670
8999,1122,1200, ,Brockton MA PMSA,381,381,34580,54,108,6436,3,9,360,1,54,1075,346,346,32468,54,108,6436,3,9,360,1,54,1075
8999,1122,4160, ,Lawrence-Haverhill MA-NH PMSA,1170,1170,120473,132,264,11572,6,21,1993,28,397,16669,1006,1006,105516,94,188,7856,4,15,1639,19,351,14775
8999,1122,4560, ,Lowell MA-NH PMSA,668,668,67370,17,34,1982,0,0,0,13,186,6722,574,574,53279,17,34,1982,0,0,0,13,186,6722
8999,1122,5350, ,Nashua NH PMSA,602,602,59844,44,88,3828,19,67,2943,6,168,6929,527,527,54463,19,38,1978,10,38,1557,6,168,6929
8999,1122,7090, ,Salem-Gloucester MA PMSA,468,468,53877,21,42,3073,1,4,163,5,55,3146,336,336,44179,21,42,3073,1,4,163,5,55,3146
8999,1140,9999, ,Bradenton FL MSA,1242,1242,67186,70,140,7703,15,59,1830,90,1099,64122,1242,1242,67186,70,140,7703,15,59,1830,90,1099,64122
8999,1150,9999, ,Bremerton WA MSA,1347,1347,72137,22,44,1274,19,62,2247,30,370,7665,1289,1289,68345,20,40,1163,19,62,2247,30,370,7665
8999,1240,9999, ,Brownsville-Harlingen TX MSA,547,547,21827,4,8,160,2,8,191,4,43,1399,486,486,20052,4,8,160,2,8,191,4,43,1399
8999,1260,9999, ,Bryan-College Station TX MSA,219,219,21135,0,0,0,1,4,100,0,0,0,219,219,21135,0,0,0,1,4,100,0,0,0
8999,1282,1280, ,Buffalo NY PMSA,2701,2701,272016,102,204,10256,21,82,3830,23,375,18868,2692,2692,271528,102,204,10256,21,82,3830,23,375,18868
8999,1282,5700, ,Niagara Falls NY PMSA,642,642,53665,22,44,1965,19,71,2476,35,530,11097,642,642,53665,22,44,1965,19,71,2476,35,530,11097
8999,1300,9999, ,Burlington NC MSA,451,451,29436,18,36,2893,0,0,0,7,82,2189,451,451,29436,18,36,2893,0,0,0,7,82,2189
8999,1305,9999, ,Burlington VT MSA,529,529,55024,26,52,2198,36,140,7539,19,103,4047,489,489,52531,23,46,2068,36,140,7539,19,103,4047
8999,1320,9999, ,Canton OH MSA,738,738,74787,25,50,2243,3,11,600,12,171,4938,735,735,74611,25,50,2243,3,11,600,12,171,4938
8999,1350,9999, ,Casper WY MSA,12,12,1046,0,0,0,0,0,0,0,0,0,12,12,1046,0,0,0,0,0,0,0,0,0
8999,1360,9999, ,Cedar Rapids IA MSA,534,534,38863,5,10,812,37,148,5826,29,389,12173,526,526,38368,5,10,812,37,148,5826,29,389,12173
8999,1400,9999, ,Champaign-Urbana-Rantoul IL MSA,222,222,18674,11,22,1620,7,26,2933,23,352,14251,207,207,17749,11,22,1620,7,26,2933,23,352,14251
8999,1440,9999, ,Charleston SC MSA,2430,2430,180067,31,62,5011,17,62,2587,9,49,1069,2193,2193,165909,29,58,4792,17,62,2587,1,5,185
8999,1480,9999, ,Charleston WV MSA,134,134,11281,0,0,0,2,6,248,4,20,204,119,119,10601,0,0,0,0,0,0,0,0,0
8999,1520,9999, ,Charlotte-Gastonia-Rock Hill NC-SC MSA,8042,8042,621220,77,154,5828,24,85,2327,423,5792,115457,7990,7990,618057,76,152,5776,24,85,2327,420,5772,115009
8999,1540,9999, ,Charlottesville VA MSA,1037,1037,97830,27,54,2728,20,75,4244,48,621,30192,1037,1037,97830,27,54,2728,20,75,4244,48,621,30192
8999,1560,9999, ,Chattanooga TN-GA MSA,1535,1535,105370,25,50,1427,3,12,290,34,371,6929,1396,1396,99804,22,44,1307,3,12,290,26,311,4946
8999,1580,9999, ,Cheyenne WY MSA,100,100,8523,0,0,0,5,20,706,0,0,0,100,100,8523,0,0,0,5,20,706,0,0,0
8999,1602,0620, ,Aurora-Elgin IL PMSA,3289,3289,393341,29,58,3724,50,198,13935,32,279,10510,3273,3273,391345,28,56,3653,50,198,13935,32,279,10510
8999,1602,1600, ,Chicago IL PMSA,13051,13051,1492245,229,458,24606,195,726,56357,371,6684,329689,12725,12725,1465147,228,456,24506,188,704,55860,358,6572,326710
8999,1602,2960, ,Gary-Hammond IN PMSA,2053,2053,209463,28,56,3185,16,63,2246,30,466,14086,2038,2038,208525,28,56,3185,16,63,2246,30,466,14086
8999,1602,3690, ,Joliet IL PMSA,2649,2649,244189,31,62,3409,3,12,893,8,101,3229,2587,2587,238305,31,62,3409,3,12,893,8,101,3229
8999,1602,3800, ,Kenosha WI PMSA,503,503,42298,11,22,1435,2,8,580,19,457,18000,503,503,42298,11,22,1435,2,8,580,19,457,18000
8999,1602,3965, ,Lake County IL PMSA,3750,3750,488711,40,80,3947,29,109,5393,28,454,16177,3671,3671,482082,40,80,3947,25,97,5066,18,390,14933
8999,1620,9999, ,Chico CA MSA,1481,1481,120906,71,142,9927,26,96,5569,26,230,8206,1446,1446,118147,71,142,9927,26,96,5569,26,230,8206
8999,1642,1640, ,Cincinnati OH-KY-IN PMSA,5381,5381,489794,68,136,6438,30,111,5155,176,1940,55840,5114,5114,474015,66,132,6277,26,99,4800,163,1823,53261
8999,1642,3200, ,Hamilton-Middletown OH PMSA,1365,1365,90427,35,70,2145,28,102,5282,36,442,15062,1268,1268,84439,34,68,2102,28,102,5282,35,437,14868
8999,1660,9999, ,Clarksville-Hopkinsville TN-KY MSA,951,951,49151,14,28,580,15,58,1507,17,283,6017,951,951,49151,14,28,580,15,58,1507,17,283,6017
8999,1692,0080, ,Akron OH PMSA,2125,2125,214342,28,56,2689,29,106,6295,58,860,27323,2125,2125,214342,27,54,2659,29,106,6295,58,860,27323
8999,1692,1680, ,Cleveland OH PMSA,4028,4028,517285,62,124,8733,28,99,6945,152,2735,96678,3740,3740,486697,61,122,8636,26,93,6688,144,2686,95505
8999,1692,4440, ,Lorain-Elyria OH PMSA,869,869,100754,34,68,3366,3,11,1579,3,67,3215,835,835,98248,34,68,3366,3,11,1579,3,67,3215
8999,1720,9999, ,Colorado Springs CO MSA,861,861,82372,1,2,50,1,4,188,1,10,597,861,861,82372,1,2,50,1,4,188,1,10,597
8999,1740,9999, ,Columbia MO MSA,596,596,48637,64,128,5091,14,54,2299,17,250,7128,596,596,48637,64,128,5091,14,54,2299,17,250,7128
8999,1760,9999, ,Columbia SC MSA,1906,1906,142882,1,2,48,5,20,530,35,540,14506,1904,1904,142817,1,2,48,5,20,530,35,540,14506
8999,1800,9999, ,Columbus GA-AL MSA,639,639,32682,3,6,205,3,12,130,4,147,1850,639,639,32682,3,6,205,3,12,130,4,147,1850
8999,1840,9999, ,Columbus OH MSA,6185,6185,579347,156,312,20708,84,323,14465,408,3588,90704,5834,5834,539372,152,304,20202,79,303,13291,408,3588,90704
8999,1880,9999, ,Corpus Christi TX MSA,571,571,39533,0,0,0,0,0,0,10,209,7207,556,556,38891,0,0,0,0,0,0,10,209,7207
8999,1900,9999, ,Cumberland MD-WV MSA,259,259,14103,1,2,30,6,24,900,3,53,2307,248,248,13795,1,2,30,6,24,900,0,0,0
8999,1922,1920, ,Dallas TX PMSA,9065,9065,944205,11,22,1050,10,34,719,27,482,11681,8972,8972,932264,11,22,1050,8,28,566,16,427,10922
8999,1922,2800, ,Fort Worth-Arlington TX PMSA,4967,4967,490358,4,8,360,0,0,0,7,101,2382,4824,4824,475383,4,8,360,0,0,0,6,96,2200
8999,1950,9999, ,Danville VA MSA,293,293,18740,1,2,25,1,4,80,0,0,0,293,293,18740,1,2,25,1,4,80,0,0,0
8999,1960,9999, ,Davenport-Rock Island-Moline IA-IL MSA,485,485,47031,5,10,598,2,6,299,1,100,4104,466,466,44830,2,4,192,0,0,0,1,100,4104
8999,2000,9999, ,Dayton-Springfield OH MSA,2288,2288,197986,29,58,2749,14,51,1910,18,274,11342,2274,2274,196570,29,58,2749,14,51,1910,18,274,11342
8999,2020,9999, ,Daytona Beach FL MSA,4223,4223,314859,19,38,2498,9,32,2182,52,773,35140,4223,4223,314859,19,38,2498,9,32,2182,52,773,35140
8999,2030,9999, ,Decatur Al MSA,432,432,17571,3,6,102,15,56,987,12,132,1856,223,223,9299,2,4,71,7,28,515,10,122,1706
8999,2040,9999, ,Decatur IL MSA,179,179,16260,0,0,0,0,0,0,0,0,0,175,175,15969,0,0,0,0,0,0,0,0,0
8999,2082,1125, ,Boulder-Longmont CO PMSA,879,879,103755,5,10,398,0,0,0,16,254,8366,879,879,103755,5,10,398,0,0,0,16,254,8366
8999,2082,2080, ,Denver CO PMSA,3739,3739,424486,13,26,1693,10,38,3196,90,1011,35059,3731,3731,423980,13,26,1693,10,38,3196,90,1011,35059
8999,2120,9999, ,Des Moines IA MSA,1655,1655,132146,14,28,1203,17,68,3014,47,661,22541,1640,1640,131482,14,28,1203,17,68,3014,47,661,22541
8999,2162,0440, ,Ann Arbor MI PMSA,1024,1024,108996,24,48,3206,19,60,5123,63,760,28379,823,823,82415,11,22,1535,16,51,4656,24,282,8417
8999,2162,2160, ,Detroit MI PMSA,13412,13412,1221353,112,224,11463,200,742,33625,358,6069,202435,13233,13233,1208635,112,224,11463,193,721,32850,337,5931,198076
8999,2180,9999, ,Dothan AL MSA,300,300,16695,1,2,48,1,4,80,1,12,240,299,299,16644,1,2,48,1,4,80,1,12,240
8999,2200,9999, ,Dubuque IA MSA,211,211,17596,0,0,0,2,8,434,3,27,554,211,211,17596,0,0,0,2,8,434,3,27,554
8999,2240,9999, ,Duluth MN-WI MSA,497,497,31556,10,20,1145,1,4,135,8,98,2977,482,482,30468,7,14,856,1,4,135,8,98,2977
8999,2290,9999, ,Eau Claire WI MSA,363,363,29819,11,22,1722,9,36,1270,3,22,684,362,362,29731,11,22,1722,9,36,1270,3,22,684
8999,2320,9999, ,El Paso TX MSA,1598,1598,91534,23,46,1542,3,12,325,3,50,642,1596,1596,91493,23,46,1542,3,12,325,3,50,642
8999,2330,9999, ,Elkhart-Goshen IN MSA,829,829,62743,21,42,1649,25,96,3170,9,76,2500,829,829,62743,21,42,1649,25,96,3170,9,76,2500
8999,2335,9999, ,Elmira NY MSA,130,130,12890,1,2,65,1,4,125,1,24,760,112,112,11826,1,2,65,1,4,125,1,24,760
8999,2340,9999, ,Enid OK MSA,12,12,1288,3,6,300,0,0,0,0,0,0,12,12,1288,3,6,300,0,0,0,0,0,0
8999,2360,9999, ,Erie PA MSA,546,546,34692,5,10,678,17,59,1547,17,316,13514,511,511,33353,5,10,678,17,59,1547,17,316,13514
8999,2400,9999, ,Eugene-Springfield OR MSA,800,800,71924,12,24,989,5,18,717,40,373,12419,800,800,71924,12,24,989,5,18,717,40,373,12419
8999,2440,9999, ,Evansville IN-KY MSA,799,799,60350,8,16,739,1,3,100,3,26,540,792,792,59990,8,16,739,1,3,100,1,16,280
8999,2520,9999, ,Fargo-Moorhead ND-MN MSA,420,420,36013,17,34,1761,2,6,440,37,1019,22329,420,420,36013,17,34,1761,2,6,440,37,1019,22329
8999,2560,9999, ,Fayetteville NC MSA,1051,1051,56173,2,4,74,11,42,727,20,427,7866,1051,1051,56173,2,4,74,11,42,727,20,427,7866
8999,2580,9999, ,Fayetteville-Springdale AR MSA,375,375,20052,73,146,4205,2,8,140,18,224,3499,375,375,20052,73,146,4205,2,8,140,18,224,3499
8999,2600,9999, ,Fitchburg-Leominster MA MSA,314,314,25265,1,2,125,15,54,2076,21,217,8447,163,163,14046,1,2,125,7,28,1110,4,54,1545
8999,2640,9999, ,Flint MI MSA,800,800,63414,8,16,803,6,23,1081,31,523,13805,798,798,63292,8,16,803,6,23,1081,31,523,13805
8999,2650,9999, ,Florence AL MSA,180,180,9995,5,10,134,0,0,0,18,184,3342,162,162,9382,5,10,134,0,0,0,18,184,3342
8999,2655,9999, ,Florence SC MSA,518,518,33997,0,0,0,2,7,65,11,90,2578,511,511,33469,0,0,0,2,7,65,10,83,2435
8999,2670,9999, ,Fort Collins-Loveland CO MSA,1011,1011,77221,18,36,1745,1,3,152,3,23,793,990,990,75973,18,36,1745,0,0,0,2,18,550
8999,2700,9999, ,Fort Myers-Cape Coral FL MSA,4446,4446,299849,131,262,13138,73,285,14914,192,2657,112588,4446,4446,299849,131,262,13138,73,285,14914,192,2657,112588
8999,2710,9999, ,Fort Pierce FL MSA,4585,4585,307839,40,80,3892,100,383,18627,48,494,21496,4584,4584,307740,40,80,3892,100,383,18627,48,494,21496
8999,2720,9999, ,Fort Smith AR-OK MSA,356,356,21456,4,8,381,2,7,190,0,0,0,355,355,21416,4,8,381,2,7,190,0,0,0
8999,2750,9999, ,Fort Walton Beach FL MSA,1287,1287,63698,1,2,84,4,13,395,5,58,2038,292,292,16864,0,0,0,2,7,240,3,44,1596
8999,2760,9999, ,Fort Wayne IN MSA,1614,1614,172657,57,114,4416,0,0,0,40,728,21247,1582,1582,170704,25,50,2039,0,0,0,36,708,21077
8999,2840,9999, ,Fresno CA MSA,4830,4830,395356,53,106,4102,115,440,14494,193,1728,57296,4830,4830,395356,53,106,4102,115,440,14494,193,1728,57296
8999,2880,9999, ,Gadsden AL MSA,131,131,6801,0,0,0,0,0,0,0,0,0,87,87,4783,0,0,0,0,0,0,0,0,0
8999,2900,9999, ,Gainesville FL MSA,1033,1033,53383,3,6,121,15,53,1210,39,523,12336,1033,1033,53383,3,6,121,15,53,1210,39,523,12336
8999,2975,9999, ,Glens Falls NY MSA,795,795,62015,23,46,2327,7,27,1023,2,49,930,788,788,61648,22,44,2287,7,27,1023,2,49,930
8999,2985,9999, ,Grand Forks ND MSA,104,104,8672,2,4,186,3,12,470,3,124,2550,102,102,8539,1,2,106,3,12,470,3,124,2550
8999,3000,9999, ,Grand Rapids MI MSA,3536,3536,306184,79,158,7330,67,265,12964,111,1759,53127,3534,3534,306092,79,158,7330,67,265,12964,111,1759,53127
8999,3040,9999, ,Great Falls MT MSA,78,78,7890,0,0,0,0,0,0,0,0,0,78,78,7890,0,0,0,0,0,0,0,0,0
8999,3060,9999, ,Greeley CO MSA,250,250,19507,2,4,379,5,20,499,0,0,0,239,239,18898,2,4,379,5,20,499,0,0,0
8999,3080,9999, ,Green Bay WI MSA,754,754,67488,70,140,6985,8,32,1052,27,490,12154,542,542,50860,68,136,6821,7,28,972,22,464,11582
8999,3120,9999, ,Greensboro--Winston-Salem--High Point NC MSA,5001,5001,357965,57,114,3108,25,94,2672,116,1163,31497,4868,4868,348000,56,112,3048,25,94,2672,116,1163,31497
8999,3160,9999, ,Greenville-Spartanburg SC MSA,2840,2840,203831,41,82,3186,6,22,718,88,1153,31252,2814,2814,201392,41,82,3186,5,19,547,80,1102,29508
8999,3180,9999, ,Hagerstown MD MSA,690,690,52900,24,48,1474,1,4,95,12,120,3520,687,687,52845,24,48,1474,1,4,95,12,120,3520
8999,3240,9999, ,Harrisburg-Lebanon-Carlisle PA MSA,2773,2773,202836,8,16,592,3,12,455,38,456,18614,2426,2426,182114,5,10,547,3,12,455,22,323,13010
8999,3282,1170, ,Bristol CT PMSA,292,292,25875,1,2,80,4,14,640,18,313,13000,292,292,25875,1,2,80,4,14,640,18,313,13000
8999,3282,3280, ,Hartford CT PMSA,1582,1582,168430,30,60,3479,6,20,983,59,1645,36876,1582,1582,168430,30,60,3479,6,20,983,59,1645,36876
8999,3282,5020, ,Middletown CT PMSA,226,226,18772,14,28,1525,1,4,162,5,89,4775,226,226,18772,14,28,1525,1,4,162,5,89,4775
8999,3282,5440, ,New Britain CT PMSA,297,297,20151,27,54,1379,4,14,455,4,31,725,297,297,20151,27,54,1379,4,14,455,4,31,725
8999,3290,9999, ,Hickory NC MSA,871,871,58358,15,30,906,11,42,881,30,227,5179,845,845,56096,11,22,572,10,39,881,27,200,4724
8999,3320,9999, ,Honolulu HI MSA,1582,1582,190438,57,114,10309,35,140,6198,115,1622,167358,1582,1582,190438,57,114,10309,35,140,6198,115,1622,167358
8999,3350,9999, ,Houma-Thibodaux LA MSA,305,305,16893,0,0,0,0,0,0,0,0,0,164,164,8688,0,0,0,0,0,0,0,0,0
8999,3362,1145, ,Brazoria TX PMSA,680,680,53776,0,0,0,0,0,0,0,0,0,669,669,52523,0,0,0,0,0,0,0,0,0
8999,3362,2920, ,Galveston-Texas City TX PMSA,811,811,85256,1,2,41,2,7,115,9,278,11017,799,799,84847,1,2,41,2,7,115,9,278,11017
8999,3362,3360, ,Houston TX PMSA,8375,8375,835848,4,8,349,37,145,1730,88,1965,52821,8366,8366,834219,3,6,294,35,139,1615,87,1960,52724
8999,3400,9999, ,Huntington-Ashland WV-KY-OH MSA,144,144,9173,2,4,55,2,6,76,4,59,1305,138,138,8944,1,2,27,0,0,0,4,59,1305
8999,3440,9999, ,Huntsville AL MSA,1436,1436,33944,2,4,37,34,136,3392,48,432,10529,1435,1435,33908,2,4,37,34,136,3392,48,432,10529
8999,3480,9999, ,Indianapolis IN MSA,6087,6087,653910,163,326,14568,55,191,8785,161,2233,73688,5777,5777,628172,163,326,14568,55,191,8785,141,2026,66669
8999,3500,9999, ,Iowa City IA MSA,328,328,37037,21,42,2785,6,23,1355,15,279,7027,328,328,37037,21,42,2785,6,23,1355,15,279,7027
8999,3520,9999, ,Jackson MI MSA,392,392,25113,4,8,454,4,15,667,18,265,2070,354,354,23037,4,8,454,4,15,667,18,265,2070
8999,3560,9999, ,Jackson MS MSA,1294,1294,87000,35,70,3176,41,163,5259,34,309,5000,1276,1276,86369,35,70,3176,41,163,5259,34,309,5000
8999,3580,9999, ,Jackson TN MSA,470,470,32758,0,0,0,1,4,75,0,0,0,470,470,32758,0,0,0,1,4,75,0,0,0
8999,3600,9999, ,Jacksonville FL MSA,6653,6653,497899,99,198,9219,63,242,6705,123,1459,40949,6653,6653,497899,99,198,9219,63,242,6705,123,1459,40949
8999,3605,9999, ,Jacksonville NC MSA,601,601,25071,0,0,0,0,0,0,0,0,0,601,601,25071,0,0,0,0,0,0,0,0,0
8999,3610,9999, ,Jamestown-Dunkirk NY MSA,256,256,16635,12,24,1130,3,10,275,8,108,3534,246,246,16197,12,24,1130,3,10,275,8,108,3534
8999,3620,9999, ,Janesville-Beloit WI MSA,307,307,29437,23,46,2944,7,28,1341,12,96,2834,280,280,27855,23,46,2944,7,28,1341,12,96,2834
8999,3660,9999, ,Johnson City-Kingsport-Bristol TN-VA MSA,730,730,48429,9,18,746,6,21,511,12,99,2033,687,687,46282,9,18,746,6,21,511,12,99,2033
8999,3680,9999, ,Johnstown PA MSA,412,412,24494,5,10,412,3,12,741,3,32,1250,344,344,21223,5,10,412,3,12,741,3,32,1250
8999,3710,9999, ,Joplin MO MSA,247,247,16156,9,18,851,0,0,0,9,72,2059,247,247,16156,9,18,851,0,0,0,9,72,2059
8999,3720,9999, ,Kalamazoo MI MSA,670,670,67109,11,22,1145,7,26,1370,53,828,29076,605,605,62183,11,22,1145,5,18,1104,53,828,29076
8999,3740,9999, ,Kankakee IL MSA,240,240,19909,6,12,517,2,6,437,3,26,500,225,225,19420,6,12,517,2,6,437,1,15,170
8999,3760,9999, ,Kansas City MO-KS MSA,6559,6559,628728,150,300,14328,97,366,13926,26,239,8275,6534,6534,626985,138,276,13282,92,351,13356,26,239,8275
8999,3810,9999, ,Killeen-Temple TX MSA,590,590,45333,2,4,80,2,7,154,1,20,300,588,588,45293,2,4,80,2,7,154,1,20,300
8999,3840,9999, ,Knoxville TN MSA,2464,2464,163413,74,148,2957,9,32,983,71,611,12189,2464,2464,163413,74,148,2957,9,32,983,71,611,12189
8999,3850,9999, ,Kokomo IN MSA,211,211,17534,17,34,3541,0,0,0,0,0,0,205,205,17273,17,34,3541,0,0,0,0,0,0
8999,3870,9999, ,La Crosse WI MSA,224,224,19107,10,20,916,4,15,453,5,104,2167,223,223,19068,10,20,916,4,15,453,5,104,2167
8999,3880,9999, ,Lafayette LA MSA,259,259,21361,0,0,0,0,0,0,0,0,0,237,237,20539,0,0,0,0,0,0,0,0,0
8999,3920,9999, ,Lafayette-West Lafayette IN MSA,397,397,33201,3,6,273,1,3,125,11,238,5946,397,397,33201,3,6,273,1,3,125,11,238,5946
8999,3960,9999, ,Lake Charles LA MSA,399,399,24755,3,6,166,0,0,0,6,79,2460,395,395,24576,3,6,166,0,0,0,1,14,700
8999,3980,9999, ,Lakeland-Winter Haven FL MSA,2490,2490,152891,68,136,3988,36,134,3453,58,588,14634,2490,2490,152891,68,136,3988,36,134,3453,58,588,14634
8999,4000,9999, ,Lancaster PA MSA,2372,2372,197271,52,104,4716,24,93,4747,32,544,31538,2116,2116,184229,52,104,4716,22,85,4159,30,504,29959
8999,4040,9999, ,Lansing-East Lansing MI MSA,1425,1425,115841,16,32,1578,4,13,879,34,745,24929,1400,1400,114621,16,32,1578,4,13,879,34,745,24929
8999,4080,9999, ,Laredo TX MSA,610,610,24431,2,4,96,3,12,208,11,170,3739,610,610,24431,2,4,96,3,12,208,11,170,3739
8999,4100,9999, ,Las Cruces NM MSA,631,631,40758,7,14,311,1,3,85,13,165,2740,631,631,40758,7,14,311,1,3,85,13,165,2740
8999,4120,9999, ,Las Vegas NV MSA,12677,12677,798476,67,134,3179,123,468,16569,814,11216,343898,12677,12677,798476,67,134,3179,123,468,16569,814,11216,343898
8999,4150,9999, ,Lawrence KS MSA,345,345,30002,19,38,1727,20,64,2022,1,8,187,345,345,30002,19,38,1727,20,64,2022,1,8,187
8999,4200,9999, ,Lawton OK MSA,66,66,6240,0,0,0,0,0,0,0,0,0,66,66,6240,0,0,0,0,0,0,0,0,0
8999,4240,9999, ,Lewiston-Auburn ME MSA,231,231,17739,5,10,660,2,6,185,17,206,7907,179,179,15069,5,10,660,1,3,75,11,172,6241
8999,4280,9999, ,Lexington-Fayette KY MSA,2084,2084,155766,56,112,2999,14,53,1577,51,713,19143,2083,2083,155727,56,112,2999,14,53,1577,50,708,19054
8999,4320,9999, ,Lima OH MSA,367,367,29180,20,40,1235,10,34,1549,1,20,450,286,286,25012,20,40,1235,10,34,1549,1,20,450
8999,4360,9999, ,Lincoln NE MSA,931,931,79924,14,28,1238,4,16,292,33,814,14353,931,931,79924,14,28,1238,4,16,292,33,814,14353
8999,4400,9999, ,Little Rock-North Little Rock AR MSA,1270,1270,96332,5,10,331,11,43,1015,20,404,9850,1270,1270,96332,5,10,331,11,43,1015,20,404,9850
8999,4420,9999, ,Longview-Marshall TX MSA,132,132,11058,17,34,727,0,0,0,0,0,0,132,132,11058,17,34,727,0,0,0,0,0,0
8999,4472,0360, ,Anaheim-Santa Ana CA PMSA,8052,8052,1340051,280,560,52797,445,1606,128814,742,6579,422522,7859,7859,1304547,274,548,51489,427,1545,123410,731,6504,417932
8999,4472,4480, ,Los Angeles-Long Beach CA PMSA,23676,23676,3415758,508,1016,81809,523,1842,136600,1709,21907,1605046,23458,23458,3390830,492,984,79229,506,1784,132507,1695,21762,1596617
8999,4472,6000, ,Oxnard-Ventura CA PMSA,3356,3356,476401,37,74,4837,34,119,11461,175,1538,92874,3202,3202,454191,37,74,4837,34,119,11461,169,1479,89336
8999,4472,6780, ,Riverside-San Bernardino CA PMSA,38260,38260,4265187,177,354,24809,199,748,48976,579,6135,287492,38137,38137,4251986,177,354,24809,198,744,48641,574,6043,280476
8999,4520,9999, ,Louisville KY-IN MSA,3401,3401,312765,34,68,1720,15,57,1450,91,1098,26375,3352,3352,310784,30,60,1589,15,57,1450,84,1063,25882
8999,4600,9999, ,Lubbock TX MSA,391,391,32996,4,8,221,0,0,0,0,0,0,391,391,32996,4,8,221,0,0,0,0,0,0
8999,4640,9999, ,Lynchburg VA MSA,435,435,28852,20,40,1226,6,22,589,6,56,1350,435,435,28852,20,40,1226,6,22,589,6,56,1350
8999,4680,9999, ,Macon-Warner Robins GA MSA,1292,1292,81591,12,24,769,3,12,250,23,231,4319,1292,1292,81591,12,24,769,3,12,250,23,231,4319
8999,4720,9999, ,Madison WI MSA,1514,1514,138441,80,160,7630,26,100,3164,64,1315,36460,1506,1506,137902,78,156,7520,26,100,3164,64,1315,36460
8999,4760,9999, ,Manchester NH MSA,463,463,46951,17,34,1969,13,52,2210,5,112,3245,463,463,46951,17,34,1969,13,52,2210,5,112,3245
8999,4800,9999, ,Mansfield OH MSA,248,248,19259,15,30,816,1,4,200,16,126,2244,244,244,18999,4,8,541,1,4,200,16,126,2244
8999,4880,9999, ,McAllen-Edinburg-Mission TX MSA,1189,1189,54390,15,30,630,7,24,407,12,118,1967,1061,1061,50359,11,22,482,7,24,407,10,74,878
8999,4890,9999, ,Medford OR MSA,909,909,78190,24,48,2615,23,89,3825,37,330,16711,903,903,77859,24,48,2615,23,89,3825,37,330,16711
8999,4900,9999, ,Melbourne-Titusville-Palm Bay FL MSA,4755,4755,372749,8,16,753,13,48,2702,35,353,19571,4644,4644,366215,8,16,753,13,48,2702,35,353,19571
8999,4920,9999, ,Memphis TN-AR-MS MSA,5322,5322,434646,14,28,552,20,80,2359,303,2712,64141,5287,5287,432319,14,28,552,20,80,2359,303,2712,64141
8999,4940,9999, ,Merced CA MSA,1587,1587,139023,3,6,324,11,40,1653,10,59,1501,1587,1587,139023,3,6,324,11,40,1653,10,59,1501
8999,4992,2680, ,Fort Lauderdale-Hollywood-Pompano Beach FL PMSA,6664,6664,630124,84,168,9305,75,290,18358,453,7106,318695,6661,6661,628086,84,168,9305,75,290,18358,449,7086,316177
8999,4992,5000, ,Miami-Hialeah FL PMSA,8538,8538,642002,131,262,12668,77,299,7988,310,9436,361272,8532,8532,641393,131,262,12668,77,299,7988,310,9436,361272
8999,5040,9999, ,Midland TX MSA,196,196,20586,1,2,40,0,0,0,1,5,400,196,196,20586,1,2,40,0,0,0,1,5,400
8999,5082,5080, ,Milwaukee WI PMSA,3541,3541,369929,164,328,19075,97,379,18330,284,4333,173605,3192,3192,332804,164,328,19075,97,379,18330,282,4318,173106
8999,5082,6600, ,Racine WI PMSA,422,422,43625,24,48,2305,1,4,291,21,359,27212,405,405,42364,23,46,2254,1,4,291,17,339,26579
8999,5120,9999, ,Minneapolis-St. Paul MN-WI MSA,12396,12396,1264072,60,120,8870,59,228,15624,242,4709,200611,12227,12227,1251217,60,120,8870,58,225,15375,225,4622,196802
8999,5160,9999, ,Mobile AL MSA,840,840,62572,6,12,561,0,0,0,8,103,2287,804,804,61224,5,10,491,0,0,0,1,50,1277
8999,5170,9999, ,Modesto CA MSA,5143,5143,425858,90,180,9775,45,166,5217,92,849,26321,5137,5137,425623,90,180,9775,45,166,5217,92,849,26321
8999,5200,9999, ,Monroe LA MSA,214,214,16466,0,0,0,1,4,40,3,17,567,213,213,16396,0,0,0,1,4,40,0,0,0
8999,5240,9999, ,Montgomery AL MSA,910,910,48322,2,4,56,2,7,166,29,426,10071,776,776,43428,2,4,56,1,4,92,29,426,10071
8999,5280,9999, ,Muncie IN MSA,194,194,17484,4,8,500,9,36,1010,2,48,2100,180,180,16366,4,8,500,9,36,1010,2,48,2100
8999,5320,9999, ,Muskegon MI MSA,600,600,38337,6,12,560,3,11,354,6,52,2290,575,575,37462,6,12,560,3,11,354,6,52,2290
8999,5345,9999, ,Naples FL MSA,2174,2174,214460,114,228,15151,5,19,1460,359,4065,260597,2174,2174,214460,114,228,15151,5,19,1460,359,4065,260597
8999,5360,9999, ,Nashville TN MSA,5536,5536,420069,101,202,9184,52,197,7751,56,718,23324,5361,5361,406166,99,198,8948,52,197,7751,35,458,17355
8999,5400,9999, ,New Bedford MA MSA,393,393,40835,17,34,1760,2,7,438,4,45,1530,352,352,37098,17,34,1760,0,0,0,4,45,1530
8999,5480,9999, ,New Haven-Meriden CT MSA,1153,1153,107185,57,114,4503,13,43,1368,24,335,10260,1144,1144,106285,57,114,4503,13,43,1368,24,335,10260
8999,5520,9999, ,New London-Norwich CT-RI MSA,717,717,63210,11,22,1012,3,11,612,2,13,856,716,716,63122,11,22,1012,3,11,612,2,13,856
8999,5560,9999, ,New Orleans LA MSA,1966,1966,124976,45,90,2236,1,4,35,9,373,12840,1660,1660,104838,44,88,1796,1,4,35,3,343,11933
8999,5602,0875, ,Bergen-Passaic NJ PMSA,686,686,100310,137,274,17709,12,42,1864,60,1449,85933,686,686,100310,137,274,17709,12,42,1864,60,1449,85933
8999,5602,1160, ,Bridgeport-Milford CT PMSA,770,770,68355,26,52,2367,3,9,371,6,48,1926,757,757,67966,23,46,2243,3,9,371,6,48,1926
8999,5602,1930, ,Danbury CT PMSA,497,497,56656,8,16,737,12,39,1816,6,56,1725,488,488,55934,8,16,737,12,39,1816,6,56,1725
8999,5602,3640, ,Jersey City NJ PMSA,262,262,31222,121,242,12201,6,20,863,29,974,69117,261,261,31175,106,212,10726,6,20,863,22,939,68140
8999,5602,5015, ,Middlesex-Somerset-Hunterdon NJ PMSA,4440,4440,364540,45,90,3225,5,17,1063,86,1314,45709,4276,4276,352430,42,84,2985,2,7,685,83,1285,44661
8999,5602,5190, ,Monmouth-Ocean NJ PMSA,4146,4146,353074,36,72,3285,17,58,2784,78,1068,66792,3894,3894,333117,27,54,2738,8,29,1809,60,796,58930
8999,5602,5380, ,Nassau-Suffolk NY PMSA,5957,5957,465681,53,106,5023,2,6,961,47,800,37867,5316,5316,421940,52,104,4976,2,6,961,46,790,37349
8999,5602,5600, ,New York NY PMSA,4401,4401,422384,980,1960,112600,505,1586,84255,192,5949,463947,4361,4361,417268,974,1948,111941,505,1586,84255,188,5926,462497
8999,5602,5640, ,Newark NJ PMSA,2114,2114,227874,72,144,7546,25,90,3830,95,1116,60927,2096,2096,225049,72,144,7546,19,70,3340,95,1116,60927
8999,5602,5760, ,Norwalk CT PMSA,109,109,20135,5,10,603,1,4,200,13,107,5693,70,70,13270,5,10,603,1,4,200,13,107,5693
8999,5602,5950, ,Orange County NY PMSA,1009,1009,84157,53,106,5290,5,20,988,42,431,14500,971,971,81330,43,86,4290,5,20,988,42,431,14500
8999,5602,8040, ,Stamford CT PMSA,150,150,47436,10,20,1443,0,0,0,4,54,2230,150,150,47436,10,20,1443,0,0,0,4,54,2230
8999,5720,9999, ,Norfolk-Virginia Beach-Newport News VA MSA,7747,7747,596420,118,236,11351,68,254,16609,232,2361,69203,7747,7747,596420,118,236,11351,68,254,16609,232,2361,69203
8999,5790,9999, ,Ocala FL MSA,3606,3606,174323,51,102,2696,1,4,48,6,56,1775,3605,3605,174268,51,102,2696,1,4,48,6,56,1775
8999,5800,9999, ,Odessa TX MSA,46,46,4637,0,0,0,0,0,0,0,0,0,46,46,4637,0,0,0,0,0,0,0,0,0
8999,5880,9999, ,Oklahoma City OK MSA,1972,1972,167255,18,36,1599,7,28,814,9,502,21366,1971,1971,167129,18,36,1599,7,28,814,9,502,21366
8999,5910,9999, ,Olympia WA MSA,1274,1274,72775,25,50,2426,12,45,1970,75,723,31295,405,405,29629,24,48,2378,9,35,1592,62,658,28699
8999,5920,9999, ,Omaha NE-IA MSA,2108,2108,142174,40,80,4097,11,44,1369,52,917,12449,2100,2100,141925,40,80,4097,11,44,1369,52,917,12449
8999,5960,9999, ,Orlando FL MSA,13773,13773,1043500,166,332,13267,71,272,10463,556,7000,214569,13773,13773,1043500,166,332,13267,71,272,10463,556,7000,214569
8999,5990,9999, ,Owensboro KY MSA,212,212,12412,7,14,458,6,23,632,2,12,229,117,117,7194,7,14,458,6,23,632,2,12,229
8999,6015,9999, ,Panama City FL MSA,678,678,51390,10,20,752,0,0,0,4,343,16016,653,653,50119,7,14,603,0,0,0,3,338,15884
8999,6020,9999, ,Parkersburg-Marietta WV-OH MSA,93,93,7498,1,2,60,0,0,0,0,0,0,84,84,7180,1,2,60,0,0,0,0,0,0
8999,6025,9999, ,Pascagoula MS MSA,286,286,13766,0,0,0,0,0,0,8,100,2786,242,242,10438,0,0,0,0,0,0,8,100,2786
8999,6080,9999, ,Pensacola FL MSA,2174,2174,145231,8,16,336,1,3,103,7,42,925,2174,2174,145231,8,16,336,1,3,103,7,42,925
8999,6120,9999, ,Peoria IL MSA,618,618,62799,15,30,1661,3,12,333,0,0,0,552,552,57631,15,30,1661,3,12,333,0,0,0
8999,6162,6160, ,Philadelphia PA-NJ PMSA,14409,14409,1200690,76,152,6505,57,220,16075,188,2454,103857,13910,13910,1171381,75,150,6441,57,220,16075,176,2360,96199
8999,6162,8480, ,Trenton NJ PMSA,834,834,77948,3,6,540,0,0,0,15,190,8552,834,834,77948,3,6,540,0,0,0,15,190,8552
8999,6162,8760, ,Vineland-Millville-Bridgeton NJ PMSA,541,541,33704,16,32,1273,1,3,203,15,79,2171,519,519,32077,16,32,1273,1,3,203,15,79,2171
8999,6162,9160, ,Wilmington DE-NJ-MD PMSA,3816,3816,212827,5,10,278,20,80,2975,87,870,25091,3815,3815,212527,5,10,278,20,80,2975,87,870,25091
8999,6200,9999, ,Phoenix AZ MSA,11760,11760,1206227,7,14,720,32,113,4726,121,1587,79542,11760,11760,1206227,7,14,720,32,113,4726,121,1587,79542
8999,6240,9999, ,Pine Bluff AR MSA,94,94,2832,6,12,219,0,0,0,0,0,0,94,94,2832,6,12,219,0,0,0,0,0,0
8999,6282,0845, ,Beaver County PA PMSA,366,366,29723,1,2,70,9,36,1245,2,27,1255,363,363,29530,1,2,70,9,36,1245,2,27,1255
8999,6282,6280, ,Pittsburgh PA PMSA,3794,3794,383401,12,24,1515,27,96,4064,68,752,25903,3342,3342,349617,9,18,840,19,72,2748,37,577,20875
8999,6320,9999, ,Pittsfield MA MSA,204,204,20772,7,14,693,5,19,1700,6,31,1327,148,148,15365,7,14,693,5,19,1700,4,21,914
8999,6400,9999, ,Portland ME MSA,952,952,85171,36,72,2915,11,39,1836,7,172,11800,876,876,81907,35,70,2840,10,36,1836,6,167,11696
8999,6442,6440, ,Portland OR PMSA,5563,5563,561789,121,242,10896,111,434,13034,737,8581,266785,5536,5536,557998,121,242,10896,111,434,13034,734,8554,265567
8999,6442,8725, ,Vancouver WA PMSA,1909,1909,196383,30,60,3792,0,0,0,78,714,28618,1909,1909,196383,30,60,3792,0,0,0,78,714,28618
8999,6450,9999, ,Portsmouth-Dover-Rochester NH-ME MSA,1022,1022,89599,15,30,2034,3,12,709,2,15,1113,898,898,79789,14,28,1881,3,12,709,2,15,1113
8999,6460,9999, ,Poughkeepsie NY MSA,1023,1023,99054,8,16,817,5,18,451,16,132,3970,923,923,86812,8,16,817,4,15,451,16,132,3970
8999,6482,2480, ,Fall River MA-RI PMSA,348,348,32481,24,48,2412,5,16,841,9,71,710,265,265,22216,23,46,2332,5,16,841,9,71,710
8999,6482,6060, ,Pawtucket-Woonsocket-Attleboro RI-MA PMSA,802,802,79010,49,98,4433,20,75,4346,14,123,2869,802,802,79010,49,98,4433,20,75,4346,14,123,2869
8999,6482,6480, ,Providence RI PMSA,1789,1789,146216,157,314,11161,50,179,8415,29,216,7912,1647,1647,137907,157,314,11161,50,179,8415,29,216,7912
8999,6520,9999, ,Provo-Orem UT MSA,800,800,71307,9,18,800,4,16,696,5,44,1760,787,787,70556,9,18,800,4,16,696,5,44,1760
8999,6560,9999, ,Pueblo CO MSA,165,165,8677,5,10,244,1,4,73,0,0,0,165,165,8677,5,10,244,1,4,73,0,0,0
8999,6640,9999, ,Raleigh-Durham NC MSA,5924,5924,522698,36,72,2743,8,27,910,97,1155,30833,5895,5895,520813,36,72,2743,8,27,910,91,1125,29661
8999,6660,9999, ,Rapid City SD MSA,290,290,18143,1,2,102,0,0,0,0,0,0,290,290,18143,1,2,102,0,0,0,0,0,0
8999,6680,9999, ,Reading PA MSA,1832,1832,140459,14,28,1252,11,40,2611,16,225,8828,1625,1625,127891,5,10,559,9,34,2491,13,210,8516
8999,6690,9999, ,Redding CA MSA,1332,1332,113157,47,94,4835,33,132,5257,8,58,2125,1332,1332,113157,47,94,4835,33,132,5257,8,58,2125
8999,6720,9999, ,Reno NV MSA,1631,1631,153049,4,8,406,21,78,4590,75,681,27975,1631,1631,153049,4,8,406,21,78,4590,75,681,27975
8999,6740,9999, ,Richland-Kennewick-Pasco WA MSA,169,169,17469,1,2,121,0,0,0,0,0,0,164,164,16963,1,2,121,0,0,0,0,0,0
8999,6760,9999, ,Richmond-Petersburg VA MSA,6945,6945,451739,10,20,738,18,68,1984,93,1085,24168,6945,6945,451739,10,20,738,18,68,1984,93,1085,24168
8999,6800,9999, ,Roanoke VA MSA,788,788,50877,21,42,891,12,43,1024,13,218,5191,533,533,34129,6,12,237,5,20,528,4,160,3710
8999,6820,9999, ,Rochester MN MSA,809,809,78628,16,32,2257,19,73,3509,2,24,1420,809,809,78628,16,32,2257,19,73,3509,2,24,1420
8999,6840,9999, ,Rochester NY MSA,3627,3627,384674,24,48,2014,17,64,3249,34,402,12705,3563,3563,381322,23,46,1941,17,64,3249,34,402,12705
8999,6880,9999, ,Rockford IL MSA,1047,1047,72627,69,138,6293,27,100,2771,9,68,1217,541,541,43269,60,120,5440,25,94,2605,8,63,1121
8999,6920,9999, ,Sacramento CA MSA,16528,16528,1983614,74,148,9947,60,212,9285,362,3808,176183,16522,16522,1982584,74,148,9947,60,212,9285,362,3808,176183
8999,6960,9999, ,Saginaw-Bay City-Midland MI MSA,896,896,71850,28,56,2999,2,7,160,24,194,3362,733,733,60975,28,56,2999,1,4,160,24,194,3362
8999,6980,9999, ,St. Cloud MN MSA,1193,1193,82946,5,10,405,0,0,0,38,728,18068,996,996,70302,5,10,405,0,0,0,24,630,15913
8999,7000,9999, ,St. Joseph MO MSA,149,149,11773,9,18,1135,3,11,735,5,212,5372,149,149,11773,9,18,1135,3,11,735,5,212,5372
8999,7040,9999, ,St. Louis MO-IL MSA,8488,8488,730621,173,346,16249,102,385,12033,112,1471,49748,8336,8336,721558,163,326,15642,102,385,12033,109,1456,49355
8999,7080,9999, ,Salem OR MSA,1074,1074,66639,26,52,1913,14,55,1279,84,807,16392,1047,1047,64387,26,52,1913,14,55,1279,84,807,16392
8999,7120,9999, ,Salinas-Seaside-Monterey CA MSA,1815,1815,211906,16,32,1937,27,97,4957,12,287,12720,1809,1809,211481,16,32,1937,27,97,4957,12,287,12720
8999,7160,9999, ,Salt Lake City-Ogden UT MSA,3270,3270,263891,10,20,1266,1,3,100,7,93,3120,3223,3223,260280,10,20,1266,1,3,100,7,93,3120
8999,7200,9999, ,San Angelo TX MSA,125,125,5002,0,0,0,0,0,0,0,0,0,125,125,5002,0,0,0,0,0,0,0,0,0
8999,7240,9999, ,San Antonio TX MSA,1600,1600,97287,6,12,334,1,4,50,1,40,850,1599,1599,97258,6,12,334,1,4,50,1,40,850
8999,7320,9999, ,San Diego CA MSA,10856,10856,1778977,214,428,43922,192,695,68962,553,6731,446467,10856,10856,1778977,214,428,43922,192,695,68962,553,6731,446467
8999,7362,5775, ,Oakland CA PMSA,8640,8640,1089806,69,138,11577,79,282,17353,315,4504,241789,8569,8569,1083312,69,138,11577,79,282,17353,313,4439,239257
8999,7362,7360, ,San Francisco CA PMSA,2116,2116,381494,158,316,33065,99,328,35847,151,2590,216222,2056,2056,374366,157,314,32929,99,328,35847,143,2523,212893
8999,7362,7400, ,San Jose CA PMSA,2548,2548,402555,17,34,2688,25,90,7562,146,2187,114934,2539,2539,399714,17,34,2688,25,90,7562,146,2187,114934
8999,7362,7485, ,Santa Cruz CA PMSA,726,726,111555,30,60,5257,11,36,2615,19,148,8356,721,721,111107,30,60,5257,11,36,2615,19,148,8356
8999,7362,7500, ,Santa Rosa-Petaluma CA PMSA,3935,3935,406338,24,48,2893,11,34,1710,41,458,20526,3906,3906,403660,23,46,2759,10,31,1583,41,458,20526
8999,7362,8720, ,Vallejo-Fairfield-Napa CA PMSA,6284,6284,760727,13,26,2500,11,39,1992,92,850,42611,6284,6284,760727,13,26,2500,11,39,1992,92,850,42611
8999,7480,9999, ,Santa Barbara-Santa Maria-Lompoc CA MSA,1455,1455,185684,23,46,3222,16,56,3041,15,94,3795,1312,1312,170070,23,46,3222,11,40,2310,5,37,2114
8999,7490,9999, ,Santa Fe NM MSA,331,331,36884,17,34,1931,27,107,5003,18,386,5401,304,304,34299,17,34,1931,27,107,5003,17,362,4945
8999,7510,9999, ,Sarasota FL MSA,2619,2619,259024,2,4,153,14,54,3611,71,1243,48257,2619,2619,259024,2,4,153,14,54,3611,71,1243,48257
8999,7520,9999, ,Savannah GA MSA,1215,1215,97443,17,34,1365,11,39,1208,40,426,13975,856,856,79525,9,18,929,1,4,237,17,180,6473
8999,7560,9999, ,Scranton--Wilkes-Barre PA MSA,4232,4232,320877,27,54,2297,61,223,10115,44,381,15953,3368,3368,265131,20,40,1728,50,188,8887,23,275,8934
8999,7602,7600, ,Seattle WA PMSA,12697,12697,1306289,182,364,21009,132,493,25914,1014,14131,636332,12584,12584,1295635,177,354,20579,123,466,25040,1005,14022,631511
8999,7602,8200, ,Tacoma WA PMSA,3109,3109,221502,124,248,11042,17,61,2205,196,2319,71526,3108,3108,221452,124,248,11042,17,61,2205,196,2319,71526
8999,7610,9999, ,Sharon PA MSA,162,162,10949,1,2,100,0,0,0,1,26,661,149,149,10400,1,2,100,0,0,0,1,26,661
8999,7620,9999, ,Sheboygan WI MSA,257,257,18841,15,30,1178,2,8,330,21,365,6646,214,214,15582,15,30,1178,2,8,330,21,365,6646
8999,7640,9999, ,Sherman-Denison TX MSA,57,57,3488,0,0,0,0,0,0,0,0,0,57,57,3488,0,0,0,0,0,0,0,0,0
8999,7680,9999, ,Shreveport LA MSA,254,254,24221,1,2,72,4,12,589,12,214,3813,161,161,16503,0,0,0,0,0,0,1,124,2200
8999,7720,9999, ,Sioux City IA-NE MSA,180,180,8586,8,16,570,4,14,329,0,0,0,164,164,7573,8,16,570,4,14,329,0,0,0
8999,7760,9999, ,Sioux Falls SD MSA,406,406,28925,6,12,603,14,55,1841,29,549,16673,405,405,28885,6,12,603,14,55,1841,29,549,16673
8999,7800,9999, ,South Bend-Mishawaka IN MSA,881,881,89643,10,20,1666,1,4,152,19,485,14718,880,880,89577,10,20,1666,1,4,152,19,485,14718
8999,7840,9999, ,Spokane WA MSA,964,964,73731,26,52,2526,7,25,906,41,569,22479,964,964,73731,26,52,2526,7,25,906,41,569,22479
8999,7880,9999, ,Springfield IL MSA,630,630,55547,47,94,4671,7,27,485,29,497,13335,598,598,53765,43,86,4391,6,23,485,29,497,13335
8999,7920,9999, ,Springfield MO MSA,1358,1358,64649,87,174,4796,8,30,505,10,212,5447,1352,1352,64390,87,174,4796,8,30,505,10,212,5447
8999,8000,9999, ,Springfield MA MSA,1181,1181,125182,181,362,14463,24,82,3612,26,242,17116,1147,1147,123024,181,362,14463,24,82,3612,26,242,17116
8999,8050,9999, ,State College PA MSA,496,496,40870,6,12,385,3,12,464,8,304,17652,485,485,40056,6,12,385,3,12,464,8,304,17652
8999,8080,9999, ,Steubenville-Weirton OH-WV MSA,101,101,6733,0,0,0,0,0,0,0,0,0,92,92,6133,0,0,0,0,0,0,0,0,0
8999,8120,9999, ,Stockton CA MSA,3864,3864,401776,13,26,1482,8,28,1323,28,261,10078,3864,3864,401776,13,26,1482,8,28,1323,28,261,10078
8999,8160,9999, ,Syracuse NY MSA,2228,2228,181657,12,24,789,12,44,1283,30,394,16977,2180,2180,179628,12,24,789,9,35,1133,30,394,16977
8999,8240,9999, ,Tallahassee FL MSA,2270,2270,148126,37,74,2173,12,44,882,105,1125,24226,2268,2268,148094,37,74,2173,12,44,882,94,1070,22969
8999,8280,9999, ,Tampa-St. Petersburg-Clearwater FL MSA,10896,10896,818547,163,326,15815,124,476,15632,193,3659,178992,10726,10726,805960,163,326,15815,124,476,15632,192,3654,178741
8999,8320,9999, ,Terre Haute IN MSA,166,166,14456,6,12,588,1,4,250,2,14,472,166,166,14456,6,12,588,1,4,250,2,14,472
8999,8360,9999, ,Texarkana TX-Texarkana AR MSA,153,153,8934,1,2,64,10,40,1369,0,0,0,153,153,8934,1,2,64,10,40,1369,0,0,0
8999,8400,9999, ,Toledo OH MSA,1245,1245,137027,67,134,7122,27,101,3981,69,919,26059,1225,1225,135739,65,130,6951,27,101,3981,69,919,26059
8999,8440,9999, ,Topeka KS MSA,520,520,52247,29,58,2407,18,58,1693,27,350,8400,520,520,52247,29,58,2407,18,58,1693,27,350,8400
8999,8520,9999, ,Tucson AZ MSA,2598,2598,177350,21,42,1725,5,18,596,38,422,12952,2598,2598,177350,21,42,1725,5,18,596,38,422,12952
8999,8560,9999, ,Tulsa OK MSA,1793,1793,140950,5,10,340,6,24,788,0,0,0,1780,1780,140355,5,10,340,6,24,788,0,0,0
8999,8600,9999, ,Tuscaloosa AL MSA,409,409,21865,0,0,0,1,4,91,19,298,5767,409,409,21865,0,0,0,1,4,91,19,298,5767
8999,8640,9999, ,Tyler TX MSA,116,116,15357,0,0,0,0,0,0,0,0,0,89,89,13098,0,0,0,0,0,0,0,0,0
8999,8680,9999, ,Utica-Rome NY MSA,695,695,50119,8,16,407,6,21,325,14,140,4180,557,557,41902,6,12,275,3,11,165,13,135,4055
8999,8750,9999, ,Victoria TX MSA,112,112,11932,0,0,0,9,34,863,1,5,127,112,112,11932,0,0,0,9,34,863,1,5,127
8999,8780,9999, ,Visalia-Tulare-Porterville CA MSA,1533,1533,119376,25,50,2821,23,82,2792,43,344,11711,1533,1533,119376,25,50,2821,23,82,2792,43,344,11711
8999,8800,9999, ,Waco TX MSA,197,197,17963,0,0,0,0,0,0,0,0,0,166,166,16677,0,0,0,0,0,0,0,0,0
8999,8840,9999, ,Washington DC-MD-VA MSA,22517,22517,1805538,28,56,2334,9,34,897,564,12731,564742,22382,22382,1797652,28,56,2334,9,34,897,561,12716,564238
8999,8880,9999, ,Waterbury CT MSA,975,975,64702,54,108,3293,3,10,213,11,362,15556,970,970,64250,54,108,3293,3,10,213,11,362,15556
8999,8920,9999, ,Waterloo-Cedar Falls IA MSA,142,142,13172,4,8,447,0,0,0,2,50,4010,142,142,13172,4,8,447,0,0,0,2,50,4010
8999,8940,9999, ,Wausau WI MSA,399,399,30497,22,44,1799,32,104,3357,5,95,2214,312,312,25432,22,44,1799,2,8,356,5,95,2214
8999,8960,9999, ,West Palm Beach-Boca Raton-Delray Beach FL MSA,10638,10638,961626,228,456,26155,282,1080,58345,457,5965,281636,10638,10638,961626,228,456,26155,282,1080,58345,457,5965,281636
8999,9000,9999, ,Wheeling WV-OH MSA,43,43,3145,1,2,55,0,0,0,6,68,1790,42,42,3075,1,2,55,0,0,0,6,68,1790
8999,9040,9999, ,Wichita KS MSA,1690,1690,120210,78,156,5776,0,0,0,32,278,8697,1687,1687,120060,78,156,5776,0,0,0,32,278,8697
8999,9080,9999, ,Wichita Falls TX MSA,108,108,8206,0,0,0,0,0,0,0,0,0,108,108,8206,0,0,0,0,0,0,0,0,0
8999,9140,9999, ,Williamsport PA MSA,267,267,18735,4,8,110,0,0,0,20,257,7181,249,249,18095,4,8,110,0,0,0,20,257,7181
8999,9200,9999, ,Wilmington NC MSA,1125,1125,75506,34,68,3017,1,4,136,63,927,30871,1119,1119,75259,32,64,2871,1,4,136,61,904,29861
8999,9240,9999, ,Worcester MA MSA,1548,1548,140291,27,54,3644,20,68,3635,23,424,14851,923,923,97968,21,42,2989,11,40,2889,11,205,7893
8999,9260,9999, ,Yakima WA MSA,247,247,18378,15,30,1030,5,18,538,5,29,919,233,233,17197,14,28,935,4,15,482,5,29,919
8999,9280,9999, ,York PA MSA,2755,2755,206009,30,60,2213,15,57,2805,16,161,7350,2532,2532,191012,18,36,1355,15,57,2805,14,144,6722
8999,9320,9999, ,Youngstown-Warren OH MSA,754,754,60974,40,80,4192,33,118,5117,29,190,5837,531,531,46871,34,68,3806,24,90,3924,29,190,5837
8999,9340,9999, ,Yuba City CA MSA,701,701,65768,15,30,1806,9,35,1046,5,93,2830,701,701,65768,15,30,1806,9,35,1046,5,93,2830
8999,1122,9999,,Boston-Lawrence-Salem MA-NH CMSA,7543,7543,832124,478,956,50628,84,283,18241,246,3251,175749,5982,5982,704020,377,754,41858,61,212,15253,135,2511,140317
8999,1282,9999,,Buffalo-Niagara Falls NY CMSA ,3343,3343,325681,124,248,12221,40,153,6306,58,905,29965,3334,3334,325193,124,248,12221,40,153,6306,58,905,29965
8999,1602,9999,,Chicago-Gary-Lake County IL-IN-WI CMSA,25295,25295,2870247,368,736,40306,295,1116,79404,488,8441,391691,24797,24797,2827702,366,732,40135,284,1082,78580,465,8265,387468
8999,1642,9999,,Cincinnati-Hamilton OH-KY-IN CMSA ,6746,6746,580221,103,206,8583,58,213,10437,212,2382,70902,6382,6382,558454,100,200,8379,54,201,10082,198,2260,68129
8999,1692,9999,,Cleveland-Akron-Lorain OH CMSA,7022,7022,832381,124,248,14788,60,216,14819,213,3662,127216,6700,6700,799287,122,244,14661,58,210,14562,205,3613,126043
8999,1922,9999,,Dallas-Fort Worth TX CMSA ,14032,14032,1434563,15,30,1410,10,34,719,34,583,14063,13796,13796,1407647,15,30,1410,8,28,566,22,523,13122
8999,2082,9999,,Denver-Boulder CO CMSA,4618,4618,528241,18,36,2091,10,38,3196,106,1265,43425,4610,4610,527735,18,36,2091,10,38,3196,106,1265,43425
8999,2162,9999,,Detroit-Ann Arbor MI CMSA ,14436,14436,1330349,136,272,14669,219,802,38748,421,6829,230814,14056,14056,1291050,123,246,12998,209,772,37506,361,6213,206493
8999,3282,9999,,Hartford-New Britain-Middletown CT CMSA ,2397,2397,233228,72,144,6463,15,52,2240,86,2078,55376,2397,2397,233228,72,144,6463,15,52,2240,86,2078,55376
8999,3362,9999,,Houston-Galveston-Brazoria TX CMSA,9866,9866,974880,5,10,390,39,152,1845,97,2243,63838,9834,9834,971589,4,8,335,37,146,1730,96,2238,63741
8999,4472,9999,,Los Angeles-Anaheim-Riverside CA CMSA ,73344,73344,9497397,1002,2004,164252,1201,4315,325851,3205,36159,2407934,72656,72656,9401554,980,1960,160364,1165,4192,316019,3169,35788,2384361
8999,4992,9999,,Miami-Fort Lauderdale FL CMSA ,15202,15202,1272126,215,430,21973,152,589,26346,763,16542,679967,15193,15193,1269479,215,430,21973,152,589,26346,759,16522,677449
8999,5082,9999,,Milwaukee-Racine WI CMSA,3963,3963,413554,188,376,21380,98,383,18621,305,4692,200817,3597,3597,375168,187,374,21329,98,383,18621,299,4657,199685
8999,5602,9999,,New York-Northern New Jersey-Long Island NY-NJ-CT CMSA,24541,24541,2241824,1546,3092,172029,593,1891,98995,658,13366,856366,23326,23326,2147225,1499,2998,167937,575,1832,97152,625,12997,844511
8999,6162,9999,,Philadelphia-Wilmington-Trenton PA-NJ-DE-MD CMSA,19600,19600,1525169,100,200,8596,78,303,19253,305,3593,139671,19078,19078,1493933,99,198,8532,78,303,19253,293,3499,132013
8999,6282,9999,,Pittsburgh-Beaver Valley PA CMSA,4160,4160,413124,13,26,1585,36,132,5309,70,779,27158,3705,3705,379147,10,20,910,28,108,3993,39,604,22130
8999,6442,9999,,Portland-Vancouver OR-WA CMSA ,7472,7472,758172,151,302,14688,111,434,13034,815,9295,295403,7445,7445,754381,151,302,14688,111,434,13034,812,9268,294185
8999,6482,9999,,Providence-Pawtucket-Fall River RI-MA CMSA,2939,2939,257707,230,460,18006,75,270,13602,52,410,11491,2714,2714,239133,229,458,17926,75,270,13602,52,410,11491
8999,7362,9999,,San Francisco-Oakland-San Jose CA CMSA,24249,24249,3152475,311,622,57980,236,809,67079,764,10737,644438,24075,24075,3132886,309,618,57710,235,806,66952,754,10605,638577
8999,7602,9999,,Seattle-Tacoma WA CMSA,15806,15806,1527791,306,612,32051,149,554,28119,1210,16450,707858,15692,15692,1517087,301,602,31621,140,527,27245,1201,16341,703037
