Survey,MSA/,PMSA,,MA,,1-unit,,,2-units,,,3-4 units,,,5+ units,,,1-unit rep,,,2-units rep,,,3-4 units rep,,,5+ units rep
Date,CMSA,,,Name,Bldgs,Units,Value,Bldgs,Units,Value,Bldgs,Units,Value,Bldgs,Units,Value,Bldgs,Units,Value,Bldgs,Units,Value,Bldgs,Units,Value,Bldgs,Units,Value

8899,0040,9999,    ,Abilene TX MSA,144,144,12338,0,0,0,0,0,0,0,0,0,96,96,10081,0,0,0,0,0,0,0,0,0
8899,0120,9999,    ,Albany GA MSA,206,206,10994,14,28,806,10,39,492,0,0,0,206,206,10994,14,28,806,10,39,492,0,0,0
8899,0160,9999,    ,Albany-Schenectady-Troy NY MSA,3764,3764,342906,172,344,13707,65,247,8430,82,892,30649,3574,3574,331410,172,344,13707,53,211,7531,82,892,30649
8899,0200,9999,    ,Albuquerque NM MSA,2302,2302,184060,3,6,179,3,11,622,17,321,8126,2077,2077,167679,2,4,103,3,11,622,15,252,5999
8899,0220,9999,    ,Alexandria LA MSA,84,84,6840,0,0,0,1,3,0,4,27,400,84,84,6840,0,0,0,0,0,0,4,27,400
8899,0240,9999,    ,Allentown-Bethlehem PA-NJ MSA,3920,3920,340590,41,82,3895,11,42,2863,19,170,6765,3890,3890,338072,41,82,3895,11,42,2863,19,170,6765
8899,0280,9999,    ,Altoona PA MSA,269,269,16898,1,2,40,3,12,195,2,50,4080,258,258,16539,1,2,40,1,4,75,2,50,4080
8899,0320,9999,    ,Amarillo TX MSA,228,228,18722,0,0,0,0,0,0,0,0,0,189,189,17001,0,0,0,0,0,0,0,0,0
8899,0380,9999,    ,Anchorage AK MSA,230,230,32803,0,0,0,0,0,0,0,0,0,230,230,32803,0,0,0,0,0,0,0,0,0
8899,0400,9999,    ,Anderson IN MSA,147,147,9483,9,18,847,0,0,0,3,44,1300,142,142,9208,9,18,847,0,0,0,3,44,1300
8899,0405,9999,    ,Anderson SC MSA,630,630,42476,23,46,1336,15,59,1395,8,48,1302,625,625,42098,23,46,1336,15,59,1395,8,48,1302
8899,0450,9999,    ,Anniston AL MSA,230,230,13181,2,4,90,8,30,769,5,30,535,224,224,12928,2,4,90,8,30,769,5,30,535
8899,0460,9999,    ,Appleton-Oshkosh-Neenah WI MSA,1124,1124,89398,90,180,7337,9,33,1003,31,349,7478,975,975,81949,76,152,6672,1,4,400,20,207,4748
8899,0480,9999,    ,Asheville NC MSA,1019,1019,66620,15,30,1171,15,51,2061,20,244,9662,1019,1019,66620,15,30,1171,15,51,2061,20,244,9662
8899,0500,9999,    ,Athens GA MSA,871,871,62340,42,84,3008,4,12,1571,40,400,15442,871,871,62340,42,84,3008,4,12,1571,40,400,15442
8899,0520,9999,    ,Atlanta GA MSA,28468,28468,2205816,271,542,16887,77,287,8136,929,15138,478086,28358,28358,2199329,259,518,16577,75,281,8070,918,15081,477010
8899,0560,9999,    ,Atlantic City NJ MSA,2544,2544,189159,372,744,53789,35,125,9352,78,1730,93616,2446,2446,184138,361,722,52933,35,125,9352,65,1091,40595
8899,0600,9999,    ,Augusta GA-SC MSA,1949,1949,138190,10,20,760,3,10,226,19,192,4146,1941,1941,137818,10,20,760,3,10,226,19,192,4146
8899,0640,9999,    ,Austin TX MSA,2020,2020,189301,5,10,314,3,12,353,6,305,21017,2013,2013,188956,5,10,314,3,12,353,6,305,21017
8899,0680,9999,    ,Bakersfield CA MSA,2864,2864,231638,20,40,1507,32,121,4998,20,133,14099,2791,2791,226423,17,34,1282,29,109,4613,19,121,13704
8899,0720,9999,    ,Baltimore MD MSA,14372,14372,1130048,0,0,0,10,39,929,207,3619,151535,14372,14372,1130048,0,0,0,10,39,929,207,3619,151535
8899,0730,9999,    ,Bangor ME MSA,338,338,25473,4,8,245,21,84,3070,17,119,3609,316,316,24339,4,8,245,21,84,3070,9,79,2159
8899,0760,9999,    ,Baton Rouge LA MSA,809,809,64474,20,40,894,1,4,147,13,191,5731,760,760,60744,20,40,894,1,4,147,12,185,5501
8899,0780,9999,    ,Battle Creek MI MSA,144,144,9722,1,2,84,0,0,0,9,252,7206,104,104,7252,1,2,84,0,0,0,6,144,2634
8899,0840,9999,    ,Beaumont-Port Arthur TX MSA,378,378,25192,0,0,0,0,0,0,0,0,0,373,373,24964,0,0,0,0,0,0,0,0,0
8899,0860,9999,    ,Bellingham WA MSA,619,619,44171,26,52,2862,25,98,3508,31,489,17127,619,619,44171,26,52,2862,25,98,3508,31,489,17127
8899,0870,9999,    ,Benton Harbor MI MSA,463,463,34646,3,6,230,6,22,1146,9,74,4758,392,392,29610,3,6,230,2,8,390,9,74,4758
8899,0880,9999,    ,Billings MT MSA,97,97,8136,1,2,189,0,0,0,0,0,0,94,94,8002,1,2,189,0,0,0,0,0,0
8899,0920,9999,    ,Biloxi-Gulfport MS MSA,629,629,35668,16,32,1058,1,4,33,3,63,1792,628,628,35582,16,32,1058,1,4,33,2,58,1649
8899,0960,9999,    ,Binghamton NY MSA,795,795,70498,22,44,1964,3,12,400,0,0,0,720,720,65542,18,36,1674,3,12,400,0,0,0
8899,1000,9999,    ,Birmingham AL MSA,2667,2667,213025,10,20,446,8,31,1079,40,438,10258,2539,2539,203398,10,20,446,8,31,1079,39,433,10124
8899,1010,9999,    ,Bismarck ND MSA,170,170,14109,0,0,0,3,12,532,2,20,1021,170,170,14109,0,0,0,3,12,532,2,20,1021
8899,1020,9999,    ,Bloomington IN MSA,475,475,44934,6,12,449,2,8,450,6,39,3830,475,475,44934,6,12,449,2,8,450,6,39,3830
8899,1040,9999,    ,Bloomington-Normal IL MSA,561,561,36937,5,10,379,6,23,737,20,264,6806,560,560,36887,5,10,379,6,23,737,20,264,6806
8899,1080,9999,    ,Boise City ID MSA,1198,1198,93300,6,12,695,24,93,2906,15,120,3108,1198,1198,93300,6,12,695,24,93,2906,15,120,3108
8899,1122,1120,    ,Boston MA PMSA,5504,5504,646139,295,590,29963,87,295,16066,208,3298,184557,4442,4442,569264,256,512,26843,69,238,14166,115,2535,146103
8899,1122,1200,    ,Brockton MA PMSA,469,469,45142,32,64,3232,7,24,659,6,113,7286,420,420,42213,32,64,3232,7,24,659,5,108,6686
8899,1122,4160,    ,Lawrence-Haverhill MA-NH PMSA,1587,1587,142763,155,310,14019,22,82,4601,45,680,28273,1395,1395,130345,129,258,11666,21,79,4572,34,618,25245
8899,1122,4560,    ,Lowell MA-NH PMSA,870,870,76037,27,54,2767,2,7,272,10,113,5571,832,832,71023,27,54,2767,2,7,272,10,113,5571
8899,1122,5350,    ,Nashua NH PMSA,900,900,95575,71,142,6522,14,53,3312,23,294,14661,785,785,87661,39,78,4155,8,32,2308,22,289,14484
8899,1122,7090,    ,Salem-Gloucester MA PMSA,803,803,83183,27,54,4986,4,13,1105,9,341,19391,632,632,70611,27,54,4986,4,13,1105,9,341,19391
8899,1140,9999,    ,Bradenton FL MSA,1230,1230,62003,66,132,11098,33,129,5089,45,679,49904,1230,1230,62003,66,132,11098,33,129,5089,45,679,49904
8899,1150,9999,    ,Bremerton WA MSA,991,991,52768,15,30,958,3,10,432,45,412,14363,958,958,50601,14,28,897,3,10,432,39,350,13123
8899,1240,9999,    ,Brownsville-Harlingen TX MSA,549,549,21966,4,8,197,1,4,105,2,18,232,536,536,21473,4,8,197,1,4,105,2,18,232
8899,1260,9999,    ,Bryan-College Station TX MSA,218,218,21166,0,0,0,0,0,0,0,0,0,218,218,21166,0,0,0,0,0,0,0,0,0
8899,1282,1280,    ,Buffalo NY PMSA,2991,2991,251597,76,152,6278,8,31,1204,38,389,8923,2981,2981,251062,76,152,6278,8,31,1204,38,389,8923
8899,1282,5700,    ,Niagara Falls NY PMSA,604,604,47276,31,62,2791,24,96,3055,13,169,3449,604,604,47276,31,62,2791,24,96,3055,13,169,3449
8899,1300,9999,    ,Burlington NC MSA,586,586,38550,32,64,3353,11,35,1606,25,193,5331,586,586,38550,32,64,3353,11,35,1606,25,193,5331
8899,1305,9999,    ,Burlington VT MSA,672,672,65577,30,60,2199,27,102,5221,19,137,4820,607,607,61438,19,38,1505,26,99,5097,8,46,1792
8899,1320,9999,    ,Canton OH MSA,792,792,76217,29,58,2166,6,20,1257,13,118,2940,787,787,75776,27,54,2011,5,16,1150,7,70,1980
8899,1350,9999,    ,Casper WY MSA,24,24,2302,0,0,0,0,0,0,0,0,0,24,24,2302,0,0,0,0,0,0,0,0,0
8899,1360,9999,    ,Cedar Rapids IA MSA,508,508,31714,7,14,659,16,62,2882,3,112,2508,502,502,31343,7,14,659,16,62,2882,3,112,2508
8899,1400,9999,    ,Champaign-Urbana-Rantoul IL MSA,364,364,28492,23,46,2320,2,7,509,20,443,15287,350,350,27648,23,46,2320,2,7,509,20,443,15287
8899,1440,9999,    ,Charleston SC MSA,2946,2946,220884,40,80,2381,9,31,876,24,191,4578,2562,2562,200284,32,64,1780,9,31,876,12,125,3250
8899,1480,9999,    ,Charleston WV MSA,164,164,11901,0,0,0,1,3,124,6,37,637,139,139,10886,0,0,0,0,0,0,0,0,0
8899,1520,9999,    ,Charlotte-Gastonia-Rock Hill NC-SC MSA,8423,8423,610232,81,162,5263,48,180,4593,341,4088,80993,8414,8414,609974,81,162,5263,48,180,4593,341,4088,80993
8899,1540,9999,    ,Charlottesville VA MSA,1011,1011,85080,10,20,628,7,26,1183,11,122,9791,1011,1011,85080,10,20,628,7,26,1183,11,122,9791
8899,1560,9999,    ,Chattanooga TN-GA MSA,2024,2024,141224,56,112,3049,15,60,1268,22,531,12866,1998,1998,140096,53,106,2905,15,60,1268,18,469,12168
8899,1580,9999,    ,Cheyenne WY MSA,160,160,11912,1,2,20,0,0,0,1,162,5878,160,160,11912,1,2,20,0,0,0,1,162,5878
8899,1602,0620,    ,Aurora-Elgin IL PMSA,3107,3107,365541,114,228,12937,53,207,12710,24,358,14671,3091,3091,364096,114,228,12937,53,207,12710,24,358,14671
8899,1602,1600,    ,Chicago IL PMSA,16322,16322,1732246,143,286,16798,294,1087,63479,534,8940,419532,15650,15650,1671404,143,286,16798,276,1031,61579,516,8781,411331
8899,1602,2960,    ,Gary-Hammond IN PMSA,1690,1690,136762,21,42,2203,12,46,1596,12,198,7688,1674,1674,135725,21,42,2203,12,46,1596,11,193,7563
8899,1602,3690,    ,Joliet IL PMSA,2417,2417,223663,16,32,1423,13,50,2757,14,232,7012,2060,2060,188344,16,32,1423,8,31,1602,13,227,6856
8899,1602,3800,    ,Kenosha WI PMSA,368,368,30523,9,18,694,6,24,360,13,275,14000,363,363,30099,9,18,694,6,24,360,13,275,14000
8899,1602,3965,    ,Lake County IL PMSA,4219,4219,493198,38,76,4141,18,61,3512,52,806,24340,4153,4153,487317,38,76,4141,15,52,3267,48,744,23134
8899,1620,9999,    ,Chico CA MSA,1196,1196,95505,5,10,557,24,95,4849,9,59,2642,1196,1196,95505,5,10,557,24,95,4849,9,59,2642
8899,1642,1640,    ,Cincinnati OH-KY-IN PMSA,5596,5596,497603,55,110,3815,27,97,4210,287,3624,92858,5387,5387,487625,53,106,3715,27,97,4210,275,3561,91194
8899,1642,3200,    ,Hamilton-Middletown OH PMSA,1420,1420,96135,13,26,1511,49,192,8164,29,228,7139,1420,1420,96135,13,26,1511,49,192,8164,29,228,7139
8899,1660,9999,    ,Clarksville-Hopkinsville TN-KY MSA,980,980,54087,19,38,895,17,68,1930,32,246,4968,980,980,54087,19,38,895,17,68,1930,32,246,4968
8899,1692,0080,    ,Akron OH PMSA,2033,2033,192656,22,44,2827,38,145,6297,71,1109,31046,2032,2032,192554,21,42,2797,38,145,6297,71,1109,31046
8899,1692,1680,    ,Cleveland OH PMSA,3988,3988,474338,77,154,9111,45,164,9788,73,1507,56140,3724,3724,448036,72,144,8652,43,158,9526,68,1480,55624
8899,1692,4440,    ,Lorain-Elyria OH PMSA,749,749,82060,7,14,1082,0,0,0,1,18,500,738,738,81300,7,14,1082,0,0,0,1,18,500
8899,1720,9999,    ,Colorado Springs CO MSA,1439,1439,107455,11,22,540,7,28,525,2,79,2130,1439,1439,107455,11,22,540,7,28,525,2,79,2130
8899,1740,9999,    ,Columbia MO MSA,634,634,48535,62,124,5579,4,16,610,0,0,0,634,634,48535,62,124,5579,4,16,610,0,0,0
8899,1760,9999,    ,Columbia SC MSA,2228,2228,165240,13,26,1630,9,35,997,72,1215,25504,2221,2221,164888,13,26,1630,9,35,997,72,1215,25504
8899,1800,9999,    ,Columbus GA-AL MSA,739,739,40740,6,12,228,9,32,854,10,143,4526,739,739,40740,6,12,228,9,32,854,10,143,4526
8899,1840,9999,    ,Columbus OH MSA,6399,6399,579615,85,170,8361,87,333,13958,644,5108,148479,5801,5801,508062,76,152,7222,74,284,11082,644,5108,148479
8899,1880,9999,    ,Corpus Christi TX MSA,646,646,39728,1,2,70,2,7,376,3,48,622,634,634,39083,1,2,70,2,7,376,3,48,622
8899,1900,9999,    ,Cumberland MD-WV MSA,255,255,12737,0,0,0,4,15,140,8,117,4161,244,244,12449,0,0,0,4,15,140,4,45,1027
8899,1922,1920,    ,Dallas TX PMSA,9013,9013,900126,26,52,2636,6,21,480,85,1394,27374,8923,8923,890944,26,52,2636,3,12,251,74,1324,26250
8899,1922,2800,    ,Fort Worth-Arlington TX PMSA,5019,5019,438916,29,58,2615,18,70,1427,4,92,2419,5013,5013,438499,29,58,2615,18,70,1427,4,92,2419
8899,1950,9999,    ,Danville VA MSA,323,323,18696,5,10,346,1,4,68,2,14,355,323,323,18696,5,10,346,1,4,68,2,14,355
8899,1960,9999,    ,Davenport-Rock Island-Moline IA-IL MSA,402,402,42539,3,6,406,4,14,602,0,0,0,400,400,42439,3,6,406,4,14,602,0,0,0
8899,2000,9999,    ,Dayton-Springfield OH MSA,2498,2498,200250,53,106,5041,65,241,7856,118,1500,35078,2484,2484,198693,52,104,4965,64,238,7799,118,1500,35078
8899,2020,9999,    ,Daytona Beach FL MSA,5072,5072,354590,12,24,1404,12,47,1967,30,497,29232,5003,5003,349173,12,24,1404,11,43,1891,30,497,29232
8899,2030,9999,    ,Decatur Al MSA,509,509,21057,2,4,61,22,87,1528,3,64,1595,509,509,21057,2,4,61,22,87,1528,3,64,1595
8899,2040,9999,    ,Decatur IL MSA,187,187,15835,1,2,85,0,0,0,1,123,5701,185,185,15735,1,2,85,0,0,0,1,123,5701
8899,2082,1125,    ,Boulder-Longmont CO PMSA,911,911,97180,2,4,139,1,4,71,6,68,2589,911,911,97180,2,4,139,1,4,71,6,68,2589
8899,2082,2080,    ,Denver CO PMSA,4008,4008,372957,14,28,2428,34,128,8079,86,1914,60570,3997,3997,372611,14,28,2428,34,128,8079,86,1914,60570
8899,2120,9999,    ,Des Moines IA MSA,1614,1614,127888,8,16,565,6,24,799,37,1224,44433,1602,1602,127364,8,16,565,6,24,799,37,1224,44433
8899,2162,0440,    ,Ann Arbor MI PMSA,1174,1174,116146,19,38,2287,15,53,2344,111,1210,45068,1126,1126,110527,17,34,2012,13,46,1865,86,971,38186
8899,2162,2160,    ,Detroit MI PMSA,12918,12918,1115424,94,188,9957,254,977,54219,458,6588,217729,12644,12644,1099587,94,188,9957,250,965,53869,421,6298,212869
8899,2180,9999,    ,Dothan AL MSA,359,359,20481,12,24,508,20,80,1396,16,100,1976,359,359,20481,12,24,508,20,80,1396,16,100,1976
8899,2200,9999,    ,Dubuque IA MSA,172,172,14204,9,18,765,2,8,359,0,0,0,172,172,14204,9,18,765,2,8,359,0,0,0
8899,2240,9999,    ,Duluth MN-WI MSA,518,518,30943,3,6,263,1,4,85,2,30,943,499,499,30057,3,6,263,1,4,85,2,30,943
8899,2290,9999,    ,Eau Claire WI MSA,380,380,29063,16,32,1951,26,103,3552,2,16,400,325,325,24570,16,32,1951,26,103,3552,2,16,400
8899,2320,9999,    ,El Paso TX MSA,1557,1557,91630,29,58,1914,3,11,196,2,28,469,1555,1555,91589,29,58,1914,3,11,196,2,28,469
8899,2330,9999,    ,Elkhart-Goshen IN MSA,745,745,58886,12,24,1337,60,232,6909,10,285,7411,745,745,58886,12,24,1337,60,232,6909,10,285,7411
8899,2335,9999,    ,Elmira NY MSA,128,128,12753,4,8,223,1,3,80,2,14,225,116,116,12339,4,8,223,1,3,80,2,14,225
8899,2340,9999,    ,Enid OK MSA,11,11,1205,0,0,0,0,0,0,0,0,0,11,11,1205,0,0,0,0,0,0,0,0,0
8899,2360,9999,    ,Erie PA MSA,638,638,38065,5,10,330,2,8,313,7,119,3100,616,616,37264,5,10,330,2,8,313,7,119,3100
8899,2400,9999,    ,Eugene-Springfield OR MSA,567,567,46929,6,12,728,0,0,0,6,53,1438,549,549,45326,6,12,728,0,0,0,5,48,1190
8899,2440,9999,    ,Evansville IN-KY MSA,924,924,63098,4,8,295,9,28,858,9,100,1504,862,862,59888,4,8,295,6,19,623,2,56,360
8899,2520,9999,    ,Fargo-Moorhead ND-MN MSA,456,456,34591,19,38,1790,17,67,1690,27,522,12854,453,453,34471,19,38,1790,1,4,115,27,522,12854
8899,2560,9999,    ,Fayetteville NC MSA,1116,1116,54982,8,16,505,5,18,502,20,245,6074,1006,1006,49595,6,12,396,4,14,402,19,233,5838
8899,2580,9999,    ,Fayetteville-Springdale AR MSA,411,411,21852,45,90,2574,13,48,1067,20,291,5622,411,411,21852,45,90,2574,13,48,1067,20,291,5622
8899,2600,9999,    ,Fitchburg-Leominster MA MSA,375,375,37684,20,40,2562,11,37,1376,28,285,11673,183,183,23464,19,38,2467,0,0,0,3,48,1640
8899,2640,9999,    ,Flint MI MSA,809,809,55768,9,18,1007,2,8,613,15,243,6551,809,809,55768,9,18,1007,2,8,613,15,243,6551
8899,2650,9999,    ,Florence AL MSA,155,155,7832,3,6,107,0,0,0,6,101,2094,134,134,7117,3,6,107,0,0,0,6,101,2094
8899,2655,9999,    ,Florence SC MSA,434,434,23940,4,8,95,1,4,50,26,221,4365,156,156,10390,0,0,0,1,4,50,13,104,2122
8899,2670,9999,    ,Fort Collins-Loveland CO MSA,1049,1049,74600,18,36,1804,6,21,876,19,178,4182,1049,1049,74600,18,36,1804,6,21,876,19,178,4182
8899,2700,9999,    ,Fort Myers-Cape Coral FL MSA,4736,4736,278939,144,288,13624,57,206,10698,129,1550,60554,4736,4736,278939,144,288,13624,57,206,10698,129,1550,60554
8899,2710,9999,    ,Fort Pierce FL MSA,4856,4856,300223,124,248,16286,130,504,16555,72,1178,71848,4856,4856,300223,124,248,16286,130,504,16555,72,1178,71848
8899,2720,9999,    ,Fort Smith AR-OK MSA,480,480,28117,16,32,936,21,80,1768,8,58,1135,310,310,18941,13,26,769,21,80,1768,6,48,910
8899,2750,9999,    ,Fort Walton Beach FL MSA,1460,1460,71014,7,14,408,1,4,52,4,50,807,1460,1460,71014,7,14,408,1,4,52,4,50,807
8899,2760,9999,    ,Fort Wayne IN MSA,1709,1709,186532,39,78,2816,15,54,1008,16,213,4413,1679,1679,184681,12,24,810,15,54,1008,13,195,4259
8899,2840,9999,    ,Fresno CA MSA,3245,3245,258881,37,74,3275,82,303,11301,31,512,16331,3245,3245,258881,37,74,3275,82,303,11301,31,512,16331
8899,2880,9999,    ,Gadsden AL MSA,184,184,14409,0,0,0,0,0,0,6,48,800,183,183,14375,0,0,0,0,0,0,6,48,800
8899,2900,9999,    ,Gainesville FL MSA,1179,1179,52496,10,20,434,2,7,300,115,1041,25656,1179,1179,52496,10,20,434,2,7,300,115,1041,25656
8899,2975,9999,    ,Glens Falls NY MSA,1345,1345,99854,17,34,1599,49,178,7922,3,58,1650,1337,1337,99434,16,32,1559,49,178,7922,3,58,1650
8899,2985,9999,    ,Grand Forks ND MSA,122,122,9652,3,6,233,4,16,476,9,267,5818,121,121,9594,3,6,233,4,16,476,9,267,5818
8899,3000,9999,    ,Grand Rapids MI MSA,3244,3244,261428,88,176,8189,76,292,12795,127,1996,51393,3191,3191,257281,81,162,7684,76,292,12795,127,1996,51393
8899,3040,9999,    ,Great Falls MT MSA,101,101,9490,0,0,0,0,0,0,1,8,212,101,101,9490,0,0,0,0,0,0,1,8,212
8899,3060,9999,    ,Greeley CO MSA,257,257,18989,9,18,757,7,26,1065,0,0,0,248,248,18540,9,18,757,7,26,1065,0,0,0
8899,3080,9999,    ,Green Bay WI MSA,697,697,59537,95,190,9435,5,20,550,39,509,10429,534,534,47588,94,188,9352,5,20,550,34,483,9894
8899,3120,9999,    ,Greensboro--Winston-Salem--High Point NC MSA,5663,5663,393024,90,180,5858,38,139,4043,71,817,18385,5662,5662,392923,90,180,5858,38,139,4043,71,817,18385
8899,3160,9999,    ,Greenville-Spartanburg SC MSA,2912,2912,207608,51,102,3284,10,38,1236,81,1100,31713,2912,2912,207608,51,102,3284,10,38,1236,81,1100,31713
8899,3180,9999,    ,Hagerstown MD MSA,693,693,46734,23,46,1222,0,0,0,28,320,7202,691,691,46698,23,46,1222,0,0,0,28,320,7202
8899,3240,9999,    ,Harrisburg-Lebanon-Carlisle PA MSA,2953,2953,203098,12,24,696,9,35,1082,56,618,24136,2579,2579,181228,10,20,671,9,35,1082,39,447,16996
8899,3282,1170,    ,Bristol CT PMSA,538,538,40247,7,14,625,3,9,315,2,26,325,538,538,40247,7,14,625,3,9,315,2,26,325
8899,3282,3280,    ,Hartford CT PMSA,2946,2946,300234,47,94,4667,27,102,4982,66,983,37047,2946,2946,300234,47,94,4667,27,102,4982,66,983,37047
8899,3282,5020,    ,Middletown CT PMSA,490,490,35830,3,6,200,2,8,162,20,502,9800,490,490,35830,3,6,200,2,8,162,20,502,9800
8899,3282,5440,    ,New Britain CT PMSA,453,453,27682,41,82,2271,4,14,410,28,357,7754,453,453,27682,41,82,2271,4,14,410,28,357,7754
8899,3290,9999,    ,Hickory NC MSA,997,997,65742,16,32,1311,15,58,1593,20,190,4206,997,997,65742,16,32,1311,15,58,1593,20,190,4206
8899,3320,9999,    ,Honolulu HI MSA,1945,1945,201636,85,170,11944,47,183,9565,60,988,91504,1945,1945,201636,85,170,11944,47,183,9565,60,988,91504
8899,3350,9999,    ,Houma-Thibodaux LA MSA,285,285,16454,0,0,0,0,0,0,0,0,0,179,179,10124,0,0,0,0,0,0,0,0,0
8899,3362,1145,    ,Brazoria TX PMSA,682,682,52473,0,0,0,0,0,0,1,12,500,682,682,52473,0,0,0,0,0,0,1,12,500
8899,3362,2920,    ,Galveston-Texas City TX PMSA,618,618,60226,4,8,850,0,0,0,1,5,75,614,614,59996,4,8,850,0,0,0,0,0,0
8899,3362,3360,    ,Houston TX PMSA,6781,6781,659237,7,14,390,5,18,398,33,1024,30068,6766,6766,656906,7,14,390,5,18,398,33,1024,30068
8899,3400,9999,    ,Huntington-Ashland WV-KY-OH MSA,141,141,9871,3,6,181,1,4,85,4,41,810,137,137,9666,3,6,181,1,4,85,4,41,810
8899,3440,9999,    ,Huntsville AL MSA,1630,1630,39741,7,14,383,17,65,1896,61,674,9678,1626,1626,39600,7,14,383,17,65,1896,61,674,9678
8899,3480,9999,    ,Indianapolis IN MSA,6582,6582,658002,239,478,23929,16,57,2217,155,1848,61414,6510,6510,653024,239,478,23929,16,57,2217,153,1838,61164
8899,3500,9999,    ,Iowa City IA MSA,292,292,31674,9,18,1089,2,8,192,3,70,1500,292,292,31674,9,18,1089,2,8,192,3,70,1500
8899,3520,9999,    ,Jackson MI MSA,435,435,23430,2,4,320,3,12,560,1,12,200,426,426,23211,2,4,320,3,12,560,1,12,200
8899,3560,9999,    ,Jackson MS MSA,1411,1411,97479,45,90,4474,49,194,5671,61,765,19741,1391,1391,96873,45,90,4474,49,194,5671,61,765,19741
8899,3580,9999,    ,Jackson TN MSA,482,482,31830,0,0,0,0,0,0,0,0,0,482,482,31830,0,0,0,0,0,0,0,0,0
8899,3600,9999,    ,Jacksonville FL MSA,7241,7241,476622,55,110,3712,78,307,6833,178,2360,63253,7241,7241,476622,55,110,3712,78,307,6833,178,2360,63253
8899,3605,9999,    ,Jacksonville NC MSA,784,784,30700,0,0,0,0,0,0,0,0,0,784,784,30700,0,0,0,0,0,0,0,0,0
8899,3620,9999,    ,Janesville-Beloit WI MSA,301,301,21145,24,48,1997,2,7,275,5,79,1680,284,284,20291,24,48,1997,2,7,275,5,79,1680
8899,3660,9999,    ,Johnson City-Kingsport-Bristol TN-VA MSA,796,796,55170,6,12,220,16,63,1792,32,255,5911,778,778,54366,6,12,220,16,63,1792,32,255,5911
8899,3680,9999,    ,Johnstown PA MSA,507,507,29421,4,8,256,0,0,0,0,0,0,447,447,26589,4,8,256,0,0,0,0,0,0
8899,3710,9999,    ,Joplin MO MSA,257,257,16366,10,20,754,0,0,0,0,0,0,255,255,16208,10,20,754,0,0,0,0,0,0
8899,3720,9999,    ,Kalamazoo MI MSA,710,710,65364,2,4,415,7,26,1184,56,874,32854,694,694,64218,2,4,415,7,26,1184,56,874,32854
8899,3740,9999,    ,Kankakee IL MSA,196,196,14881,0,0,0,0,0,0,3,15,635,185,185,14656,0,0,0,0,0,0,1,5,335
8899,3760,9999,    ,Kansas City MO-KS MSA,7394,7394,674435,305,610,33664,131,495,20220,141,2103,67232,7366,7366,672530,295,590,32810,128,486,19878,141,2103,67232
8899,3810,9999,    ,Killeen-Temple TX MSA,820,820,55556,9,18,457,3,10,231,4,32,1167,820,820,55556,9,18,457,3,10,231,4,32,1167
8899,3840,9999,    ,Knoxville TN MSA,2313,2313,148570,49,98,3078,13,48,2258,25,423,9258,2313,2313,148570,49,98,3078,13,48,2258,25,423,9258
8899,3850,9999,    ,Kokomo IN MSA,187,187,14516,7,14,1143,0,0,0,0,0,0,182,182,14298,7,14,1143,0,0,0,0,0,0
8899,3870,9999,    ,La Crosse WI MSA,197,197,15105,10,20,795,6,22,869,11,163,3388,196,196,15066,10,20,795,6,22,869,11,163,3388
8899,3880,9999,    ,Lafayette LA MSA,249,249,17823,25,50,900,0,0,0,0,0,0,224,224,16889,25,50,900,0,0,0,0,0,0
8899,3920,9999,    ,Lafayette-West Lafayette IN MSA,373,373,30658,4,8,399,3,10,260,33,284,8061,373,373,30658,4,8,399,3,10,260,33,284,8061
8899,3960,9999,    ,Lake Charles LA MSA,364,364,22274,2,4,78,0,0,0,8,106,2921,360,360,22095,2,4,78,0,0,0,1,16,484
8899,3980,9999,    ,Lakeland-Winter Haven FL MSA,2473,2473,135476,80,160,4368,27,104,2683,75,1029,21777,2473,2473,135476,80,160,4368,27,104,2683,75,1029,21777
8899,4000,9999,    ,Lancaster PA MSA,2990,2990,234763,27,54,2383,29,103,5600,46,372,14250,2734,2734,223499,27,54,2383,29,103,5600,44,328,13044
8899,4040,9999,    ,Lansing-East Lansing MI MSA,1427,1427,113034,13,26,1262,10,37,1754,22,567,16548,1399,1399,111849,12,24,1197,8,31,1567,22,567,16548
8899,4080,9999,    ,Laredo TX MSA,596,596,22868,4,8,114,4,15,232,19,160,1856,596,596,22868,4,8,114,4,15,232,19,160,1856
8899,4100,9999,    ,Las Cruces NM MSA,722,722,43159,0,0,0,1,3,90,7,155,2447,722,722,43159,0,0,0,1,3,90,7,155,2447
8899,4120,9999,    ,Las Vegas NV MSA,9471,9471,520301,5,10,241,48,192,6418,1486,16765,484200,9471,9471,520301,5,10,241,48,192,6418,1486,16765,484200
8899,4150,9999,    ,Lawrence KS MSA,479,479,38549,63,126,5709,25,77,2280,31,408,8650,479,479,38549,63,126,5709,25,77,2280,31,408,8650
8899,4200,9999,    ,Lawton OK MSA,160,160,12276,1,2,20,1,4,160,0,0,0,160,160,12276,1,2,20,1,4,160,0,0,0
8899,4240,9999,    ,Lewiston-Auburn ME MSA,314,314,23867,9,18,922,2,8,225,22,270,8017,247,247,21126,9,18,922,2,8,225,18,250,7515
8899,4280,9999,    ,Lexington-Fayette KY MSA,2283,2283,168520,72,144,4395,14,53,1641,78,955,29224,2258,2258,167151,72,144,4395,14,53,1641,76,945,29010
8899,4320,9999,    ,Lima OH MSA,361,361,27070,19,38,1205,4,12,288,2,12,375,291,291,23474,19,38,1205,4,12,288,2,12,375
8899,4360,9999,    ,Lincoln NE MSA,867,867,68006,19,38,1527,7,28,521,31,778,15331,864,864,67889,19,38,1527,7,28,521,31,778,15331
8899,4400,9999,    ,Little Rock-North Little Rock AR MSA,1290,1290,103793,9,18,712,10,40,970,7,44,2246,1290,1290,103793,9,18,712,10,40,970,7,44,2246
8899,4420,9999,    ,Longview-Marshall TX MSA,129,129,10646,1,2,45,0,0,0,0,0,0,129,129,10646,1,2,45,0,0,0,0,0,0
8899,4472,0360,    ,Anaheim-Santa Ana CA PMSA,11514,11514,1673485,282,564,56585,384,1391,104882,853,9986,525638,11508,11508,1673055,282,564,56585,384,1391,104882,852,9981,525425
8899,4472,4480,    ,Los Angeles-Long Beach CA PMSA,17677,17677,2395364,679,1358,99471,616,2198,151435,2013,29052,1867556,17615,17615,2387791,673,1346,98567,609,2173,149649,1992,28837,1857925
8899,4472,6000,    ,Oxnard-Ventura CA PMSA,3675,3675,525033,44,88,9603,84,299,22477,128,1092,70434,3573,3573,508150,44,88,9603,84,299,22477,123,1054,67810
8899,4472,6780,    ,Riverside-San Bernardino CA PMSA,43197,43197,4213466,189,378,25392,285,1071,57645,683,8473,345788,43176,43176,4211826,189,378,25392,285,1071,57645,683,8473,345788
8899,4520,9999,    ,Louisville KY-IN MSA,3381,3381,299805,49,98,2360,31,119,3058,87,1164,25125,3334,3334,297945,45,90,2229,31,119,3058,83,1144,24883
8899,4600,9999,    ,Lubbock TX MSA,438,438,37576,0,0,0,0,0,0,0,0,0,438,438,37576,0,0,0,0,0,0,0,0,0
8899,4640,9999,    ,Lynchburg VA MSA,496,496,31270,22,44,1263,0,0,0,7,80,1675,496,496,31270,22,44,1263,0,0,0,7,80,1675
8899,4680,9999,    ,Macon-Warner Robins GA MSA,1449,1449,88517,2,4,103,1,4,95,22,279,5031,1439,1439,88257,2,4,103,1,4,95,22,279,5031
8899,4720,9999,    ,Madison WI MSA,1562,1562,133400,74,148,6667,33,129,5048,62,1070,35332,1556,1556,132909,74,148,6667,33,129,5048,62,1070,35332
8899,4760,9999,    ,Manchester NH MSA,379,379,47871,72,144,7632,70,275,10312,34,733,24285,375,375,47631,57,114,6749,70,275,10312,31,700,23873
8899,4800,9999,    ,Mansfield OH MSA,208,208,15849,14,28,670,1,3,100,4,31,795,205,205,15654,5,10,445,1,3,100,4,31,795
8899,4880,9999,    ,McAllen-Edinburg-Mission TX MSA,1110,1110,45033,38,76,1821,6,24,405,8,126,2385,976,976,41783,38,76,1821,6,24,405,4,65,875
8899,4890,9999,    ,Medford OR MSA,740,740,62107,14,28,1121,18,65,2345,31,309,13165,736,736,61834,14,28,1121,18,65,2345,29,299,12949
8899,4900,9999,    ,Melbourne-Titusville-Palm Bay FL MSA,4936,4936,355954,11,22,1351,32,123,6016,95,1037,44346,4936,4936,355954,11,22,1351,32,123,6016,95,1037,44346
8899,4920,9999,    ,Memphis TN-AR-MS MSA,5331,5331,460582,5,10,330,15,58,1709,142,2271,57107,5320,5320,459934,5,10,330,15,58,1709,142,2271,57107
8899,4940,9999,    ,Merced CA MSA,955,955,74938,22,44,2669,36,136,6094,27,206,7715,954,954,74888,22,44,2669,36,136,6094,27,206,7715
8899,4992,2680,    ,Fort Lauderdale-Hollywood-Pompano Beach FL PMSA,6863,6863,571144,159,318,15067,91,346,14449,501,7403,268302,6863,6863,571144,159,318,15067,91,346,14449,501,7403,268302
8899,4992,5000,    ,Miami-Hialeah FL PMSA,8234,8234,565978,186,372,17191,65,249,8958,401,8444,309456,8131,8131,562350,186,372,17191,65,249,8958,388,8097,306344
8899,5040,9999,    ,Midland TX MSA,207,207,21398,0,0,0,0,0,0,0,0,0,207,207,21398,0,0,0,0,0,0,0,0,0
8899,5082,5080,    ,Milwaukee WI PMSA,3429,3429,340439,165,330,18391,71,273,15530,203,2935,106628,3261,3261,329397,165,330,18391,71,273,15530,203,2935,106628
8899,5082,6600,    ,Racine WI PMSA,417,417,35618,10,20,1050,2,8,464,17,211,12140,402,402,34699,10,20,1050,2,8,464,14,196,11665
8899,5120,9999,    ,Minneapolis-St. Paul MN-WI MSA,13755,13755,1372244,102,204,12453,99,375,19821,300,6397,248250,13528,13528,1354920,102,204,12453,96,366,19075,288,6319,245489
8899,5160,9999,    ,Mobile AL MSA,678,678,47633,7,14,511,8,32,865,19,154,3661,637,637,46098,6,12,441,8,32,865,9,82,2290
8899,5170,9999,    ,Modesto CA MSA,4385,4385,322316,53,106,4989,32,110,4221,36,406,13174,4374,4374,321500,53,106,4989,32,110,4221,36,406,13174
8899,5200,9999,    ,Monroe LA MSA,263,263,18780,0,0,0,2,8,450,22,132,4311,263,263,18780,0,0,0,2,8,450,22,132,4311
8899,5240,9999,    ,Montgomery AL MSA,1146,1146,55703,1,2,64,2,7,149,9,210,3005,1137,1137,55390,1,2,64,2,7,149,9,210,3005
8899,5280,9999,    ,Muncie IN MSA,176,176,13520,4,8,638,11,44,2300,4,60,2015,176,176,13520,4,8,638,11,44,2300,4,60,2015
8899,5320,9999,    ,Muskegon MI MSA,494,494,28847,12,24,926,12,48,1703,3,18,834,459,459,27295,5,10,343,5,20,861,3,18,834
8899,5345,9999,    ,Naples FL MSA,2149,2149,225677,116,232,21810,4,16,1197,395,3955,229271,2149,2149,225677,116,232,21810,4,16,1197,395,3955,229271
8899,5360,9999,    ,Nashville TN MSA,6702,6702,511805,92,184,8018,35,130,5196,168,2656,83185,6622,6622,507937,92,184,8018,34,126,5055,156,2583,81557
8899,5400,9999,    ,New Bedford MA MSA,599,599,62201,26,52,2619,3,12,620,8,405,15193,512,512,51531,26,52,2619,1,4,120,8,405,15193
8899,5480,9999,    ,New Haven-Meriden CT MSA,1981,1981,142289,43,86,3412,23,81,3120,41,635,16801,1943,1943,138492,43,86,3412,23,81,3120,41,635,16801
8899,5520,9999,    ,New London-Norwich CT-RI MSA,1369,1369,117320,11,22,975,0,0,0,17,514,16353,1369,1369,117320,11,22,975,0,0,0,17,514,16353
8899,5560,9999,    ,New Orleans LA MSA,2211,2211,133494,40,80,2642,3,10,323,19,391,14654,2161,2161,130851,39,78,2202,3,10,323,19,391,14654
8899,5602,0875,    ,Bergen-Passaic NJ PMSA,2152,2152,209916,148,296,19375,18,65,5242,155,2567,134897,1973,1973,195728,146,292,19150,18,65,5242,152,2552,133168
8899,5602,1160,    ,Bridgeport-Milford CT PMSA,941,941,85594,31,62,2339,15,56,3355,26,214,9230,924,924,85084,26,52,2132,15,56,3355,26,214,9230
8899,5602,1930,    ,Danbury CT PMSA,695,695,65913,9,18,1441,13,43,2318,22,221,6286,639,639,61415,9,18,1441,13,43,2318,22,221,6286
8899,5602,3640,    ,Jersey City NJ PMSA,76,76,4124,147,294,13880,5,17,724,26,721,43389,74,74,4030,129,258,12109,5,17,724,18,681,42272
8899,5602,5015,    ,Middlesex-Somerset-Hunterdon NJ PMSA,4766,4766,389077,46,92,3170,16,64,3224,114,1359,74931,4279,4279,353612,46,92,3170,16,64,3224,86,1084,37573
8899,5602,5190,    ,Monmouth-Ocean NJ PMSA,6288,6288,520148,25,50,2739,16,61,3005,115,1397,57334,6112,6112,505526,23,46,2568,14,55,2853,110,1355,55836
8899,5602,5380,    ,Nassau-Suffolk NY PMSA,7758,7758,588313,57,114,5274,5,19,1243,83,1035,46611,6999,6999,535630,54,108,5115,5,19,1243,73,982,43333
8899,5602,5600,    ,New York NY PMSA,4259,4259,498163,997,1994,111726,493,1523,87525,254,5710,352366,4219,4219,493302,992,1984,111245,493,1523,87525,243,5651,349197
8899,5602,5640,    ,Newark NJ PMSA,3415,3415,374737,80,160,7582,26,99,2726,51,895,49255,3314,3314,354701,80,160,7582,26,99,2726,51,895,49255
8899,5602,5760,    ,Norwalk CT PMSA,184,184,29090,5,10,447,4,16,601,38,443,18306,153,153,23683,5,10,447,4,16,601,38,443,18306
8899,5602,5950,    ,Orange County NY PMSA,1476,1476,118400,38,76,3746,9,35,1021,41,413,13726,1413,1413,114167,38,76,3746,9,35,1021,40,408,13640
8899,5602,8040,    ,Stamford CT PMSA,451,451,77814,3,6,335,1,3,200,14,317,30631,451,451,77814,3,6,335,1,3,200,14,317,30631
8899,5720,9999,    ,Norfolk-Virginia Beach-Newport News VA MSA,9479,9479,698450,208,416,17952,101,390,18105,320,3287,99355,9454,9454,696477,205,410,17784,101,390,18105,319,3277,99043
8899,5790,9999,    ,Ocala FL MSA,2626,2626,102894,7,14,398,13,50,1746,13,92,3207,2626,2626,102894,7,14,398,13,50,1746,13,92,3207
8899,5800,9999,    ,Odessa TX MSA,39,39,3516,0,0,0,0,0,0,0,0,0,39,39,3516,0,0,0,0,0,0,0,0,0
8899,5880,9999,    ,Oklahoma City OK MSA,1891,1891,134490,3,6,105,9,34,615,11,85,2133,1862,1862,132628,3,6,105,9,34,615,7,65,1561
8899,5910,9999,    ,Olympia WA MSA,1139,1139,61094,16,32,1700,4,14,538,58,597,22226,949,949,53472,16,32,1700,4,14,538,57,592,22097
8899,5920,9999,    ,Omaha NE-IA MSA,1946,1946,137763,45,90,4558,18,71,1550,53,968,18419,1946,1946,137763,45,90,4558,18,71,1550,53,968,18419
8899,5960,9999,    ,Orlando FL MSA,13354,13354,915412,246,492,17779,184,703,19539,520,7025,173232,13353,13353,915355,246,492,17779,184,703,19539,520,7025,173232
8899,5990,9999,    ,Owensboro KY MSA,203,203,11652,6,12,323,2,8,192,0,0,0,114,114,6772,6,12,323,2,8,192,0,0,0
8899,6015,9999,    ,Panama City FL MSA,948,948,69149,32,64,2724,10,40,1030,14,180,3909,922,922,67763,30,60,2628,10,40,1030,14,180,3909
8899,6020,9999,    ,Parkersburg-Marietta WV-OH MSA,102,102,6628,2,4,70,3,11,296,10,68,1142,96,96,6441,2,4,70,3,11,296,10,68,1142
8899,6025,9999,    ,Pascagoula MS MSA,336,336,13151,0,0,0,1,4,66,0,0,0,288,288,9525,0,0,0,1,4,66,0,0,0
8899,6080,9999,    ,Pensacola FL MSA,2081,2081,127574,14,28,618,10,39,1020,3,34,948,2081,2081,127574,14,28,618,10,39,1020,3,34,948
8899,6120,9999,    ,Peoria IL MSA,561,561,48982,6,12,661,2,6,175,0,0,0,490,490,43351,6,12,661,2,6,175,0,0,0
8899,6162,6160,    ,Philadelphia PA-NJ PMSA,19252,19252,1508486,131,262,10971,81,301,10214,236,3424,132434,17677,17677,1431972,128,256,10839,71,265,9772,214,3245,120974
8899,6162,8480,    ,Trenton NJ PMSA,1097,1097,98448,0,0,0,1,3,144,33,356,22772,1060,1060,94988,0,0,0,0,0,0,32,351,22580
8899,6162,8760,    ,Vineland-Millville-Bridgeton NJ PMSA,601,601,35073,22,44,1796,2,6,221,0,0,0,549,549,32435,21,42,1726,2,6,221,0,0,0
8899,6162,9160,    ,Wilmington DE-NJ-MD PMSA,4800,4800,254618,28,56,1752,41,128,1652,128,1081,25212,4794,4794,253990,28,56,1752,41,128,1652,128,1081,25212
8899,6200,9999,    ,Phoenix AZ MSA,14906,14906,1477828,40,80,6598,46,180,6396,419,6266,300840,14906,14906,1477828,40,80,6598,46,180,6396,419,6266,300840
8899,6240,9999,    ,Pine Bluff AR MSA,105,105,2848,4,8,101,1,4,60,1,20,452,103,103,2798,4,8,101,1,4,60,1,20,452
8899,6282,0845,    ,Beaver County PA PMSA,281,281,20511,5,10,268,0,0,0,0,0,0,271,271,19956,5,10,268,0,0,0,0,0,0
8899,6282,6280,    ,Pittsburgh PA PMSA,3842,3842,356266,23,46,2679,38,136,6632,101,1523,40759,3368,3368,315150,20,40,2211,32,118,5784,73,1341,35289
8899,6320,9999,    ,Pittsfield MA MSA,304,304,25040,17,34,1973,8,27,1380,7,72,2539,230,230,17850,14,28,1170,8,27,1380,4,57,1804
8899,6400,9999,    ,Portland ME MSA,1336,1336,114189,21,42,1651,4,15,488,22,310,12843,1196,1196,106277,21,42,1651,4,15,488,22,310,12843
8899,6442,6440,    ,Portland OR PMSA,4726,4726,434420,32,64,3224,63,243,9183,263,3057,103743,4700,4700,432741,31,62,3173,63,243,9183,263,3057,103743
8899,6442,8725,    ,Vancouver WA PMSA,1415,1415,124319,27,54,3075,9,35,1195,200,2241,57816,1415,1415,124319,27,54,3075,9,35,1195,200,2241,57816
8899,6450,9999,    ,Portsmouth-Dover-Rochester NH-ME MSA,1094,1094,96754,39,78,5233,11,42,2056,18,331,12811,992,992,90785,39,78,5233,11,42,2056,18,331,12811
8899,6460,9999,    ,Poughkeepsie NY MSA,1130,1130,123768,6,12,654,6,21,1461,17,262,10517,970,970,111428,4,8,527,6,21,1461,17,262,10517
8899,6482,2480,    ,Fall River MA-RI PMSA,476,476,39253,12,24,915,28,85,3289,6,149,7570,476,476,39253,12,24,915,28,85,3289,6,149,7570
8899,6482,6060,    ,Pawtucket-Woonsocket-Attleboro RI-MA PMSA,1255,1255,111053,57,114,4745,16,58,2511,33,399,11123,1255,1255,111053,57,114,4745,16,58,2511,33,399,11123
8899,6482,6480,    ,Providence RI PMSA,2205,2205,171462,266,532,18231,61,225,8219,114,1289,39976,2021,2021,161178,266,532,18231,61,225,8219,114,1289,39976
8899,6520,9999,    ,Provo-Orem UT MSA,676,676,55908,7,14,409,7,26,1160,8,85,3622,673,673,55828,7,14,409,7,26,1160,8,85,3622
8899,6560,9999,    ,Pueblo CO MSA,222,222,9020,14,28,639,6,23,506,1,30,547,222,222,9020,14,28,639,6,23,506,1,30,547
8899,6640,9999,    ,Raleigh-Durham NC MSA,6620,6620,572807,47,94,3234,37,143,5658,80,961,25049,6588,6588,570727,47,94,3234,37,143,5658,74,931,23877
8899,6660,9999,    ,Rapid City SD MSA,196,196,11469,0,0,0,0,0,0,1,48,2202,196,196,11469,0,0,0,0,0,0,1,48,2202
8899,6680,9999,    ,Reading PA MSA,2047,2047,141571,11,22,838,9,35,1394,12,80,2323,1899,1899,132441,11,22,838,8,32,1334,8,60,1906
8899,6690,9999,    ,Redding CA MSA,1130,1130,79954,21,42,742,21,83,3701,8,60,2174,1130,1130,79954,21,42,742,21,83,3701,8,60,2174
8899,6720,9999,    ,Reno NV MSA,1714,1714,135470,9,18,660,17,65,2025,75,807,30104,1714,1714,135470,9,18,660,17,65,2025,75,807,30104
8899,6740,9999,    ,Richland-Kennewick-Pasco WA MSA,54,54,4441,2,4,330,0,0,0,0,0,0,54,54,4441,2,4,330,0,0,0,0,0,0
8899,6760,9999,    ,Richmond-Petersburg VA MSA,7994,7994,486390,23,46,672,8,32,1088,172,2445,50593,7994,7994,486390,23,46,672,8,32,1088,172,2445,50593
8899,6800,9999,    ,Roanoke VA MSA,814,814,50419,23,46,1012,8,30,679,8,93,3576,814,814,50419,23,46,1012,8,30,679,8,93,3576
8899,6820,9999,    ,Rochester MN MSA,668,668,60160,12,24,1490,13,51,2353,2,18,990,668,668,60160,12,24,1490,13,51,2353,2,18,990
8899,6840,9999,    ,Rochester NY MSA,4081,4081,410888,31,62,2662,22,79,3788,27,231,7325,4023,4023,407840,29,58,2522,22,79,3788,27,231,7325
8899,6880,9999,    ,Rockford IL MSA,1069,1069,69968,64,128,5695,28,110,2587,25,263,3903,534,534,38997,53,106,4667,26,104,2421,22,247,3597
8899,6920,9999,    ,Sacramento CA MSA,14073,14073,1535117,85,170,10798,54,205,10181,334,4230,174793,14073,14073,1535117,85,170,10798,54,205,10181,334,4230,174793
8899,6960,9999,    ,Saginaw-Bay City-Midland MI MSA,754,754,61100,17,34,1316,7,28,891,7,53,1077,575,575,50358,17,34,1316,7,28,891,7,53,1077
8899,6980,9999,    ,St. Cloud MN MSA,1191,1191,83001,5,10,528,1,4,164,56,984,27107,1141,1141,79744,5,10,528,1,4,164,56,984,27107
8899,7000,9999,    ,St. Joseph MO MSA,134,134,9513,6,12,575,4,14,820,0,0,0,134,134,9513,6,12,575,4,14,820,0,0,0
8899,7040,9999,    ,St. Louis MO-IL MSA,10330,10330,825785,226,452,21923,140,529,20909,210,2749,83448,10165,10165,815592,218,436,21488,140,529,20909,209,2744,83336
8899,7080,9999,    ,Salem OR MSA,740,740,43502,19,38,1307,13,48,1464,64,550,9422,639,639,37981,18,36,1240,13,48,1464,60,518,8928
8899,7120,9999,    ,Salinas-Seaside-Monterey CA MSA,1084,1084,129698,17,34,2174,21,72,4170,34,292,13800,1084,1084,129698,17,34,2174,21,72,4170,34,292,13800
8899,7160,9999,    ,Salt Lake City-Ogden UT MSA,3393,3393,252843,9,18,955,7,28,909,8,106,3497,3363,3363,250640,9,18,955,7,28,909,8,106,3497
8899,7200,9999,    ,San Angelo TX MSA,166,166,6246,2,4,51,0,0,0,0,0,0,166,166,6246,2,4,51,0,0,0,0,0,0
8899,7240,9999,    ,San Antonio TX MSA,1799,1799,104260,12,24,306,2,6,80,8,208,13349,1796,1796,104173,12,24,306,2,6,80,8,208,13349
8899,7320,9999,    ,San Diego CA MSA,14749,14749,2380306,245,490,43597,266,974,82484,1034,12339,776641,14749,14749,2380306,245,490,43597,266,974,82484,1033,12327,775763
8899,7362,5775,    ,Oakland CA PMSA,9665,9665,1072290,73,146,8544,97,355,19894,299,4402,213647,9653,9653,1071326,73,146,8544,97,355,19894,298,4397,213455
8899,7362,7360,    ,San Francisco CA PMSA,2590,2590,409057,135,270,30247,111,372,42589,106,2495,184297,2562,2562,405803,135,270,30247,111,372,42589,105,2490,184118
8899,7362,7400,    ,San Jose CA PMSA,3691,3691,486702,31,62,4927,71,236,18887,238,2496,105046,3668,3668,483153,31,62,4927,70,232,18521,237,2470,104013
8899,7362,7485,    ,Santa Cruz CA PMSA,826,826,111402,12,24,1498,23,71,6050,27,207,13846,826,826,111402,12,24,1498,23,71,6050,27,207,13846
8899,7362,7500,    ,Santa Rosa-Petaluma CA PMSA,3857,3857,383269,38,76,4271,17,59,2867,50,683,24280,3857,3857,383269,38,76,4271,17,59,2867,50,683,24280
8899,7362,8720,    ,Vallejo-Fairfield-Napa CA PMSA,5280,5280,542144,17,34,1964,18,63,3217,70,750,32508,5056,5056,523214,16,32,1844,18,63,3217,67,728,31731
8899,7480,9999,    ,Santa Barbara-Santa Maria-Lompoc CA MSA,1071,1071,148375,22,44,2922,22,75,4419,20,142,7198,982,982,140032,22,44,2922,18,61,3748,16,102,6018
8899,7490,9999,    ,Santa Fe NM MSA,309,309,30022,2,4,60,4,12,620,15,453,8623,309,309,30022,2,4,60,4,12,620,15,453,8623
8899,7510,9999,    ,Sarasota FL MSA,2722,2722,255584,22,44,2749,10,37,1764,47,597,30256,2618,2618,249799,16,32,2388,8,31,1551,46,590,30043
8899,7520,9999,    ,Savannah GA MSA,1408,1408,117603,22,44,1572,13,45,1254,52,448,13172,1021,1021,98035,10,20,973,0,0,0,27,181,4934
8899,7560,9999,    ,Scranton--Wilkes-Barre PA MSA,4826,4826,338384,38,76,2808,46,171,6244,55,450,21990,4019,4019,290500,34,68,2462,33,128,4673,32,273,12128
8899,7602,7600,    ,Seattle WA PMSA,11009,11009,1046590,214,428,20292,184,672,34127,1115,14679,594504,10992,10992,1044734,213,426,20238,176,646,33404,1111,14659,593881
8899,7602,8200,    ,Tacoma WA PMSA,2487,2487,171202,95,190,8894,53,201,7834,156,2093,76526,2480,2480,170868,95,190,8894,52,198,7759,156,2093,76526
8899,7610,9999,    ,Sharon PA MSA,171,171,9710,2,4,184,0,0,0,4,20,812,159,159,9203,2,4,184,0,0,0,4,20,812
8899,7620,9999,    ,Sheboygan WI MSA,279,279,19599,11,22,908,4,16,460,2,98,4280,253,253,17959,11,22,908,4,16,460,2,98,4280
8899,7640,9999,    ,Sherman-Denison TX MSA,52,52,3052,2,4,237,0,0,0,0,0,0,50,50,3002,2,4,237,0,0,0,0,0,0
8899,7680,9999,    ,Shreveport LA MSA,298,298,30745,2,4,143,5,19,992,4,51,1081,266,266,28524,0,0,0,2,8,560,1,6,360
8899,7720,9999,    ,Sioux City IA-NE MSA,131,131,5496,4,8,281,2,6,234,0,0,0,121,121,4836,4,8,281,2,6,234,0,0,0
8899,7760,9999,    ,Sioux Falls SD MSA,422,422,27566,8,16,759,15,60,1212,16,449,12362,422,422,27566,8,16,759,15,60,1212,16,449,12362
8899,7800,9999,    ,South Bend-Mishawaka IN MSA,913,913,87801,7,14,585,0,0,0,23,348,7311,910,910,87585,7,14,585,0,0,0,23,348,7311
8899,7840,9999,    ,Spokane WA MSA,695,695,49818,20,40,2072,29,113,2452,13,265,9122,685,685,49219,20,40,2072,26,101,2073,13,265,9122
8899,7880,9999,    ,Springfield IL MSA,642,642,49202,74,148,6792,8,31,887,12,117,2397,608,608,47416,70,140,6512,7,28,887,12,117,2397
8899,7920,9999,    ,Springfield MO MSA,1337,1337,68329,112,224,7522,7,25,438,24,282,5140,1333,1333,68162,112,224,7522,7,25,438,24,282,5140
8899,8000,9999,    ,Springfield MA MSA,1888,1888,172992,275,550,19306,24,88,4373,38,614,26300,1853,1853,171310,275,550,19306,24,88,4373,38,614,26300
8899,8050,9999,    ,State College PA MSA,637,637,53041,23,46,1942,0,0,0,2,20,2788,611,611,51909,23,46,1942,0,0,0,2,20,2788
8899,8080,9999,    ,Steubenville-Weirton OH-WV MSA,73,73,4568,0,0,0,0,0,0,1,6,275,70,70,4424,0,0,0,0,0,0,1,6,275
8899,8120,9999,    ,Stockton CA MSA,3354,3354,308054,13,26,1984,11,35,1740,24,377,14080,3354,3354,308054,13,26,1984,11,35,1740,24,377,14080
8899,8160,9999,    ,Syracuse NY MSA,2495,2495,185826,14,28,890,10,38,1392,26,289,6394,2340,2340,176730,14,28,890,8,32,1237,20,259,5958
8899,8240,9999,    ,Tallahassee FL MSA,1921,1921,132420,21,42,1457,15,59,1378,74,704,17651,1919,1919,132388,21,42,1457,15,59,1378,66,663,16664
8899,8280,9999,    ,Tampa-St. Petersburg-Clearwater FL MSA,12400,12400,725279,231,462,16251,73,256,8937,457,6763,212277,12371,12371,723436,231,462,16251,73,256,8937,456,6758,212026
8899,8320,9999,    ,Terre Haute IN MSA,343,343,18678,0,0,0,4,16,570,4,43,1150,144,144,12195,0,0,0,4,16,570,4,43,1150
8899,8360,9999,    ,Texarkana TX-Texarkana AR MSA,175,175,9910,0,0,0,0,0,0,0,0,0,175,175,9910,0,0,0,0,0,0,0,0,0
8899,8400,9999,    ,Toledo OH MSA,1394,1394,149829,91,182,8772,22,87,4268,108,1289,35900,1372,1372,148401,91,182,8772,22,87,4268,108,1289,35900
8899,8440,9999,    ,Topeka KS MSA,651,651,61370,39,78,3345,9,34,1508,8,210,8720,651,651,61370,39,78,3345,9,34,1508,8,210,8720
8899,8520,9999,    ,Tucson AZ MSA,3053,3053,212741,18,36,1398,8,24,866,106,1882,60629,3053,3053,212741,18,36,1398,8,24,866,106,1882,60629
8899,8560,9999,    ,Tulsa OK MSA,1432,1432,106937,3,6,205,1,4,73,8,48,1100,1424,1424,106541,3,6,205,1,4,73,8,48,1100
8899,8600,9999,    ,Tuscaloosa AL MSA,517,517,22511,0,0,0,0,0,0,8,127,2775,517,517,22511,0,0,0,0,0,0,8,127,2775
8899,8640,9999,    ,Tyler TX MSA,141,141,15754,0,0,0,0,0,0,0,0,0,85,85,12940,0,0,0,0,0,0,0,0,0
8899,8680,9999,    ,Utica-Rome NY MSA,760,760,52487,5,10,387,9,34,1120,38,416,9169,693,693,47944,5,10,387,8,31,1050,38,416,9169
8899,8750,9999,    ,Victoria TX MSA,63,63,6614,0,0,0,0,0,0,0,0,0,63,63,6614,0,0,0,0,0,0,0,0,0
8899,8780,9999,    ,Visalia-Tulare-Porterville CA MSA,1298,1298,88460,24,48,1557,33,125,2981,6,50,1303,1298,1298,88460,24,48,1557,33,125,2981,6,50,1303
8899,8800,9999,    ,Waco TX MSA,266,266,23135,32,64,1702,0,0,0,4,24,400,254,254,22557,32,64,1702,0,0,0,4,24,400
8899,8840,9999,    ,Washington DC-MD-VA MSA,29282,29282,2077047,39,78,2520,139,487,13990,509,10065,378830,29104,29104,2066790,39,78,2520,139,487,13990,507,10055,378494
8899,8880,9999,    ,Waterbury CT MSA,819,819,67651,85,170,4981,8,29,665,53,658,15842,819,819,67651,85,170,4981,8,29,665,53,658,15842
8899,8920,9999,    ,Waterloo-Cedar Falls IA MSA,91,91,7837,1,2,72,1,4,175,3,64,2702,91,91,7837,1,2,72,1,4,175,3,64,2702
8899,8940,9999,    ,Wausau WI MSA,428,428,30200,18,36,1550,30,96,3040,1,20,600,355,355,26804,18,36,1550,3,12,440,1,20,600
8899,8960,9999,    ,West Palm Beach-Boca Raton-Delray Beach FL MSA,11488,11488,954482,210,420,21319,201,788,44439,334,5355,209806,11485,11485,954082,210,420,21319,201,788,44439,334,5355,209806
8899,9000,9999,    ,Wheeling WV-OH MSA,35,35,2085,0,0,0,0,0,0,1,12,600,35,35,2085,0,0,0,0,0,0,1,12,600
8899,9040,9999,    ,Wichita KS MSA,1752,1752,124639,44,88,4316,5,17,653,18,146,4113,1745,1745,124290,42,84,4236,5,17,653,18,146,4113
8899,9080,9999,    ,Wichita Falls TX MSA,93,93,6365,0,0,0,0,0,0,0,0,0,93,93,6365,0,0,0,0,0,0,0,0,0
8899,9140,9999,    ,Williamsport PA MSA,302,302,18842,1,2,83,0,0,0,5,58,1200,290,290,18510,1,2,83,0,0,0,5,58,1200
8899,9200,9999,    ,Wilmington NC MSA,1306,1306,72839,12,24,812,4,14,430,26,401,10626,1299,1299,72551,9,18,592,4,14,430,23,370,9265
8899,9240,9999,    ,Worcester MA MSA,1974,1974,176070,25,50,2614,24,91,2828,38,513,20856,1670,1670,158065,23,46,2483,7,27,1553,38,513,20856
8899,9260,9999,    ,Yakima WA MSA,206,206,16980,14,28,1168,1,4,75,8,72,1877,206,206,16980,14,28,1168,1,4,75,8,72,1877
8899,9280,9999,    ,York PA MSA,2884,2884,200649,45,90,3921,30,106,4432,80,749,17521,2757,2757,194456,45,90,3921,30,106,4432,75,724,16051
8899,9320,9999,    ,Youngstown-Warren OH MSA,678,678,52001,38,76,3709,19,70,3625,11,75,2108,418,418,35538,29,58,3130,14,54,2943,10,70,2005
8899,9340,9999,    ,Yuba City CA MSA,348,348,31915,14,28,1248,5,17,403,14,146,4207,348,348,31915,14,28,1248,5,17,403,14,146,4207
8899,1122,9999,,Boston-Lawrence-Salem MA-NH CMSA,10133,10133,1088839,607,1214,61489,136,474,26015,301,4839,259739,8506,8506,971117,510,1020,53649,111,393,23082,195,4004,217480
8899,1282,9999,,Buffalo-Niagara Falls NY CMSA ,3595,3595,298873,107,214,9069,32,127,4259,51,558,12372,3585,3585,298338,107,214,9069,32,127,4259,51,558,12372
8899,1602,9999,,Chicago-Gary-Lake County IL-IN-WI CMSA,28123,28123,2981933,341,682,38196,396,1475,84414,649,10809,487243,26991,26991,2876985,341,682,38196,370,1391,81114,625,10578,477555
8899,1642,9999,,Cincinnati-Hamilton OH-KY-IN CMSA ,7016,7016,593738,68,136,5326,76,289,12374,316,3852,99997,6807,6807,583760,66,132,5226,76,289,12374,304,3789,98333
8899,1692,9999,,Cleveland-Akron-Lorain OH CMSA,6770,6770,749054,106,212,13020,83,309,16085,145,2634,87686,6494,6494,721890,100,200,12531,81,303,15823,140,2607,87170
8899,1922,9999,,Dallas-Fort Worth TX CMSA ,14032,14032,1339042,55,110,5251,24,91,1907,89,1486,29793,13936,13936,1329443,55,110,5251,21,82,1678,78,1416,28669
8899,2082,9999,,Denver-Boulder CO CMSA,4919,4919,470137,16,32,2567,35,132,8150,92,1982,63159,4908,4908,469791,16,32,2567,35,132,8150,92,1982,63159
8899,2162,9999,,Detroit-Ann Arbor MI CMSA ,14092,14092,1231570,113,226,12244,269,1030,56563,569,7798,262797,13770,13770,1210114,111,222,11969,263,1011,55734,507,7269,251055
8899,3282,9999,,Hartford-New Britain-Middletown CT CMSA ,4427,4427,403993,98,196,7763,36,133,5869,116,1868,54926,4427,4427,403993,98,196,7763,36,133,5869,116,1868,54926
8899,3362,9999,,Houston-Galveston-Brazoria TX CMSA,8081,8081,771936,11,22,1240,5,18,398,35,1041,30643,8062,8062,769375,11,22,1240,5,18,398,34,1036,30568
8899,4472,9999,,Los Angeles-Anaheim-Riverside CA CMSA ,76063,76063,8807348,1194,2388,191051,1369,4959,336439,3677,48603,2809416,75872,75872,8780822,1188,2376,190147,1362,4934,334653,3650,48345,2796948
8899,4992,9999,,Miami-Fort Lauderdale FL CMSA ,15097,15097,1137122,345,690,32258,156,595,23407,902,15847,577758,14994,14994,1133494,345,690,32258,156,595,23407,889,15500,574646
8899,5082,9999,,Milwaukee-Racine WI CMSA,3846,3846,376057,175,350,19441,73,281,15994,220,3146,118768,3663,3663,364096,175,350,19441,73,281,15994,217,3131,118293
8899,5602,9999,,New York-Northern New Jersey-Long Island NY-NJ-CT CMSA,32461,32461,2961289,1586,3172,172054,621,2001,111184,939,15292,836962,30550,30550,2804692,1551,3102,169040,619,1995,111032,873,14803,788727
8899,6162,9999,,Philadelphia-Wilmington-Trenton PA-NJ-DE-MD CMSA,25750,25750,1896625,181,362,14519,125,438,12231,397,4861,180418,24080,24080,1813385,177,354,14317,114,399,11645,374,4677,168766
8899,6282,9999,,Pittsburgh-Beaver Valley PA CMSA,4123,4123,376777,28,56,2947,38,136,6632,101,1523,40759,3639,3639,335106,25,50,2479,32,118,5784,73,1341,35289
8899,6442,9999,,Portland-Vancouver OR-WA CMSA ,6141,6141,558739,59,118,6299,72,278,10378,463,5298,161559,6115,6115,557060,58,116,6248,72,278,10378,463,5298,161559
8899,6482,9999,,Providence-Pawtucket-Fall River RI-MA CMSA,3936,3936,321768,335,670,23891,105,368,14019,153,1837,58669,3752,3752,311484,335,670,23891,105,368,14019,153,1837,58669
8899,7362,9999,,San Francisco-Oakland-San Jose CA CMSA,25909,25909,3004864,306,612,51451,337,1156,93504,790,11033,573624,25622,25622,2978167,305,610,51331,336,1152,93138,784,10975,571443
8899,7602,9999,,Seattle-Tacoma WA CMSA,13496,13496,1217792,309,618,29186,237,873,41961,1271,16772,671030,13472,13472,1215602,308,616,29132,228,844,41163,1267,16752,670407
