Survey,MSA/,PMSA,,MA,,1-unit,,,2-units,,,3-4 units,,,5+ units,,,1-unit rep,,,2-units rep,,,3-4 units rep,,,5+ units rep
Date,CMSA,,,Name,Bldgs,Units,Value,Bldgs,Units,Value,Bldgs,Units,Value,Bldgs,Units,Value,Bldgs,Units,Value,Bldgs,Units,Value,Bldgs,Units,Value,Bldgs,Units,Value

9599,0040,9999, ,Abilene TX MSA,230,230,25790,3,6,300,1,3,270,9,173,4498,0,0,0,0,0,0,0,0,0,0,0,0
9599,0120,9999, ,Albany GA MSA,601,601,46028,49,98,4238,27,106,3273,25,356,4259,601,601,46028,49,98,4238,27,106,3273,25,356,4259
9599,0160,9999, ,Albany-Schenectady-Troy NY MSA,1736,1736,192209,32,64,3257,10,39,1465,52,696,28674,1629,1629,182944,32,64,3257,10,39,1465,52,696,28674
9599,0200,9999, ,Albuquerque NM MSA,4650,4650,400685,7,14,549,2,7,140,176,1910,80654,3743,3743,349371,7,14,549,2,7,140,168,1870,79394
9599,0220,9999, ,Alexandria LA MSA,293,293,25827,2,4,230,1,3,200,4,32,940,286,286,25330,2,4,230,1,3,200,4,32,940
9599,0240,9999, ,Allentown-Bethlehem-Easton PA MSA,2033,2033,216799,1,2,60,1,3,150,12,222,8023,1931,1931,207076,1,2,60,1,3,150,12,222,8023
9599,0280,9999, ,Altoona PA MSA,308,308,24453,2,4,195,1,4,126,4,63,2198,265,265,22595,2,4,195,1,4,126,4,63,2198
9599,0320,9999, ,Amarillo TX MSA,451,451,53938,1,2,167,0,0,0,0,0,0,451,451,53938,1,2,167,0,0,0,0,0,0
9599,0380,9999, ,Anchorage AK MSA,779,779,109796,44,88,6709,9,34,2464,9,155,12956,779,779,109796,44,88,6709,9,34,2464,9,155,12956
9599,0450,9999, ,Anniston AL MSA,182,182,14904,2,4,114,1,4,100,9,85,3664,66,66,7260,2,4,114,1,4,100,4,60,2740
9599,0460,9999, ,Appleton-Oshkosh-Neenah WI MSA,1488,1488,170311,127,254,16393,16,62,2968,38,506,16351,1408,1408,160392,127,254,16393,16,62,2968,36,495,16087
9599,0480,9999, ,Asheville NC MSA,852,852,93230,48,96,5800,18,62,4150,14,82,4398,852,852,93230,48,96,5800,18,62,4150,14,82,4398
9599,0500,9999, ,Athens GA MSA,781,781,77155,40,80,3015,6,23,1151,49,633,23669,781,781,77155,40,80,3015,6,23,1151,49,633,23669
9599,0520,9999, ,Atlanta GA MSA,35162,35162,3330786,96,192,9286,42,166,6300,624,12757,541655,34888,34888,3315964,96,192,9286,42,166,6300,621,12688,540013
9599,0600,9999, ,Augusta-Aiken GA-SC MSA,1859,1859,156909,1,2,144,15,59,1624,25,176,3032,1859,1859,156909,1,2,144,15,59,1624,25,176,3032
9599,0640,9999, ,Austin-San Marcos TX MSA,7435,7435,769718,72,144,6925,16,53,2439,289,6133,226891,7133,7133,747124,72,144,6925,16,53,2439,289,6133,226891
9599,0680,9999, ,Bakersfield CA MSA,2830,2830,277573,7,14,739,38,146,7357,60,506,35700,2422,2422,238783,5,10,539,34,131,6434,52,460,33383
9599,0730,9999, ,Bangor ME MSA,204,204,17904,1,2,80,0,0,0,0,0,0,183,183,16005,1,2,80,0,0,0,0,0,0
9599,0740,9999, ,Barnstable-Yarmouth MA MSA,1126,1126,136414,3,6,654,11,35,3818,2,56,7100,1126,1126,136414,3,6,654,11,35,3818,2,56,7100
9599,0760,9999, ,Baton Rouge LA MSA,2599,2599,212852,4,8,240,0,0,0,38,713,23435,2000,2000,167500,4,8,240,0,0,0,38,713,23435
9599,0840,9999, ,Beaumont-Port Arthur TX MSA,531,531,49289,3,6,365,10,37,902,2,18,728,531,531,49289,3,6,365,10,37,902,2,18,728
9599,0860,9999, ,Bellingham WA MSA,854,854,102845,25,50,4629,25,92,4837,31,352,16388,854,854,102845,25,50,4629,25,92,4837,31,352,16388
9599,0870,9999, ,Benton Harbor MI MSA,513,513,59594,4,8,487,8,26,1723,0,0,0,342,342,44818,4,8,487,0,0,0,0,0,0
9599,0880,9999, ,Billings MT MSA,353,353,38452,13,26,1878,1,3,149,7,133,8099,353,353,38452,13,26,1878,1,3,149,7,133,8099
9599,0920,9999, ,Biloxi-Gulfport-Pascagoula MS MSA,1538,1538,101378,12,24,894,5,18,628,53,740,31672,1466,1466,95255,12,24,894,5,18,628,53,740,31672
9599,0960,9999, ,Binghamton NY MSA,177,177,15332,5,10,401,0,0,0,4,47,2529,130,130,12099,3,6,261,0,0,0,4,47,2529
9599,1000,9999, ,Birmingham AL MSA,4265,4265,467533,13,26,1145,5,17,339,108,1690,66739,3563,3563,402472,9,18,865,0,0,0,98,1639,65521
9599,1010,9999, ,Bismarck ND MSA,338,338,35638,4,8,805,3,12,836,8,157,6478,337,337,35538,4,8,805,3,12,836,8,157,6478
9599,1020,9999, ,Bloomington IN MSA,654,654,67345,14,28,1980,10,38,1854,31,259,11460,627,627,64339,14,28,1980,10,38,1854,31,259,11460
9599,1040,9999, ,Bloomington-Normal IL MSA,734,734,69872,16,32,1680,4,15,591,38,508,14279,731,731,69588,16,32,1680,4,15,591,38,508,14279
9599,1080,9999, ,Boise City ID MSA,3752,3752,401157,31,62,4035,50,189,9611,63,672,23955,3745,3745,400692,31,62,4035,50,189,9611,62,667,23778
9599,1122,1120, ,Boston MA-NH PMSA,5549,5549,758753,78,156,10100,24,88,6369,47,744,56094,5280,5280,727371,65,130,8507,24,88,6369,33,672,48673
9599,1122,1200, ,Brockton MA PMSA,707,707,67064,7,14,826,1,3,164,1,8,250,693,693,65885,7,14,826,1,3,164,1,8,250
9599,1122,2600, ,Fitchburg-Leominster MA PMSA,415,415,35168,10,20,1069,0,0,0,9,102,2168,258,258,22016,3,6,570,0,0,0,0,0,0
9599,1122,4160, ,Lawrence MA-NH PMSA,1369,1369,162947,6,12,805,0,0,0,12,229,26460,1100,1100,128433,4,8,603,0,0,0,7,204,26304
9599,1122,4560, ,Lowell MA-NH PMSA,974,974,113273,3,6,204,0,0,0,1,10,441,911,911,106822,3,6,204,0,0,0,1,10,441
9599,1122,4760, ,Manchester NH PMSA,630,630,73719,11,22,1322,3,10,543,2,63,2708,630,630,73719,11,22,1322,3,10,543,2,63,2708
9599,1122,5350, ,Nashua NH PMSA,596,596,63742,0,0,0,0,0,0,3,53,4500,548,548,59363,0,0,0,0,0,0,3,53,4500
9599,1122,5400, ,New Bedford MA PMSA,343,343,33316,0,0,0,0,0,0,0,0,0,256,256,23405,0,0,0,0,0,0,0,0,0
9599,1122,6450, ,Portsmouth-Rochester NH-ME PMSA,814,814,101987,4,8,669,0,0,0,3,29,2585,730,730,94322,4,8,669,0,0,0,2,24,2351
9599,1122,9240, ,Worcester MA-CT PMSA,1594,1594,166026,23,46,3044,0,0,0,19,175,7403,1238,1238,139852,17,34,2368,0,0,0,8,120,4965
9599,1240,9999, ,Brownsville-Harlingen-San Benito TX MSA,1642,1642,92111,47,94,3036,34,132,3097,22,157,3800,1600,1600,90309,47,94,3036,34,132,3097,22,157,3800
9599,1260,9999, ,Bryan-College Station TX MSA,538,538,50043,40,80,3382,0,0,0,40,390,16488,538,538,50043,40,80,3382,0,0,0,40,390,16488
9599,1280,9999, ,Buffalo-Niagara Falls NY MSA,2020,2020,246518,37,74,4800,8,29,1930,19,264,8786,1897,1897,236251,35,70,4710,7,26,1783,10,137,6065
9599,1305,9999, ,Burlington VT MSA,582,582,63511,4,8,360,6,24,1280,5,116,3378,577,577,62884,4,8,360,6,24,1280,5,116,3378
9599,1320,9999, ,Canton-Massillon OH MSA,995,995,125940,48,96,8302,8,29,1845,2,108,3900,994,994,125822,48,96,8302,8,29,1845,2,108,3900
9599,1350,9999, ,Casper WY MSA,67,67,7691,1,2,40,0,0,0,0,0,0,67,67,7691,1,2,40,0,0,0,0,0,0
9599,1360,9999, ,Cedar Rapids IA MSA,673,673,58430,17,34,2050,38,151,5822,31,406,18394,645,645,56620,17,34,2050,38,151,5822,31,406,18394
9599,1400,9999, ,Champaign-Urbana IL MSA,512,512,56978,9,18,995,7,24,1446,5,101,6195,417,417,49044,6,12,680,2,6,449,5,101,6195
9599,1440,9999, ,Charleston-North Charleston SC MSA,2171,2171,251617,15,30,1156,4,15,539,6,46,1548,2171,2171,251617,15,30,1156,4,15,539,6,46,1548
9599,1480,9999, ,Charleston WV MSA,352,352,40173,3,6,221,4,16,597,3,34,886,346,346,39823,3,6,221,4,16,597,3,34,886
9599,1520,9999, ,Charlotte-Gastonia-Rock Hill NC-SC MSA,10056,10056,1044411,59,118,5339,47,180,7165,221,3423,123111,8142,8142,842108,43,86,4247,46,177,6974,183,2710,98134
9599,1540,9999, ,Charlottesville VA MSA,1050,1050,119477,23,46,3144,6,20,1071,5,28,1739,1050,1050,119477,23,46,3144,6,20,1071,5,28,1739
9599,1560,9999, ,Chattanooga TN-GA MSA,2283,2283,206671,28,56,1949,7,28,1972,10,82,3157,2267,2267,205552,28,56,1949,7,28,1972,10,82,3157
9599,1580,9999, ,Cheyenne WY MSA,258,258,26433,11,22,516,1,4,167,2,14,548,253,253,25954,11,22,516,1,4,167,2,14,548
9599,1602,1600, ,Chicago IL PMSA,24356,24356,3126260,529,1058,73412,445,1569,105164,459,5442,280836,22593,22593,2922008,484,968,67034,442,1560,104339,413,5172,270013
9599,1602,2960, ,Gary IN PMSA,2295,2295,276812,73,146,11514,20,77,4895,39,509,20547,2283,2283,275439,72,144,11380,19,74,4722,39,509,20547
9599,1602,3740, ,Kankakee IL PMSA,374,374,36814,8,16,1297,9,35,1751,9,108,4630,367,367,36098,8,16,1297,9,35,1751,9,108,4630
9599,1602,3800, ,Kenosha WI PMSA,550,550,58747,17,34,2102,2,8,600,11,192,13305,545,545,58395,17,34,2102,2,8,600,11,192,13305
9599,1620,9999, ,Chico-Paradise CA MSA,652,652,64478,4,8,384,12,48,1900,3,20,594,652,652,64478,4,8,384,12,48,1900,3,20,594
9599,1642,1640, ,Cincinnati OH-KY-IN PMSA,6355,6355,647747,65,130,7227,40,158,5857,208,2426,81761,6130,6130,632182,65,130,7227,40,158,5857,195,2350,79481
9599,1642,3200, ,Hamilton-Middletown OH PMSA,1737,1737,195520,22,44,2315,28,101,4927,36,333,14406,1737,1737,195520,22,44,2315,28,101,4927,36,333,14406
9599,1660,9999, ,Clarksville-Hopkinsville TN-KY MSA,1777,1777,108067,18,36,1075,66,248,6702,36,265,6431,1777,1777,108067,18,36,1075,66,248,6702,36,265,6431
9599,1692,0080, ,Akron OH PMSA,2526,2526,339488,48,96,6462,16,59,3873,29,411,13326,2524,2524,339315,48,96,6462,16,59,3873,29,411,13326
9599,1692,1680, ,Cleveland-Lorain-Elyria OH PMSA,5677,5677,816253,91,182,15310,60,213,16534,111,1468,53750,5295,5295,762597,89,178,15029,59,210,16249,110,1447,52425
9599,1720,9999, ,Colorado Springs CO MSA,3425,3425,317373,11,22,973,6,20,758,105,1258,32580,3425,3425,317373,11,22,973,6,20,758,105,1258,32580
9599,1740,9999, ,Columbia MO MSA,846,846,87829,163,326,14698,12,48,1803,14,133,4168,846,846,87829,163,326,14698,12,48,1803,14,133,4168
9599,1760,9999, ,Columbia SC MSA,2894,2894,225475,4,8,361,5,18,987,44,626,18855,2890,2890,225236,4,8,361,5,18,987,44,626,18855
9599,1800,9999, ,Columbus GA-AL MSA,1112,1112,99684,3,6,158,3,11,394,30,313,7657,1112,1112,99684,3,6,158,3,11,394,30,313,7657
9599,1840,9999, ,Columbus OH MSA,6746,6746,837293,118,236,12447,291,1131,33870,233,2539,77586,4763,4763,680222,46,92,4425,101,378,18130,83,1139,44897
9599,1880,9999, ,Corpus Christi TX MSA,1009,1009,89244,6,12,578,7,26,1251,16,300,10569,1002,1002,88880,6,12,578,7,26,1251,16,300,10569
9599,1900,9999, ,Cumberland MD-WV MSA,285,285,23751,3,6,172,3,9,529,0,0,0,279,279,22838,3,6,172,3,9,529,0,0,0
9599,1922,1920, ,Dallas TX PMSA,15648,15648,2036938,22,44,2090,13,42,1341,615,11389,443897,15001,15001,1967075,21,42,2050,9,30,1108,609,11286,442345
9599,1922,2800, ,Fort Worth-Arlington TX PMSA,6492,6492,766763,27,54,2342,7,28,1870,201,2960,127235,5744,5744,625763,25,50,2247,7,28,1870,188,2862,124791
9599,1950,9999, ,Danville VA MSA,320,320,24880,1,2,53,0,0,0,8,44,1810,81,81,7663,1,2,53,0,0,0,0,0,0
9599,1960,9999, ,Davenport-Moline-Rock Island IA-IL MSA,706,706,81087,15,30,2221,6,20,830,16,145,4428,689,689,79089,12,24,1829,2,8,290,16,145,4428
9599,2000,9999, ,Dayton-Springfield OH MSA,2269,2269,285394,36,72,4210,40,145,6894,46,717,24973,2187,2187,277967,33,66,3790,40,145,6894,40,537,20552
9599,2020,9999, ,Daytona Beach FL MSA,2778,2778,243831,10,20,1071,11,41,1431,26,761,63385,2776,2776,243689,10,20,1071,11,41,1431,26,761,63385
9599,2030,9999, ,Decatur Al MSA,343,343,25815,0,0,0,5,19,422,19,146,4640,252,252,21318,0,0,0,4,16,395,17,136,4547
9599,2040,9999, ,Decatur IL MSA,180,180,21078,3,6,417,2,8,350,10,208,6831,179,179,20986,3,6,417,2,8,350,10,208,6831
9599,2082,1125, ,Boulder-Longmont CO PMSA,2116,2116,251395,19,38,2337,9,32,2007,57,908,49191,2101,2101,249624,19,38,2337,9,32,2007,57,908,49191
9599,2082,2080, ,Denver CO PMSA,11678,11678,1434660,44,88,7355,40,148,9685,323,4954,239123,11657,11657,1428261,44,88,7355,40,148,9685,308,4770,227550
9599,2082,3060, ,Greeley CO PMSA,1284,1284,122815,13,26,1117,26,99,2862,3,61,2879,1264,1264,121355,13,26,1117,26,99,2862,3,61,2879
9599,2120,9999, ,Des Moines IA MSA,2188,2188,265885,34,68,4129,5,18,1354,63,1006,50245,2155,2155,262089,34,68,4129,3,12,856,59,986,49581
9599,2162,0440, ,Ann Arbor MI PMSA,3595,3595,411997,18,36,2774,12,43,5538,30,404,9990,3461,3461,403707,18,36,2774,9,34,1938,30,404,9990
9599,2162,2160, ,Detroit MI PMSA,14547,14547,1693833,160,320,22914,117,440,32366,173,2717,99500,14181,14181,1663223,153,306,22273,104,393,27630,149,2419,89927
9599,2162,2640, ,Flint MI PMSA,1515,1515,162658,12,24,2575,4,15,845,24,358,19510,1427,1427,154214,12,24,2575,4,15,845,24,358,19510
9599,2180,9999, ,Dothan AL MSA,413,413,26299,6,12,429,2,6,0,10,78,1964,413,413,26299,6,12,429,0,0,0,10,78,1964
9599,2190,9999, ,Dover DE MSA,709,709,52056,7,14,548,9,32,590,10,186,6410,709,709,52056,7,14,548,9,32,590,10,186,6410
9599,2200,9999, ,Dubuque IA MSA,309,309,30524,13,26,1555,7,27,2346,6,96,3853,309,309,30524,13,26,1555,7,27,2346,6,96,3853
9599,2240,9999, ,Duluth-Superior MN-WI MSA,652,652,55526,7,14,680,8,30,1520,11,81,2596,562,562,47507,4,8,287,8,30,1520,2,33,1264
9599,2290,9999, ,Eau Claire WI MSA,495,495,47909,32,64,3226,36,144,6262,8,105,4478,392,392,37686,32,64,3226,36,144,6262,8,105,4478
9599,2320,9999, ,El Paso TX MSA,2259,2259,127583,36,72,2649,3,10,385,40,288,9001,2259,2259,127583,36,72,2649,3,10,385,40,288,9001
9599,2330,9999, ,Elkhart-Goshen IN MSA,829,829,80210,19,38,3259,14,52,3545,14,124,4703,829,829,80210,19,38,3259,14,52,3545,14,124,4703
9599,2335,9999, ,Elmira NY MSA,96,96,11802,3,6,260,3,12,475,1,11,250,82,82,10151,3,6,260,3,12,475,1,11,250
9599,2340,9999, ,Enid OK MSA,102,102,10078,5,10,610,0,0,0,0,0,0,102,102,10078,5,10,610,0,0,0,0,0,0
9599,2360,9999, ,Erie PA MSA,638,638,58137,9,18,1064,7,28,1213,13,173,8037,566,566,50096,9,18,1064,7,28,1213,13,173,8037
9599,2400,9999, ,Eugene-Springfield OR MSA,1136,1136,144952,103,206,13244,30,105,6930,145,1322,66278,1048,1048,136871,89,178,11670,28,99,6633,140,1205,62071
9599,2440,9999, ,Evansville-Henderson IN-KY MSA,1137,1137,110976,8,16,802,5,19,928,18,226,5900,1136,1136,110955,8,16,802,5,19,928,18,226,5900
9599,2520,9999, ,Fargo-Moorhead ND-MN MSA,716,716,70066,5,10,700,10,37,2408,44,885,24322,712,712,69630,5,10,700,10,37,2408,44,885,24322
9599,2560,9999, ,Fayetteville NC MSA,1683,1683,123677,12,24,900,6,24,1146,19,174,9039,1647,1647,121427,12,24,900,6,24,1146,19,174,9039
9599,2580,9999, ,Fayetteville-Springdale-Rogers AR MSA,1959,1959,152949,300,600,28714,39,143,5846,97,1076,36780,1898,1898,148058,278,556,26746,34,125,5015,97,1076,36780
9599,2620,9999, ,Flagstaff AZ-UT MSA,731,731,83292,15,30,1889,24,93,4955,41,564,24259,692,692,79166,15,30,1889,23,89,4758,41,564,24259
9599,2650,9999, ,Florence AL MSA,313,313,25664,9,18,645,11,39,867,5,52,1507,162,162,14673,1,2,169,3,12,337,1,12,397
9599,2655,9999, ,Florence SC MSA,512,512,41933,3,6,150,0,0,0,3,56,2288,512,512,41933,2,4,110,0,0,0,3,56,2288
9599,2670,9999, ,Fort Collins-Loveland CO MSA,2186,2186,224994,43,86,4249,28,104,5960,30,421,19296,2186,2186,224994,43,86,4249,28,104,5960,30,421,19296
9599,2700,9999, ,Fort Myers-Cape Coral FL MSA,3028,3028,306800,98,196,15155,87,326,37387,121,1452,150324,3023,3023,305528,98,196,15155,87,326,37387,121,1452,150324
9599,2710,9999, ,Fort Pierce-Port St. Lucie FL MSA,2078,2078,283299,101,202,20666,10,40,2968,44,471,33979,2078,2078,283299,101,202,20666,10,40,2968,44,471,33979
9599,2720,9999, ,Fort Smith AR-OK MSA,560,560,46790,26,52,2469,4,12,320,40,477,14565,496,496,43620,25,50,2414,4,12,320,40,477,14565
9599,2750,9999, ,Fort Walton Beach FL MSA,1036,1036,78165,5,10,367,8,28,1004,12,548,42321,1036,1036,78165,5,10,367,8,28,1004,12,548,42321
9599,2760,9999, ,Fort Wayne IN MSA,2396,2396,292972,49,98,4558,7,28,1133,15,234,5955,2313,2313,285060,49,98,4558,7,28,1133,15,234,5955
9599,2840,9999, ,Fresno CA MSA,3673,3673,362427,31,62,3316,76,292,14089,111,889,44021,3673,3673,362427,31,62,3316,76,292,14089,111,889,44021
9599,2880,9999, ,Gadsden AL MSA,236,236,21906,0,0,0,0,0,0,14,87,2605,178,178,16768,0,0,0,0,0,0,10,66,2201
9599,2900,9999, ,Gainesville FL MSA,924,924,80366,1,2,102,1,3,144,64,1042,34989,922,922,80259,1,2,102,1,3,144,64,1042,34989
9599,2975,9999, ,Glens Falls NY MSA,422,422,38338,5,10,453,0,0,0,0,0,0,413,413,37256,5,10,453,0,0,0,0,0,0
9599,2980,9999, ,Goldsboro NC MSA,434,434,38418,21,42,1904,11,42,1644,3,21,474,434,434,38418,21,42,1904,11,42,1644,3,21,474
9599,2985,9999, ,Grand Forks ND-MN MSA,159,159,13594,1,2,134,1,4,70,8,310,10375,156,156,13464,1,2,134,1,4,70,8,310,10375
9599,2995,9999, ,Grand Junction CO MSA,832,832,72967,36,72,4941,2,7,377,1,30,1264,832,832,72967,36,72,4941,2,7,377,1,30,1264
9599,3000,9999, ,Grand Rapids-Muskegon-Holland MI MSA,5487,5487,569745,88,176,11590,32,121,7743,66,1318,45426,4914,4914,519628,81,162,10849,27,106,6689,61,1285,44104
9599,3040,9999, ,Great Falls MT MSA,99,99,11393,0,0,0,1,3,139,3,25,1389,55,55,6736,0,0,0,0,0,0,2,20,1074
9599,3080,9999, ,Green Bay WI MSA,952,952,116732,117,234,15534,13,50,4027,57,654,21306,930,930,113229,115,230,15224,13,50,4027,55,644,21050
9599,3120,9999, ,Greensboro--Winston-Salem--High Point NC MSA,6800,6800,624160,31,62,2917,29,105,5690,168,1896,66131,6733,6733,618857,31,62,2917,29,105,5690,168,1896,66131
9599,3150,9999, ,Greenville NC MSA,877,877,71257,9,18,854,0,0,0,58,663,18220,877,877,71257,9,18,854,0,0,0,58,663,18220
9599,3160,9999, ,Greenville-Spartanburg-Anderson SC MSA,4994,4994,417899,101,202,6811,3,11,412,59,865,26596,4994,4994,417899,101,202,6811,3,11,412,59,865,26596
9599,3240,9999, ,Harrisburg-Lebanon-Carlisle PA MSA,2118,2118,198755,8,16,1826,12,45,1830,21,197,7433,1994,1994,190463,7,14,1791,10,39,1650,21,197,7433
9599,3280,9999, ,Hartford CT MSA,2470,2470,259757,14,28,1112,4,12,477,2,14,753,2426,2426,256351,14,28,1112,0,0,0,2,14,753
9599,3285,9999, ,Hattiesburg MS MSA,63,63,4355,1,2,70,0,0,0,9,120,3300,17,17,918,0,0,0,0,0,0,9,120,3300
9599,3290,9999, ,Hickory-Morganton-Lenoir NC MSA,1366,1366,136711,21,42,1432,10,38,1554,11,73,2687,1122,1122,117952,15,30,1267,10,38,1554,11,73,2687
9599,3320,9999, ,Honolulu HI MSA,2090,2090,285409,32,64,9542,19,76,6417,150,2314,213683,2090,2090,285409,32,64,9542,19,76,6417,150,2314,213683
9599,3350,9999, ,Houma LA MSA,678,678,53874,0,0,0,1,4,80,9,101,2166,670,670,53637,0,0,0,1,4,80,9,101,2166
9599,3362,1145, ,Brazoria TX PMSA,1210,1210,108297,2,4,74,0,0,0,1,152,4000,1210,1210,108297,2,4,74,0,0,0,1,152,4000
9599,3362,2920, ,Galveston-Texas City TX PMSA,1153,1153,132305,2,4,127,10,30,1513,19,303,6747,972,972,99418,2,4,127,0,0,0,18,298,6494
9599,3362,3360, ,Houston TX PMSA,13486,13486,1414746,35,70,2529,239,942,30779,227,4328,165084,13344,13344,1402257,31,62,2162,239,942,30779,222,4298,163626
9599,3400,9999, ,Huntington-Ashland WV-KY-OH MSA,144,144,12910,10,20,711,0,0,0,5,325,12985,111,111,9712,7,14,573,0,0,0,4,320,12827
9599,3440,9999, ,Huntsville AL MSA,757,757,39328,0,0,0,0,0,0,0,0,0,757,757,39328,0,0,0,0,0,0,0,0,0
9599,3480,9999, ,Indianapolis IN MSA,10254,10254,1259584,266,532,28702,65,235,13541,161,2585,95395,10013,10013,1234603,255,510,27932,63,229,12911,161,2585,95395
9599,3500,9999, ,Iowa City IA MSA,460,460,93911,8,16,1414,5,18,1711,33,344,13801,460,460,93911,8,16,1414,5,18,1711,33,344,13801
9599,3520,9999, ,Jackson MI MSA,545,545,50142,2,4,133,2,8,338,5,77,2219,503,503,46872,2,4,133,2,8,338,3,64,1887
9599,3560,9999, ,Jackson MS MSA,2360,2360,212293,1,2,75,11,41,1593,57,686,22888,2360,2360,212293,1,2,75,11,41,1593,57,686,22888
9599,3580,9999, ,Jackson TN MSA,648,648,54827,12,24,687,6,24,710,37,374,9200,648,648,54827,12,24,687,6,24,710,37,374,9200
9599,3600,9999, ,Jacksonville FL MSA,6468,6468,713707,26,52,3259,8,30,1625,134,2040,73773,6441,6441,711777,26,52,3259,8,30,1625,134,2040,73773
9599,3605,9999, ,Jacksonville NC MSA,622,622,37686,13,26,1370,4,16,318,2,12,360,622,622,37686,13,26,1370,4,16,318,2,12,360
9599,3610,9999, ,Jamestown NY MSA,193,193,15770,2,4,400,0,0,0,2,28,875,148,148,12472,0,0,0,0,0,0,0,0,0
9599,3620,9999, ,Janesville-Beloit WI MSA,541,541,58178,91,182,12677,8,28,1420,23,286,9398,516,516,55913,91,182,12677,4,16,1128,23,286,9398
9599,3660,9999, ,Johnson City-Kingsport-Bristol TN-VA MSA,1685,1685,126355,11,22,759,10,34,1100,38,331,10735,1526,1526,116153,11,22,759,10,34,1100,25,235,7712
9599,3680,9999, ,Johnstown PA MSA,349,349,27979,8,16,836,0,0,0,3,67,3910,303,303,25273,8,16,836,0,0,0,3,67,3910
9599,3710,9999, ,Joplin MO MSA,453,453,35572,51,102,5468,22,87,2554,5,100,3149,415,415,32860,51,102,5468,20,80,2417,5,100,3149
9599,3720,9999, ,Kalamazoo-Battle Creek MI MSA,1562,1562,166259,26,52,4044,17,66,4735,29,448,19056,1345,1345,153293,24,48,3821,16,62,4553,27,438,18628
9599,3760,9999, ,Kansas City MO-KS MSA,8266,8266,941391,218,436,24979,59,219,8129,149,2262,93130,7897,7897,904506,216,432,24699,48,181,7126,147,2252,92955
9599,3810,9999, ,Killeen-Temple TX MSA,1604,1604,150303,54,108,4171,25,100,3300,24,380,9762,1567,1567,147291,54,108,4171,25,100,3300,24,380,9762
9599,3840,9999, ,Knoxville TN MSA,3545,3545,292536,39,78,2580,56,192,6297,47,733,23213,3533,3533,292135,39,78,2580,56,192,6297,47,733,23213
9599,3850,9999, ,Kokomo IN MSA,362,362,39783,26,52,3727,0,0,0,28,252,10524,339,339,38569,26,52,3727,0,0,0,28,252,10524
9599,3870,9999, ,La Crosse WI-MN MSA,476,476,48711,40,80,4661,10,38,1043,14,153,4762,442,442,45330,40,80,4661,10,38,1043,14,153,4762
9599,3880,9999, ,Lafayette LA MSA,1389,1389,115553,1,2,103,0,0,0,1,20,767,1363,1363,113981,1,2,103,0,0,0,1,20,767
9599,3920,9999, ,Lafayette IN MSA,760,760,80788,36,72,4210,1,4,136,12,138,4065,758,758,80574,36,72,4210,1,4,136,12,138,4065
9599,3960,9999, ,Lake Charles LA MSA,795,795,67533,20,40,1774,4,15,418,4,49,1758,785,785,66589,19,38,1704,4,15,418,4,49,1758
9599,3980,9999, ,Lakeland-Winter Haven FL MSA,2186,2186,152955,28,56,3086,26,83,3410,4,40,2093,2185,2185,152895,28,56,3086,26,83,3410,4,40,2093
9599,4000,9999, ,Lancaster PA MSA,1656,1656,157664,14,28,1573,7,28,1152,21,211,15831,1438,1438,140315,13,26,1398,7,28,1152,12,153,9861
9599,4040,9999, ,Lansing-East Lansing MI MSA,1543,1543,169852,9,18,1173,3,11,300,14,363,14010,1446,1446,160007,9,18,1173,3,11,300,14,363,14010
9599,4080,9999, ,Laredo TX MSA,881,881,47283,2,4,93,28,108,2525,77,907,20611,0,0,0,0,0,0,0,0,0,0,0,0
9599,4100,9999, ,Las Cruces NM MSA,812,812,79101,2,4,190,1,4,80,4,163,3715,812,812,79101,2,4,190,1,4,80,4,163,3715
9599,4120,9999, ,Las Vegas NV-AZ MSA,20062,20062,1932001,81,162,10249,149,556,34162,893,8765,415374,20061,20061,1931894,81,162,10249,149,556,34162,893,8765,415374
9599,4150,9999, ,Lawrence KS MSA,506,506,50057,65,130,7174,16,53,1868,16,152,4259,506,506,50057,65,130,7174,16,53,1868,16,152,4259
9599,4200,9999, ,Lawton OK MSA,171,171,16300,4,8,202,2,8,121,2,76,2050,171,171,16300,3,6,172,1,4,70,2,76,2050
9599,4240,9999, ,Lewiston-Auburn ME MSA,159,159,14151,2,4,130,0,0,0,1,56,3000,139,139,12246,2,4,130,0,0,0,1,56,3000
9599,4280,9999, ,Lexington KY MSA,2884,2884,243810,115,230,9190,39,147,4313,99,1004,30977,2613,2613,224213,108,216,8571,38,144,4133,96,989,30677
9599,4320,9999, ,Lima OH MSA,395,395,46383,6,12,785,22,66,2292,1,7,210,301,301,35076,4,8,543,22,66,2292,1,7,210
9599,4360,9999, ,Lincoln NE MSA,980,980,111794,19,38,1790,8,30,1552,27,903,30235,977,977,111379,19,38,1790,8,30,1552,27,903,30235
9599,4400,9999, ,Little Rock-North Little Rock AR MSA,2204,2204,230798,14,28,1019,45,165,5509,63,885,24238,2202,2202,230683,14,28,1019,45,165,5509,63,885,24238
9599,4420,9999, ,Longview-Marshall TX MSA,280,280,24836,11,22,1005,1,3,538,5,145,7990,256,256,22981,11,22,1005,1,3,538,5,145,7990
9599,4472,4480, ,Los Angeles-Long Beach CA PMSA,4833,4833,812158,95,190,15788,49,159,13815,127,2581,175193,4543,4543,759200,78,156,13321,35,117,10182,90,2339,156776
9599,4472,5945, ,Orange County CA PMSA,5948,5948,978262,55,110,11829,91,313,32305,164,1822,122869,5935,5935,976526,55,110,11829,90,310,32140,163,1806,122159
9599,4472,6780, ,Riverside-San Bernardino CA PMSA,10504,10504,1366194,18,36,2492,3,11,611,22,147,13762,10431,10431,1356920,13,26,1537,3,11,611,22,147,13762
9599,4472,8735, ,Ventura CA PMSA,1935,1935,367366,23,46,5743,25,85,10510,12,76,8348,1935,1935,367366,23,46,5743,25,85,10510,12,76,8348
9599,4520,9999, ,Louisville KY-IN MSA,4660,4660,459808,63,126,5901,25,97,3593,71,747,18752,4539,4539,451818,61,122,5811,25,97,3593,62,702,17032
9599,4600,9999, ,Lubbock TX MSA,603,603,63467,21,42,2184,8,24,704,7,96,3764,591,591,62529,18,36,1974,8,24,704,7,96,3764
9599,4640,9999, ,Lynchburg VA MSA,1019,1019,106627,18,36,1853,2,8,830,7,60,2565,921,921,95831,10,20,1053,2,8,830,7,60,2565
9599,4680,9999, ,Macon GA MSA,1894,1894,122736,4,8,478,1,3,27,33,491,12010,1583,1583,98265,4,8,478,1,3,27,25,388,8746
9599,4720,9999, ,Madison WI MSA,1495,1495,189101,136,272,24733,50,197,11547,68,1430,61486,1484,1484,187767,132,264,24154,46,184,11123,67,1424,61251
9599,4800,9999, ,Mansfield OH MSA,378,378,41322,25,50,2465,3,9,195,3,23,1275,371,371,40870,25,50,2465,3,9,195,3,23,1275
9599,4880,9999, ,McAllen-Edinburg-Mission TX MSA,3761,3761,157014,64,128,3630,57,218,3813,53,403,11307,1237,1237,67794,30,60,1795,29,113,2177,10,84,2402
9599,4890,9999, ,Medford-Ashland OR MSA,1044,1044,119058,34,68,5032,18,65,3389,4,124,7941,1040,1040,118683,34,68,5032,18,65,3389,4,124,7941
9599,4900,9999, ,Melbourne-Titusville-Palm Bay FL MSA,2521,2521,256985,8,16,905,2,6,505,13,221,17028,2521,2521,256985,8,16,905,2,6,505,13,221,17028
9599,4920,9999, ,Memphis TN-AR-MS MSA,7164,7164,794965,34,68,3669,145,555,21989,94,1233,44079,6862,6862,769957,33,66,3563,145,555,21989,94,1233,44079
9599,4940,9999, ,Merced CA MSA,780,780,75977,1,2,43,0,0,0,0,0,0,751,751,73676,1,2,43,0,0,0,0,0,0
9599,4992,2680, ,Fort Lauderdale FL PMSA,8188,8188,922060,29,58,3289,43,150,12068,229,4474,217385,8184,8184,920965,29,58,3289,43,150,12068,229,4474,217385
9599,4992,5000, ,Miami FL PMSA,7348,7348,691427,179,358,16859,24,90,4602,243,6922,506478,7343,7343,690971,179,358,16859,24,90,4602,243,6922,506478
9599,5082,5080, ,Milwaukee-Waukesha WI PMSA,3532,3532,502187,198,396,34229,41,156,13815,169,2092,96864,3425,3425,488349,193,386,33404,41,156,13815,152,1986,92911
9599,5082,6600, ,Racine WI PMSA,507,507,60485,23,46,3990,5,16,712,23,262,11314,492,492,58869,23,46,3990,2,7,530,11,196,9114
9599,5120,9999, ,Minneapolis-St. Paul MN-WI MSA,13965,13965,1728394,103,206,17666,131,494,35784,260,3109,179445,13625,13625,1691240,103,206,17666,125,476,35271,247,3041,176403
9599,5160,9999, ,Mobile AL MSA,3009,3009,240737,79,158,7290,6,23,1162,71,1671,108004,1910,1910,207960,41,82,5133,5,19,1001,51,1495,105633
9599,5170,9999, ,Modesto CA MSA,1272,1272,120975,11,22,1332,5,16,807,0,0,0,1266,1266,120212,11,22,1332,5,16,807,0,0,0
9599,5200,9999, ,Monroe LA MSA,461,461,46654,3,6,190,28,110,1858,0,0,0,458,458,46436,3,6,190,28,110,1858,0,0,0
9599,5240,9999, ,Montgomery AL MSA,1506,1506,110090,7,14,380,11,42,1567,41,673,23177,1491,1491,109283,7,14,380,11,42,1567,40,665,22999
9599,5280,9999, ,Muncie IN MSA,281,281,31787,2,4,380,9,36,2250,3,24,900,220,220,21884,2,4,380,9,36,2250,3,24,900
9599,5330,9999, ,Myrtle Beach SC MSA,1940,1940,157763,15,30,1208,6,23,1147,117,1210,55840,1936,1936,157559,15,30,1208,6,23,1147,117,1210,55840
9599,5345,9999, ,Naples FL MSA,1957,1957,238337,54,108,7164,111,440,38888,136,1752,217472,1939,1939,228463,54,108,7164,110,437,38144,129,1653,194694
9599,5360,9999, ,Nashville TN MSA,8979,8979,886980,71,142,7965,24,87,3015,192,2218,87770,7058,7058,679337,42,84,5335,13,48,1874,116,1373,43633
9599,5520,9999, ,New London-Norwich CT-RI MSA,818,818,77609,9,18,639,0,0,0,2,51,2357,818,818,77609,9,18,639,0,0,0,2,51,2357
9599,5560,9999, ,New Orleans LA MSA,3268,3268,286497,74,148,6213,13,50,1708,16,554,30074,3174,3174,277916,73,146,6119,13,50,1708,16,554,30074
9599,5602,0875, ,Bergen-Passaic NJ PMSA,990,990,148037,55,110,6647,8,26,1112,15,230,12601,890,890,132285,50,100,5999,7,23,987,10,205,11421
9599,5602,1160, ,Bridgeport CT PMSA,985,985,100146,15,30,774,0,0,0,2,18,179,953,953,97321,13,26,675,0,0,0,2,18,179
9599,5602,1930, ,Danbury CT PMSA,837,837,119253,4,8,323,4,12,639,0,0,0,819,819,116043,4,8,323,4,12,639,0,0,0
9599,5602,2281, ,Dutchess County NY PMSA,506,506,61184,4,8,533,2,6,240,4,32,2000,463,463,56809,2,4,236,0,0,0,4,32,2000
9599,5602,3640, ,Jersey City NJ PMSA,146,146,7634,61,122,5109,6,18,557,1,8,252,2,2,195,20,40,2314,5,15,417,1,8,252
9599,5602,5015, ,Middlesex-Somerset-Hunterdon NJ PMSA,4067,4067,413888,31,62,3602,7,21,1978,58,923,28520,3878,3878,393919,26,52,3269,7,21,1978,55,903,27854
9599,5602,5190, ,Monmouth-Ocean NJ PMSA,4656,4656,412788,0,0,0,1,4,155,4,139,4023,4315,4315,374870,0,0,0,1,4,155,4,139,4023
9599,5602,5380, ,Nassau-Suffolk NY PMSA,3762,3762,495750,31,62,4642,1,3,160,30,271,15810,3525,3525,473503,31,62,4642,1,3,160,30,271,15810
9599,5602,5480, ,New Haven-Meriden CT PMSA,1064,1064,116376,20,40,1757,0,0,0,8,52,3160,1044,1044,115351,12,24,1134,0,0,0,1,15,200
9599,5602,5600, ,New York NY PMSA,2751,2751,371450,936,1872,127828,218,680,48915,64,1993,82035,2718,2718,365556,921,1842,124991,206,644,47476,62,1983,81461
9599,5602,5640, ,Newark NJ PMSA,2980,2980,361347,87,174,9140,26,80,2296,51,712,26068,2737,2737,326737,80,160,8664,20,62,2265,37,624,21181
9599,5602,5660, ,Newburgh NY-PA PMSA,1301,1301,128635,15,30,1505,7,28,1147,44,502,23361,1270,1270,126358,15,30,1505,7,28,1147,44,502,23361
9599,5602,8040, ,Stamford-Norwalk CT PMSA,433,433,127919,12,24,1914,2,7,427,12,536,30092,397,397,119080,12,24,1914,2,7,427,12,536,30092
9599,5602,8480, ,Trenton NJ PMSA,809,809,75120,2,4,360,0,0,0,2,45,1183,756,756,70505,2,4,360,0,0,0,0,0,0
9599,5602,8880, ,Waterbury CT PMSA,525,525,54681,1,2,70,0,0,0,18,108,2250,419,419,41462,1,2,70,0,0,0,18,108,2250
9599,5720,9999, ,Norfolk-Virginia Beach-Newport News VA-NC MSA,6227,6227,641085,88,176,7966,118,427,10950,92,1818,53825,5927,5927,618450,75,150,7448,118,427,10950,92,1818,53825
9599,5790,9999, ,Ocala FL MSA,1936,1936,120027,7,14,421,1,4,187,19,161,7858,1935,1935,119931,7,14,421,1,4,187,19,161,7858
9599,5800,9999, ,Odessa-Midland TX MSA,350,350,38412,1,2,144,0,0,0,0,0,0,283,283,29771,0,0,0,0,0,0,0,0,0
9599,5880,9999, ,Oklahoma City OK MSA,3696,3696,406318,60,120,6400,4,15,529,27,515,17522,3690,3690,405727,60,120,6400,4,15,529,27,515,17522
9599,5920,9999, ,Omaha NE-IA MSA,2748,2748,237801,49,98,5353,3,12,475,68,1205,32106,2650,2650,230103,49,98,5353,3,12,475,67,1200,31838
9599,5960,9999, ,Orlando FL MSA,10982,10982,1107569,19,38,2187,13,46,2045,280,4948,242103,10969,10969,1106579,19,38,2187,13,46,2045,279,4927,240630
9599,5990,9999, ,Owensboro KY MSA,367,367,22583,13,26,1035,1,3,139,8,132,3947,175,175,11735,13,26,1035,1,3,139,8,132,3947
9599,6015,9999, ,Panama City FL MSA,810,810,47967,16,32,1026,5,18,231,13,184,6108,810,810,47967,16,32,1026,5,18,231,13,184,6108
9599,6020,9999, ,Parkersburg-Marietta WV-OH MSA,206,206,17400,4,8,238,1,4,65,13,88,3102,165,165,12754,4,8,238,1,4,65,4,41,1552
9599,6080,9999, ,Pensacola FL MSA,2374,2374,191377,14,28,931,0,0,0,22,442,27217,2374,2374,191377,14,28,931,0,0,0,22,442,27217
9599,6120,9999, ,Peoria-Pekin IL MSA,900,900,102719,27,54,3277,9,29,4425,18,325,13517,866,866,99573,25,50,2985,7,23,4109,18,325,13517
9599,6162,0560, ,Atlantic-Cape May NJ PMSA,925,925,84193,94,188,10560,2,6,335,4,103,7800,878,878,79138,94,188,10560,2,6,335,3,98,7588
9599,6162,6160, ,Philadelphia PA-NJ PMSA,11837,11837,1159023,96,192,9125,13,46,3006,52,1073,44906,10803,10803,1062084,19,38,1833,12,43,2863,45,1038,43341
9599,6162,8760, ,Vineland-Millville-Bridgeton NJ PMSA,264,264,18856,2,4,164,0,0,0,2,135,5769,249,249,17939,2,4,164,0,0,0,2,135,5769
9599,6162,9160, ,Wilmington-Newark DE-MD PMSA,2872,2872,185904,1,2,20,0,0,0,13,85,2062,2827,2827,183203,1,2,20,0,0,0,7,54,1566
9599,6200,9999, ,Phoenix-Mesa AZ MSA,28583,28583,3323195,88,176,15110,107,385,28753,711,8392,466182,28575,28575,3322538,88,176,15110,107,385,28753,711,8392,466182
9599,6240,9999, ,Pine Bluff AR MSA,104,104,4916,4,8,1209,0,0,0,2,32,496,104,104,4916,4,8,1209,0,0,0,2,32,496
9599,6280,9999, ,Pittsburgh PA MSA,4823,4823,537497,37,74,4773,18,63,3200,48,504,26131,4233,4233,464359,25,50,3214,13,48,2856,31,386,20970
9599,6320,9999, ,Pittsfield MA MSA,114,114,11758,2,4,420,0,0,0,0,0,0,94,94,8930,2,4,420,0,0,0,0,0,0
9599,6400,9999, ,Portland ME MSA,910,910,102820,12,24,1434,3,10,740,6,92,5309,869,869,99666,8,16,1039,3,10,740,6,92,5309
9599,6442,6440, ,Portland-Vancouver OR-WA PMSA,10951,10951,1398990,340,680,52048,151,532,29857,494,5869,276782,10932,10932,1396527,340,680,52048,151,532,29857,487,5800,273768
9599,6442,7080, ,Salem OR PMSA,1325,1325,170416,102,204,14577,34,126,6195,72,756,29873,1304,1304,168341,101,202,14458,34,126,6195,71,748,29560
9599,6480,9999, ,Providence-Fall River-Warwick RI-MA MSA,2330,2330,222022,55,110,4384,8,26,807,13,171,7144,2126,2126,204383,50,100,4013,6,20,575,13,171,7144
9599,6520,9999, ,Provo-Orem UT MSA,2914,2914,296166,103,206,15079,83,324,21491,98,951,42966,2692,2692,270733,103,206,15079,83,324,21491,98,951,42966
9599,6560,9999, ,Pueblo CO MSA,820,820,82923,35,70,4803,1,4,262,6,44,1395,820,820,82923,35,70,4803,1,4,262,6,44,1395
9599,6580,9999, ,Punta Gorda FL MSA,941,941,94949,4,8,853,4,14,830,1,10,410,941,941,94949,4,8,853,4,14,830,1,10,410
9599,6640,9999, ,Raleigh-Durham-Chapel Hill NC MSA,9827,9827,1163197,26,52,4948,25,89,4247,260,3805,112528,9650,9650,1144752,26,52,4948,25,89,4247,250,3753,110968
9599,6660,9999, ,Rapid City SD MSA,260,260,24984,4,8,460,6,24,1320,17,337,16162,245,245,23981,4,8,460,6,24,1320,16,314,14778
9599,6680,9999, ,Reading PA MSA,1358,1358,133936,1,2,74,0,0,0,3,18,960,1295,1295,128910,1,2,74,0,0,0,3,18,960
9599,6690,9999, ,Redding CA MSA,642,642,68911,27,54,3302,15,59,3303,2,18,674,642,642,68911,27,54,3302,15,59,3303,2,18,674
9599,6720,9999, ,Reno NV MSA,2461,2461,268283,5,10,400,30,115,3772,51,679,25739,2258,2258,247652,5,10,400,28,109,3598,47,659,25169
9599,6740,9999, ,Richland-Kennewick-Pasco WA MSA,514,514,63622,7,14,765,1,4,234,25,498,16965,507,507,63005,7,14,765,1,4,234,24,486,16709
9599,6760,9999, ,Richmond-Petersburg VA MSA,5503,5503,489555,6,12,275,13,51,2519,40,363,13501,5499,5499,489308,5,10,224,13,51,2519,40,363,13501
9599,6800,9999, ,Roanoke VA MSA,828,828,57061,17,34,946,1,4,170,3,40,1920,828,828,57061,17,34,946,1,4,170,3,40,1920
9599,6820,9999, ,Rochester MN MSA,377,377,45916,12,24,2086,20,77,6403,0,0,0,377,377,45916,12,24,2086,20,77,6403,0,0,0
9599,6840,9999, ,Rochester NY MSA,2361,2361,273363,23,46,1974,2,6,520,44,475,22645,2172,2172,254161,19,38,1498,2,6,520,39,406,19804
9599,6880,9999, ,Rockford IL MSA,1640,1640,136477,75,150,7815,4,15,603,51,596,20677,1628,1628,135477,75,150,7815,4,15,603,51,596,20677
9599,6895,9999, ,Rocky Mount NC MSA,460,460,36795,4,8,251,1,3,88,1,7,272,452,452,36285,4,8,251,1,3,88,1,7,272
9599,6922,6920, ,Sacramento CA PMSA,6860,6860,935654,10,20,1378,37,142,8036,32,305,19044,6837,6837,933585,10,20,1378,36,138,7878,32,305,19044
9599,6922,9270, ,Yolo CA PMSA,595,595,73707,7,14,915,3,10,579,9,97,4929,591,591,73309,7,14,915,2,7,411,9,97,4929
9599,6960,9999, ,Saginaw-Bay City-Midland MI MSA,1039,1039,103785,34,68,5009,0,0,0,9,93,3730,829,829,88532,31,62,4271,0,0,0,4,38,1502
9599,6980,9999, ,St. Cloud MN MSA,920,920,75090,1,2,56,7,23,342,19,323,11858,547,547,46239,0,0,0,2,8,342,6,86,3055
9599,7000,9999, ,St. Joseph MO MSA,180,180,19541,60,120,3984,4,13,612,3,64,2378,177,177,19215,60,120,3984,4,13,612,3,64,2378
9599,7040,9999, ,St. Louis MO-IL MSA,10035,10035,1051587,128,256,15828,78,292,18786,76,937,41976,9834,9834,1037026,127,254,15744,78,292,18786,71,912,41273
9599,7120,9999, ,Salinas CA MSA,1119,1119,170388,5,10,844,5,17,1413,29,180,13134,1113,1113,169554,5,10,844,5,17,1413,29,180,13134
9599,7160,9999, ,Salt Lake City-Ogden UT MSA,7610,7610,817062,85,170,11566,90,344,18942,156,2492,124699,7246,7246,785213,84,168,11484,90,344,18942,143,2383,120870
9599,7200,9999, ,San Angelo TX MSA,221,221,18661,2,4,160,0,0,0,0,0,0,221,221,18661,2,4,160,0,0,0,0,0,0
9599,7240,9999, ,San Antonio TX MSA,6364,6364,496187,102,204,4246,4,14,359,95,1697,46594,6342,6342,493254,102,204,4246,4,14,359,95,1697,46594
9599,7320,9999, ,San Diego CA MSA,4765,4765,881355,46,92,10167,125,430,38440,99,1346,113321,4765,4765,881355,46,92,10167,125,430,38440,99,1346,113321
9599,7362,5775, ,Oakland CA PMSA,5331,5331,924589,18,36,4216,41,145,16938,41,655,45370,5254,5254,911367,18,36,4216,41,145,16938,40,650,45029
9599,7362,7360, ,San Francisco CA PMSA,1158,1158,262755,51,102,13578,85,305,31612,74,864,82412,1135,1135,254603,51,102,13578,85,305,31612,74,864,82412
9599,7362,7400, ,San Jose CA PMSA,2188,2188,401247,25,50,3942,38,124,9649,96,1039,76160,2180,2180,399221,25,50,3942,38,124,9649,96,1039,76160
9599,7362,7485, ,Santa Cruz-Watsonville CA PMSA,358,358,63574,3,6,567,9,32,2699,2,41,4390,358,358,63574,3,6,567,9,32,2699,2,41,4390
9599,7362,7500, ,Santa Rosa CA PMSA,1608,1608,194392,24,48,2985,14,48,2973,14,226,12231,1608,1608,194392,24,48,2985,14,48,2973,14,226,12231
9599,7362,8720, ,Vallejo-Fairfield-Napa CA PMSA,1251,1251,189458,9,18,2414,10,33,3034,4,29,8691,1251,1251,189458,9,18,2414,10,33,3034,4,29,8691
9599,7460,9999, ,San Luis Obispo-Atascadero-Paso Robles CA MSA,853,853,116403,2,4,124,0,0,0,7,59,2394,853,853,116403,2,4,124,0,0,0,7,59,2394
9599,7480,9999, ,Santa Barbara-Santa Maria-Lompoc CA MSA,605,605,105653,20,40,5075,14,48,5772,11,100,6505,604,604,105576,20,40,5075,14,48,5772,11,100,6505
9599,7490,9999, ,Santa Fe NM MSA,284,284,36754,1,2,85,8,32,1068,6,127,7591,221,221,29871,1,2,85,5,20,375,6,127,7591
9599,7510,9999, ,Sarasota-Bradenton FL MSA,3687,3687,394483,18,36,2002,26,94,6053,72,1194,58738,3658,3658,390970,18,36,2002,26,94,6053,72,1194,58738
9599,7520,9999, ,Savannah GA MSA,1510,1510,145616,11,22,856,1,4,180,20,527,10542,1469,1469,142127,7,14,385,1,4,180,20,527,10542
9599,7560,9999, ,Scranton--Wilkes-Barre--Hazleton PA MSA,1263,1263,116753,17,34,1630,6,21,831,5,41,1460,1058,1058,100933,14,28,1389,5,18,535,5,41,1460
9599,7602,1150, ,Bremerton WA PMSA,1280,1280,97571,22,44,2231,7,26,1366,14,204,9643,1149,1149,88618,20,40,2046,7,26,1366,11,179,8746
9599,7602,5910, ,Olympia WA PMSA,2010,2010,171059,36,72,5732,12,43,2809,15,103,5261,1602,1602,137824,33,66,5349,6,24,1559,3,26,1026
9599,7602,7600, ,Seattle-Bellevue-Everett WA PMSA,8962,8962,1124760,183,366,29228,160,569,47035,302,3776,248329,7476,7476,936300,174,348,28204,157,560,46433,276,3448,229972
9599,7602,8200, ,Tacoma WA PMSA,3180,3180,323664,136,272,18992,26,101,6733,51,860,48309,3175,3175,323228,136,272,18992,26,101,6733,51,860,48309
9599,7610,9999, ,Sharon PA MSA,357,357,24597,2,4,252,0,0,0,1,36,1550,338,338,22888,2,4,252,0,0,0,1,36,1550
9599,7620,9999, ,Sheboygan WI MSA,440,440,49978,19,38,2467,5,20,960,14,235,10989,421,421,48092,19,38,2467,5,20,960,14,235,10989
9599,7640,9999, ,Sherman-Denison TX MSA,133,133,11012,8,16,420,0,0,0,4,60,1500,133,133,11012,8,16,420,0,0,0,4,60,1500
9599,7680,9999, ,Shreveport-Bossier City LA MSA,1053,1053,103314,1,2,72,9,34,1009,1,59,3155,1012,1012,100711,0,0,0,6,24,719,1,59,3155
9599,7720,9999, ,Sioux City IA-NE MSA,245,245,22715,8,16,936,6,20,445,13,298,8474,225,225,21337,8,16,936,5,17,445,13,298,8474
9599,7760,9999, ,Sioux Falls SD MSA,830,830,67156,35,70,4519,7,27,855,31,591,27027,830,830,67156,35,70,4519,7,27,855,31,591,27027
9599,7800,9999, ,South Bend IN MSA,870,870,100050,24,48,2219,1,4,312,6,228,6959,870,870,100050,24,48,2219,1,4,312,6,228,6959
9599,7840,9999, ,Spokane WA MSA,1476,1476,162678,67,134,9731,22,82,3431,73,1024,44290,1473,1473,162439,67,134,9731,22,82,3431,73,1024,44290
9599,7880,9999, ,Springfield IL MSA,918,918,98978,84,168,10302,0,0,0,12,115,3618,822,822,89702,75,150,9330,0,0,0,9,82,2474
9599,7920,9999, ,Springfield MO MSA,1652,1652,112666,76,152,5699,3,11,470,52,653,18780,1652,1652,112666,76,152,5699,3,11,470,52,653,18780
9599,8000,9999, ,Springfield MA MSA,1013,1013,115292,23,46,2150,10,34,1599,9,146,8810,947,947,106572,23,46,2150,10,34,1599,9,146,8810
9599,8050,9999, ,State College PA MSA,460,460,53148,6,12,349,9,36,1614,20,364,11267,405,405,49448,6,12,349,9,36,1614,20,364,11267
9599,8080,9999, ,Steubenville-Weirton OH-WV MSA,96,96,8894,3,6,140,0,0,0,0,0,0,86,86,8144,3,6,140,0,0,0,0,0,0
9599,8120,9999, ,Stockton-Lodi CA MSA,2178,2178,248206,3,6,399,13,40,2677,14,76,4702,2178,2178,248206,3,6,399,13,40,2677,14,76,4702
9599,8140,9999, ,Sumter SC MSA,309,309,19839,0,0,0,12,47,1095,0,0,0,309,309,19839,0,0,0,12,47,1095,0,0,0
9599,8160,9999, ,Syracuse NY MSA,1136,1136,98866,7,14,670,5,19,714,5,69,2986,849,849,72673,5,10,470,4,15,594,5,69,2986
9599,8240,9999, ,Tallahassee FL MSA,1722,1722,177316,55,110,4770,3,9,376,65,1040,42841,1722,1722,177316,55,110,4770,3,9,376,65,1040,42841
9599,8280,9999, ,Tampa-St. Petersburg-Clearwater FL MSA,9405,9405,917614,85,170,12895,54,191,9173,184,3853,218444,9383,9383,914458,85,170,12895,54,191,9173,172,3759,212784
9599,8320,9999, ,Terre Haute IN MSA,322,322,27693,21,42,2147,0,0,0,1,12,461,236,236,24260,21,42,2147,0,0,0,1,12,461
9599,8360,9999, ,Texarkana TX-Texarkana AR MSA,202,202,13919,6,12,544,1,4,137,0,0,0,202,202,13919,6,12,544,1,4,137,0,0,0
9599,8400,9999, ,Toledo OH MSA,1471,1471,171113,33,66,4426,30,114,8464,40,541,18103,1470,1470,171033,33,66,4426,30,114,8464,40,541,18103
9599,8440,9999, ,Topeka KS MSA,559,559,68884,24,48,3152,3,11,770,11,66,2110,559,559,68884,24,48,3152,3,11,770,11,66,2110
9599,8520,9999, ,Tucson AZ MSA,4934,4934,562594,25,50,2883,11,40,2119,200,2251,115399,4204,4204,485955,25,50,2883,11,40,2119,200,2251,115399
9599,8560,9999, ,Tulsa OK MSA,2509,2509,258129,11,22,744,9,35,1143,58,1016,40005,2447,2447,250927,11,22,744,9,35,1143,58,1016,40005
9599,8600,9999, ,Tuscaloosa AL MSA,670,670,34873,0,0,0,0,0,0,71,743,26638,670,670,34873,0,0,0,0,0,0,71,743,26638
9599,8640,9999, ,Tyler TX MSA,298,298,39410,2,4,208,3,12,500,0,0,0,228,228,33924,2,4,208,3,12,500,0,0,0
9599,8680,9999, ,Utica-Rome NY MSA,429,429,39476,2,4,439,1,4,133,1,42,2419,351,351,33390,2,4,439,0,0,0,0,0,0
9599,8750,9999, ,Victoria TX MSA,172,172,15384,0,0,0,0,0,0,0,0,0,172,172,15384,0,0,0,0,0,0,0,0,0
9599,8780,9999, ,Visalia-Tulare-Porterville CA MSA,1386,1386,116353,26,52,2445,32,119,5707,19,157,4325,1386,1386,116353,26,52,2445,32,119,5707,19,157,4325
9599,8800,9999, ,Waco TX MSA,330,330,32958,14,28,1250,2,7,290,1,144,4507,317,317,32382,14,28,1250,2,7,290,1,144,4507
9599,8872,0720, ,Baltimore MD PMSA,9802,9802,910244,3,6,375,5,20,840,85,1521,61554,9761,9761,907308,3,6,375,5,20,840,78,1477,60202
9599,8872,3180, ,Hagerstown MD PMSA,470,470,48266,19,38,1809,9,36,1560,0,0,0,464,464,47965,19,38,1809,9,36,1560,0,0,0
9599,8872,8840, ,Washington DC-MD-VA-WV PMSA,22892,22892,2349973,102,204,10422,3,10,474,400,5945,243031,22652,22652,2328065,102,204,10422,3,10,474,387,5706,234146
9599,8920,9999, ,Waterloo-Cedar Falls IA MSA,135,135,16539,3,6,442,0,0,0,3,91,4076,135,135,16539,3,6,442,0,0,0,3,91,4076
9599,8940,9999, ,Wausau WI MSA,576,576,58403,28,56,3220,5,19,967,5,60,1730,558,558,56309,28,56,3220,5,19,967,5,60,1730
9599,8960,9999, ,West Palm Beach-Boca Raton FL MSA,7413,7413,856132,37,74,5309,57,218,15120,165,2580,131537,7403,7403,855664,37,74,5309,57,218,15120,165,2580,131537
9599,9000,9999, ,Wheeling WV-OH MSA,91,91,7534,0,0,0,0,0,0,5,64,3000,70,70,5898,0,0,0,0,0,0,5,64,3000
9599,9040,9999, ,Wichita KS MSA,2237,2237,270303,12,24,1293,0,0,0,29,451,19673,2213,2213,268706,12,24,1293,0,0,0,29,451,19673
9599,9080,9999, ,Wichita Falls TX MSA,207,207,18786,6,12,450,1,3,190,8,180,6000,206,206,18746,6,12,450,1,3,190,8,180,6000
9599,9140,9999, ,Williamsport PA MSA,303,303,29674,2,4,78,0,0,0,1,7,250,226,226,22137,2,4,78,0,0,0,1,7,250
9599,9200,9999, ,Wilmington NC MSA,3283,3283,288667,37,74,4500,15,52,2003,38,556,25288,3272,3272,287842,37,74,4500,15,52,2003,38,556,25288
9599,9260,9999, ,Yakima WA MSA,425,425,44492,53,106,6444,6,22,777,5,70,3282,419,419,44159,53,106,6444,6,22,777,5,70,3282
9599,9280,9999, ,York PA MSA,1863,1863,170151,12,24,1589,10,39,2805,8,50,1816,1790,1790,164785,12,24,1589,10,39,2805,8,50,1816
9599,9320,9999, ,Youngstown-Warren OH MSA,1098,1098,119761,78,156,9906,45,174,10752,20,123,6517,1052,1052,114396,77,154,9756,45,174,10752,20,123,6517
9599,9340,9999, ,Yuba City CA MSA,431,431,50369,7,14,1048,8,31,1782,3,19,1027,431,431,50369,7,14,1048,8,31,1782,3,19,1027
9599,9360,9999, ,Yuma AZ MSA,767,767,49804,0,0,0,2,6,219,0,0,0,767,767,49804,0,0,0,2,6,219,0,0,0
9599,1122,9999, ,Boston-Worcester-Lawrence MA-NH-ME-CT CMSA,12991,12991,1575993,142,284,18039,28,101,7077,97,1413,102609,11644,11644,1441188,114,228,15070,28,101,7077,57,1154,90191
9599,1602,9999, ,Chicago-Gary-Kenosha IL-IN-WI CMSA,27575,27575,3498633,627,1254,88325,476,1689,112410,518,6251,319318,25788,25788,3291940,581,1162,81812,472,1677,111412,472,5981,308496
9599,1642,9999, ,Cincinnati-Hamilton OH-KY-IN CMSA,8092,8092,843267,87,174,9542,68,259,10784,244,2759,96167,7867,7867,827702,87,174,9542,68,259,10784,231,2683,93887
9599,1692,9999, ,Cleveland-Akron OH CMSA,8203,8203,1155741,139,278,21772,76,272,20407,140,1879,67075,7819,7819,1101912,137,274,21491,75,269,20122,139,1858,65751
9599,1922,9999, ,Dallas-Fort Worth TX CMSA,22140,22140,2803701,49,98,4432,20,70,3210,816,14349,571132,20745,20745,2592839,46,92,4297,16,58,2978,797,14148,567136
9599,2082,9999, ,Denver-Boulder-Greeley CO CMSA,15078,15078,1808871,76,152,10809,75,279,14554,383,5923,291193,15022,15022,1799240,76,152,10809,75,279,14554,368,5739,279620
9599,2162,9999, ,Detroit-Ann Arbor-Flint MI CMSA,19657,19657,2268489,190,380,28263,133,498,38750,227,3479,129000,19069,19069,2221144,183,366,27621,117,442,30413,203,3181,119427
9599,3362,9999, ,Houston-Galveston-Brazoria TX CMSA,15849,15849,1655347,39,78,2730,249,972,32292,247,4783,175830,15526,15526,1609972,35,70,2363,239,942,30779,241,4748,174120
9599,4472,9999, ,Los Angeles-Riverside-Orange County CA CMSA,23220,23220,3523981,191,382,35851,168,568,57241,325,4626,320171,22844,22844,3460013,169,338,32430,153,523,53444,287,4368,301045
9599,4992,9999, ,Miami-Fort Lauderdale FL CMSA,15536,15536,1613487,208,416,20148,67,240,16669,472,11396,723864,15527,15527,1611936,208,416,20148,67,240,16669,472,11396,723864
9599,5082,9999, ,Milwaukee-Racine WI CMSA,4039,4039,562673,221,442,38219,46,172,14527,192,2354,108178,3917,3917,547218,216,432,37394,43,163,14345,163,2182,102025
9599,5602,9999, ,New York-Northern New Jersey-Long Island NY-NJ-CT-PA CMSA,25812,25812,2994208,1274,2548,164205,282,885,57626,313,5569,231534,24186,24186,2809995,1189,2378,156096,260,819,55650,280,5344,220084
9599,6162,9999, ,Philadelphia-Wilmington-Atlantic City PA-NJ-DE-MD CMSA,15898,15898,1447976,193,386,19869,15,52,3340,71,1396,60537,14757,14757,1342364,116,232,12578,14,49,3198,57,1325,58264
9599,6442,9999, ,Portland-Salem OR-WA CMSA,12276,12276,1569407,442,884,66625,185,658,36052,566,6625,306655,12236,12236,1564869,441,882,66506,185,658,36052,558,6548,303328
9599,6922,9999, ,Sacramento-Yolo CA CMSA,7455,7455,1009360,17,34,2293,40,152,8615,41,402,23973,7428,7428,1006894,17,34,2293,38,145,8289,41,402,23973
9599,7362,9999, ,San Francisco-Oakland-San Jose CA CMSA,11894,11894,2036016,130,260,27702,197,687,66905,231,2854,229255,11786,11786,2012615,130,260,27702,197,687,66905,230,2849,228914
9599,7602,9999, ,Seattle-Tacoma-Bremerton WA CMSA,15432,15432,1717054,377,754,56183,205,739,57943,382,4943,311541,13402,13402,1485971,363,726,54591,196,711,56092,341,4513,288053
9599,8872,9999, ,Washington-Baltimore DC-MD-VA-WV CMSA,33164,33164,3308483,124,248,12606,17,66,2875,485,7466,304585,32877,32877,3283337,124,248,12606,17,66,2875,465,7183,294348
