Survey,MSA/,PMSA,,MA,,1-unit,,,2-units,,,3-4 units,,,5+ units,,,1-unit rep,,,2-units rep,,,3-4 units rep,,,5+ units rep
Date,CMSA,,,Name,Bldgs,Units,Value,Bldgs,Units,Value,Bldgs,Units,Value,Bldgs,Units,Value,Bldgs,Units,Value,Bldgs,Units,Value,Bldgs,Units,Value,Bldgs,Units,Value

8299,0040,9999, ,ABILENE SMSA,788,788,53100,27,54,2539,4,14,505,61,1280,26975,754,754,51675,27,54,2539,4,14,505,61,1280,26975
8299,0080,9999, ,AKRON SMSA,503,503,29392,22,44,1386,40,150,5594,34,425,11221,503,503,29392,22,44,1386,40,150,5594,34,425,11221
8299,0120,9999, ,ALBANY SMSA,259,259,8309,27,54,886,3,11,182,34,172,3184,259,259,8309,27,54,886,3,11,182,34,172,3184
8299,0160,9999, ,ALBANY-SCHENECTADY-TROY SMSA,805,805,42078,76,152,3842,27,107,1235,26,359,10020,795,795,41581,76,152,3842,27,107,1235,26,359,10020
8299,0200,9999, ,ALBUQUERQUE SMSA,1417,1417,76937,1,2,25,32,128,2954,9,556,8464,1417,1417,76937,1,2,25,32,128,2954,9,556,8464
8299,0220,9999, ,ALEXANDRIA SMSA,96,96,3714,9,18,502,4,13,225,1,104,3871,96,96,3714,9,18,502,4,13,225,1,104,3871
8299,0240,9999, ,ALLENTOWN-BETHLEHEM-EASTON,1143,1143,53927,20,40,1321,22,85,3501,11,140,3574,1140,1140,53756,20,40,1321,22,85,3501,11,140,3574
8299,0280,9999, ,ALTOONA SMSA,110,110,4160,1,2,60,0,0,0,1,51,1300,110,110,4160,1,2,60,0,0,0,1,51,1300
8299,0320,9999, ,AMARILLO SMSA,497,497,44737,12,24,679,5,17,334,18,1001,22490,497,497,44737,12,24,679,5,17,334,18,1001,22490
8299,0360,9999, ,ANAHEIM-SANTA ANA-GARDEN GR. SMSA,2868,2868,231545,60,120,7097,68,250,11838,228,2156,76600,2851,2851,230623,60,120,7097,68,250,11838,227,2148,76382
8299,0380,9999, ,ANCHORAGE SMSA,3234,3234,246948,252,504,24226,122,462,21846,164,2158,90918,3017,3017,228114,241,482,22872,118,446,20949,158,2101,88457
8299,0400,9999, ,ANDERSON SMSA,41,41,2261,0,0,0,0,0,0,7,44,458,41,41,2261,0,0,0,0,0,0,7,44,458
8299,0405,9999, ,ANDERSON SMSA,375,375,13656,2,4,46,2,7,212,29,202,3232,375,375,13656,2,4,46,2,7,212,29,202,3232
8299,0440,9999, ,ANN ARBOR SMSA,142,142,12733,4,8,388,1,4,240,2,60,5465,142,142,12733,4,8,388,1,4,240,2,60,5465
8299,0450,9999, ,ANNISTON SMSA,89,89,4089,3,6,90,0,0,0,0,0,0,89,89,4089,3,6,90,0,0,0,0,0,0
8299,0460,9999, ,APPLETON-OSHKOSH SMSA,598,598,29065,52,104,3250,14,56,1463,20,228,5893,598,598,29065,52,104,3250,14,56,1463,20,228,5893
8299,0480,9999, ,ASHEVILLE SMSA,587,587,20424,4,8,96,6,23,580,10,96,4839,587,587,20424,4,8,96,6,23,580,10,96,4839
8299,0500,9999, ,ATHENS SMSA,355,355,15091,127,254,4293,30,109,2559,6,62,1154,355,355,15091,127,254,4293,30,109,2559,6,62,1154
8299,0520,9999, ,ATLANTA SMSA,17241,17241,737184,404,808,25879,201,738,19220,375,5228,149641,17206,17206,735876,400,800,25689,201,738,19220,366,5178,149162
8299,0560,9999, ,ATLANTIC CITY SMSA,611,611,22297,11,22,708,5,20,469,18,427,25963,610,610,22274,11,22,708,5,20,469,18,427,25963
8299,0600,9999, ,AUGUSTA GA.-S.C. SMSA,1336,1336,48881,85,170,2706,36,141,2158,44,611,11671,1336,1336,48881,85,170,2706,36,141,2158,44,611,11671
8299,0640,9999, ,AUSTIN SMSA,4427,4427,308808,787,1574,65268,178,688,28398,185,4782,136505,4390,4390,306693,787,1574,65268,178,688,28398,185,4782,136505
8299,0680,9999, ,BAKERSFIELD SMSA,3084,3084,168153,138,276,11438,130,476,15367,68,586,14760,2894,2894,158367,129,258,11017,123,450,14662,68,586,14760
8299,0720,9999, ,BALTIMORE SMSA,6323,6323,308285,8,16,435,1,4,80,77,2195,71657,6323,6323,308285,8,16,435,1,4,80,77,2195,71657
8299,0730,9999, ,BANGOR SMSA,74,74,2955,1,2,60,2,7,372,9,59,2171,74,74,2955,1,2,60,2,7,372,9,59,2171
8299,0760,9999, ,BATON ROUGE SMSA,2021,2021,53939,38,76,1426,139,552,13599,98,1456,33789,2021,2021,53939,38,76,1426,139,552,13599,98,1456,33789
8299,0780,9999, ,BATTLE CREEK SMSA,170,170,5843,0,0,0,0,0,0,1,6,45,152,152,5167,0,0,0,0,0,0,1,6,45
8299,0800,9999, ,BAY CITY SMSA,53,53,1929,1,2,38,0,0,0,3,16,350,53,53,1929,1,2,38,0,0,0,3,16,350
8299,0840,9999, ,BEAUMONT-PORT ARTHUR-ORANGE SMSA,999,999,50325,41,82,2096,5,17,228,41,362,9815,901,901,45496,41,82,2096,5,17,228,41,362,9815
8299,0860,9999, ,BELLINGHAM SMSA,378,378,15617,17,34,934,8,30,859,15,218,6171,378,378,15617,17,34,934,8,30,859,15,218,6171
8299,0870,9999, ,BENTON HARBOR SMSA,93,93,4300,2,4,80,4,16,281,4,108,1500,92,92,4274,2,4,80,4,16,281,4,108,1500
8299,0880,9999, ,BILLINGS SMSA,372,372,19006,29,58,2104,20,80,2085,42,433,10355,372,372,19006,29,58,2104,20,80,2085,42,433,10355
8299,0920,9999, ,BILOXI-GULFPORT SMSA,1010,1010,40799,31,62,1519,29,115,4684,15,153,4039,986,986,40057,31,62,1519,29,115,4684,15,153,4039
8299,0960,9999, ,BINGHAMTON N.Y.-PA. SMSA,230,230,11142,8,16,316,3,12,219,8,270,6600,213,213,10464,8,16,316,3,12,219,8,270,6600
8299,1000,9999, ,BIRMINGHAM SMSA,1187,1187,45619,8,16,294,6,22,414,3,35,1055,1186,1186,45591,8,16,294,6,22,414,3,35,1055
8299,1010,9999, ,BISMARCH SMSA,147,147,10076,5,10,653,11,40,2015,3,22,812,147,147,10076,5,10,653,11,40,2015,3,22,812
8299,1020,9999, ,BLOOMINGTON SMSA,147,147,7373,12,24,837,20,80,2711,3,206,5650,147,147,7373,12,24,837,20,80,2711,3,206,5650
8299,1040,9999, ,BLOOMINGTON-NORMAL SMSA,193,193,11152,4,8,253,4,14,358,9,123,1559,193,193,11152,4,8,253,4,14,358,9,123,1559
8299,1080,9999, ,BOISE CITY SMSA,771,771,36544,3,6,188,5,17,833,4,33,1097,771,771,36544,3,6,188,5,17,833,4,33,1097
8299,1120,9999, ,BOSTON SMSA,2360,2360,143825,99,198,6360,19,63,2362,135,2505,103227,2357,2357,143567,98,196,6332,19,63,2362,134,2491,102699
8299,1140,9999, ,BRADENTON SMSA,733,733,30514,126,252,6896,32,118,6919,33,618,33230,733,733,30514,126,252,6896,32,118,6919,33,618,33230
8299,1150,9999, ,BREMERTON SMSA,712,712,21227,22,44,1003,2,8,200,4,60,2057,711,711,21170,21,42,960,2,8,200,4,60,2057
8299,1160,9999, ,BRIDGEPORT SMSA,596,596,28837,22,44,957,5,19,677,34,490,7071,596,596,28837,22,44,957,5,19,677,34,490,7071
8299,1170,9999, ,BRISTOL SMSA,165,165,8361,2,4,70,1,3,90,0,0,0,165,165,8361,2,4,70,1,3,90,0,0,0
8299,1200,9999, ,BROCKTON SMSA,195,195,9020,9,18,1000,5,17,729,5,46,1273,195,195,9020,9,18,1000,5,17,729,5,46,1273
8299,1240,9999, ,BROWNSVILLE-HARLINGEN-,1028,1028,45634,17,34,962,21,80,1706,36,1071,65175,1028,1028,45634,17,34,962,21,80,1706,36,1071,65175
8299,1260,9999, ,BRYAN-COLLEGE STATION SMSA,896,896,43493,181,362,10467,105,417,9459,151,1714,37608,896,896,43493,181,362,10467,105,417,9459,151,1714,37608
8299,1280,9999, ,BUFFALO SMSA,849,849,46614,21,42,1158,5,19,288,9,110,1735,844,844,45904,21,42,1158,5,19,288,7,95,1130
8299,1300,9999, ,BURLINGTON SMSA,220,220,8217,5,10,251,4,15,298,3,38,1062,220,220,8217,5,10,251,4,15,298,3,38,1062
8299,1305,9999, ,BURLINGTON SMSA,333,333,14025,10,20,334,16,63,1256,28,289,9779,333,333,14025,10,20,334,16,63,1256,28,289,9779
8299,1320,9999, ,CANTON SMSA,377,377,20887,35,70,2672,9,28,1514,13,329,8326,377,377,20887,35,70,2672,9,28,1514,13,329,8326
8299,1350,9999, ,CASPER SMSA,244,244,15054,14,28,1282,21,78,2753,6,98,3636,244,244,15054,14,28,1282,21,78,2753,6,98,3636
8299,1360,9999, ,CEDAR RAPIDS SMSA,63,63,2922,2,4,142,3,12,380,7,42,769,63,63,2922,2,4,142,3,12,380,7,42,769
8299,1400,9999, ,CHAMPAIGN-URBANA-RANTOUL SMSA,184,184,9802,9,18,420,4,16,684,18,222,6502,184,184,9802,9,18,420,4,16,684,18,222,6502
8299,1440,9999, ,CHARLESTON-NORTH CHARLESTON SMSA,2124,2124,93965,159,318,6825,73,287,8007,154,1355,31403,2119,2119,93785,159,318,6825,73,287,8007,152,1343,31031
8299,1480,9999, ,CHARLESTON SMSA,143,143,5300,3,6,103,5,16,118,4,48,690,143,143,5300,3,6,103,5,16,118,4,48,690
8299,1520,9999, ,CHARLOTTE-GASTONIA SMSA,3096,3096,144639,29,58,1429,54,209,5219,158,1743,36159,3095,3095,144598,29,58,1429,54,209,5219,158,1743,36159
8299,1540,9999, ,CHARLOTTESVILLE SMSA,476,476,26000,15,30,874,1,4,160,15,127,2989,476,476,26000,15,30,874,1,4,160,15,127,2989
8299,1560,9999, ,CHATTANOOGA TENN.-GA. SMSA,608,608,17824,47,94,2070,2,8,216,6,436,10653,607,607,17809,47,94,2070,2,8,216,6,436,10653
8299,1600,9999, ,CHICAGO SMSA,4601,4601,324266,93,186,7891,143,546,21534,293,7058,307648,4592,4592,323779,93,186,7891,143,546,21534,293,7058,307648
8299,1620,9999, ,CHICO SMSA,603,603,34574,33,66,2452,25,89,3079,13,92,2580,603,603,34574,33,66,2452,25,89,3079,13,92,2580
8299,1640,9999, ,CINCINNATI OHIO-KY.-IND. SMSA,1965,1965,105979,29,58,2043,30,116,3238,66,1067,22909,1965,1965,105979,29,58,2043,30,116,3238,66,1067,22909
8299,1660,9999, ,CLARKSVILLE-HOPKINSVILLE,469,469,17556,4,8,229,33,121,2269,36,300,5364,468,468,17469,4,8,229,33,121,2269,35,289,5095
8299,1680,9999, ,CLEVELAND SMSA,1282,1282,101771,53,106,4385,28,105,5050,18,201,6764,1276,1276,101177,53,106,4385,28,105,5050,17,186,6251
8299,1720,9999, ,COLORADO SPRINGS SMSA,3530,3530,137832,16,32,761,56,219,4936,58,514,10127,3513,3513,137149,16,32,761,52,205,4591,58,514,10127
8299,1740,9999, ,COLUMBIA SMSA,187,187,9119,22,44,1403,13,51,1712,41,410,7490,187,187,9119,22,44,1403,13,51,1712,41,410,7490
8299,1760,9999, ,COLUMBIA SMSA,1511,1511,75890,35,70,2144,22,77,1905,38,408,9809,1511,1511,75890,35,70,2144,22,77,1905,38,408,9809
8299,1800,9999, ,COLUMBUS GA.-ALA. SMSA,271,271,12887,0,0,0,10,39,1286,24,250,5405,271,271,12887,0,0,0,10,39,1286,24,250,5405
8299,1840,9999, ,COLUMBUS SMSA,1889,1889,103173,46,92,3132,34,125,3209,164,1114,28367,1886,1886,103097,46,92,3132,34,125,3209,164,1114,28367
8299,1880,9999, ,CORPUS CHRISTI SMSA,1727,1727,79855,28,56,1561,58,227,6956,194,1856,54585,1696,1696,77604,28,56,1561,58,227,6956,190,1603,37497
8299,1900,9999, ,CUMBERLAND MD.-W.VA SMSA,105,105,3326,0,0,0,1,4,74,1,102,4300,105,105,3326,0,0,0,1,4,74,1,102,4300
8299,1920,9999, ,DALLAS-FORT WORTH SMSA,19039,19039,1224285,845,1690,67549,461,1737,49287,1407,32361,754788,18947,18947,1218591,845,1690,67549,456,1718,48779,1403,32269,753363
8299,1930,9999, ,DANBURY SMSA,370,370,20418,5,10,254,2,7,310,17,150,3319,370,370,20418,5,10,254,2,7,310,17,150,3319
8299,1950,9999, ,DANVILLE SMSA,162,162,6046,1,2,17,1,4,30,4,30,237,162,162,6046,1,2,17,1,4,30,4,30,237
8299,1960,9999, ,DAVENPORT-ROCK ISLAND-MOLINE,515,515,22528,9,18,531,9,35,919,29,388,9023,515,515,22528,9,18,531,9,35,919,29,388,9023
8299,2000,9999, ,DAYTON SMSA,707,707,33141,3,6,110,22,85,1972,44,327,6723,707,707,33141,3,6,110,22,85,1972,44,327,6723
8299,2020,9999, ,DAYTONA BEACH SMSA,2114,2114,83999,39,78,2489,30,112,3874,47,778,41955,2099,2099,83671,39,78,2489,30,112,3874,47,778,41955
8299,2040,9999, ,DECATUR SMSA,81,81,4321,5,10,346,2,8,200,1,5,231,81,81,4321,5,10,346,2,8,200,1,5,231
8299,2080,9999, ,DENVER-BOULDER SMSA,11211,11211,570524,110,220,9230,75,283,12092,531,8064,201920,11033,11033,556716,110,220,9230,75,283,12092,531,8064,201920
8299,2120,9999, ,DES MOINES SMSA,586,586,27689,16,32,890,5,18,727,12,236,6463,586,586,27689,16,32,890,5,18,727,12,236,6463
8299,2160,9999, ,DETROIT SMSA,1979,1979,118077,18,36,1725,32,121,4281,103,2467,102702,1968,1968,117659,18,36,1725,32,121,4281,102,2450,101612
8299,2200,9999, ,DUBUQUE SMSA,52,52,2223,0,0,0,0,0,0,2,19,448,50,50,2102,0,0,0,0,0,0,2,19,448
8299,2240,9999, ,DULUTH-SUPERIOR MINN.-WIS. SMSA,388,388,12052,3,6,172,0,0,0,5,36,1257,387,387,11984,3,6,172,0,0,0,5,36,1257
8299,2290,9999, ,EAU CLAIRE SMSA,239,239,15110,33,66,2619,17,68,1827,24,265,6320,239,239,15110,33,66,2619,17,68,1827,24,265,6320
8299,2320,9999, ,EL PASO SMSA,1937,1937,70725,75,150,4543,38,145,3862,159,1839,33376,1937,1937,70725,75,150,4543,38,145,3862,159,1839,33376
8299,2330,9999, ,ELKHART SMSA,178,178,9256,0,0,0,0,0,0,11,107,1774,178,178,9256,0,0,0,0,0,0,11,107,1774
8299,2335,9999, ,ELMIRA SMSA,88,88,3839,0,0,0,0,0,0,1,12,150,87,87,3801,0,0,0,0,0,0,1,12,150
8299,2340,9999, ,ENID SMSA,309,309,24334,26,52,1923,3,11,318,3,111,3590,309,309,24334,26,52,1923,3,11,318,3,111,3590
8299,2360,9999, ,ERIE SMSA,296,296,10511,4,8,150,6,23,578,31,246,6646,296,296,10511,4,8,150,6,23,578,31,246,6646
8299,2400,9999, ,EUGENE-SPRINGFIELD SMSA,220,220,12152,9,18,749,6,18,550,14,207,5457,220,220,12152,9,18,749,6,18,550,14,207,5457
8299,2440,9999, ,EVANSVILLE IND.-KY. SMSA,396,396,19880,11,22,604,0,0,0,64,660,13556,357,357,17954,11,22,604,0,0,0,60,612,12517
8299,2480,9999, ,FALL RIVER MASS.-R.I. SMSA,218,218,8757,3,6,130,0,0,0,6,48,2067,212,212,8490,3,6,130,0,0,0,6,48,2067
8299,2520,9999, ,FARGO-MOORHEAD ND-MN SMSA,152,152,7247,9,18,714,3,12,446,17,287,5479,152,152,7247,9,18,714,3,12,446,17,287,5479
8299,2560,9999, ,FAYETTEVILLE SMSA,1048,1048,39856,32,64,1391,9,31,370,12,93,1441,1048,1048,39856,32,64,1391,9,31,370,12,93,1441
8299,2580,9999, ,FAYETTEVILLE-SPRINGDALE SMSA,192,192,6998,41,82,1799,34,133,2161,53,451,6122,192,192,6998,41,82,1799,34,133,2161,53,451,6122
8299,2600,9999, ,FITCHBURG-LEOMINSTER SMSA,138,138,5728,0,0,0,0,0,4,1,48,1504,135,135,5607,0,0,0,0,0,4,1,48,1504
8299,2640,9999, ,FLINT SMSA,299,299,15224,3,6,200,0,0,0,2,48,1045,298,298,15185,3,6,200,0,0,0,2,48,1045
8299,2650,9999, ,FLORENCE SMSA,70,70,2387,0,0,0,1,4,64,17,116,2933,70,70,2387,0,0,0,1,4,64,17,116,2933
8299,2655,9999, ,FLORENCE SMSA,296,296,9643,34,68,1652,0,0,0,0,0,0,296,296,9643,34,68,1652,0,0,0,0,0,0
8299,2670,9999, ,FORT COLLINS SMSA,834,834,39186,3,6,155,17,61,1634,31,236,5131,788,788,36928,2,4,110,14,52,1393,30,229,4965
8299,2680,9999, ,FORT LAUDERDALE-HOLLYWOOD SMSA,1864,1864,101314,102,204,5814,96,372,11105,262,3986,118687,1861,1861,101034,99,198,5687,96,372,11105,262,3986,118687
8299,2700,9999, ,FORT MEYERS-CAPE CORAL SMSA,2005,2005,97840,293,586,18542,61,227,8800,137,1582,66949,2005,2005,97840,293,586,18542,61,227,8800,137,1582,66949
8299,2720,9999, ,FORT SMITH ARK.-OKLA. SMSA,292,292,14867,42,84,1982,10,38,990,3,34,335,292,292,14867,42,84,1982,10,38,990,3,34,335
8299,2750,9999, ,FORT WALTON BEACH SMSA,1321,1321,44551,25,50,493,43,165,2141,21,748,33308,1321,1321,44551,25,50,493,43,165,2141,21,748,33308
8299,2760,9999, ,FORT WAYNE SMSA,309,309,18483,7,14,404,5,20,411,21,210,3861,308,308,18459,7,14,404,5,20,411,21,210,3861
8299,2840,9999, ,FRESNO SMSA,1177,1177,59931,38,76,2496,75,289,8280,39,299,7368,1177,1177,59931,38,76,2496,75,289,8280,39,299,7368
8299,2880,9999, ,GADSDEN SMSA,87,87,3424,0,0,0,0,0,0,2,16,235,87,87,3424,0,0,0,0,0,0,2,16,235
8299,2900,9999, ,GAINESVILLE SMSA,874,874,30822,15,30,732,37,140,3229,41,390,9479,871,871,30701,15,30,732,37,140,3229,41,390,9479
8299,2920,9999, ,GALVESTON-TEXAS CITY SMSA,2074,2074,97372,4,8,96,6,24,589,43,764,18959,2074,2074,97372,4,8,96,6,24,589,43,764,18959
8299,2960,9999, ,GARY-HAMMOND-EAST CHICAGO SMSA,504,504,27132,15,30,1206,21,83,2509,4,168,6070,501,501,26929,15,30,1206,21,83,2509,4,168,6070
8299,2975,9999, ,GLENS FALLS SMSA,172,172,8272,4,8,210,0,0,0,3,24,500,172,172,8272,4,8,210,0,0,0,3,24,500
8299,2985,9999, ,GRAND FORKS ND-MN SMSA,89,89,4097,4,8,252,2,8,218,2,21,613,86,86,3994,4,8,252,2,8,218,2,21,613
8299,3000,9999, ,GRAND RAPIDS SMSA,912,912,47260,32,64,2162,15,59,1801,17,511,13308,912,912,47260,32,64,2162,15,59,1801,17,511,13308
8299,3040,9999, ,GREAT FALLS SMSA,35,35,1977,0,0,0,0,0,0,1,8,249,35,35,1977,0,0,0,0,0,0,1,8,249
8299,3060,9999, ,GREELEY SMSA,211,211,12040,16,32,1134,9,34,1021,24,168,3582,211,211,12040,16,32,1134,9,34,1021,24,168,3582
8299,3080,9999, ,GREEN BAY SMSA,419,419,20943,48,96,3509,4,16,581,14,142,3385,419,419,20943,48,96,3509,4,16,581,14,142,3385
8299,3120,9999, ,GREENSBORO--WINSTON-SALEM--,2134,2134,79715,26,52,1307,54,202,3916,263,2146,29863,2134,2134,79715,26,52,1307,54,202,3916,263,2146,29863
8299,3160,9999, ,GREENVILLE-SPARTANBURG SMSA,1454,1454,63383,32,64,1684,15,56,1340,59,823,13749,1454,1454,63383,32,64,1684,15,56,1340,59,823,13749
8299,3180,9999, ,HAGERSTOWN SMSA,131,131,5570,5,10,185,2,8,169,22,439,11694,131,131,5570,5,10,185,2,8,169,22,439,11694
8299,3200,9999, ,HAMILTON-MIDDLETOWN SMSA,317,317,15789,22,44,1384,13,51,1331,40,492,16439,317,317,15789,22,44,1384,13,51,1331,40,492,16439
8299,3240,9999, ,HARRISBURG SMSA,796,796,34466,14,28,875,10,38,1034,30,263,7194,796,796,34466,14,28,875,10,38,1034,30,263,7194
8299,3280,9999, ,HARTFORD SMSA,1886,1886,91411,18,36,1042,17,55,1226,20,486,16267,1886,1886,91411,18,36,1042,17,55,1226,20,486,16267
8299,3290,9999, ,HICKORY SMSA,343,343,13917,14,28,738,3,12,180,29,195,3933,343,343,13917,14,28,738,3,12,180,29,195,3933
8299,3320,9999, ,HONOLULU SMSA,700,700,45971,15,30,2205,22,72,3042,61,2421,109079,700,700,45971,15,30,2205,22,72,3042,61,2421,109079
8299,3360,9999, ,HOUSTON SMSA,28335,28335,1366488,331,662,27430,396,1512,39269,3356,41577,762417,28316,28316,1365495,329,658,27307,396,1512,39269,3349,41498,761400
8299,3400,9999, ,HUNTINGTON-ASHLAND WV-KY-OH SMSA,129,129,5240,2,4,106,5,20,733,12,208,3677,129,129,5240,2,4,106,5,20,733,12,208,3677
8299,3440,9999, ,HUNTSVILLE SMSA,913,913,18763,7,14,127,29,111,1693,63,715,5797,913,913,18763,7,14,127,29,111,1693,63,715,5797
8299,3480,9999, ,INDIANAPOLIS SMSA,1549,1549,101365,44,88,4039,129,466,13131,197,2015,44101,1548,1548,101303,44,88,4039,129,466,13131,197,2015,44101
8299,3500,9999, ,IOWA CITY SMSA,155,155,8645,23,46,1850,35,135,3144,47,555,13738,155,155,8645,23,46,1850,35,135,3144,47,555,13738
8299,3520,9999, ,JACKSON SMSA,100,100,4105,2,4,208,2,8,293,27,243,5146,100,100,4105,2,4,208,2,8,293,27,243,5146
8299,3560,9999, ,JACKSON SMSA,371,371,16890,20,40,1324,10,36,1190,24,331,8207,371,371,16890,20,40,1324,10,36,1190,24,331,8207
8299,3600,9999, ,JACKSONVILLE SMSA,3262,3262,156286,158,316,8591,176,652,15692,220,2001,71052,3262,3262,156286,158,316,8591,176,652,15692,220,2001,71052
8299,3605,9999, ,JACKSON SMSA,734,734,24982,0,0,0,0,0,0,0,0,0,734,734,24982,0,0,0,0,0,0,0,0,0
8299,3620,9999, ,JANESVILLE-BELOIT SMSA,180,180,8632,10,20,578,1,4,200,3,63,932,180,180,8632,10,20,578,1,4,200,3,63,932
8299,3640,9999, ,JERSEY CITY SMSA,56,56,2183,23,46,1160,5,17,263,34,898,23045,56,56,2183,23,46,1160,5,17,263,34,898,23045
8299,3660,9999, ,JOHNSON CITY-KINGSPORT-BRISTOL,299,299,10587,12,24,400,14,55,1123,60,578,16507,288,288,10146,12,24,400,14,55,1123,59,573,16380
8299,3680,9999, ,JOHNSTOWN SMSA,213,213,7021,50,100,2294,1,4,102,25,275,9388,213,213,7021,50,100,2294,1,4,102,25,275,9388
8299,3710,9999, ,JOPLIN SMSA,158,158,7533,12,24,704,15,58,1191,2,23,330,158,158,7533,12,24,704,15,58,1191,2,23,330
8299,3720,9999, ,KALAMAZOO-PORTAGE SMSA,249,249,14084,5,10,383,14,55,1588,12,118,3042,249,249,14084,5,10,383,14,55,1588,12,118,3042
8299,3740,9999, ,KANKAKEE SMSA,40,40,1766,2,4,165,3,12,240,2,134,4200,40,40,1766,2,4,165,3,12,240,2,134,4200
8299,3760,9999, ,KANSAS CITY MO.-KANS. SMSA,2583,2583,148123,233,466,17266,106,417,9988,49,796,18055,2583,2583,148123,233,466,17266,106,417,9988,49,796,18055
8299,3800,9999, ,KENOSHA SMSA,105,105,5176,6,12,380,0,0,0,14,162,4995,105,105,5176,6,12,380,0,0,0,14,162,4995
8299,3810,9999, ,KILLEEN-TEMPLE SMSA,1122,1122,48261,56,112,3783,30,120,2915,38,436,7454,1122,1122,48261,56,112,3783,30,120,2915,38,436,7454
8299,3840,9999, ,KNOXVILLE SMSA,1026,1026,35447,37,74,1885,37,148,3528,99,1261,25302,1026,1026,35447,37,74,1885,37,148,3528,99,1261,25302
8299,3850,9999, ,KOKOMO SMSA,40,40,2185,0,0,0,3,12,160,14,93,1844,40,40,2185,0,0,0,3,12,160,14,93,1844
8299,3870,9999, ,LACROSSE SMSA,171,171,8603,20,40,1066,10,38,865,7,216,2817,171,171,8603,20,40,1066,10,38,865,7,216,2817
8299,3880,9999, ,LAFAYETTE SMSA,1424,1424,75971,0,0,0,182,722,18637,64,494,12351,0,0,0,0,0,0,0,0,0,0,0,0
8299,3920,9999, ,LAFAYETTE-WEST LAFAYETTE SMSA,150,150,7697,2,4,140,1,4,98,25,386,7963,150,150,7697,2,4,140,1,4,98,25,386,7963
8299,3960,9999, ,LAKE CHARLES SMSA,202,202,10461,14,28,815,5,20,460,14,363,12970,198,198,10295,14,28,815,5,20,460,14,363,12970
8299,3980,9999, ,LAKELAND-WINTER HAVEN SMSA,1237,1237,49868,177,354,7837,73,268,5322,67,555,11983,1233,1233,49789,177,354,7837,73,268,5322,67,555,11983
8299,4000,9999, ,LANCASTER SMSA,977,977,40496,20,40,1213,5,20,400,19,169,3235,975,975,40397,20,40,1213,5,20,400,19,169,3235
8299,4040,9999, ,LANSING-EAST LANSING SMSA,480,480,24263,9,18,566,5,18,848,19,256,6527,478,478,24167,9,18,566,5,18,848,19,256,6527
8299,4080,9999, ,LAREDO SMSA,270,270,8598,3,6,66,5,20,920,31,250,5540,270,270,8598,3,6,66,5,20,920,31,250,5540
8299,4100,9999, ,LAS CRUCES SMSA,512,512,22912,9,18,345,9,36,723,16,153,2917,512,512,22912,9,18,345,9,36,723,16,153,2917
8299,4120,9999, ,LAS VEGAS SMSA,3055,3055,126562,21,42,1269,221,849,18902,237,2288,40669,3055,3055,126562,21,42,1269,221,849,18902,237,2288,40669
8299,4150,9999, ,LAWRENCE SMSA,163,163,8698,42,84,2998,18,68,1961,9,124,2583,163,163,8698,42,84,2998,18,68,1961,9,124,2583
8299,4160,9999, ,LAWRENCE-HAVERHILL MA-NH SMSA,713,713,35545,27,54,1390,3,12,410,22,285,8037,713,713,35545,27,54,1390,3,12,410,22,285,8037
8299,4200,9999, ,LAWTON SMSA,255,255,11180,5,10,556,11,43,283,34,307,5905,255,255,11180,5,10,556,11,43,283,34,307,5905
8299,4240,9999, ,LEWISTON-AUBURN SMSA,51,51,1978,1,2,33,0,0,0,5,30,760,45,45,1743,1,2,33,0,0,0,5,30,760
8299,4280,9999, ,LEXINGTON-FAYETTE SMSA,1036,1036,45419,14,28,1224,5,19,681,21,397,13757,1036,1036,45419,14,28,1224,5,19,681,21,397,13757
8299,4320,9999, ,LIMA SMSA,103,103,6341,3,6,176,3,11,785,10,89,2153,103,103,6341,3,6,176,3,11,785,10,89,2153
8299,4360,9999, ,LINCOLN SMSA,198,198,10742,6,12,347,2,8,177,3,34,649,198,198,10742,6,12,347,2,8,177,3,34,649
8299,4400,9999, ,LITTLE ROCK-N. LITTLE ROCK SMSA,348,348,21594,20,40,1142,9,34,2805,47,1428,38019,348,348,21594,20,40,1142,9,34,2805,47,1428,38019
8299,4410,9999, ,LONG BRANCH-ASBURY PARK SMSA,1614,1614,97963,8,16,510,2,8,380,61,533,10375,1597,1597,96493,8,16,510,2,8,380,59,497,9641
8299,4420,9999, ,LONGVIEW-MARSHALL SMSA,557,557,40158,150,300,10969,33,121,3765,14,504,7380,557,557,40158,150,300,10969,33,121,3765,14,504,7380
8299,4440,9999, ,LORAIN-ELYRIA SMSA,269,269,15037,1,2,53,5,20,573,7,74,2088,269,269,15037,1,2,53,5,20,573,7,74,2088
8299,4480,9999, ,LOS ANGELES-LONG BEACH SMSA,4544,4544,421819,318,636,40700,241,862,47677,701,8382,400053,4539,4539,421659,318,636,40700,241,862,47677,700,8377,399793
8299,4520,9999, ,CHARLESTOWN. . . . . . . . . . . .,1247,1247,57742,8,16,665,12,47,1069,48,631,12580,1214,1214,56522,8,16,665,11,44,1014,31,393,7805
8299,4560,9999, ,LOWELL MASS.-N.H. SMSA,678,678,31772,10,20,573,5,18,533,13,117,3748,678,678,31772,10,20,573,5,18,533,13,117,3748
8299,4600,9999, ,LUBBOCK SMSA,834,834,60028,24,48,1591,2,7,245,40,479,18260,834,834,60028,24,48,1591,2,7,245,40,479,18260
8299,4640,9999, ,LYNCHBURG SMSA,230,230,10205,7,14,325,30,115,3417,6,175,3398,230,230,10205,7,14,325,30,115,3417,6,175,3398
8299,4680,9999, ,MACON SMSA,635,635,29824,7,14,268,30,117,3850,50,489,10749,635,635,29824,7,14,268,30,117,3850,50,489,10749
8299,4720,9999, ,MADISON SMSA,434,434,26202,43,86,3642,20,80,2474,34,384,9949,430,430,26040,43,86,3642,20,80,2474,33,379,9762
8299,4760,9999, ,MANCHESTER SMSA,468,468,23185,55,110,2828,8,32,890,36,442,11037,468,468,23185,55,110,2828,8,32,890,36,442,11037
8299,4800,9999, ,MANSFIELD SMSA,68,68,3576,2,4,168,3,12,120,13,95,1068,67,67,3468,1,2,100,3,12,120,12,83,842
8299,4880,9999, ,MCALLEN-PHARR-EDINBURG SMSA,1347,1347,70135,48,96,2653,68,249,7990,118,931,25086,1347,1347,70135,48,96,2653,68,249,7990,118,931,25086
8299,4890,9999, ,MEDFORD SMSA,277,277,14858,8,16,448,25,99,2658,1,12,252,277,277,14858,8,16,448,25,99,2658,1,12,252
8299,4900,9999, ,MELBOURNE-TITUSVILLE-COCOA SMSA,2202,2202,108584,50,100,3647,52,200,6261,109,1114,31735,2118,2118,104986,38,76,2580,44,168,5402,96,953,28018
8299,4920,9999, ,MEMPHIS TENN.-ARK.-MISS. SMSA,1842,1842,97406,7,14,315,18,72,1777,68,698,24941,1820,1820,96244,7,14,315,18,72,1777,68,698,24941
8299,4960,9999, ,MERIDEN SMSA,141,141,3891,0,0,0,1,3,50,1,202,2424,141,141,3891,0,0,0,1,3,50,1,202,2424
8299,5000,9999, ,MIAMI SMSA,2278,2278,160586,178,356,13982,52,199,7388,213,5594,360582,2278,2278,160586,178,356,13982,52,199,7388,213,5594,360582
8299,5040,9999, ,MIDLAND SMSA,1230,1230,85115,47,94,3040,55,220,6980,47,2329,45547,1230,1230,85115,47,94,3040,55,220,6980,47,2329,45547
8299,5080,9999, ,MILWAUKEE SMSA,1041,1041,62612,62,124,4679,19,75,3723,44,837,20532,1033,1033,62234,62,124,4679,19,75,3723,44,837,20532
8299,5120,9999, ,MINNEAPOLIS-ST. PAUL MN-WI SMSA,7603,7603,463281,173,346,15115,231,887,37775,123,3813,162457,7566,7566,461486,173,346,15115,231,887,37775,123,3813,162457
8299,5160,9999, ,MOBILE SMSA,677,677,17735,29,58,1616,14,53,1928,72,921,26396,677,677,17735,29,58,1616,14,53,1928,72,921,26396
8299,5170,9999, ,MODESTO SMSA,666,666,31498,13,26,745,11,41,1220,16,284,7359,666,666,31498,13,26,745,11,41,1220,16,284,7359
8299,5200,9999, ,MONROE SMSA,327,327,16646,1,2,20,7,28,692,12,99,2623,327,327,16646,1,2,20,7,28,692,12,99,2623
8299,5240,9999, ,MONTGOMERY SMSA,334,334,12343,0,0,0,0,0,0,3,200,5325,334,334,12343,0,0,0,0,0,0,3,200,5325
8299,5280,9999, ,MUNCIE SMSA,32,32,1327,0,0,0,1,4,90,1,100,2500,32,32,1327,0,0,0,1,4,90,1,100,2500
8299,5320,9999, ,MUSKEGON-NORTON SHORES-,216,216,9544,0,0,0,0,0,0,11,107,3170,216,216,9544,0,0,0,0,0,0,11,107,3170
8299,5350,9999, ,NASHUA SMSA,527,527,23228,14,28,852,4,16,580,12,202,6004,527,527,23228,14,28,852,4,16,580,12,202,6004
8299,5360,9999, ,NASHVILLE-DAVIDSON SMSA,2014,2014,93213,461,922,29484,43,167,4235,86,1330,22712,2014,2014,93213,461,922,29484,43,167,4235,86,1330,22712
8299,5380,9999, ,NASSAU-SUFFOLK SMSA,2981,2981,163804,51,102,3473,17,68,2083,63,866,25417,2948,2948,161608,51,102,3473,17,68,2083,63,866,25417
8299,5400,9999, ,NEW BEDFORD SMSA,198,198,9564,1,2,40,0,0,0,10,205,7262,197,197,9511,1,2,40,0,0,0,10,205,7262
8299,5440,9999, ,NEW BRITAIN SMSA,249,249,6960,8,16,277,5,17,415,4,35,806,249,249,6960,8,16,277,5,17,415,4,35,806
8299,5460,9999, ,NEW BRUNSWICK-PERTH AMBOY-,2544,2544,106608,44,88,3115,17,68,1673,56,865,28311,2544,2544,106608,44,88,3115,17,68,1673,56,865,28311
8299,5480,9999, ,NEW HAVEN-WEST HAVEN SMSA,652,652,29245,15,30,650,30,118,2793,43,536,14842,652,652,29245,15,30,650,30,118,2793,43,536,14842
8299,5520,9999, ,NEW LONDON-NORWICH CT.-R.I. SMSA,448,448,21750,8,16,631,1,4,222,10,162,5233,435,435,21238,8,16,631,1,4,222,10,162,5233
8299,5560,9999, ,NEW ORLEANS SMSA,3762,3762,137582,229,458,9007,194,754,15964,116,1182,24159,3752,3752,137284,229,458,9007,194,754,15964,116,1182,24159
8299,5600,9999, ,NEW YORK N.Y.-N.J. SMSA,3035,3035,195742,614,1228,32325,219,684,18718,184,6651,306740,3006,3006,193215,614,1228,32325,219,684,18718,178,6434,295491
8299,5640,9999, ,NEWARK SMSA,2021,2021,149889,56,112,3389,36,125,3605,43,1331,41830,2020,2020,149793,56,112,3389,36,125,3605,43,1331,41830
8299,5645,9999, ,NEWARK SMSA,176,176,8576,3,6,142,7,27,785,1,8,155,176,176,8576,3,6,142,7,27,785,1,8,155
8299,5660,9999, ,NEWBURGH-MIDDLETOWN SMSA,470,470,19550,5,10,262,0,0,0,14,147,2914,450,450,18812,5,10,262,0,0,0,14,147,2914
8299,5680,9999, ,NEWPORT NEWS-HAMPTON SMSA,1501,1501,73597,9,18,715,6,23,519,33,330,4963,1501,1501,73597,9,18,715,6,23,519,33,330,4963
8299,5720,9999, ,NORFOLK-VIRGINIA BEACH-,4203,4203,223312,101,202,6947,73,283,10119,345,2629,94871,4186,4186,222531,101,202,6947,73,283,10119,344,2611,94332
8299,5745,9999, ,NORTHEAST PENNSYLVANIA SMSA,943,943,38259,2,4,80,3,11,176,28,502,19768,934,934,38060,2,4,80,3,11,176,27,494,19535
8299,5760,9999, ,NORWALK SMSA,168,168,18079,11,22,873,4,13,1574,7,44,2019,168,168,18079,11,22,873,4,13,1574,7,44,2019
8299,5790,9999, ,OCALA SMSA,1522,1522,41715,42,84,2146,31,115,2107,12,124,2756,1520,1520,41674,42,84,2146,31,115,2107,12,124,2756
8299,5800,9999, ,ODESSA SMSA,416,416,26995,11,22,852,0,0,0,44,1509,25820,416,416,26995,11,22,852,0,0,0,44,1509,25820
8299,5880,9999, ,OKLAHOMA CITY SMSA,7606,7606,454300,500,1000,36168,116,434,11532,373,4634,171635,7606,7606,454300,500,1000,36168,116,434,11532,373,4634,171635
8299,5910,9999, ,OLYMPIA SMSA,515,515,25278,38,76,2580,12,40,923,2,56,2239,515,515,25278,38,76,2580,12,40,923,2,56,2239
8299,5920,9999, ,OMAHA NEBR.-IOWA SMSA,1250,1250,42084,49,98,1733,16,63,1136,25,510,9284,1249,1249,42036,49,98,1733,16,63,1136,25,510,9284
8299,5960,9999, ,ORLANDO SMSA,6754,6754,251886,246,492,11000,176,687,17452,318,2641,60708,6754,6754,251886,246,492,11000,176,687,17452,318,2641,60708
8299,5990,9999, ,OWENSBORO SMSA,197,197,6174,2,4,78,4,15,310,1,115,1904,197,197,6174,2,4,78,4,15,310,1,115,1904
8299,6000,9999, ,OXNARD-SIMI VALLEY-VENTURA SMSA,744,744,66020,40,80,5402,20,80,3927,27,244,9541,744,744,66020,40,80,5402,20,80,3927,27,244,9541
8299,6015,9999, ,PANAMA CITY SMSA,968,968,33863,38,76,1510,35,119,2344,32,465,11533,929,929,32196,37,74,1473,34,116,2281,31,427,10308
8299,6020,9999, ,PARKERSBURG-MARIETTA WV-OH SMSA,94,94,3541,2,4,102,4,16,284,9,64,2219,94,94,3541,2,4,102,4,16,284,9,64,2219
8299,6025,9999, ,PASCAGOULA-MOSS POINT SMSA,362,362,9515,5,10,240,8,32,955,1,8,52,362,362,9515,5,10,240,8,32,955,1,8,52
8299,6040,9999, ,PATERSON-CLIFTON-PASSAIC SMSA,154,154,9036,8,16,602,0,0,0,0,0,0,152,152,8955,8,16,602,0,0,0,0,0,0
8299,6080,9999, ,PENSACOLA SMSA,1856,1856,63896,85,170,3671,162,631,9490,74,1001,27216,1852,1852,63832,85,170,3671,162,631,9490,74,1001,27216
8299,6120,9999, ,PEORIA SMSA,202,202,10179,4,8,361,0,0,0,16,590,15201,202,202,10179,4,8,361,0,0,0,16,590,15201
8299,6140,9999, ,PETERSBURG-COLONIAL HEIGHTS-,262,262,8717,6,12,216,2,8,160,23,189,3800,262,262,8717,6,12,216,2,8,160,23,189,3800
8299,6160,9999, ,PHILADELPHIA PA.-N.J. SMSA,5883,5883,267346,472,944,24291,69,253,6411,121,2168,71021,5853,5853,266372,472,944,24291,69,253,6411,121,2168,71021
8299,6200,9999, ,PHOENIX SMSA,13434,13434,545339,163,326,8457,407,1492,34338,819,10273,236552,13434,13434,545339,163,326,8457,407,1492,34338,819,10273,236552
8299,6240,9999, ,PINE BLUFF SMSA,56,56,1423,2,4,61,0,0,0,1,5,36,56,56,1423,2,4,61,0,0,0,1,5,36
8299,6280,9999, ,PITTSBURGH SMSA,1900,1900,106414,42,84,2323,21,78,2503,79,1662,51097,1898,1898,106325,42,84,2323,21,78,2503,79,1662,51097
8299,6320,9999, ,PITTSFIELD SMSA,63,63,2983,0,0,0,0,0,0,2,20,264,63,63,2983,0,0,0,0,0,0,2,20,264
8299,6400,9999, ,PORTLAND SMSA,412,412,18118,5,10,145,7,26,647,12,163,3385,401,401,17697,5,10,145,7,26,647,12,163,3385
8299,6440,9999, ,PORTLAND OREG.-WASH. SMSA,2393,2393,149144,68,136,4348,45,164,4818,91,1177,29923,2389,2389,148958,68,136,4348,45,164,4818,91,1177,29923
8299,6450,9999, ,PORTSMOUTH-DOVER-ROCHESTER N.H.-,389,389,18819,10,20,525,12,44,1711,5,76,2323,371,371,17684,10,20,525,12,44,1711,5,76,2323
8299,6460,9999, ,POUGHKEEPSIE SMSA,541,541,22762,4,8,250,1,4,3,9,92,1628,513,513,21288,4,8,250,1,4,3,9,92,1628
8299,6480,9999, ,PROVIDENCE-WARWICK-PAWTUCKET,1333,1333,50409,39,78,1797,9,36,783,37,1249,23302,1329,1329,50075,39,78,1797,9,36,783,37,1249,23302
8299,6520,9999, ,PROVO-OREM SMSA,336,336,20990,19,38,1023,12,45,1669,28,252,6785,336,336,20990,19,38,1023,12,45,1669,28,252,6785
8299,6560,9999, ,PUEBLO SMSA,204,204,5442,5,10,192,6,22,395,4,72,736,167,167,4543,2,4,91,4,16,301,4,72,736
8299,6600,9999, ,RACINE SMSA,197,197,10491,9,18,669,3,12,444,8,131,3645,196,196,10469,9,18,669,3,12,444,8,131,3645
8299,6640,9999, ,RALEIGH-DURHAM SMSA,3269,3269,160356,135,270,6993,146,543,13189,116,1140,24889,3197,3197,157466,131,262,6850,131,486,11155,113,1107,23994
8299,6680,9999, ,READING SMSA,452,452,19535,3,6,126,3,11,203,17,137,3545,449,449,19435,3,6,126,3,11,203,15,127,3063
8299,6690,9999, ,REDDING SMSA,479,479,27108,2,4,104,21,82,2402,7,46,1087,464,464,26313,2,4,104,21,82,2402,6,35,861
8299,6720,9999, ,RENO SMSA,724,724,50109,57,114,4065,7,24,1066,39,368,14347,724,724,50109,57,114,4065,7,24,1066,36,323,13450
8299,6740,9999, ,RICHLAND-KENNEWICK-PASCO SMSA,170,170,10094,5,10,231,0,0,0,1,41,1159,170,170,10094,5,10,231,0,0,0,1,41,1159
8299,6760,9999, ,RICHMOND SMSA,3022,3022,103067,4,8,268,0,0,0,24,314,4906,3022,3022,103067,4,8,268,0,0,0,24,314,4906
8299,6780,9999, ,RIVERSIDE-SAN BERNARDINO-,8410,8410,564227,99,198,7941,218,787,28022,220,1422,52895,7841,7841,529341,95,190,7658,213,768,27276,219,1416,52720
8299,6800,9999, ,ROANOKE SMSA,401,401,15939,5,10,157,1,3,35,2,103,2199,400,400,15888,5,10,157,1,3,35,2,103,2199
8299,6820,9999, ,ROCHESTER SMSA,350,350,17557,18,36,1265,36,143,3231,16,342,12708,350,350,17557,18,36,1265,36,143,3231,16,342,12708
8299,6840,9999, ,ROCHESTER SMSA,1916,1916,110050,13,26,743,3,11,506,31,536,15299,1913,1913,109945,13,26,743,3,11,506,31,536,15299
8299,6880,9999, ,ROCKFORD SMSA,286,286,11509,7,14,569,2,8,238,1,83,664,286,286,11509,7,14,569,2,8,238,1,83,664
8299,6885,9999, ,ROCK HILL SMSA,433,433,18752,5,10,164,4,15,450,21,166,3210,433,433,18752,5,10,164,4,15,450,21,166,3210
8299,6920,9999, ,SACRAMENTO SMSA,4498,4498,261386,84,168,6794,43,153,6343,70,830,26169,4498,4498,261386,84,168,6794,43,153,6343,70,830,26169
8299,6960,9999, ,SAGINAW SMSA,104,104,4531,2,4,135,0,0,0,20,144,2650,104,104,4531,2,4,135,0,0,0,20,144,2650
8299,6980,9999, ,ST. CLOUD SMSA,454,454,21661,6,12,357,10,39,1305,23,311,7234,453,453,21585,6,12,357,10,39,1305,23,311,7234
8299,7000,9999, ,ST. JOSEPH SMSA,87,87,2805,2,4,126,5,19,339,0,0,0,87,87,2805,2,4,126,5,19,339,0,0,0
8299,7040,9999, ,ST. LOUIS MO.-ILL. SMSA,3590,3590,195997,151,302,10714,115,458,14935,159,2432,67720,3587,3587,195684,151,302,10714,115,458,14935,159,2432,67720
8299,7080,9999, ,SALEM SMSA,368,368,16627,7,14,462,0,0,0,2,15,317,368,368,16627,7,14,462,0,0,0,2,15,317
8299,7120,9999, ,SALINAS-SEASIDE-MONTEREY SMSA,480,480,45285,8,16,1058,20,76,2881,11,174,5798,480,480,45285,8,16,1058,20,76,2881,11,174,5798
8299,7140,9999, ,SALISBURY-CONCORD SMSA,607,607,25024,14,28,464,8,30,921,5,30,340,572,572,23253,12,24,385,7,27,880,2,14,147
8299,7160,9999, ,SALT LAKE CITY-OGDEN SMSA,2639,2639,135557,125,250,7166,32,128,4736,84,883,24916,2637,2637,135497,125,250,7166,32,128,4736,84,883,24916
8299,7200,9999, ,SAN ANGELO SMSA,425,425,11375,7,14,190,5,20,401,65,1088,20148,425,425,11375,7,14,190,5,20,401,65,1088,20148
8299,7240,9999, ,SAN ANTONIO SMSA,3145,3145,138668,105,210,3841,14,53,2710,1005,11054,170555,3142,3142,137838,105,210,3841,14,53,2710,1005,11054,170555
8299,7320,9999, ,SAN DIEGO SMSA,3735,3735,308908,102,204,10895,115,419,19861,258,3144,111832,3735,3735,308908,102,204,10895,115,419,19861,258,3144,111832
8299,7360,9999, ,SAN FRANCISCO-OAKLAND SMSA,4191,4191,336898,232,464,31320,144,499,31185,234,3708,240606,4190,4190,336744,232,464,31320,144,499,31185,234,3708,240606
8299,7400,9999, ,SAN JOSE SMSA,1780,1780,130940,45,90,3901,25,94,3324,72,907,35762,1780,1780,130940,45,90,3901,25,94,3324,72,907,35762
8299,7480,9999, ,SANTA BARBARA-SANTA MARIA-,676,676,67780,55,110,5642,46,179,8487,18,123,4085,676,676,67780,55,110,5642,46,179,8487,18,123,4085
8299,7485,9999, ,SANTA CRUZ SMSA,658,658,49142,46,92,4721,26,91,3736,33,242,10348,658,658,49142,46,92,4721,26,91,3736,33,242,10348
8299,7500,9999, ,SANTA ROSA SMSA,1298,1298,75286,24,48,1977,17,66,1799,23,206,4670,1224,1224,70889,22,44,1812,17,66,1799,23,206,4670
8299,7510,9999, ,SARASOTA SMSA,1765,1765,64226,111,222,6016,55,204,6123,92,965,26971,1765,1765,64226,111,222,6016,55,204,6123,92,965,26971
8299,7520,9999, ,SAVANNAH SMSA,786,786,42292,28,56,1567,29,116,3519,62,881,19151,783,783,42231,28,56,1567,29,116,3519,62,881,19151
8299,7600,9999, ,SEATTLE-EVERETT SMSA,4369,4369,316164,75,150,5861,153,577,21540,256,3315,120181,4369,4369,316164,75,150,5861,153,577,21540,256,3315,120181
8299,7610,9999, ,SHARON SMSA,78,78,3816,0,0,0,0,0,0,2,24,530,78,78,3816,0,0,0,0,0,0,2,24,530
8299,7620,9999, ,SHEBOYGAN SMSA,115,115,5861,6,12,458,3,12,400,1,5,200,115,115,5861,6,12,458,3,12,400,1,5,200
8299,7640,9999, ,SHERMAN-DENISON SMSA,72,72,3347,8,16,437,0,0,0,6,98,2102,72,72,3347,8,16,437,0,0,0,6,98,2102
8299,7680,9999, ,SHREVEPORT SMSA,796,796,36990,4,8,139,8,31,495,78,1168,22501,796,796,36990,4,8,139,8,31,495,78,1168,22501
8299,7720,9999, ,SIOUX CITY IOWA-NEBR. SMSA,73,73,2527,3,6,191,1,4,100,1,40,800,73,73,2527,3,6,191,1,4,100,1,40,800
8299,7760,9999, ,SIOUX FALLS SMSA,200,200,6932,0,0,0,1,4,12,8,139,3592,200,200,6932,0,0,0,1,4,12,8,139,3592
8299,7800,9999, ,SOUTH BEND SMSA,263,263,16739,21,42,2369,10,34,895,10,215,5383,263,263,16739,21,42,2369,10,34,895,10,215,5383
8299,7840,9999, ,SPOKANE SMSA,596,596,30560,19,38,1129,17,68,1940,7,127,3304,596,596,30560,19,38,1129,17,68,1940,7,127,3304
8299,7880,9999, ,SPRINGFIELD SMSA,207,207,11013,7,14,453,4,16,335,4,32,760,207,207,11013,7,14,453,4,16,335,4,32,760
8299,7920,9999, ,SPRINGFIELD SMSA,300,300,12717,12,24,473,4,16,628,5,101,2458,300,300,12717,12,24,473,4,16,628,5,101,2458
8299,7960,9999, ,SPRINGFIELD SMSA,97,97,4406,2,4,80,0,0,0,5,32,827,97,97,4406,2,4,80,0,0,0,5,32,827
8299,8000,9999, ,SPRINGFIELD-CHICOPEE-HOLYOKE,591,591,25454,36,72,2351,2,8,160,15,207,6708,589,589,25372,36,72,2351,2,8,160,15,207,6708
8299,8040,9999, ,STAMFORD SMSA,221,221,30632,13,26,976,8,27,1356,17,452,22022,221,221,30632,13,26,976,8,27,1356,17,452,22022
8299,8050,9999, ,STATE COLLEGE SMSA,231,231,9446,0,0,0,2,8,240,3,24,750,231,231,9446,0,0,0,2,8,240,3,24,750
8299,8080,9999, ,STEUBENVILLE-WEIRTON OH-WV SMSA,25,25,1239,0,0,0,0,0,0,0,0,0,25,25,1239,0,0,0,0,0,0,0,0,0
8299,8120,9999, ,STOCKTON SMSA,1346,1346,77332,41,82,3217,27,100,3191,48,874,31474,1346,1346,77332,41,82,3217,27,100,3191,48,874,31474
8299,8160,9999, ,SYRACUSE SMSA,881,881,38446,8,16,460,2,7,162,28,282,6435,881,881,38446,8,16,460,2,7,162,28,282,6435
8299,8200,9999, ,TACOMA SMSA,1671,1671,89842,53,106,3754,38,149,4899,20,225,5828,1671,1671,89842,53,106,3754,38,149,4899,20,225,5828
8299,8240,9999, ,TALLAHASSEE SMSA,1225,1225,55420,159,318,9600,135,531,11298,31,230,4181,1225,1225,55420,159,318,9600,135,531,11298,31,230,4181
8299,8280,9999, ,TAMPA-ST. PETERSBURG SMSA,8951,8951,277352,648,1296,22660,310,1142,25865,394,4920,138213,8951,8951,277352,648,1296,22660,310,1142,25865,393,4904,137574
8299,8320,9999, ,TERRE HAUTE SMSA,178,178,6830,3,6,60,2,8,380,2,14,875,178,178,6830,3,6,60,2,8,380,2,14,875
8299,8360,9999, ,TEXARKANA TX-TEXARKANA AR SMSA,124,124,5345,32,64,1880,12,48,927,19,124,2584,124,124,5345,32,64,1880,12,48,927,19,124,2584
8299,8400,9999, ,TOLEDO OHIO-MICH. SMSA,611,611,42016,28,56,2721,12,48,2740,63,1135,21517,608,608,41938,28,56,2721,12,48,2740,63,1135,21517
8299,8440,9999, ,TOPEKA SMSA,249,249,13270,7,14,523,6,23,810,9,126,2654,249,249,13270,7,14,523,6,23,810,9,126,2654
8299,8480,9999, ,TRENTON SMSA,404,404,27941,0,0,0,3,11,529,9,96,2952,404,404,27941,0,0,0,3,11,529,9,96,2952
8299,8520,9999, ,TUCSON SMSA,2543,2543,138372,49,98,2528,23,81,2313,131,3689,77507,2543,2543,138372,49,98,2528,23,81,2313,131,3689,77507
8299,8560,9999, ,TULSA SMSA,3703,3703,195114,204,408,17067,44,169,6098,430,4975,126262,3692,3692,194637,204,408,17067,44,169,6098,430,4975,126262
8299,8600,9999, ,TUSCALOOSA SMSA,239,239,6335,0,0,0,15,60,1281,6,126,3870,239,239,6335,0,0,0,15,60,1281,6,126,3870
8299,8640,9999, ,TYLER SMSA,287,287,25006,17,34,1767,0,0,0,3,206,5100,287,287,25006,17,34,1767,0,0,0,3,206,5100
8299,8680,9999, ,UTICA-ROME SMSA,249,249,9148,8,16,434,0,0,0,13,152,6100,249,249,9148,8,16,434,0,0,0,13,152,6100
8299,8720,9999, ,VALLEJO-FAIRFIELD-NAPA SMSA,1215,1215,82284,24,48,2444,40,153,7029,55,583,21320,1215,1215,82284,24,48,2444,40,153,7029,55,583,21320
8299,8750,9999, ,VICTORIA SMSA,439,439,26091,13,26,1132,19,73,2248,5,36,603,439,439,26091,13,26,1132,19,73,2248,5,36,603
8299,8760,9999, ,VINELAND-MILLVILLE-BRIDGETON SMSA,130,130,5866,2,4,106,0,0,0,0,0,0,117,117,5581,2,4,106,0,0,0,0,0,0
8299,8780,9999, ,VISALIA-TULARE-PORTERVILLE SMSA,829,829,36680,22,44,980,15,51,1515,1,5,80,819,819,36371,22,44,980,15,51,1515,1,5,80
8299,8800,9999, ,WACO SMSA,285,285,15378,27,54,1796,22,87,2114,26,464,8708,278,278,15137,27,54,1796,22,87,2114,26,464,8708
8299,8840,9999, ,WASHINGTON D.C.-MD.-VA. SMSA,15111,15111,689711,56,112,3453,16,51,2181,130,1832,58890,15095,15095,689084,54,108,3390,15,48,2128,130,1832,58890
8299,8880,9999, ,WATERBURY SMSA,397,397,18535,7,14,346,11,43,2136,28,542,11019,397,397,18535,7,14,346,11,43,2136,28,542,11019
8299,8920,9999, ,WATERLOO-CEDAR FALLS SMSA,88,88,4033,3,6,230,0,0,0,4,93,2410,88,88,4033,3,6,230,0,0,0,4,93,2410
8299,8940,9999, ,WAUSAU SMSA,163,163,7443,3,6,140,4,16,670,2,40,1193,163,163,7443,3,6,140,4,16,670,2,40,1193
8299,8960,9999, ,WEST PALM BEACH-BOCA RATON SMSA,4649,4649,268328,249,498,13065,226,843,27655,184,2735,148952,4637,4637,267713,246,492,12912,224,835,27299,182,2670,145542
8299,9000,9999, ,WHEELING W.VA.-OHIO SMSA,29,29,1465,1,2,30,0,0,0,2,114,2638,29,29,1465,1,2,30,0,0,0,2,114,2638
8299,9040,9999, ,WICHITA SMSA,1083,1083,54547,111,222,8647,60,240,6250,99,1312,28280,1083,1083,54547,111,222,8647,60,240,6250,99,1312,28280
8299,9080,9999, ,WICHITA FALLS SMSA,421,421,12528,2,4,30,4,16,181,3,420,7142,421,421,12528,2,4,30,4,16,181,3,420,7142
8299,9140,9999, ,WILLIAMSPORT SMSA,83,83,3745,0,0,0,0,0,0,8,48,2575,83,83,3745,0,0,0,0,0,0,8,48,2575
8299,9160,9999, ,WILMINGTON DEL.-N.J.-MD. SMSA,885,885,32991,88,176,1435,0,0,0,33,765,20377,885,885,32991,88,176,1435,0,0,0,33,765,20377
8299,9200,9999, ,WILMINGTON SMSA,891,891,37155,38,76,2795,22,83,2352,52,526,14482,891,891,37155,38,76,2795,22,83,2352,52,526,14482
8299,9240,9999, ,WORCESTER SMSA,563,563,27116,21,42,1587,11,42,1534,7,423,14519,511,511,25253,19,38,1546,11,42,1534,1,173,6428
8299,9260,9999, ,YAKIMA SMSA,190,190,9720,11,22,901,11,35,1920,1,24,665,188,188,9594,11,22,901,11,35,1920,1,24,665
8299,9280,9999, ,YORK SMSA,751,751,27302,5,10,211,11,42,1136,35,330,7444,751,751,27302,5,10,211,11,42,1136,35,330,7444
8299,9320,9999, ,YOUNGSTOWN-WARREN SMSA,294,294,16557,15,30,993,12,47,1595,17,190,4231,294,294,16557,15,30,993,12,47,1595,17,190,4231
8299,9340,9999, ,YUBA SMSA,405,405,21772,5,10,393,30,118,3000,0,0,0,405,405,21772,5,10,393,30,118,3000,0,0,0
