Survey,MSA/,PMSA,,MA,,1-unit,,,2-units,,,3-4 units,,,5+ units,,,1-unit rep,,,2-units rep,,,3-4 units rep,,,5+ units rep
Date,CMSA,,,Name,Bldgs,Units,Value,Bldgs,Units,Value,Bldgs,Units,Value,Bldgs,Units,Value,Bldgs,Units,Value,Bldgs,Units,Value,Bldgs,Units,Value,Bldgs,Units,Value

8099,0040,9999, ,ABILENE SMSA,569,569,40702,7,14,542,5,20,555,2,352,5995,554,554,40144,7,14,542,5,20,555,2,352,5995
8099,0080,9999, ,AKRON SMSA,1053,1053,62926,73,146,4570,17,63,1531,96,1296,34693,1048,1048,62718,73,146,4570,15,57,1316,96,1296,34693
8099,0120,9999, ,ALBANY SMSA,532,532,18958,23,46,924,2,6,120,10,112,1800,532,532,18958,23,46,924,2,6,120,10,112,1800
8099,0160,9999, ,ALBANY-SCHENECTADY-TROY SMSA,1057,1057,46120,39,78,1764,6,22,970,8,196,3531,1003,1003,43838,39,78,1764,6,22,970,8,196,3531
8099,0200,9999, ,ALBUQUERQUE SMSA,1839,1839,101178,7,14,266,82,298,5282,23,922,17040,1839,1839,101178,7,14,266,82,298,5282,23,922,17040
8099,0220,9999, ,ALEXANDRIA SMSA,184,184,8797,33,66,1774,21,83,1610,0,0,0,184,184,8797,33,66,1774,21,83,1610,0,0,0
8099,0240,9999, ,ALLENTOWN-BETHLEHEM-EASTON,1410,1410,63083,13,26,549,18,68,2116,18,159,1616,1347,1347,60152,12,24,505,18,68,2116,18,159,1616
8099,0280,9999, ,ALTOONA SMSA,241,241,8448,4,8,190,1,4,22,0,0,0,236,236,8331,4,8,190,1,4,22,0,0,0
8099,0320,9999, ,AMARILLO SMSA,617,617,34454,14,28,930,5,20,600,5,608,12301,617,617,34454,14,28,930,5,20,600,5,608,12301
8099,0360,9999, ,ANAHEIM-SANTA ANA-GARDEN GR. SMSA,7019,7019,500135,279,558,28953,212,780,33265,270,2558,91648,7019,7019,500135,279,558,28953,211,777,33173,270,2558,91648
8099,0380,9999, ,ANCHORAGE SMSA,809,809,71940,56,112,6257,20,72,3744,11,75,4559,809,809,71940,56,112,6257,20,72,3744,11,75,4559
8099,0400,9999, ,ANDERSON SMSA,155,155,7454,5,10,307,3,11,622,1,140,2100,155,155,7454,5,10,307,3,11,622,1,140,2100
8099,0440,9999, ,ANN ARBOR SMSA,453,453,31342,11,22,939,1,4,157,9,442,12852,443,443,30906,11,22,939,1,4,157,9,442,12852
8099,0450,9999, ,ANNISTON SMSA,145,145,4861,2,4,55,0,0,0,9,85,1731,114,114,4098,2,4,55,0,0,0,8,77,1470
8099,0460,9999, ,APPLETON-OSHKOSH SMSA,740,740,33595,71,142,3933,5,20,722,33,391,6972,592,592,26288,60,120,3227,5,20,722,33,391,6972
8099,0480,9999, ,ASHEVILLE SMSA,769,769,21666,1,2,25,15,51,740,12,368,6131,769,769,21666,1,2,25,15,51,740,12,368,6131
8099,0520,9999, ,ATLANTA SMSA,16176,16176,640226,173,346,7890,71,271,6641,453,5265,91345,16151,16151,639173,173,346,7890,71,271,6641,453,5265,91345
8099,0560,9999, ,ATLANTIC CITY SMSA,692,692,35621,37,74,1521,2,6,203,48,552,19266,684,684,35315,37,74,1521,2,6,203,48,552,19266
8099,0600,9999, ,AUGUSTA GA.-S.C. SMSA,1507,1507,48607,12,24,307,26,104,2224,5,32,936,1497,1497,48332,12,24,307,26,104,2224,5,32,936
8099,0640,9999, ,AUSTIN SMSA,4149,4149,236253,576,1152,39001,45,178,4876,81,2790,47348,4134,4134,235573,576,1152,39001,45,178,4876,81,2790,47348
8099,0680,9999, ,BAKERSFIELD SMSA,2153,2153,106795,85,170,4084,76,275,6495,58,404,11537,2153,2153,106795,85,170,4084,76,275,6495,58,404,11537
8099,0720,9999, ,BALTIMORE SMSA,6746,6746,285408,7,14,518,2,7,530,41,1288,30189,6746,6746,285408,7,14,518,2,7,530,41,1288,30189
8099,0760,9999, ,BATON ROUGE SMSA,2074,2074,56156,85,170,2282,124,494,9567,69,1194,19880,2074,2074,56156,85,170,2282,124,494,9567,69,1194,19880
8099,0780,9999, ,BATTLE CREEK SMSA,273,273,11720,5,10,292,0,0,0,20,409,8254,271,271,11662,5,10,292,0,0,0,20,409,8254
8099,0800,9999, ,BAY CITY SMSA,169,169,6739,0,0,0,0,0,0,1,5,363,145,145,6093,0,0,0,0,0,0,1,5,363
8099,0840,9999, ,BEAUMONT-PORT ARTHUR-ORANGE SMSA,1262,1262,57456,29,58,1649,1,4,112,95,1165,21529,1234,1234,56388,29,58,1649,1,4,112,93,1140,21026
8099,0880,9999, ,BILLINGS SMSA,328,328,9146,16,32,600,6,23,528,10,198,4369,211,211,5558,9,18,329,5,20,481,2,117,2710
8099,0920,9999, ,BILOXI-GULFPORT SMSA,1041,1041,31476,16,32,829,13,52,1287,32,551,9794,1038,1038,31409,16,32,829,13,52,1287,32,551,9794
8099,0960,9999, ,BINGHAMTON N.Y.-PA. SMSA,246,246,10365,18,36,1009,2,8,145,7,90,1382,241,241,10129,18,36,1009,2,8,145,5,65,750
8099,1000,9999, ,BIRMINGHAM SMSA,2152,2152,78721,16,32,727,26,86,2262,79,961,19880,2150,2150,78658,16,32,727,26,86,2262,79,961,19880
8099,1010,9999, ,BISMARCH SMSA,234,234,13320,24,48,2233,9,36,1542,20,228,5909,234,234,13320,24,48,2233,9,36,1542,20,228,5909
8099,1020,9999, ,BLOOMINGTON SMSA,196,196,10076,10,20,401,3,11,360,2,148,3500,196,196,10076,10,20,401,3,11,360,2,148,3500
8099,1040,9999, ,BLOOMINGTON-NORMAL SMSA,199,199,9848,9,18,776,3,11,378,36,540,10279,197,197,9774,9,18,776,3,11,378,36,540,10279
8099,1080,9999, ,BOISE CITY SMSA,1325,1325,54788,44,88,2892,16,60,1635,3,40,556,1295,1295,53426,40,80,2626,15,56,1505,3,40,556
8099,1120,9999, ,BOSTON SMSA,2662,2662,136431,172,344,8217,41,155,4033,118,3157,92643,2524,2524,127746,172,344,8217,41,155,4033,101,2939,89736
8099,1140,9999, ,BRADENTON SMSA,1166,1166,40372,662,1324,20627,69,243,5166,90,1341,46700,1166,1166,40372,662,1324,20627,69,243,5166,90,1341,46700
8099,1160,9999, ,BRIDGEPORT SMSA,526,526,29192,36,72,1516,5,17,436,19,431,6228,523,523,28988,36,72,1516,5,17,436,19,431,6228
8099,1170,9999, ,BRISTOL SMSA,251,251,13545,24,48,1364,3,9,280,1,5,162,251,251,13545,24,48,1364,3,9,280,1,5,162
8099,1200,9999, ,BROCKTON SMSA,241,241,8699,3,6,150,7,24,684,4,53,829,225,225,8131,3,6,150,7,24,684,4,53,829
8099,1240,9999, ,BROWNSVILLE-HARLINGEN-,1597,1597,64547,16,32,1203,6,24,513,54,851,31424,1597,1597,64547,16,32,1203,6,24,513,54,851,31424
8099,1260,9999, ,BRYAN-COLLEGE STATION SMSA,578,578,26390,216,432,9551,142,563,11838,95,895,16370,578,578,26390,216,432,9551,142,563,11838,95,895,16370
8099,1280,9999, ,BUFFALO SMSA,1373,1373,67513,19,38,933,6,23,1026,25,257,7213,1367,1367,67232,19,38,933,6,23,1026,25,257,7213
8099,1300,9999, ,BURLINGTON SMSA,299,299,11795,1,2,48,14,56,843,20,231,4578,299,299,11795,1,2,48,14,56,843,20,231,4578
8099,1320,9999, ,CANTON SMSA,689,689,37857,137,274,9139,10,35,829,25,220,4972,689,689,37857,137,274,9139,10,35,829,25,220,4972
8099,1360,9999, ,CEDAR RAPIDS SMSA,333,333,12893,18,36,790,60,234,4983,20,219,3256,329,329,12695,18,36,790,60,234,4983,20,219,3256
8099,1400,9999, ,CHAMPAIGN-URBANA-RANTOUL SMSA,150,150,5487,13,26,365,4,16,458,16,218,3734,64,64,2676,6,12,239,4,16,458,3,27,302
8099,1440,9999, ,CHARLESTON-NORTH CHARLESTON SMSA,2530,2530,103629,5,10,159,37,148,3132,60,720,19230,2389,2389,95863,5,10,159,37,148,3132,57,673,18740
8099,1480,9999, ,CHARLESTON SMSA,178,178,8632,14,28,906,7,23,476,4,73,1226,172,172,8428,14,28,906,7,23,476,4,73,1226
8099,1520,9999, ,CHARLOTTE-GASTONIA SMSA,4027,4027,175365,30,60,1794,13,46,874,111,955,18605,4009,4009,174844,30,60,1794,13,46,874,111,955,18605
8099,1560,9999, ,CHATTANOOGA TENN.-GA. SMSA,1140,1140,32557,76,152,2743,2,8,242,11,805,13622,1091,1091,31212,76,152,2743,2,8,242,11,805,13622
8099,1600,9999, ,CHICAGO SMSA,5378,5378,365682,222,444,15687,241,921,39256,386,6876,254488,5240,5240,357362,222,444,15687,221,853,37380,378,6823,253165
8099,1640,9999, ,CINCINNATI OHIO-KY.-IND. SMSA,3069,3069,146779,76,152,4311,36,131,5345,202,2223,53610,3026,3026,145146,76,152,4311,36,131,5345,194,2144,51946
8099,1660,9999, ,CLARKSVILLE-HOPKINSVILLE,626,626,23616,3,6,140,4,13,276,7,149,3341,619,619,23290,1,2,40,4,13,276,5,135,2955
8099,1680,9999, ,CLEVELAND SMSA,2146,2146,154897,21,42,1853,38,144,4780,45,850,21750,2078,2078,149662,21,42,1853,38,144,4780,40,817,20659
8099,1720,9999, ,COLORADO SPRINGS SMSA,2348,2348,92602,10,20,612,58,207,3874,37,313,8441,2324,2324,91686,10,20,612,58,207,3874,37,313,8441
8099,1740,9999, ,COLUMBIA SMSA,368,368,19658,61,122,3663,24,90,2129,46,360,6802,368,368,19658,61,122,3663,24,90,2129,46,360,6802
8099,1760,9999, ,COLUMBIA SMSA,2070,2070,76892,7,14,285,58,220,4852,48,409,7329,2054,2054,76471,7,14,285,58,220,4852,48,409,7329
8099,1800,9999, ,COLUMBUS GA.-ALA. SMSA,360,360,15389,10,20,413,6,24,448,14,172,3323,360,360,15389,10,20,413,6,24,448,14,172,3323
8099,1840,9999, ,COLUMBUS SMSA,2883,2883,164173,152,304,11554,141,553,15992,259,1834,46160,2817,2817,160088,147,294,11333,137,538,15649,259,1834,46160
8099,1880,9999, ,CORPUS CHRISTI SMSA,1642,1642,67279,38,76,1724,13,51,966,98,1866,69341,1639,1639,67252,38,76,1724,13,51,966,98,1866,69341
8099,1920,9999, ,DALLAS-FORT WORTH SMSA,17957,17957,1112901,706,1412,45811,230,872,25166,393,13662,279587,17879,17879,1108286,706,1412,45811,230,872,25166,391,13650,279371
8099,1930,9999, ,DANBURY SMSA,447,447,22170,13,26,668,9,27,648,25,209,6297,447,447,22170,13,26,668,9,27,648,25,209,6297
8099,1960,9999, ,DAVENPORT-ROCK ISLAND-MOLINE,617,617,33757,37,74,2814,27,108,3555,48,636,15844,613,613,33709,37,74,2814,27,108,3555,48,636,15844
8099,2000,9999, ,DAYTON SMSA,1499,1499,63477,26,52,1430,75,289,6256,52,513,12776,1489,1489,62991,26,52,1430,75,289,6256,52,513,12776
8099,2020,9999, ,DAYTONA BEACH SMSA,3863,3863,122315,166,332,7838,238,947,20244,44,1119,34766,3863,3863,122315,166,332,7838,238,947,20244,43,1100,33755
8099,2040,9999, ,DECATUR SMSA,160,160,9405,6,12,387,1,4,163,40,406,9269,160,160,9405,6,12,387,1,4,163,40,406,9269
8099,2080,9999, ,DENVER-BOULDER SMSA,10249,10249,449128,150,300,8439,112,410,10982,301,5239,116763,10118,10118,441672,150,300,8439,112,410,10982,301,5239,116763
8099,2120,9999, ,DES MOINES SMSA,800,800,34523,106,212,6218,13,52,1267,13,198,5675,800,800,34523,106,212,6218,13,52,1267,13,198,5675
8099,2160,9999, ,DETROIT SMSA,5660,5660,344559,54,108,4225,120,465,16289,167,3459,90887,5576,5576,341400,54,108,4225,102,400,15173,157,3367,88190
8099,2200,9999, ,DUBUQUE SMSA,180,180,8848,4,8,212,1,3,131,1,8,140,179,179,8816,4,8,212,1,3,131,1,8,140
8099,2240,9999, ,DULUTH-SUPERIOR MINN.-WIS. SMSA,617,617,23615,5,10,211,4,15,242,13,462,11787,595,595,22626,5,10,211,4,15,242,13,462,11787
8099,2290,9999, ,EAU CLAIRE SMSA,349,349,14962,37,74,2029,16,64,2399,21,166,3931,224,224,10145,34,68,2017,16,64,2399,21,166,3931
8099,2320,9999, ,EL PASO SMSA,2297,2297,86345,126,252,9118,57,220,4418,38,379,7975,2297,2297,86345,126,252,9118,57,220,4418,38,379,7975
8099,2330,9999, ,ELKHART SMSA,240,240,11734,12,24,566,5,20,750,0,0,0,240,240,11734,12,24,566,5,20,750,0,0,0
8099,2335,9999, ,ELMIRA SMSA,87,87,4047,0,0,0,1,4,61,1,12,150,78,78,3766,0,0,0,1,4,61,1,12,150
8099,2340,9999, ,ENID SMSA,382,382,26371,14,28,967,1,4,45,5,206,2575,378,378,26193,14,28,967,1,4,45,5,206,2575
8099,2360,9999, ,ERIE SMSA,344,344,12424,9,18,378,4,16,311,4,123,3652,318,318,11378,9,18,378,4,16,311,4,123,3652
8099,2400,9999, ,EUGENE-SPRINGFIELD SMSA,1078,1078,57691,68,136,4671,5,18,492,11,245,5094,1056,1056,56696,68,136,4671,5,18,492,11,245,5094
8099,2440,9999, ,EVANSVILLE IND.-KY. SMSA,545,545,25164,29,58,1360,4,16,504,43,1183,19605,524,524,24334,29,58,1360,4,16,504,39,1142,18670
8099,2480,9999, ,FALL RIVER MASS.-R.I. SMSA,215,215,8753,2,4,100,1,4,100,2,39,1006,173,173,7033,2,4,100,1,4,100,2,39,1006
8099,2520,9999, ,FARGO-MOORHEAD ND-MN SMSA,343,343,16741,41,82,2992,7,28,1128,22,188,5181,343,343,16741,41,82,2992,7,28,1128,22,188,5181
8099,2560,9999, ,FAYETTEVILLE SMSA,1145,1145,37212,6,12,198,8,31,287,56,308,8495,1145,1145,37212,6,12,198,8,31,287,56,308,8495
8099,2580,9999, ,FAYETTEVILLE-SPRINGDALE SMSA,478,478,18415,76,152,2987,64,241,3464,48,503,5033,469,469,18114,76,152,2987,64,241,3464,48,503,5033
8099,2600,9999, ,FITCHBURG-LEOMINSTER SMSA,175,175,5128,0,0,0,0,0,0,3,157,5147,175,175,5128,0,0,0,0,0,0,3,157,5147
8099,2640,9999, ,FLINT SMSA,873,873,36479,7,14,375,4,16,571,15,341,10020,867,867,36154,7,14,375,4,16,571,15,341,10020
8099,2650,9999, ,FLORENCE SMSA,225,225,8057,5,10,154,1,4,53,59,544,10258,225,225,8057,5,10,154,1,4,53,59,544,10258
8099,2670,9999, ,FORT COLLINS SMSA,1245,1245,60624,32,64,1847,58,219,5438,20,215,4890,1245,1245,60624,32,64,1847,58,219,5438,20,215,4890
8099,2680,9999, ,FORT LAUDERDALE-HOLLYWOOD SMSA,5276,5276,254585,245,490,13190,141,531,18329,395,8885,293264,5276,5276,254585,245,490,13190,141,531,18329,395,8885,293264
8099,2700,9999, ,FORT MEYERS-CAPE CORAL SMSA,2875,2875,131458,408,816,23239,124,464,12912,187,3248,136745,2875,2875,131458,408,816,23239,124,464,12912,187,3248,136745
8099,2720,9999, ,FORT SMITH ARK.-OKLA. SMSA,483,483,22201,35,70,2016,6,24,365,15,312,4830,411,411,19189,33,66,1925,6,24,365,14,280,4070
8099,2760,9999, ,FORT WAYNE SMSA,732,732,38812,40,80,2849,7,23,1167,57,681,15113,704,704,37530,40,80,2849,7,23,1167,57,681,15113
8099,2840,9999, ,FRESNO SMSA,2365,2365,127025,55,110,4448,139,497,14639,107,826,20480,2364,2364,127009,55,110,4448,139,497,14639,107,826,20480
8099,2880,9999, ,GADSDEN SMSA,174,174,6590,1,2,27,1,4,80,12,72,1370,126,126,4454,1,2,27,1,4,80,12,72,1370
8099,2900,9999, ,GAINESVILLE SMSA,1136,1136,41866,60,120,2453,150,577,10927,98,1394,23211,1136,1136,41866,60,120,2453,150,577,10927,98,1394,23211
8099,2920,9999, ,GALVESTON-TEXAS CITY SMSA,900,900,33663,14,28,514,0,0,0,28,497,9031,900,900,33663,14,28,514,0,0,0,28,497,9031
8099,2960,9999, ,GARY-HAMMOND-EAST CHICAGO SMSA,847,847,46087,46,92,2362,43,171,4762,30,267,6587,847,847,46087,46,92,2362,43,171,4762,30,267,6587
8099,2985,9999, ,GRAND FORKS ND-MN SMSA,128,128,5559,8,16,406,1,4,140,3,50,1149,126,126,5482,8,16,406,1,4,140,3,50,1149
8099,3000,9999, ,GRAND RAPIDS SMSA,1701,1701,83909,125,250,8486,15,58,1477,57,618,14723,1540,1540,75729,114,228,7769,15,58,1477,46,523,11666
8099,3040,9999, ,GREAT FALLS SMSA,65,65,2714,0,0,0,0,0,0,3,18,450,65,65,2714,0,0,0,0,0,0,3,18,450
8099,3060,9999, ,GREELEY SMSA,427,427,20670,21,42,1420,10,40,1398,8,64,1645,393,393,18919,19,38,1292,9,36,1287,7,51,1345
8099,3080,9999, ,GREEN BAY SMSA,419,419,24969,118,236,8407,14,56,1466,42,566,12737,417,417,24872,118,236,8407,14,56,1466,42,566,12737
8099,3120,9999, ,GREENSBORO-WINSTON-SALEM,2895,2895,114198,72,144,2728,76,293,5285,92,853,14155,2895,2895,114198,72,144,2728,76,293,5285,92,853,14155
8099,3160,9999, ,GREENVILLE-SPARTANBURG SMSA,2822,2822,118524,169,338,6847,75,285,8809,120,1416,22435,2822,2822,118524,169,338,6847,75,285,8809,120,1416,22435
8099,3200,9999, ,HAMILTON-MIDDLETOWN SMSA,755,755,35217,25,50,1112,20,73,2036,34,349,10047,755,755,35217,25,50,1112,20,73,2036,34,349,10047
8099,3240,9999, ,HARRISBURG SMSA,1069,1069,44905,25,50,1475,9,36,857,10,83,1882,1052,1052,44273,25,50,1475,9,36,857,9,72,1650
8099,3280,9999, ,HARTFORD SMSA,1484,1484,74730,45,90,2790,14,53,1238,41,439,10132,1470,1470,74110,45,90,2790,14,53,1238,41,439,10132
8099,3320,9999, ,HONOLULU SMSA,1599,1599,85366,23,46,3347,64,256,10930,87,3051,202394,1599,1599,85366,23,46,3347,64,256,10930,87,3051,202394
8099,3360,9999, ,HOUSTON SMSA,20116,20116,1041244,88,176,3919,66,252,7501,1405,17795,438958,20066,20066,1034905,88,176,3919,66,252,7501,1405,17795,438958
8099,3400,9999, ,HUNTINGTON-ASHLAND WV-KY-OH SMSA,153,153,7011,3,6,70,2,7,96,15,104,3203,133,133,6271,3,6,70,2,7,96,15,104,3203
8099,3440,9999, ,HUNTSVILLE SMSA,1128,1128,22285,5,10,104,28,110,1175,29,294,3740,1128,1128,22285,5,10,104,28,110,1175,29,294,3740
8099,3480,9999, ,INDIANAPOLIS SMSA,3146,3146,184799,24,48,1450,40,158,6284,211,2631,62577,3144,3144,184678,24,48,1450,40,158,6284,211,2631,62577
8099,3500,9999, ,IOWA CITY SMSA,194,194,11117,42,84,3423,10,38,965,7,121,4194,192,192,11005,42,84,3423,10,38,965,7,121,4194
8099,3520,9999, ,JACKSON SMSA,219,219,8399,3,6,188,0,0,0,3,48,959,194,194,7305,3,6,188,0,0,0,3,48,959
8099,3560,9999, ,JACKSON SMSA,1078,1078,39654,68,136,4290,8,30,961,60,608,10921,1078,1078,39654,68,136,4290,8,30,961,60,608,10921
8099,3600,9999, ,JACKSONVILLE SMSA,4921,4921,204089,120,240,6034,86,338,12678,112,1091,38868,4880,4880,202399,115,230,5837,81,318,12005,106,1054,37574
8099,3620,9999, ,JANESVILLE-BELOIT SMSA,283,283,13378,18,36,1078,1,4,100,2,16,370,268,268,12849,18,36,1078,1,4,100,2,16,370
8099,3640,9999, ,JERSEY CITY SMSA,101,101,3227,95,190,5116,6,22,284,50,1027,27026,101,101,3227,95,190,5116,6,22,284,50,1027,27026
8099,3660,9999, ,JOHNSON CITY-KINGSPORT-BRISTOL,692,692,28866,22,44,1195,12,48,977,61,739,13925,617,617,24613,22,44,1195,12,48,977,60,727,13769
8099,3680,9999, ,JOHNSTOWN SMSA,280,280,10095,6,12,215,1,3,24,5,46,843,254,254,9217,6,12,215,1,3,24,4,38,742
8099,3720,9999, ,KALAMAZOO-PORTAGE SMSA,634,634,32597,17,34,1064,20,79,2509,38,901,21916,580,580,30244,17,34,1064,20,79,2509,38,901,21916
8099,3740,9999, ,KANKAKEE SMSA,97,97,5202,2,4,120,4,15,512,6,48,932,92,92,4954,2,4,120,4,15,512,5,43,847
8099,3760,9999, ,KANSAS CITY MO.-KANS. SMSA,3656,3656,186373,345,690,21688,76,295,6616,56,1021,22308,3637,3637,185473,345,690,21688,76,295,6616,56,1021,22308
8099,3800,9999, ,KENOSHA SMSA,172,172,10033,15,30,1065,6,23,745,9,70,2080,168,168,9824,15,30,1065,6,23,745,8,64,1910
8099,3810,9999, ,KILLEEN-TEMPLE SMSA,461,461,24118,17,34,702,2,7,120,16,200,3465,461,461,24118,17,34,702,2,7,120,16,200,3465
8099,3840,9999, ,KNOXVILLE SMSA,1485,1485,57230,13,26,505,33,129,2648,126,1461,20021,1336,1336,51972,13,26,505,33,129,2648,126,1461,20021
8099,3850,9999, ,KOKOMO SMSA,114,114,6098,3,6,183,1,4,100,32,470,11094,114,114,6098,3,6,183,1,4,100,32,470,11094
8099,3870,9999, ,LACROSSE SMSA,224,224,10824,49,98,2733,4,16,355,17,176,3788,220,220,10716,49,98,2733,4,16,355,17,176,3788
8099,3880,9999, ,LAFAYETTE SMSA,1111,1111,55330,3,6,166,40,160,4132,34,445,10064,1111,1111,55330,3,6,166,40,160,4132,34,445,10064
8099,3920,9999, ,LAFAYETTE-WEST LAFAYETTE SMSA,264,264,13268,11,22,559,7,28,686,45,1066,17717,264,264,13268,11,22,559,7,28,686,45,1066,17717
8099,3960,9999, ,LAKE CHARLES SMSA,351,351,18396,15,30,918,14,52,1206,14,337,8804,350,350,18371,15,30,918,14,52,1206,14,337,8804
8099,3980,9999, ,LAKELAND-WINTER HAVEN SMSA,2566,2566,94030,443,886,18980,71,245,4518,61,519,14983,2566,2566,94030,443,886,18980,71,245,4518,61,519,14983
8099,4000,9999, ,LANCASTER SMSA,876,876,43093,22,44,1454,10,39,664,10,99,1350,817,817,40070,21,42,1418,9,35,621,9,88,1216
8099,4040,9999, ,LANSING-EAST LANSING SMSA,1302,1302,60507,39,78,2571,23,92,3493,61,734,18502,1293,1293,60282,39,78,2571,23,92,3493,59,723,18312
8099,4080,9999, ,LAREDO SMSA,376,376,11764,2,4,65,15,59,715,5,49,1465,376,376,11764,2,4,65,15,59,715,5,49,1465
8099,4100,9999, ,LAS CRUCES SMSA,553,553,22448,21,42,1109,27,103,2390,1,24,520,534,534,21664,20,40,1056,27,103,2390,1,24,520
8099,4120,9999, ,LAS VEGAS SMSA,4106,4106,175042,53,106,2692,122,460,12582,248,3333,67102,4106,4106,175042,53,106,2692,122,460,12582,248,3333,67102
8099,4150,9999, ,LAWRENCE SMSA,186,186,8744,59,118,3093,26,97,2187,11,143,3285,186,186,8744,59,118,3093,26,97,2187,11,143,3285
8099,4160,9999, ,LAWRENCE-HAVERHILL MA-NH SMSA,763,763,34829,9,18,414,14,56,1820,10,180,4323,751,751,34436,9,18,414,14,56,1820,10,180,4323
8099,4200,9999, ,LAWTON SMSA,296,296,16145,2,4,220,0,0,0,9,101,1500,296,296,16145,2,4,220,0,0,0,9,101,1500
8099,4240,9999, ,LEWISTON-AUBURN SMSA,102,102,4201,0,0,0,1,4,62,2,13,150,102,102,4201,0,0,0,1,4,62,2,13,150
8099,4280,9999, ,LEXINGTON-FAYETTE SMSA,1258,1258,57246,25,50,1312,33,128,4000,62,505,11579,1258,1258,57246,25,50,1312,33,128,4000,62,505,11579
8099,4320,9999, ,LIMA SMSA,279,279,13751,17,34,926,37,123,2570,18,210,5290,268,268,13296,17,34,926,37,123,2570,18,210,5290
8099,4360,9999, ,LINCOLN SMSA,850,850,34979,26,52,1525,6,24,369,16,142,2306,850,850,34979,26,52,1525,6,24,369,16,142,2306
8099,4400,9999, ,LITTLE ROCK-N. LITTLE ROCK SMSA,902,902,52148,23,46,949,13,52,2060,34,486,15548,902,902,52148,23,46,949,13,52,2060,34,486,15548
8099,4410,9999, ,LONG BRANCH-ASBURY PARK SMSA,1636,1636,83163,4,8,195,13,52,1940,60,639,18593,1575,1575,77438,4,8,195,13,52,1940,60,639,18593
8099,4420,9999, ,LONGVIEW-MARSHALL SMSA,487,487,35124,62,124,4504,15,57,1479,5,450,8250,487,487,35124,62,124,4504,15,57,1479,5,450,8250
8099,4440,9999, ,LORAIN-ELYRIA SMSA,439,439,28955,55,110,3594,6,23,775,9,256,9477,380,380,25904,54,108,3532,6,23,775,7,245,9314
8099,4480,9999, ,LOS ANGELES-LONG BEACH SMSA,8530,8530,661572,445,890,46018,591,2159,101970,1573,17182,1006808,8513,8513,660561,445,890,46018,588,2150,101689,1557,17042,1000924
8099,4520,9999, ,CHARLESTOWN. . . . . . . . . . . .,2140,2140,100343,5,10,206,28,108,2505,93,1094,23926,2112,2112,99185,5,10,206,27,105,2453,90,1062,22886
8099,4560,9999, ,LOWELL MASS.-N.H. SMSA,528,528,24419,5,10,231,1,4,63,9,82,1954,476,476,22248,5,10,231,1,4,63,9,82,1954
8099,4600,9999, ,LUBBOCK SMSA,946,946,53119,37,74,2389,25,92,2168,15,124,1368,944,944,53012,37,74,2389,25,92,2168,15,124,1368
8099,4640,9999, ,LYNCHBURG SMSA,457,457,18781,38,76,1635,24,94,1765,34,348,8330,457,457,18781,38,76,1635,24,94,1765,34,348,8330
8099,4680,9999, ,MACON SMSA,709,709,29036,31,62,1661,16,62,1191,39,312,6923,700,700,28805,31,62,1661,16,62,1191,39,312,6923
8099,4720,9999, ,MADISON SMSA,811,811,43659,80,160,5339,55,215,6212,67,656,16402,809,809,43577,80,160,5339,55,215,6212,67,656,16402
8099,4760,9999, ,MANCHESTER SMSA,569,569,25676,46,92,1842,5,19,915,25,441,8330,565,565,25592,46,92,1842,5,19,915,25,441,8330
8099,4800,9999, ,MANSFIELD SMSA,164,164,8538,35,70,2098,4,16,345,21,209,4128,163,163,8503,35,70,2098,4,16,345,21,209,4128
8099,4880,9999, ,MCALLEN-PHARR-EDINBURG SMSA,1304,1304,55297,94,188,4022,52,200,3744,66,727,14607,1276,1276,54798,94,188,4022,52,200,3744,66,727,14607
8099,4900,9999, ,MELBOURNE-TITUSVILLE-COCOA SMSA,3647,3647,179286,54,108,3344,113,421,13349,114,1593,55251,3476,3476,170526,54,108,3344,113,421,13349,108,1537,54043
8099,4920,9999, ,MEMPHIS TENN.-ARK.-MISS. SMSA,3658,3658,177423,13,26,766,13,51,1736,28,546,10965,3603,3603,175913,13,26,766,13,51,1736,28,546,10965
8099,4960,9999, ,MERIDEN SMSA,141,141,4258,0,0,0,0,0,0,2,34,620,141,141,4258,0,0,0,0,0,0,2,34,620
8099,5000,9999, ,MIAMI SMSA,6222,6222,390825,607,1214,44956,98,375,13376,381,13627,614265,6222,6222,390825,607,1214,44956,98,375,13376,381,13627,614265
8099,5040,9999, ,MIDLAND SMSA,801,801,53205,23,46,1535,2,8,229,4,478,6980,801,801,53205,23,46,1535,2,8,229,4,478,6980
8099,5080,9999, ,MILWAUKEE SMSA,1783,1783,100165,156,312,11877,54,212,7117,83,1357,31442,1692,1692,94814,116,232,9099,54,212,7117,82,1352,31374
8099,5120,9999, ,MINNEAPOLIS-ST. PAUL MN-WI SMSA,8408,8408,488958,425,850,39216,199,779,31668,142,3378,130595,8219,8219,478804,423,846,39086,197,773,31467,142,3378,130595
8099,5160,9999, ,MOBILE SMSA,1326,1326,31509,43,86,1421,29,112,2842,208,1705,28461,1291,1291,30192,43,86,1421,29,112,2842,208,1705,28461
8099,5170,9999, ,MODESTO SMSA,1443,1443,66229,108,216,6324,50,192,4509,49,454,10091,1443,1443,66229,108,216,6324,50,192,4509,49,454,10091
8099,5200,9999, ,MONROE SMSA,459,459,26044,2,4,185,56,224,5317,20,252,5767,459,459,26044,2,4,185,56,224,5317,20,252,5767
8099,5240,9999, ,MONTGOMERY SMSA,1265,1265,37483,6,12,148,0,0,0,70,519,8223,1265,1265,37483,6,12,148,0,0,0,70,519,8223
8099,5280,9999, ,MUNCIE SMSA,128,128,6759,6,12,357,4,15,259,30,412,7615,128,128,6759,6,12,357,4,15,259,30,412,7615
8099,5320,9999, ,MUSKEGON-NORTON SHORES-,405,405,17796,7,14,388,0,0,0,23,384,10437,386,386,17158,7,14,388,0,0,0,23,384,10437
8099,5350,9999, ,NASHUA SMSA,570,570,26811,35,70,1738,7,28,840,26,366,9840,570,570,26811,35,70,1738,7,28,840,26,366,9840
8099,5360,9999, ,NASHVILLE-DAVIDSON SMSA,3067,3067,112910,290,580,13466,31,114,1799,34,599,12257,3037,3037,111887,289,578,13430,31,114,1799,34,599,12257
8099,5380,9999, ,NASSAU-SUFFOLK SMSA,3104,3104,137207,61,122,2542,41,131,3511,56,617,13658,3064,3064,134527,61,122,2542,41,131,3511,56,617,13658
8099,5400,9999, ,NEW BEDFORD SMSA,345,345,12799,10,20,489,0,0,0,3,122,2600,337,337,12450,10,20,489,0,0,0,3,122,2600
8099,5440,9999, ,NEW BRITAIN SMSA,258,258,6711,10,20,351,0,0,0,5,64,750,258,258,6711,10,20,351,0,0,0,5,64,750
8099,5460,9999, ,NEW BRUNSWICK-PERTH AMBOY-,1364,1364,64492,49,98,2317,2,7,210,42,750,23588,1361,1361,64414,49,98,2317,2,7,210,42,750,23588
8099,5480,9999, ,NEW HAVEN-WEST HAVEN SMSA,571,571,25284,28,56,1175,3,10,204,26,273,5459,563,563,24682,28,56,1175,3,10,204,26,273,5459
8099,5520,9999, ,NEW LONDON-NORWICH CT.-R.I. SMSA,514,514,23129,2,4,70,2,8,214,19,311,6209,498,498,22100,2,4,70,2,8,214,19,311,6209
8099,5560,9999, ,NEW ORLEANS SMSA,3917,3917,147318,258,516,13334,248,931,20558,111,1986,49300,3917,3917,147318,258,516,13334,248,931,20558,111,1986,49300
8099,5600,9999, ,NEW YORK N.Y.-N.J. SMSA,3247,3247,176892,648,1296,31021,209,630,11153,122,4746,193468,3226,3226,175583,647,1294,30963,209,630,11153,112,4679,191715
8099,5640,9999, ,NEWARK SMSA,2156,2156,137423,59,118,3407,13,47,1927,34,1353,40279,2154,2154,137349,59,118,3407,13,47,1927,32,1343,40208
8099,5680,9999, ,NEWPORT NEWS-HAMPTON SMSA,1435,1435,65952,2,4,30,0,0,0,25,192,3146,1435,1435,65952,2,4,30,0,0,0,25,192,3146
8099,5720,9999, ,NORFOLK-VIRGINIA BEACH-,2806,2806,146250,110,220,6606,61,231,7896,201,1521,44621,2806,2806,146250,110,220,6606,61,231,7896,201,1521,44621
8099,5745,9999, ,NORTHEAST PENNSYLVANIA SMSA,1146,1146,42642,3,6,91,6,23,440,5,627,15798,1055,1055,39843,3,6,91,6,23,440,5,627,15798
8099,5760,9999, ,NORWALK SMSA,176,176,18311,10,20,678,6,18,743,30,452,13760,176,176,18311,10,20,678,6,18,743,30,452,13760
8099,5800,9999, ,ODESSA SMSA,562,562,32485,12,24,695,6,23,1310,7,948,14445,562,562,32485,12,24,695,6,23,1310,7,948,14445
8099,5880,9999, ,OKLAHOMA CITY SMSA,5328,5328,289033,281,562,19487,57,204,5305,27,920,24170,5298,5298,287816,281,562,19487,57,204,5305,27,920,24170
8099,5920,9999, ,OMAHA NEBR.-IOWA SMSA,2286,2286,52052,99,198,3907,18,68,1074,9,229,2255,2286,2286,52052,99,198,3907,18,68,1074,9,229,2255
8099,5960,9999, ,ORLANDO SMSA,8123,8123,264361,259,518,9298,176,674,12505,272,2225,48935,8115,8115,263874,258,516,9192,176,674,12505,272,2225,48935
8099,5990,9999, ,OWENSBORO SMSA,178,178,6764,53,106,2460,22,88,3263,11,173,2710,178,178,6764,53,106,2460,22,88,3263,11,173,2710
8099,6000,9999, ,OXNARD-SIMI VALLEY-VENTURA SMSA,2841,2841,231924,48,96,4809,110,394,20342,74,691,24333,2841,2841,231924,48,96,4809,110,394,20342,74,691,24333
8099,6015,9999, ,PANAMA CITY SMSA,904,904,31093,30,60,1272,13,44,1007,9,542,17780,887,887,30484,30,60,1272,13,44,1007,9,542,17780
8099,6020,9999, ,PARKERSBURG-MARIETTA WV-OH SMSA,71,71,3091,9,18,408,9,30,502,12,106,1480,70,70,3048,9,18,408,9,30,502,12,106,1480
8099,6025,9999, ,PASCAGOULA-MOSS POINT SMSA,506,506,12401,1,2,18,0,0,0,1,16,125,500,500,12265,1,2,18,0,0,0,1,16,125
8099,6040,9999, ,PATERSON-CLIFTON-PASSAIC SMSA,342,342,21234,12,24,864,2,8,206,5,134,3210,342,342,21234,12,24,864,2,8,206,5,134,3210
8099,6080,9999, ,PENSACOLA SMSA,2069,2069,74932,90,180,3213,48,168,3722,34,589,18285,2069,2069,74932,90,180,3213,48,168,3722,34,589,18285
8099,6120,9999, ,PEORIA SMSA,441,441,24177,18,36,1127,7,27,798,13,274,6616,363,363,19121,9,18,548,2,8,205,3,17,285
8099,6140,9999, ,PETERSBURG-COLONIAL HEIGHTS-,633,633,17062,0,0,0,0,0,0,4,126,3021,633,633,17062,0,0,0,0,0,0,4,126,3021
8099,6160,9999, ,PHILADELPHIA PA.-N.J. SMSA,8677,8677,375869,677,1354,31248,99,358,7895,77,1995,76019,8344,8344,360340,664,1328,30604,99,358,7895,77,1995,76019
8099,6200,9999, ,PHOENIX SMSA,12614,12614,518985,190,380,8502,209,789,16947,397,9295,185646,12613,12613,518980,190,380,8502,209,789,16947,397,9295,185646
8099,6240,9999, ,PINE BLUFF SMSA,131,131,4268,6,12,174,13,49,508,16,196,1389,131,131,4268,6,12,174,13,49,508,16,196,1389
8099,6280,9999, ,PITTSBURGH SMSA,2531,2531,119616,27,54,1424,46,176,5276,101,2144,65739,2448,2448,115405,26,52,1400,46,176,5276,96,2084,64229
8099,6320,9999, ,PITTSFIELD SMSA,98,98,4734,3,6,90,0,0,0,0,0,0,98,98,4734,3,6,90,0,0,0,0,0,0
8099,6400,9999, ,PORTLAND SMSA,398,398,17570,50,100,1581,30,104,2589,21,161,4475,398,398,17570,50,100,1581,30,104,2589,21,161,4475
8099,6440,9999, ,PORTLAND OREG.-WASH. SMSA,6110,6110,325657,362,724,22119,107,394,10802,216,2318,58579,6069,6069,323652,362,724,22119,107,394,10802,216,2318,58579
8099,6460,9999, ,POUGHKEEPSIE SMSA,559,559,23007,1,2,60,9,36,355,16,188,1960,478,478,18308,1,2,60,9,36,355,16,188,1960
8099,6480,9999, ,PROVIDENCE-WARWICK-PAWTUCKET,1425,1425,57030,43,86,1684,12,45,909,44,869,15472,1283,1283,51256,43,86,1684,9,34,598,34,798,13219
8099,6520,9999, ,PROVO-OREM SMSA,800,800,39497,51,102,4165,26,104,2479,3,36,835,800,800,39497,51,102,4165,26,104,2479,3,36,835
8099,6560,9999, ,PUEBLO SMSA,249,249,6937,5,10,186,10,40,581,0,0,0,249,249,6937,5,10,186,10,40,581,0,0,0
8099,6600,9999, ,RACINE SMSA,295,295,16837,6,12,424,0,0,0,16,226,4431,295,295,16837,6,12,424,0,0,0,16,226,4431
8099,6640,9999, ,RALEIGH-DURHAM SMSA,3353,3353,155304,146,292,7113,119,421,9716,107,1156,21349,3329,3329,154419,146,292,7113,119,421,9716,107,1156,21349
8099,6660,9999, ,RAPID CITY SMSA,514,514,21074,2,4,67,0,0,0,5,34,643,496,496,20481,1,2,56,0,0,0,5,34,643
8099,6680,9999, ,READING SMSA,854,854,33854,6,12,170,9,36,643,26,158,3344,787,787,31004,6,12,170,9,36,643,25,149,3129
8099,6720,9999, ,RENO SMSA,1224,1224,93363,15,30,2196,88,318,18480,45,635,16230,1116,1116,88501,13,26,2101,86,312,18350,39,564,14328
8099,6740,9999, ,RICHLAND-KENNEWICK-PASCO SMSA,537,537,29427,37,74,2890,31,122,3153,5,101,3105,523,523,28668,35,70,2721,31,122,3153,5,101,3105
8099,6760,9999, ,RICHMOND SMSA,5053,5053,145072,28,56,1941,20,80,1076,124,1577,20925,5053,5053,145072,28,56,1941,20,80,1076,124,1577,20925
8099,6780,9999, ,RIVERSIDE-SAN BERNARDINO-,11851,11851,607012,272,544,17670,363,1385,38232,208,2453,65192,11834,11834,606414,272,544,17670,363,1385,38232,207,2446,64949
8099,6800,9999, ,ROANOKE SMSA,709,709,26659,9,18,313,3,10,422,9,373,7036,709,709,26659,9,18,313,3,10,422,9,373,7036
8099,6820,9999, ,ROCHESTER SMSA,270,270,12763,103,206,5883,4,16,487,6,135,3965,270,270,12763,103,206,5883,4,16,487,6,135,3965
8099,6840,9999, ,ROCHESTER SMSA,1833,1833,93243,20,40,1210,8,32,1100,15,199,4375,1800,1800,91953,20,40,1210,8,32,1100,15,199,4375
8099,6880,9999, ,ROCKFORD SMSA,617,617,29662,41,82,2351,26,99,2878,47,737,15050,611,611,29332,41,82,2351,26,99,2878,47,737,15050
8099,6920,9999, ,SACRAMENTO SMSA,7038,7038,343482,230,460,17708,60,227,6435,179,1834,46062,7038,7038,343482,230,460,17708,60,227,6435,179,1834,46062
8099,6960,9999, ,SAGINAW SMSA,315,315,13657,24,48,1384,30,120,2018,6,44,1057,296,296,13003,23,46,1328,30,120,2018,6,44,1057
8099,6980,9999, ,ST. CLOUD SMSA,667,667,27710,1,2,71,14,43,413,29,480,10280,639,639,26627,1,2,71,14,43,413,29,480,10280
8099,7000,9999, ,ST. JOSEPH SMSA,120,120,3929,3,6,128,1,4,40,1,80,2680,120,120,3929,3,6,128,1,4,40,1,80,2680
8099,7040,9999, ,ST. LOUIS MO.-ILL. SMSA,4453,4453,195019,128,256,8530,67,263,6275,174,2161,48558,4442,4442,194544,128,256,8530,67,263,6275,174,2161,48558
8099,7080,9999, ,SALEM SMSA,1373,1373,62083,67,134,3260,19,69,1434,41,374,5951,1373,1373,62083,67,134,3260,19,69,1434,41,374,5951
8099,7120,9999, ,SALINAS-SEASIDE-MONTEREY SMSA,1012,1012,88102,12,24,1127,21,74,2864,13,92,3145,1011,1011,88063,12,24,1127,21,74,2864,13,92,3145
8099,7160,9999, ,SALT LAKE CITY-OGDEN SMSA,4351,4351,170489,207,414,11572,52,198,5126,93,1457,31361,4295,4295,167227,205,410,11513,52,198,5126,93,1457,31361
8099,7200,9999, ,SAN ANGELO SMSA,522,522,14265,7,14,240,8,32,410,3,190,4106,503,503,13639,6,12,209,8,32,410,2,150,3575
8099,7240,9999, ,SAN ANTONIO SMSA,3607,3607,132264,176,352,9441,10,38,543,387,4303,59773,3600,3600,131868,176,352,9441,10,38,543,387,4303,59773
8099,7320,9999, ,SAN DIEGO SMSA,6254,6254,462184,321,642,31323,287,1064,46996,509,5207,185579,6254,6254,462184,321,642,31323,287,1064,46996,509,5207,185579
8099,7360,9999, ,SAN FRANCISCO-OAKLAND SMSA,9100,9100,618763,208,416,26788,121,439,21294,240,4292,214471,9075,9075,616890,208,416,26788,121,439,21294,240,4292,214471
8099,7400,9999, ,SAN JOSE SMSA,5088,5088,357637,90,180,8237,71,262,9252,252,2394,71034,5088,5088,357637,90,180,8237,71,262,9252,252,2394,71034
8099,7480,9999, ,SANTA BARBARA-SANTA MARIA-,989,989,75879,75,150,6989,32,112,4431,29,258,8019,989,989,75879,75,150,6989,32,112,4431,29,258,8019
8099,7485,9999, ,SANTA CRUZ SMSA,756,756,48609,65,130,3853,74,263,9987,26,264,9071,756,756,48609,65,130,3853,74,263,9987,26,264,9071
8099,7500,9999, ,SANTA ROSA SMSA,1843,1843,105878,63,126,4343,29,95,3161,59,430,13753,1842,1842,105838,63,126,4343,29,95,3161,59,430,13753
8099,7510,9999, ,SARASOTA SMSA,3330,3330,100209,251,502,13911,58,228,5946,77,1119,28785,3330,3330,100209,251,502,13911,58,228,5946,77,1119,28785
8099,7520,9999, ,SAVANNAH SMSA,819,819,39847,16,32,763,3,12,255,9,289,5706,812,812,39669,16,32,763,3,12,255,9,289,5706
8099,7600,9999, ,SEATTLE-EVERETT SMSA,6592,6592,377461,228,456,15089,498,1881,57867,563,8056,262626,6574,6574,376589,227,454,15025,496,1875,57757,562,8021,261431
8099,7640,9999, ,SHERMAN-DENISON SMSA,141,141,6556,3,6,224,0,0,0,6,252,3633,141,141,6556,3,6,224,0,0,0,6,252,3633
8099,7680,9999, ,SHREVEPORT SMSA,1077,1077,46956,37,74,2033,21,84,1291,10,335,6119,1076,1076,46916,37,74,2033,21,84,1291,10,335,6119
8099,7720,9999, ,SIOUX CITY IOWA-NEBR. SMSA,173,173,5575,4,8,196,0,0,0,1,32,700,173,173,5575,4,8,196,0,0,0,1,32,700
8099,7760,9999, ,SIOUX FALLS SMSA,745,745,23577,5,10,581,2,8,160,16,265,5007,738,738,23301,5,10,581,2,8,160,14,253,4806
8099,7800,9999, ,SOUTH BEND SMSA,664,664,39408,7,14,581,37,142,4297,9,65,1530,552,552,33624,7,14,581,37,142,4297,9,65,1530
8099,7840,9999, ,SPOKANE SMSA,923,923,48324,37,74,2336,17,66,1326,15,307,5883,923,923,48324,37,74,2336,17,66,1326,15,307,5883
8099,7880,9999, ,SPRINGFIELD SMSA,263,263,13733,20,40,1341,12,47,1701,9,364,14022,243,243,12733,20,40,1341,12,47,1701,9,364,14022
8099,7920,9999, ,SPRINGFIELD SMSA,565,565,21654,25,50,1005,3,11,162,0,0,0,565,565,21654,25,50,1005,3,11,162,0,0,0
8099,7960,9999, ,SPRINGFIELD SMSA,142,142,5686,17,34,868,14,48,931,13,138,2974,133,133,5459,7,14,391,14,48,931,13,138,2974
8099,8000,9999, ,SPRINGFIELD-CHICOPEE-HOLYOKE,727,727,27348,15,30,663,4,14,444,25,399,10319,650,650,24959,15,30,663,4,14,444,23,378,9675
8099,8040,9999, ,STAMFORD SMSA,309,309,34550,11,22,970,9,30,1046,22,366,14524,309,309,34550,11,22,970,9,30,1046,22,366,14524
8099,8080,9999, ,STEUBENVILLE-WEIRTON OH-WV SMSA,103,103,5506,5,10,240,3,11,139,2,18,318,91,91,5070,5,10,240,1,4,55,2,18,318
8099,8120,9999, ,STOCKTON SMSA,1596,1596,90778,125,250,9452,44,136,4468,27,470,14518,1596,1596,90778,125,250,9452,44,136,4468,27,470,14518
8099,8160,9999, ,SYRACUSE SMSA,1058,1058,38566,11,22,544,1,4,137,18,443,7447,1043,1043,38054,11,22,544,1,4,137,18,443,7447
8099,8200,9999, ,TACOMA SMSA,2192,2192,125171,91,182,6655,103,394,9843,57,742,17160,2192,2192,125171,91,182,6655,103,394,9843,57,742,17160
8099,8240,9999, ,TALLAHASSEE SMSA,1640,1640,62841,83,166,3623,108,399,7135,7,205,4119,1640,1640,62841,83,166,3623,108,399,7135,7,205,4119
8099,8280,9999, ,TAMPA-ST. PETERSBURG SMSA,13402,13402,431072,781,1562,27627,394,1410,34576,606,8223,221339,13402,13402,431072,781,1562,27627,394,1410,34576,606,8223,221339
8099,8320,9999, ,TERRE HAUTE SMSA,162,162,6610,1,2,30,8,32,630,13,258,4091,161,161,6578,1,2,30,8,32,630,12,252,3986
8099,8360,9999, ,TEXARKANA TX-TEXARKANA AR SMSA,251,251,8020,53,106,2416,2,7,220,1,8,134,251,251,8020,53,106,2416,2,7,220,1,8,134
8099,8400,9999, ,TOLEDO OHIO-MICH. SMSA,1450,1450,90313,46,92,3533,37,144,5554,84,1129,23738,1405,1405,87972,46,92,3533,37,144,5554,83,1123,23664
8099,8440,9999, ,TOPEKA SMSA,454,454,23431,31,62,2368,15,58,1885,9,290,6143,454,454,23431,31,62,2368,15,58,1885,9,290,6143
8099,8480,9999, ,TRENTON SMSA,487,487,30130,0,0,0,0,0,0,1,17,750,484,484,30008,0,0,0,0,0,0,1,17,750
8099,8520,9999, ,TUCSON SMSA,4212,4212,207830,86,172,4314,56,199,4943,62,2187,48824,4212,4212,207830,86,172,4314,56,199,4943,62,2187,48824
8099,8560,9999, ,TULSA SMSA,2861,2861,156378,122,244,9979,51,184,9008,179,2166,86901,2857,2857,156222,122,244,9979,51,184,9008,179,2166,86901
8099,8600,9999, ,TUSCALOOSA SMSA,422,422,10620,0,0,0,2,8,148,6,321,4986,422,422,10620,0,0,0,2,8,148,6,321,4986
8099,8640,9999, ,TYLER SMSA,237,237,18243,17,34,1500,17,54,847,2,30,650,225,225,17770,17,34,1500,3,9,198,2,30,650
8099,8680,9999, ,UTICA-ROME SMSA,312,312,10129,3,6,110,1,4,65,3,168,4410,267,267,8563,3,6,110,1,4,65,3,168,4410
8099,8720,9999, ,VALLEJO-FAIRFIELD-NAPA SMSA,2042,2042,126634,25,50,1915,11,43,1855,18,441,12887,2042,2042,126634,25,50,1915,11,43,1855,18,441,12887
8099,8760,9999, ,VINELAND-MILLVILLE-BRIDGETON SMSA,170,170,7867,5,10,178,0,0,0,0,0,0,138,138,6512,5,10,178,0,0,0,0,0,0
8099,8800,9999, ,WACO SMSA,256,256,14931,36,72,2285,2,7,78,15,254,4167,252,252,14735,36,72,2285,2,7,78,15,254,4167
8099,8840,9999, ,WASHINGTON D.C.-MD.-VA. SMSA,15645,15645,639713,32,64,1232,8,24,600,109,4336,149524,15577,15577,636638,32,64,1232,8,24,600,109,4336,149524
8099,8880,9999, ,WATERBURY SMSA,460,460,18950,15,30,693,4,15,581,39,542,9610,460,460,18950,15,30,693,4,15,581,39,542,9610
8099,8920,9999, ,WATERLOO-CEDAR FALLS SMSA,361,361,14576,26,52,1340,5,20,521,33,314,6663,361,361,14576,26,52,1340,5,20,521,33,314,6663
8099,8960,9999, ,WEST PALM BEACH-BOCA RATON SMSA,9644,9644,446048,619,1238,35852,501,1881,60798,506,9444,424491,9541,9541,442208,602,1204,35104,480,1804,57841,497,9170,411953
8099,9000,9999, ,WHEELING W.VA.-OHIO SMSA,61,61,2483,1,2,60,1,4,59,7,224,5670,61,61,2483,1,2,60,1,4,59,7,224,5670
8099,9040,9999, ,WICHITA SMSA,1651,1651,71299,204,408,12261,123,480,10044,41,615,8514,1650,1650,71274,204,408,12261,123,480,10044,41,615,8514
8099,9080,9999, ,WICHITA FALLS SMSA,413,413,10875,9,18,373,1,4,150,0,0,0,413,413,10875,9,18,373,1,4,150,0,0,0
8099,9140,9999, ,WILLIAMSPORT SMSA,112,112,4137,4,8,100,1,4,80,0,0,0,104,104,3945,4,8,100,1,4,80,0,0,0
8099,9160,9999, ,WILMINGTON DEL.-N.J.-MD. SMSA,1803,1803,55051,12,24,72,2,8,110,46,430,8492,1784,1784,54317,12,24,72,2,8,110,41,363,6390
8099,9200,9999, ,WILMINGTON SMSA,1365,1365,43306,13,26,910,2,8,250,17,104,3082,1237,1237,40511,13,26,910,2,8,250,17,104,3082
8099,9240,9999, ,WORCESTER SMSA,553,553,23883,8,16,411,13,48,2306,4,185,4649,519,519,22541,8,16,411,13,48,2306,4,185,4649
8099,9260,9999, ,YAKIMA SMSA,238,238,12141,11,22,932,2,8,147,11,164,3072,237,237,12099,11,22,932,2,8,147,11,164,3072
8099,9280,9999, ,YORK SMSA,1055,1055,42185,6,12,322,4,14,432,19,248,4127,1032,1032,41183,6,12,322,4,14,432,18,209,3623
8099,9320,9999, ,YOUNGSTOWN-WARREN SMSA,576,576,29433,92,184,5600,31,123,3553,29,445,7986,576,576,29433,92,184,5600,31,123,3553,29,445,7986
