Survey,MSA/,PMSA,,MA,,1-unit,,,2-units,,,3-4 units,,,5+ units,,,1-unit rep,,,2-units rep,,,3-4 units rep,,,5+ units rep
Date,CMSA,,,Name,Bldgs,Units,Value,Bldgs,Units,Value,Bldgs,Units,Value,Bldgs,Units,Value,Bldgs,Units,Value,Bldgs,Units,Value,      Bldgs,Units,Value,Bldgs,Units,Value
 
199999,0040,9999,,Abilene  TX MSA ,179,179,25372,3,6,382,0,0,0,0,0,0,179,179,25372,3,6,382,0,0,0,0,0,0
199999,0120,9999,,Albany  GA MSA ,610,610,68806,11,22,1534,1,4,254,0,0,0,610,610,68806,11,22,1534,1,4,254,0,0,0
199999,0160,9999,,Albany-Schenectady-Troy  NY MSA ,2316,2316,316876,11,22,1304,12,45,2044,39,515,24484,2130,2130,295766,11,22,1304,12,45,2044,26,425,19204
199999,0200,9999,,Albuquerque  NM MSA ,4927,4927,505394,2,4,192,33,109,5537,25,271,12081,4718,4718,486360,2,4,192,33,109,5537,25,271,12081
199999,0220,9999,,Alexandria  LA MSA ,419,419,45663,0,0,0,0,0,0,1,90,3788,392,392,43076,0,0,0,0,0,0,0,0,0
199999,0240,9999,,Allentown-Bethlehem-Easton  PA MSA ,2646,2646,322679,9,18,1154,28,105,5496,22,345,17074,2525,2525,312278,9,18,1154,20,80,4790,22,345,17074
199999,0280,9999,,Altoona  PA MSA ,233,233,23306,1,2,53,2,8,400,3,18,1064,226,226,23131,1,2,53,2,8,400,3,18,1064
199999,0320,9999,,Amarillo  TX MSA ,538,538,70739,2,4,160,0,0,0,2,166,4739,530,530,69024,2,4,160,0,0,0,2,166,4739
199999,0380,9999,,Anchorage  AK MSA ,783,783,148798,61,122,15204,15,56,7195,30,304,34053,783,783,148798,61,122,15204,15,56,7195,30,304,34053
199999,0450,9999,,Anniston  AL MSA ,180,180,16477,0,0,0,8,32,1100,23,210,11575,65,65,5746,0,0,0,8,32,1100,11,132,8000
199999,0460,9999,,Appleton-Oshkosh-Neenah  WI MSA ,1813,1813,251056,105,210,15031,13,51,3519,74,709,26096,1642,1642,227277,90,180,12969,13,51,3519,58,571,20100
199999,0480,9999,,Asheville  NC MSA ,1161,1161,161662,42,84,5267,11,42,2893,13,84,4314,1115,1115,157476,42,84,5267,11,42,2893,13,84,4314
199999,0500,9999,,Athens  GA MSA ,897,897,103654,40,80,3215,2,7,739,33,523,21112,897,897,103654,40,80,3215,2,7,739,33,523,21112
199999,0520,9999,,Atlanta  GA MSA ,48275,48275,5456758,128,256,14627,103,371,18798,477,12144,634309,47808,47808,5419606,127,254,14572,103,371,18798,476,12125,633497
199999,0580,9999,,Auburn-Opelika  AL MSA ,343,343,47105,54,108,5272,4,13,750,9,93,5809,343,343,47105,54,108,5272,4,13,750,9,93,5809
199999,0600,9999,,Augusta-Aiken  GA-SC MSA ,2509,2509,252152,0,0,0,0,0,0,68,733,20081,2500,2500,251566,0,0,0,0,0,0,68,733,20081
199999,0640,9999,,Austin-San Marcos  TX MSA ,11704,11704,1398732,136,272,19209,18,72,3798,452,7849,319131,11633,11633,1392146,136,272,19209,18,72,3798,452,7849,319131
199999,0680,9999,,Bakersfield  CA MSA ,2887,2887,322857,1,2,84,22,80,4491,17,149,8176,2770,2770,315561,1,2,84,20,73,4205,17,149,8176
199999,0730,9999,,Bangor  ME MSA ,185,185,18855,1,2,150,0,0,0,1,32,1663,157,157,16155,1,2,150,0,0,0,1,32,1663
199999,0740,9999,,Barnstable-Yarmouth  MA MSA ,1497,1497,262953,10,20,2226,7,21,2931,4,52,5559,1497,1497,262953,10,20,2226,7,21,2931,4,52,5559
199999,0760,9999,,Baton Rouge  LA MSA ,3695,3695,334396,8,16,689,10,40,1610,33,491,27797,3695,3695,334396,8,16,689,10,40,1610,33,491,27797
199999,0840,9999,,Beaumont-Port Arthur  TX MSA ,832,832,95653,8,16,287,3,11,698,4,32,1746,794,794,89199,7,14,218,3,11,698,4,32,1746
199999,0860,9999,,Bellingham  WA MSA ,936,936,129614,23,46,4830,15,53,4030,33,451,23864,856,856,119447,23,46,4830,15,53,4030,31,433,22801
199999,0870,9999,,Benton Harbor  MI MSA ,487,487,76954,3,6,315,1,4,240,10,161,8377,401,401,66823,3,6,315,1,4,240,1,45,1785
199999,0880,9999,,Billings  MT MSA ,389,389,47300,9,18,1199,5,20,1015,4,164,8446,389,389,47300,9,18,1199,5,20,1015,4,164,8446
199999,0920,9999,,Biloxi-Gulfport-Pascagoula  MS MSA ,2401,2401,220826,7,14,566,9,36,2374,41,539,15715,2362,2362,217339,7,14,566,9,36,2374,41,539,15715
199999,0960,9999,,Binghamton  NY MSA ,310,310,37559,0,0,0,0,0,0,2,62,1750,310,310,37559,0,0,0,0,0,0,2,62,1750
199999,1000,9999,,Birmingham  AL MSA ,4973,4973,677045,0,0,0,4,13,963,60,972,48964,4806,4806,664248,0,0,0,4,13,963,60,972,48964
199999,1010,9999,,Bismarck  ND MSA ,399,399,52764,25,50,6796,7,27,2248,7,92,3688,395,395,52365,25,50,6796,7,27,2248,7,92,3688
199999,1020,9999,,Bloomington  IN MSA ,573,573,72821,24,48,3604,18,72,4967,42,320,18006,573,573,72821,24,48,3604,18,72,4967,42,320,18006
199999,1040,9999,,Bloomington-Normal  IL MSA ,961,961,97967,22,44,2694,12,47,2114,19,290,6805,952,952,96826,22,44,2694,12,47,2114,19,290,6805
199999,1080,9999,,Boise City  ID MSA ,5666,5666,725529,34,68,5407,21,80,4645,41,655,26020,4993,4993,639843,34,68,5407,21,80,4645,41,655,26020
199999,1122,1120,,Boston  MA-NH PMSA ,5758,5758,944698,229,458,35716,75,251,24470,101,1880,216099,5030,5030,852915,207,414,33411,74,248,24082,73,1728,204738
199999,1122,1200,,Brockton  MA PMSA ,785,785,91237,1,2,87,1,3,125,0,0,0,708,708,82045,1,2,87,1,3,125,0,0,0
199999,1122,2600,,Fitchburg-Leominster  MA PMSA ,403,403,46844,1,2,150,0,0,0,0,0,0,343,343,41930,1,2,150,0,0,0,0,0,0
199999,1122,4160,,Lawrence  MA-NH PMSA ,1319,1319,192947,17,34,3194,17,64,5916,4,31,800,1073,1073,160986,17,34,3194,17,64,5916,4,31,800
199999,1122,4560,,Lowell  MA-NH PMSA ,829,829,94362,1,2,200,3,12,728,15,291,14489,721,721,82749,1,2,200,3,12,728,8,256,12946
199999,1122,4760,,Manchester  NH PMSA ,830,830,118328,35,70,5705,4,15,1030,3,20,1810,830,830,118328,35,70,5705,4,15,1030,3,20,1810
199999,1122,5350,,Nashua  NH PMSA ,810,810,100148,2,4,355,2,8,400,9,88,5998,573,573,71305,1,2,280,2,8,400,5,66,4558
199999,1122,5400,,New Bedford  MA PMSA ,447,447,53180,8,16,900,0,0,0,0,0,0,304,304,37447,8,16,900,0,0,0,0,0,0
199999,1122,6450,,Portsmouth-Rochester  NH-ME PMSA ,1242,1242,166738,10,20,1570,3,11,855,4,41,1689,1054,1054,141896,9,18,1485,2,8,670,4,41,1689
199999,1122,9240,,Worcester  MA-CT PMSA ,1915,1915,239499,43,86,7570,4,14,869,10,62,2759,1509,1509,192483,25,50,5169,1,4,236,9,54,2335
199999,1240,9999,,Brownsville-Harlingen-San Benito  TX MSA ,2017,2017,137838,32,64,3008,77,298,10184,20,160,6668,1036,1036,77386,11,22,1310,58,229,7180,18,150,6381
199999,1260,9999,,Bryan-College Station  TX MSA ,757,757,76957,77,154,8672,0,0,0,40,688,29842,757,757,76957,77,154,8672,0,0,0,40,688,29842
199999,1280,9999,,Buffalo-Niagara Falls  NY MSA ,2014,2014,264092,7,14,906,1,4,50,55,632,29959,1931,1931,258455,7,14,906,1,4,50,38,416,25331
199999,1305,9999,,Burlington  VT MSA ,716,716,99389,10,20,1299,6,22,1715,13,196,8390,703,703,97785,10,20,1299,6,22,1715,13,196,8390
199999,1320,9999,,Canton-Massillon  OH MSA ,1342,1342,202114,34,68,6229,1,3,300,9,72,2250,1342,1342,202114,34,68,6229,1,3,300,9,72,2250
199999,1350,9999,,Casper  WY MSA ,92,92,13272,1,2,520,0,0,0,10,151,5960,92,92,13272,1,2,520,0,0,0,10,151,5960
199999,1360,9999,,Cedar Rapids  IA MSA ,908,908,93480,56,112,8940,38,150,8188,53,519,18763,857,857,84970,55,110,8756,38,150,8188,52,513,18562
199999,1400,9999,,Champaign-Urbana  IL MSA ,548,548,69317,8,16,1117,9,33,2139,25,402,25078,418,418,56038,3,6,513,3,10,785,24,388,24135
199999,1440,9999,,Charleston-North Charleston  SC MSA ,4324,4324,616452,22,44,2806,10,32,2189,72,1454,76830,4320,4320,615648,22,44,2806,9,29,1926,70,1440,75501
199999,1480,9999,,Charleston  WV MSA ,377,377,50516,0,0,0,0,0,0,4,27,1343,367,367,49204,0,0,0,0,0,0,4,27,1343
199999,1520,9999,,Charlotte-Gastonia-Rock Hill  NC-SC MSA ,17944,17944,1930804,87,174,10539,44,164,10636,444,6193,269854,17925,17925,1928280,87,174,10539,44,164,10636,443,6188,269771
199999,1540,9999,,Charlottesville  VA MSA ,1171,1171,181455,40,80,5978,3,10,492,5,40,2040,961,961,163726,40,80,5978,3,10,492,5,40,2040
199999,1560,9999,,Chattanooga  TN-GA MSA ,2240,2240,259289,20,40,2087,19,70,1770,37,352,13966,2195,2195,255623,20,40,2087,10,39,1250,25,266,9694
199999,1580,9999,,Cheyenne  WY MSA ,289,289,35277,0,0,0,1,4,220,4,30,964,289,289,35277,0,0,0,1,4,220,4,30,964
199999,1602,1600,,Chicago  IL PMSA ,27961,27961,4186158,286,572,53915,378,1422,132021,628,9136,685084,25941,25941,3875546,264,528,50538,353,1333,125787,591,8881,674320
199999,1602,2960,,Gary  IN PMSA ,2589,2589,357426,85,170,15449,19,67,5401,50,699,37796,2542,2542,352754,85,170,15449,18,64,5265,50,699,37796
199999,1602,3740,,Kankakee  IL PMSA ,314,314,42933,11,22,1537,7,28,1619,1,12,1037,285,285,39407,8,16,987,7,28,1619,1,12,1037
199999,1602,3800,,Kenosha  WI PMSA ,667,667,91367,17,34,2341,2,8,510,23,412,19558,667,667,91367,17,34,2341,2,8,510,23,412,19558
199999,1620,9999,,Chico-Paradise  CA MSA ,1023,1023,117133,1,2,99,1,3,57,0,0,0,1016,1016,116405,1,2,99,1,3,57,0,0,0
199999,1642,1640,,Cincinnati  OH-KY-IN PMSA ,8859,8859,1099800,52,104,6412,49,188,16179,282,2880,131001,7959,7959,1010521,41,82,5152,44,173,15121,247,2615,120131
199999,1642,3200,,Hamilton-Middletown  OH PMSA ,2214,2214,268952,31,62,3110,21,75,5097,96,1057,38059,2080,2080,253791,25,50,2443,13,50,3009,91,1032,36037
199999,1660,9999,,Clarksville-Hopkinsville  TN-KY MSA ,1573,1573,113072,4,8,430,11,40,2161,19,290,7766,1573,1573,113072,4,8,430,11,40,2161,19,290,7766
199999,1692,0080,,Akron  OH PMSA ,3150,3150,490243,36,72,6258,23,72,6007,31,350,12492,3139,3139,489221,36,72,6258,23,72,6007,31,350,12492
199999,1692,1680,,Cleveland-Lorain-Elyria  OH PMSA ,6839,6839,1174607,100,200,19746,64,220,16461,43,657,40579,6456,6456,1109448,99,198,19655,54,189,13855,32,568,37843
199999,1720,9999,,Colorado Springs  CO MSA ,4375,4375,525545,7,14,1450,20,80,2800,31,1068,35473,4373,4373,525278,7,14,1450,20,80,2800,31,1068,35473
199999,1740,9999,,Columbia  MO MSA ,1012,1012,109693,51,102,4761,4,14,790,14,88,4724,1012,1012,109693,51,102,4761,4,14,790,14,88,4724
199999,1760,9999,,Columbia  SC MSA ,3879,3879,377759,37,74,2606,1,4,216,97,1543,53659,3710,3710,365871,36,72,2494,1,4,216,95,1516,52952
199999,1800,9999,,Columbus  GA-AL MSA ,1063,1063,121453,7,14,388,6,24,845,76,448,27886,1043,1043,120693,7,14,388,6,24,845,76,448,27886
199999,1840,9999,,Columbus  OH MSA ,8948,8948,1248327,71,142,12322,140,540,36576,554,6217,236292,7126,7126,1002292,71,142,12322,136,528,35717,523,5785,221804
199999,1880,9999,,Corpus Christi  TX MSA ,942,942,98336,7,14,927,44,174,5554,18,120,9447,930,930,97915,7,14,927,44,174,5554,18,120,9447
199999,1890,9999,,Corvallis OR MSA ,229,229,37601,3,6,486,0,0,0,19,166,7814,179,179,29299,1,2,139,0,0,0,14,132,6254
199999,1900,9999,,Cumberland  MD-WV MSA ,385,385,45150,1,2,150,0,0,0,1,5,50,377,377,44234,1,2,150,0,0,0,1,5,50
199999,1922,1920,,Dallas  TX PMSA ,22968,22968,3518213,22,44,2392,42,166,8421,688,12506,597654,22716,22716,3468528,20,40,2215,42,166,8421,685,12466,596450
199999,1922,2800,,Fort Worth-Arlington  TX PMSA ,9605,9605,1193028,74,148,7510,25,98,5365,122,2147,98602,8995,8995,1108695,71,142,7150,25,98,5365,116,2089,96753
199999,1950,9999,,Danville  VA MSA ,308,308,30781,1,2,100,1,3,56,0,0,0,51,51,5636,0,0,0,0,0,0,0,0,0
199999,1960,9999,,Davenport-Moline-Rock Island  IA-IL MSA ,916,916,122585,8,16,1418,7,22,1953,18,222,12622,887,887,119196,8,16,1418,7,22,1953,6,82,4553
199999,2000,9999,,Dayton-Springfield  OH MSA ,2354,2354,338343,28,56,4961,67,261,16054,110,1028,48980,2179,2179,318457,28,56,4961,67,261,16054,110,1028,48980
199999,2020,9999,,Daytona Beach  FL MSA ,4627,4627,443299,8,16,983,6,21,1318,18,601,37405,4466,4466,429050,8,16,983,5,18,1161,18,601,37405
199999,2030,9999,,Decatur  Al MSA ,341,341,38279,2,4,120,4,16,580,14,79,1520,248,248,30452,0,0,0,4,16,580,3,24,361
199999,2040,9999,,Decatur  IL MSA ,249,249,37330,8,16,1159,0,0,0,0,0,0,239,239,36145,8,16,1159,0,0,0,0,0,0
199999,2082,1125,,Boulder-Longmont  CO PMSA ,2339,2339,327601,22,44,4544,28,110,9137,41,499,27234,2339,2339,327601,22,44,4544,28,110,9137,41,499,27234
199999,2082,2080,,Denver  CO PMSA ,16643,16643,2248034,247,494,38290,107,383,32554,320,5315,323112,16153,16153,2186484,247,494,38290,107,383,32554,310,5264,319862
199999,2082,3060,,Greeley  CO PMSA ,3381,3381,415242,11,22,1526,8,26,1570,13,128,9794,3289,3289,403259,11,22,1526,7,22,1353,12,123,9538
199999,2120,9999,,Des Moines  IA MSA ,3113,3113,410904,10,20,2509,18,69,6737,32,434,26723,3030,3030,401405,10,20,2509,17,66,6737,32,434,26723
199999,2162,0440,,Ann Arbor  MI PMSA ,4775,4775,600824,13,26,4946,30,110,10756,26,450,26377,4520,4520,576575,13,26,4946,26,98,10608,26,450,26377
199999,2162,2160,,Detroit  MI PMSA ,15971,15971,2282960,117,234,20474,103,389,34320,203,2776,167563,15607,15607,2252012,113,226,20168,100,380,33758,174,2607,160560
199999,2162,2640,,Flint  MI PMSA ,1903,1903,238180,30,60,6832,15,58,4978,55,785,34395,1732,1732,224118,30,60,6832,15,58,4978,55,785,34395
199999,2180,9999,,Dothan  AL MSA ,391,391,24700,6,12,503,7,26,1070,14,104,4439,385,385,24320,6,12,503,7,26,1070,14,104,4439
199999,2190,9999,,Dover  DE MSA ,705,705,72194,0,0,0,7,28,879,8,133,7935,696,696,71475,0,0,0,7,28,879,7,125,7482
199999,2200,9999,,Dubuque  IA MSA ,287,287,40822,8,16,1210,0,0,0,2,17,693,286,286,40647,8,16,1210,0,0,0,2,17,693
199999,2240,9999,,Duluth-Superior  MN-WI MSA ,752,752,78634,14,28,1392,3,12,289,9,204,10200,693,693,71058,10,20,929,3,12,289,7,194,9645
199999,2290,9999,,Eau Claire  WI MSA ,775,775,93701,40,80,7079,45,178,9685,4,65,3035,765,765,93009,40,80,7079,45,178,9685,4,65,3035
199999,2320,9999,,El Paso  TX MSA ,3472,3472,179088,120,240,7739,22,88,3808,52,396,13914,3464,3464,178854,120,240,7739,22,88,3808,52,396,13914
199999,2330,9999,,Elkhart-Goshen  IN MSA ,976,976,112547,25,50,3156,11,43,1644,1,58,7000,976,976,112547,25,50,3156,11,43,1644,1,58,7000
199999,2335,9999,,Elmira  NY MSA ,115,115,15592,1,2,73,2,8,250,21,171,6873,101,101,14193,1,2,73,2,8,250,19,152,6425
199999,2340,9999,,Enid  OK MSA ,69,69,12488,2,4,158,3,12,480,0,0,0,69,69,12488,2,4,158,3,12,480,0,0,0
199999,2360,9999,,Erie  PA MSA ,660,660,77862,6,12,684,17,65,3713,5,38,1792,626,626,72729,5,10,599,16,61,3513,5,38,1792
199999,2400,9999,,Eugene-Springfield  OR MSA ,1161,1161,160410,53,106,8500,10,36,2294,49,527,24691,1160,1160,160300,53,106,8500,10,36,2294,49,527,24691
199999,2440,9999,,Evansville-Henderson  IN-KY MSA ,1454,1454,156996,28,56,4440,9,34,3146,17,172,7962,1311,1311,140100,25,50,3975,9,34,3146,17,172,7962
199999,2520,9999,,Fargo-Moorhead  ND-MN MSA ,797,797,89918,2,4,271,2,8,454,26,578,23053,785,785,88394,2,4,271,2,8,454,26,578,23053
199999,2560,9999,,Fayetteville  NC MSA ,824,824,78339,2,4,150,6,23,1073,14,172,9290,824,824,78339,2,4,150,6,23,1073,14,172,9290
199999,2580,9999,,Fayetteville-Springdale-Rogers  AR MSA ,2118,2118,208669,37,74,4027,25,93,4742,61,620,26737,1997,1997,196920,37,74,4027,24,90,4622,57,590,25951
199999,2620,9999,,Flagstaff  AZ-UT MSA ,779,779,102291,3,6,406,3,12,1084,24,259,15665,779,779,102291,3,6,406,3,12,1084,24,259,15665
199999,2650,9999,,Florence  AL MSA ,261,261,24646,3,6,235,2,6,138,5,40,1604,256,256,24400,3,6,235,2,6,138,5,40,1604
199999,2655,9999,,Florence  SC MSA ,536,536,46529,3,6,127,0,0,0,16,106,4609,3,3,240,0,0,0,0,0,0,0,0,0
199999,2670,9999,,Fort Collins-Loveland  CO MSA ,2583,2583,344024,30,60,5742,23,86,6449,86,862,46886,2482,2482,332323,30,60,5742,21,79,6045,84,830,45295
199999,2700,9999,,Fort Myers-Cape Coral  FL MSA ,4722,4722,627829,177,354,36399,137,512,60885,203,3228,296747,4548,4548,602241,166,332,34526,127,475,56800,191,3035,276700
199999,2710,9999,,Fort Pierce-Port St. Lucie  FL MSA ,2699,2699,397970,24,48,4782,3,11,434,36,589,42104,2699,2699,397970,24,48,4782,3,11,434,36,589,42104
199999,2720,9999,,Fort Smith  AR-OK MSA ,517,517,60759,28,56,3410,5,20,741,18,140,5191,501,501,59422,27,54,3310,5,20,741,18,140,5191
199999,2750,9999,,Fort Walton Beach  FL MSA ,1392,1392,132400,5,10,424,4,13,440,17,392,54433,1370,1370,130012,4,8,354,4,13,440,17,392,54433
199999,2760,9999,,Fort Wayne  IN MSA ,3057,3057,462384,14,28,1913,10,40,3325,72,775,30680,3051,3051,461678,14,28,1913,10,40,3325,71,760,30184
199999,2840,9999,,Fresno  CA MSA ,3088,3088,389568,20,40,2972,34,134,7158,40,316,12330,3080,3080,388886,15,30,2350,34,134,7158,40,316,12330
199999,2880,9999,,Gadsden  AL MSA ,155,155,14789,0,0,0,0,0,0,1,40,1303,151,151,14749,0,0,0,0,0,0,1,40,1303
199999,2900,9999,,Gainesville  FL MSA ,1179,1179,112674,10,20,488,1,4,287,96,1525,68201,1168,1168,111807,10,20,488,1,4,287,96,1525,68201
199999,2975,9999,,Glens Falls  NY MSA ,446,446,51047,7,14,1051,1,3,300,4,86,5130,423,423,48618,7,14,1051,0,0,0,4,86,5130
199999,2980,9999,,Goldsboro  NC MSA ,529,529,38900,10,20,634,0,0,0,1,6,181,529,529,38900,10,20,634,0,0,0,1,6,181
199999,2985,9999,,Grand Forks  ND-MN MSA ,195,195,21905,5,10,1130,0,0,0,2,105,5730,192,192,21774,5,10,1130,0,0,0,2,105,5730
199999,2995,9999,,Grand Junction  CO MSA ,1232,1232,119569,38,76,4786,8,30,1686,3,24,1371,1232,1232,119569,38,76,4786,8,30,1686,3,24,1371
199999,3000,9999,,Grand Rapids-Muskegon-Holland  MI MSA ,6089,6089,777519,54,108,7842,28,101,7784,77,930,42005,5255,5255,701256,43,86,6640,23,86,6584,56,821,40772
199999,3040,9999,,Great Falls  MT MSA ,89,89,11557,0,0,0,0,0,0,1,12,263,89,89,11557,0,0,0,0,0,0,1,12,263
199999,3080,9999,,Green Bay  WI MSA ,1273,1273,187867,79,158,11475,2,8,594,34,491,26697,1043,1043,158457,52,104,7500,2,8,594,24,435,24288
199999,3120,9999,,Greensboro--Winston-Salem--High Point  NC MSA ,8020,8020,912609,43,86,3388,31,119,5185,147,2262,73792,7750,7750,881077,42,84,3184,31,119,5185,147,2262,73792
199999,3150,9999,,Greenville  NC MSA ,742,742,83958,47,94,5945,1,4,298,28,349,14561,665,665,74350,45,90,5695,1,4,298,28,349,14561
199999,3160,9999,,Greenville-Spartanburg-Anderson  SC MSA ,7053,7053,647899,132,264,15738,4,16,766,72,957,34929,7012,7012,644416,131,262,15588,4,16,766,69,942,34271
199999,3240,9999,,Harrisburg-Lebanon-Carlisle  PA MSA ,2793,2793,286436,10,20,1233,16,59,4468,25,314,15897,2735,2735,281018,10,20,1233,15,56,4043,25,314,15897
199999,3280,9999,,Hartford  CT MSA ,3595,3595,449261,8,16,823,7,27,973,21,252,10200,3433,3433,433145,8,16,823,7,27,973,19,236,9793
199999,3285,9999,,Hattiesburg  MS MSA ,106,106,13355,1,2,49,1,3,45,8,49,1561,33,33,3358,0,0,0,0,0,0,4,28,1016
199999,3290,9999,,Hickory-Morganton-Lenoir  NC MSA ,1887,1887,231883,22,44,3035,5,19,1045,20,209,6177,1868,1868,229448,20,40,2662,5,19,1045,16,172,4327
199999,3320,9999,,Honolulu  HI MSA ,1449,1449,222324,0,0,0,6,21,2461,41,458,35332,1449,1449,222324,0,0,0,6,21,2461,41,458,35332
199999,3350,9999,,Houma  LA MSA ,739,739,77383,1,2,30,0,0,0,0,0,0,725,725,75186,1,2,30,0,0,0,0,0,0
199999,3362,1145,,Brazoria  TX PMSA ,1717,1717,186596,3,6,360,18,72,3900,13,188,9292,1193,1193,134880,2,4,232,18,72,3900,13,188,9292
199999,3362,2920,,Galveston-Texas City  TX PMSA ,1627,1627,217029,0,0,0,13,48,2237,14,432,15000,1627,1627,217029,0,0,0,0,0,0,14,432,15000
199999,3362,3360,,Houston  TX PMSA ,22248,22248,2904434,56,112,6804,180,700,32357,556,9525,433641,22167,22167,2885926,56,112,6804,179,697,32357,556,9525,433641
199999,3400,9999,,Huntington-Ashland  WV-KY-OH MSA ,191,191,15919,4,8,266,13,51,3177,4,76,4456,182,182,15532,3,6,190,12,47,3059,3,51,3090
199999,3440,9999,,Huntsville  AL MSA ,1156,1156,69942,0,0,0,8,32,1909,0,0,0,1113,1113,67756,0,0,0,8,32,1909,0,0,0
199999,3480,9999,,Indianapolis  IN MSA ,13573,13573,1957579,167,334,24804,53,209,14232,141,1746,87953,13452,13452,1942295,168,336,24904,52,206,14232,139,1732,87370
199999,3500,9999,,Iowa City  IA MSA ,671,671,94864,22,44,3949,14,47,3832,20,310,19384,630,630,89156,22,44,3949,13,44,3675,16,264,16394
199999,3520,9999,,Jackson  MI MSA ,745,745,78006,6,12,3219,10,34,2487,16,216,12224,613,613,62826,5,10,3109,8,27,2191,16,216,12224
199999,3560,9999,,Jackson  MS MSA ,2573,2573,269024,4,8,558,6,24,484,129,1340,50150,2530,2530,265047,2,4,270,6,24,484,129,1340,50150
199999,3580,9999,,Jackson  TN MSA ,875,875,85979,2,4,140,2,8,250,6,40,1508,875,875,85979,2,4,140,2,8,250,6,40,1508
199999,3600,9999,,Jacksonville  FL MSA ,8052,8052,1072417,35,70,4821,10,34,3825,216,3448,135368,8052,8052,1072417,35,70,4821,10,34,3825,216,3448,135368
199999,3605,9999,,Jacksonville  NC MSA ,693,693,62019,23,46,1346,10,39,1497,8,192,5080,596,596,54990,23,46,1346,9,36,1444,8,192,5080
199999,3610,9999,,Jamestown  NY MSA ,201,201,21541,9,18,1638,2,8,478,0,0,0,131,131,14676,1,2,130,1,4,145,0,0,0
199999,3620,9999,,Janesville-Beloit  WI MSA ,611,611,72417,45,90,7281,15,53,2825,20,235,9600,602,602,71658,45,90,7281,6,24,950,11,190,8025
199999,3660,9999,,Johnson City-Kingsport-Bristol  TN-VA MSA ,1484,1484,143537,13,26,1343,7,28,1143,19,265,8013,1404,1404,137721,12,24,1227,7,28,1143,19,265,8013
199999,3680,9999,,Johnstown  PA MSA ,431,431,37454,6,12,780,0,0,0,0,0,0,325,325,28492,1,2,45,0,0,0,0,0,0
199999,3700,9999,,Jonesboro  AR MSA ,352,352,33789,2,4,225,30,119,3763,24,368,15412,352,352,33789,2,4,225,30,119,3763,24,368,15412
199999,3710,9999,,Joplin  MO MSA ,460,460,40045,11,22,1186,1,4,140,7,110,4122,464,464,41216,11,22,1186,1,4,140,7,110,4122
199999,3720,9999,,Kalamazoo-Battle Creek  MI MSA ,1789,1789,219140,17,34,2742,17,63,5827,13,186,10648,1181,1181,158417,17,34,2742,17,63,5827,3,56,7376
199999,3760,9999,,Kansas City  MO-KS MSA ,11208,11208,1497348,415,830,58781,98,382,26313,281,3948,181219,11023,11023,1475009,413,826,58559,98,382,26313,280,3943,181042
199999,3810,9999,,Killeen-Temple  TX MSA ,1264,1264,125569,63,126,7411,41,163,6181,0,0,0,1263,1263,125524,63,126,7411,41,163,6181,0,0,0
199999,3840,9999,,Knoxville  TN MSA ,3298,3298,316301,13,26,960,25,88,3601,47,733,26289,3290,3290,317233,13,26,960,25,88,3601,47,733,26289
199999,3850,9999,,Kokomo  IN MSA ,403,403,54870,30,60,6153,0,0,0,13,104,4459,401,401,54629,30,60,6153,0,0,0,13,104,4459
199999,3870,9999,,La Crosse  WI-MN MSA ,553,553,69580,52,104,7031,9,31,1605,10,145,6762,513,513,64733,52,104,7031,9,31,1605,10,145,6762
199999,3880,9999,,Lafayette  LA MSA ,1480,1480,162345,20,40,1526,0,0,0,4,77,3415,1443,1443,158682,20,40,1526,0,0,0,4,77,3415
199999,3920,9999,,Lafayette  IN MSA ,879,879,103964,64,128,7642,13,43,2202,16,527,21074,847,847,101623,64,128,7642,12,40,2202,16,527,21074
199999,3960,9999,,Lake Charles  LA MSA ,752,752,73446,26,52,1995,1,3,90,71,655,29265,718,718,69594,26,52,1995,1,3,90,71,655,29265
199999,3980,9999,,Lakeland-Winter Haven  FL MSA ,2967,2967,243358,24,48,2017,20,76,2738,57,788,36689,2959,2959,242710,24,48,2017,20,76,2738,57,788,36689
199999,4000,9999,,Lancaster  PA MSA ,1986,1986,244629,28,56,4012,11,40,2609,20,191,10862,1860,1860,228947,27,54,3805,9,34,2139,20,191,10862
199999,4040,9999,,Lansing-East Lansing  MI MSA ,1541,1541,204896,31,62,5124,8,29,2041,21,408,17299,1446,1446,194915,30,60,4989,8,29,2041,21,408,17299
199999,4080,9999,,Laredo  TX MSA ,1336,1336,86885,2,4,196,2,6,177,8,293,11939,1336,1336,86885,2,4,196,2,6,177,8,293,11939
199999,4100,9999,,Las Cruces  NM MSA ,756,756,93269,1,2,180,5,20,730,10,142,3210,704,704,88365,1,2,180,5,20,730,10,142,3210
199999,4120,9999,,Las Vegas  NV-AZ MSA ,21823,21823,2135879,28,56,3300,150,569,44639,612,6352,354571,21643,21643,2120657,28,56,3300,149,565,44490,607,6257,350714
199999,4150,9999,,Lawrence  KS MSA ,564,564,70359,75,150,11562,5,19,1148,18,163,5960,564,564,70359,75,150,11562,5,19,1148,18,163,5960
199999,4200,9999,,Lawton  OK MSA ,130,130,15219,4,8,229,0,0,0,0,0,0,104,104,12222,3,6,140,0,0,0,0,0,0
199999,4240,9999,,Lewiston-Auburn  ME MSA ,145,145,16984,1,2,88,0,0,0,1,6,251,125,125,15079,1,2,88,0,0,0,1,6,251
199999,4280,9999,,Lexington  KY MSA ,3642,3642,373000,107,214,10759,43,155,8142,46,448,17407,3371,3371,340928,104,208,10514,42,152,8070,45,443,17277
199999,4320,9999,,Lima  OH MSA ,385,385,49930,12,24,1448,8,24,1480,0,0,0,325,325,42335,6,12,746,7,21,1320,0,0,0
199999,4360,9999,,Lincoln  NE MSA ,1211,1211,164821,16,32,1838,2,7,185,42,436,13363,1023,1023,140847,12,24,1447,2,7,185,36,344,10221
199999,4400,9999,,Little Rock-North Little Rock  AR MSA ,2528,2528,337397,38,76,3900,39,156,6895,86,1090,34451,2518,2518,336868,38,76,3900,39,156,6895,86,1090,34451
199999,4420,9999,,Longview-Marshall  TX MSA ,230,230,28348,0,0,0,0,0,0,6,186,8250,227,227,28132,0,0,0,0,0,0,6,186,8250
199999,4472,4480,,Los Angeles-Long Beach  CA PMSA ,7826,7826,1479835,155,310,30907,80,283,27624,278,5641,361919,7447,7447,1400829,144,288,29344,72,259,25605,227,5300,338052
199999,4472,5945,,Orange County  CA PMSA ,7679,7679,1647060,56,112,14857,161,551,56846,211,3897,294726,7562,7562,1617356,55,110,14543,161,551,56846,209,3886,293473
199999,4472,6780,,Riverside-San Bernardino  CA PMSA ,19018,19018,3378547,11,22,2031,39,151,10055,119,1730,105222,18776,18776,3347354,6,12,1077,36,142,9102,119,1730,105222
199999,4472,8735,,Ventura  CA PMSA ,3636,3636,812513,15,30,3800,2,6,273,56,746,49753,3294,3294,735477,15,30,3800,2,6,273,51,713,47412
199999,4520,9999,,Louisville  KY-IN MSA ,5764,5764,693944,30,60,2578,23,83,4391,138,1705,77063,5020,5020,625636,17,34,1490,19,71,3998,115,1576,72098
199999,4600,9999,,Lubbock  TX MSA ,837,837,90362,15,30,1584,0,0,0,16,174,8804,837,837,90362,15,30,1584,0,0,0,16,174,8804
199999,4640,9999,,Lynchburg  VA MSA ,1057,1057,129467,15,30,1435,5,17,930,3,36,1520,1057,1057,129467,15,30,1435,5,17,930,3,36,1520
199999,4680,9999,,Macon  GA MSA ,1855,1855,167962,7,14,542,0,0,0,51,468,15529,1804,1804,163467,7,14,542,0,0,0,50,459,15037
199999,4720,9999,,Madison  WI MSA ,1831,1831,271177,151,302,28837,98,376,30462,56,1117,81684,1638,1638,238498,136,272,26379,81,313,26353,42,1029,77704
199999,4800,9999,,Mansfield  OH MSA ,402,402,50242,17,34,3285,2,8,650,10,147,4830,391,391,49534,17,34,3285,2,8,650,10,147,4830
199999,4880,9999,,McAllen-Edinburg-Mission  TX MSA ,5032,5032,301813,56,112,5867,84,316,10437,32,203,4972,4345,4345,268693,26,52,3335,41,152,5162,18,109,2456
199999,4890,9999,,Medford-Ashland  OR MSA ,1316,1316,161088,14,28,2525,19,74,5206,19,339,21126,1283,1283,156746,14,28,2525,19,74,5206,19,339,21126
199999,4900,9999,,Melbourne-Titusville-Palm Bay  FL MSA ,3381,3381,412317,8,16,1209,8,30,2345,87,1232,80844,3216,3216,392715,8,16,1209,8,30,2345,87,1232,80844
199999,4920,9999,,Memphis  TN-AR-MS MSA ,7952,7952,1077188,27,54,2265,9,36,1574,158,2424,108707,7780,7780,1055388,25,50,2061,9,36,1574,158,2424,108707
199999,4940,9999,,Merced  CA MSA ,1001,1001,122639,0,0,0,0,0,0,0,0,0,949,949,116545,0,0,0,0,0,0,0,0,0
199999,4992,2680,,Fort Lauderdale  FL PMSA ,8574,8574,1107984,40,80,5205,41,149,8904,155,3210,287718,8488,8488,1098472,40,80,5205,41,149,8904,151,3173,285670
199999,4992,5000,,Miami  FL PMSA ,6681,6681,581078,54,108,7685,179,679,38667,274,6303,458367,6705,6705,593047,54,108,7685,179,679,38667,276,6569,540619
199999,5082,5080,,Milwaukee-Waukesha  WI PMSA ,4200,4200,712287,222,444,44848,38,147,12418,149,2382,138081,3991,3991,677356,222,444,44848,38,147,12418,149,2382,138081
199999,5082,6600,,Racine  WI PMSA ,667,667,96532,30,60,5659,5,16,1079,21,167,7376,606,606,89203,27,54,5208,4,13,1018,3,65,3847
199999,5120,9999,,Minneapolis-St. Paul  MN-WI MSA ,18322,18322,2637180,269,538,55489,149,554,52497,160,3759,274185,17890,17890,2578165,260,520,54221,137,515,51326,137,3637,269560
199999,5140,9999,,Missoula  MT MSA ,290,290,32358,8,16,896,10,38,1487,5,78,2491,290,290,32358,8,16,896,10,38,1487,5,78,2491
199999,5160,9999,,Mobile  AL MSA ,3695,3695,401153,21,42,3211,17,63,2282,44,867,75828,3623,3623,395695,21,42,3211,17,63,2282,44,867,75828
199999,5170,9999,,Modesto  CA MSA ,2095,2095,278681,6,12,679,14,56,2641,4,20,964,1981,1981,264985,5,10,554,14,56,2641,0,0,0
199999,5200,9999,,Monroe  LA MSA ,446,446,56060,6,12,359,16,52,1852,19,160,3740,446,446,56060,4,8,299,16,52,1852,19,160,3740
199999,5240,9999,,Montgomery  AL MSA ,1257,1257,123208,15,30,1377,32,128,5445,37,422,15743,1226,1226,121775,15,30,1377,31,124,5330,36,412,15430
199999,5280,9999,,Muncie  IN MSA ,291,291,40136,1,2,110,1,4,65,4,68,3300,291,291,40136,1,2,110,1,4,65,4,68,3300
199999,5330,9999,,Myrtle Beach  SC MSA ,2149,2149,233359,13,26,2147,58,229,15751,153,2369,191958,2137,2137,232776,13,26,2147,58,229,15751,153,2369,191958
199999,5345,9999,,Naples  FL MSA ,3765,3765,572163,38,76,4810,250,964,86842,198,2737,267754,3765,3765,572163,38,76,4810,250,964,86842,198,2737,267754
199999,5360,9999,,Nashville  TN MSA ,10901,10901,1380077,82,164,10548,27,100,4523,161,2396,140936,9570,9570,1206906,42,84,5891,27,100,4523,138,1961,117378
199999,5520,9999,,New London-Norwich  CT-RI MSA ,926,926,116929,1,2,177,3,12,555,0,0,0,848,848,109418,1,2,177,3,12,555,0,0,0
199999,5560,9999,,New Orleans  LA MSA ,3754,3754,461129,49,98,4523,15,49,2881,29,1032,89969,3292,3292,412255,41,82,3536,7,25,1424,17,845,80426
199999,5602,0875,,Bergen-Passaic  NJ PMSA ,1569,1569,248475,98,196,15094,8,29,2230,38,400,20958,1378,1378,211925,90,180,14020,8,29,2230,36,367,20051
199999,5602,1160,,Bridgeport  CT PMSA ,938,938,119597,7,14,646,3,11,699,4,107,2875,914,914,117081,7,14,646,3,11,699,4,107,2875
199999,5602,1930,,Danbury  CT PMSA ,943,943,175897,2,4,248,2,7,472,12,114,6091,914,914,170233,2,4,248,2,7,472,12,114,6091
199999,5602,2281,,Dutchess County  NY PMSA ,1075,1075,169127,2,4,256,7,21,840,13,138,6696,1009,1009,160465,2,4,256,0,0,0,13,138,6696
199999,5602,3640,,Jersey City  NJ PMSA ,112,112,9735,95,190,9443,28,91,3177,21,1528,111250,112,112,9735,83,166,7919,28,91,3177,11,1262,87606
199999,5602,5015,,Middlesex-Somerset-Hunterdon  NJ PMSA ,5071,5071,585680,9,18,746,12,38,671,48,829,22915,4679,4679,538980,6,12,472,7,22,373,38,714,20417
199999,5602,5190,,Monmouth-Ocean  NJ PMSA ,6694,6694,720461,0,0,0,1,3,200,22,469,28716,6213,6213,674226,0,0,0,1,3,200,18,446,28356
199999,5602,5380,,Nassau-Suffolk  NY PMSA ,5056,5056,739501,38,76,5085,25,99,9565,96,1087,75467,4600,4600,694722,34,68,4825,24,96,9482,81,1009,64565
199999,5602,5480,,New Haven-Meriden  CT PMSA ,1209,1209,160176,13,26,1294,0,0,320,8,338,16376,1206,1206,159753,13,26,1294,0,0,320,8,338,16376
199999,5602,5600,,New York  NY PMSA ,3831,3831,691607,1606,3212,203857,507,1554,102694,204,6729,372564,3607,3607,631696,1564,3128,198809,490,1500,98723,183,6611,365608
199999,5602,5640,,Newark  NJ PMSA ,3866,3866,497149,302,604,30446,29,93,4203,37,723,44789,3637,3637,458365,294,588,30048,29,93,4203,27,667,42222
199999,5602,5660,,Newburgh  NY-PA PMSA ,1816,1816,218377,15,30,1804,6,23,1692,46,406,27976,1752,1752,213703,15,30,1804,6,23,1692,46,406,27976
199999,5602,8040,,Stamford-Norwalk  CT PMSA ,517,517,207925,14,28,2378,2,7,492,25,404,47372,504,504,202688,12,24,1873,1,4,220,24,399,46997
199999,5602,8480,,Trenton  NJ PMSA ,1099,1099,112429,1,2,120,0,0,0,1,58,1382,1094,1094,111700,1,2,120,0,0,0,1,58,1382
199999,5602,8880,,Waterbury  CT PMSA ,580,580,74135,1,2,50,0,0,0,0,0,0,580,580,74135,1,2,50,0,0,0,0,0,0
199999,5720,9999,,Norfolk-Virginia Beach-Newport News  VA-NC MSA ,7478,7478,856762,10,20,1492,28,106,7819,83,1384,68703,7413,7413,847218,10,20,1492,28,106,7819,82,1379,68262
199999,5790,9999,,Ocala  FL MSA ,2593,2593,266684,5,10,353,6,22,1118,3,134,5674,2593,2593,266684,5,10,353,6,22,1118,3,134,5674
199999,5800,9999,,Odessa-Midland  TX MSA ,228,228,26180,0,0,0,0,0,0,0,0,0,228,228,26180,0,0,0,0,0,0,0,0,0
199999,5880,9999,,Oklahoma City  OK MSA ,5671,5671,672676,47,94,6219,9,36,1442,69,853,34969,5604,5604,666134,47,94,6219,9,36,1442,69,853,34969
199999,5920,9999,,Omaha  NE-IA MSA ,4003,4003,419798,53,106,7211,14,54,2937,41,1033,47966,3935,3935,411554,52,104,7083,13,50,2667,41,1033,47966
199999,5960,9999,,Orlando  FL MSA ,16368,16368,1927168,36,72,4239,72,261,15328,805,12892,665537,16104,16104,1899271,36,72,4239,72,261,15328,802,12823,662625
199999,5990,9999,,Owensboro  KY MSA ,471,471,28060,6,12,478,24,96,2687,9,100,2822,221,221,13935,6,12,478,24,96,2687,9,100,2822
199999,6015,9999,,Panama City  FL MSA ,858,858,85317,21,42,2838,3,12,626,16,132,9808,858,858,85317,21,42,2838,3,12,626,16,132,9808
199999,6020,9999,,Parkersburg-Marietta  WV-OH MSA ,233,233,21969,3,6,173,12,40,1384,0,0,0,217,217,19557,3,6,173,4,16,384,0,0,0
199999,6080,9999,,Pensacola  FL MSA ,2625,2625,245215,49,98,4433,2,8,461,16,183,5277,2625,2625,245215,49,98,4433,2,8,461,16,183,5277
199999,6120,9999,,Peoria-Pekin  IL MSA ,1167,1167,150841,48,96,5975,17,63,2864,15,168,7621,1147,1147,149303,46,92,5753,17,63,2864,15,168,7621
199999,6162,0560,,Atlantic-Cape May  NJ PMSA ,1971,1971,182328,227,454,24980,2,8,520,25,194,9076,1821,1821,169922,227,454,24980,2,8,520,25,194,9076
199999,6162,6160,,Philadelphia  PA-NJ PMSA ,14152,14152,1669787,32,64,4593,50,187,13375,196,2255,100958,12769,12769,1528824,20,40,2462,49,184,13273,149,1936,83718
199999,6162,8760,,Vineland-Millville-Bridgeton  NJ PMSA ,291,291,27325,1,2,70,1,3,61,10,75,3544,259,259,22126,1,2,70,0,0,0,2,13,475
199999,6162,9160,,Wilmington-Newark  DE-MD PMSA ,2970,2970,259526,0,0,0,1,4,320,33,351,10746,2896,2896,254957,0,0,0,1,4,320,21,289,9754
199999,6200,9999,,Phoenix-Mesa  AZ MSA ,38448,38448,4963226,56,112,8642,128,479,37583,723,8674,461276,38331,38331,4955597,56,112,8642,128,479,37583,714,8617,458582
199999,6240,9999,,Pine Bluff  AR MSA ,142,142,9841,16,32,765,0,0,0,0,0,0,127,127,9137,16,32,765,0,0,0,0,0,0
199999,6280,9999,,Pittsburgh  PA MSA ,5129,5129,675689,40,80,4203,68,253,16616,82,1484,73914,4209,4209,575423,30,60,3947,53,205,15744,60,1276,64785
199999,6320,9999,,Pittsfield  MA MSA ,129,129,16470,2,4,312,0,0,0,1,48,1883,94,94,11629,2,4,312,0,0,0,1,48,1883
199999,6340,9999,,Pocatello  ID MSA ,254,254,23691,15,30,1971,6,24,960,0,0,0,254,254,23691,15,30,1971,6,24,960,0,0,0
199999,6400,9999,,Portland  ME MSA ,1292,1292,170221,17,34,2559,5,19,1108,0,0,0,1149,1149,157111,17,34,2559,5,19,1108,0,0,0
199999,6442,6440,,Portland-Vancouver  OR-WA PMSA ,10595,10595,1366642,276,552,45154,151,541,34016,190,3389,201749,10380,10380,1343445,267,534,43691,146,525,33082,175,3251,196747
199999,6442,7080,,Salem  OR PMSA ,1619,1619,207693,49,98,6921,9,30,1721,25,271,15396,1578,1578,203019,47,94,6666,7,24,1395,23,261,14943
199999,6480,9999,,Providence-Fall River-Warwick  RI-MA MSA ,3003,3003,332654,85,170,7338,12,36,896,21,575,29543,2606,2606,300679,41,82,5013,6,20,896,17,555,28743
199999,6520,9999,,Provo-Orem  UT MSA ,3458,3458,420075,45,90,7995,32,121,9845,36,474,25397,3145,3145,373607,45,90,7995,32,121,9845,36,474,25397
199999,6560,9999,,Pueblo  CO MSA ,1173,1173,120194,56,112,7770,14,56,2764,6,96,4706,1173,1173,120194,56,112,7770,14,56,2764,6,96,4706
199999,6580,9999,,Punta Gorda  FL MSA ,1197,1197,135144,8,16,1169,26,100,6165,10,105,6938,1003,1003,114945,6,12,964,23,91,5639,5,47,4134
199999,6640,9999,,Raleigh-Durham-Chapel Hill  NC MSA ,14615,14615,1986892,53,106,6065,59,228,22868,427,6523,294915,14333,14333,1942507,52,104,5925,58,225,22662,421,6438,290000
199999,6660,9999,,Rapid City  SD MSA ,360,360,44800,1,2,35,1,4,240,2,72,4449,360,360,44800,1,2,35,1,4,240,2,72,4449
199999,6680,9999,,Reading  PA MSA ,1561,1561,176871,4,8,567,2,8,302,20,212,10217,1541,1541,174699,3,6,487,2,8,302,20,212,10217
199999,6690,9999,,Redding  CA MSA ,744,744,100537,0,0,0,15,60,3446,0,0,0,744,744,100537,0,0,0,15,60,3446,0,0,0
199999,6720,9999,,Reno  NV MSA ,3076,3076,378685,8,16,1072,10,39,2486,94,1293,60023,3076,3076,378685,8,16,1072,10,39,2486,94,1293,60023
199999,6740,9999,,Richland-Kennewick-Pasco  WA MSA ,963,963,140186,8,16,974,2,7,592,3,31,1541,962,962,140046,8,16,974,2,7,592,3,31,1541
199999,6760,9999,,Richmond-Petersburg  VA MSA ,6486,6486,698118,3,6,246,15,55,2276,116,1260,52147,6359,6359,686800,2,4,182,15,55,2276,109,1189,50376
199999,6800,9999,,Roanoke  VA MSA ,901,901,77163,24,48,2462,8,31,1660,6,82,2892,896,896,76623,23,46,2267,8,31,1660,6,82,2892
199999,6820,9999,,Rochester  MN MSA ,903,903,132668,63,126,14002,29,114,10401,9,242,7335,902,902,132560,63,126,14002,29,114,10401,9,242,7335
199999,6840,9999,,Rochester  NY MSA ,2733,2733,392042,17,34,1834,18,68,4474,102,1447,81535,2561,2561,363677,13,26,1322,17,65,4272,94,1289,77774
199999,6880,9999,,Rockford  IL MSA ,1620,1620,154115,30,60,3715,53,208,11721,21,168,6296,1555,1555,149052,30,60,3715,53,208,11721,20,163,6111
199999,6895,9999,,Rocky Mount  NC MSA ,598,598,50185,4,8,546,0,0,0,12,184,5680,524,524,42901,4,8,546,0,0,0,12,184,5680
199999,6922,6920,,Sacramento  CA PMSA ,10275,10275,1772923,8,16,1405,39,149,11998,168,2579,166938,10202,10202,1758082,8,16,1405,39,149,11998,166,2540,163974
199999,6922,9270,,Yolo  CA PMSA ,689,689,130409,3,6,717,6,24,2950,73,737,49816,689,689,130409,3,6,717,6,24,2950,73,737,49816
199999,6960,9999,,Saginaw-Bay City-Midland  MI MSA ,1034,1034,129850,52,104,11797,6,21,1415,19,201,10427,836,836,110194,46,92,10466,0,0,0,12,166,8134
199999,6980,9999,,St. Cloud  MN MSA ,1059,1059,114602,8,16,1398,5,17,333,9,125,5654,972,972,105939,8,16,1398,1,4,333,9,125,5654
199999,7000,9999,,St. Joseph  MO MSA ,229,229,28324,31,62,3340,2,8,430,8,60,2745,185,185,22666,25,50,2665,2,8,430,6,48,2373
199999,7040,9999,,St. Louis  MO-IL MSA ,10482,10482,1314176,229,458,35591,69,260,14645,113,1412,67711,10303,10303,1290449,226,452,35227,69,260,14645,101,1312,64137
199999,7120,9999,,Salinas  CA MSA ,1484,1484,297388,14,28,3093,3,10,782,45,536,34351,1483,1483,297126,14,28,3093,3,10,782,45,536,34351
199999,7160,9999,,Salt Lake City-Ogden  UT MSA ,7478,7478,922586,85,170,17707,81,307,23439,95,1498,90637,6830,6830,855061,71,142,15384,74,283,21979,79,1268,79444
199999,7200,9999,,San Angelo  TX MSA ,267,267,32256,0,0,0,0,0,0,0,0,0,267,267,32256,0,0,0,0,0,0,0,0,0
199999,7240,9999,,San Antonio  TX MSA ,8678,8678,747876,49,98,3896,12,47,1256,335,4882,154880,8645,8645,743167,49,98,3896,12,47,1256,335,4882,154880
199999,7320,9999,,San Diego  CA MSA ,10070,10070,2175917,27,54,6262,91,283,28886,340,5888,457267,9838,9838,2124105,26,52,5891,91,283,28886,340,5888,457267
199999,7362,5775,,Oakland  CA PMSA ,8852,8852,1550462,12,24,2273,15,55,6444,67,1879,150860,8764,8764,1531315,12,24,2273,15,55,6444,67,1879,150860
199999,7362,7360,,San Francisco  CA PMSA ,1664,1664,423074,113,226,32173,57,185,26221,68,2317,276874,1496,1496,379529,113,226,32173,57,185,26221,68,2317,276874
199999,7362,7400,,San Jose  CA PMSA ,3323,3323,713915,15,30,3583,57,185,21608,171,3342,254338,3320,3320,712703,15,30,3583,57,185,21608,171,3342,254338
199999,7362,7485,,Santa Cruz-Watsonville  CA PMSA ,333,333,81469,5,10,1144,2,7,893,11,115,11298,333,333,81469,5,10,1144,2,7,893,11,115,11298
199999,7362,7500,,Santa Rosa  CA PMSA ,2348,2348,368283,27,54,4151,10,39,2510,37,595,33255,1977,1977,318697,25,50,3830,10,39,2510,37,595,33255
199999,7362,8720,,Vallejo-Fairfield-Napa  CA PMSA ,2083,2083,406277,5,10,939,1,4,248,45,627,38292,2057,2057,401208,5,10,939,1,4,248,44,622,37710
199999,7460,9999,,San Luis Obispo-Atascadero-Paso Robles  CA MSA ,1547,1547,240259,4,8,421,3,12,834,9,81,3399,1547,1547,240259,4,8,421,3,12,834,9,81,3399
199999,7480,9999,,Santa Barbara-Santa Maria-Lompoc  CA MSA ,623,623,147109,21,42,5175,11,43,3648,15,102,10885,623,623,147109,21,42,5175,11,43,3648,15,102,10885
199999,7490,9999,,Santa Fe  NM MSA ,421,421,55000,0,0,0,12,48,2507,44,450,24031,421,421,55000,0,0,0,12,48,2507,44,450,24031
199999,7510,9999,,Sarasota-Bradenton  FL MSA ,5584,5584,696234,34,68,4851,39,155,10810,68,1201,57538,4827,4827,601288,26,52,3860,36,144,9852,43,599,39240
199999,7520,9999,,Savannah  GA MSA ,1941,1941,222532,12,24,1844,13,47,2783,36,463,19798,1899,1899,218542,12,24,1844,13,47,2783,33,414,17971
199999,7560,9999,,Scranton--Wilkes-Barre--Hazleton  PA MSA ,1209,1209,130326,11,22,1126,16,60,2673,6,40,1654,999,999,111790,8,16,875,16,60,2673,6,40,1654
199999,7602,1150,,Bremerton  WA PMSA ,1128,1128,132904,2,4,279,1,4,153,1,12,750,1101,1101,127857,2,4,279,1,4,153,1,12,750
199999,7602,5910,,Olympia  WA PMSA ,1471,1471,185639,45,90,7921,2,7,516,14,395,15831,1471,1471,185639,45,90,7921,2,7,516,14,395,15831
199999,7602,7600,,Seattle-Bellevue-Everett  WA PMSA ,9690,9690,1417142,237,474,41349,117,422,40397,485,9324,635946,8246,8246,1265466,210,420,38320,102,373,33378,426,9005,611208
199999,7602,8200,,Tacoma  WA PMSA ,4401,4401,504592,110,220,15988,26,94,8006,64,651,35949,4333,4333,495598,110,220,15988,23,85,7257,64,651,35949
199999,7610,9999,,Sharon  PA MSA ,344,344,32452,2,4,120,1,3,102,0,0,0,283,283,28021,2,4,120,1,3,102,0,0,0
199999,7620,9999,,Sheboygan  WI MSA ,385,385,54812,36,72,5774,0,0,0,14,140,5421,385,385,54812,36,72,5774,0,0,0,14,140,5421
199999,7640,9999,,Sherman-Denison  TX MSA ,215,215,21083,17,34,1837,0,0,0,1,8,240,215,215,21083,17,34,1837,0,0,0,1,8,240
199999,7680,9999,,Shreveport-Bossier City  LA MSA ,1063,1063,134052,0,0,229,14,48,7713,0,0,0,1041,1041,132031,0,0,229,14,48,7713,0,0,0
199999,7720,9999,,Sioux City  IA-NE MSA ,243,243,28099,2,4,209,0,0,0,9,50,1757,225,225,26198,2,4,209,0,0,0,9,50,1757
199999,7760,9999,,Sioux Falls  SD MSA ,1428,1428,131084,12,24,1831,14,48,2865,18,334,18335,1428,1428,131084,12,24,1831,14,48,2865,18,334,18335
199999,7800,9999,,South Bend  IN MSA ,964,964,127164,9,18,2011,1,4,434,9,411,20072,964,964,127164,9,18,2011,1,4,434,9,411,20072
199999,7840,9999,,Spokane  WA MSA ,1549,1549,191636,45,90,8651,12,37,2172,31,562,30320,1549,1549,191636,45,90,8651,12,37,2172,31,562,30320
199999,7880,9999,,Springfield  IL MSA ,843,843,91045,97,194,12100,12,39,1367,9,70,1972,609,609,75356,96,192,11960,11,35,1292,9,70,1972
199999,7920,9999,,Springfield  MO MSA ,2093,2093,241942,55,110,5392,13,51,1877,20,266,8295,2093,2093,241942,55,110,5392,13,51,1877,20,266,8295
199999,8000,9999,,Springfield  MA MSA ,1035,1035,145069,21,42,3170,30,104,9700,0,0,0,989,989,139377,21,42,3170,30,104,9700,0,0,0
199999,8050,9999,,State College  PA MSA ,647,647,72537,3,6,258,22,76,10637,9,108,6829,555,555,64177,3,6,258,22,76,10637,7,95,6179
199999,8080,9999,,Steubenville-Weirton  OH-WV MSA ,104,104,9630,10,20,700,3,12,583,2,13,315,87,87,8011,2,4,125,3,12,583,2,13,315
199999,8120,9999,,Stockton-Lodi  CA MSA ,4189,4189,593909,7,14,1686,0,0,0,0,0,0,4068,4068,573435,6,12,1564,0,0,0,0,0,0
199999,8140,9999,,Sumter  SC MSA ,259,259,25038,6,12,969,0,0,0,0,0,0,259,259,25038,6,12,969,0,0,0,0,0,0
199999,8160,9999,,Syracuse  NY MSA ,1415,1415,153588,17,34,2142,7,25,1667,2,31,903,1157,1157,127951,10,20,1268,3,9,450,0,0,0
199999,8240,9999,,Tallahassee  FL MSA ,1463,1463,173736,21,42,1612,5,17,365,46,707,29725,1452,1452,172540,21,42,1612,5,17,365,46,707,29725
199999,8280,9999,,Tampa-St. Petersburg-Clearwater  FL MSA ,13309,13309,1336659,162,324,29303,80,291,22805,553,9056,574536,13285,13285,1331789,162,324,29303,80,291,22805,540,8990,570055
199999,8320,9999,,Terre Haute  IN MSA ,444,444,46442,1,2,73,0,0,0,1,50,2600,435,435,45635,1,2,73,0,0,0,1,50,2600
199999,8360,9999,,Texarkana  TX-Texarkana  AR MSA ,214,214,16882,3,6,213,0,0,0,1,144,5000,214,214,16882,3,6,213,0,0,0,1,144,5000
199999,8400,9999,,Toledo  OH MSA ,1773,1773,241959,43,86,6547,21,79,5314,24,359,20708,1773,1773,241959,43,86,6547,21,79,5314,24,359,20708
199999,8440,9999,,Topeka  KS MSA ,598,598,87261,44,88,6360,2,8,560,12,171,8589,598,598,87261,44,88,6360,2,8,560,12,171,8589
199999,8520,9999,,Tucson  AZ MSA ,7234,7234,953740,104,208,16853,33,106,6197,87,1186,62435,7234,7234,953740,104,208,16853,33,106,6197,87,1186,62435
199999,8560,9999,,Tulsa  OK MSA ,3772,3772,459832,5,10,436,11,35,2090,83,1534,74732,3616,3616,439721,5,10,436,11,35,2090,75,1451,71900
199999,8600,9999,,Tuscaloosa  AL MSA ,673,673,76939,0,0,0,0,0,0,3,55,1417,673,673,76939,0,0,0,0,0,0,3,55,1417
199999,8640,9999,,Tyler  TX MSA ,440,440,65898,0,0,0,3,9,450,12,81,3743,122,122,9890,0,0,0,0,0,0,0,0,0
199999,8680,9999,,Utica-Rome  NY MSA ,427,427,43368,1,2,125,0,0,0,1,6,250,355,355,37286,1,2,125,0,0,0,1,6,250
199999,8750,9999,,Victoria  TX MSA ,196,196,21172,1,2,159,0,0,0,0,0,0,196,196,21172,1,2,159,0,0,0,0,0,0
199999,8780,9999,,Visalia-Tulare-Porterville  CA MSA ,1539,1539,157832,8,16,990,6,21,1218,11,60,2990,1466,1466,150364,7,14,784,5,18,1081,11,60,2990
199999,8800,9999,,Waco  TX MSA ,469,469,51294,20,40,2080,5,20,792,1,47,2000,492,492,53641,20,40,2080,5,20,792,1,47,2000
199999,8872,0720,,Baltimore  MD PMSA ,10486,10486,1217987,35,70,3333,2,7,477,141,3043,140472,10478,10478,1217506,35,70,3333,2,7,477,140,3035,140227
199999,8872,3180,,Hagerstown  MD PMSA ,594,594,60859,9,18,1245,0,0,0,3,30,870,594,594,60859,9,18,1245,0,0,0,3,30,870
199999,8872,8840,,Washington  DC-MD-VA-WV PMSA ,28635,28635,3272224,11,22,1467,16,59,8943,384,9241,435388,27121,27121,3102760,9,18,1082,7,26,6784,332,8402,401459
199999,8920,9999,,Waterloo-Cedar Falls  IA MSA ,195,195,27873,4,8,736,0,0,0,2,17,3977,187,187,27407,4,8,736,0,0,0,2,17,3977
199999,8940,9999,,Wausau  WI MSA ,685,685,83873,25,50,4143,2,8,480,3,36,928,665,665,81373,25,50,4143,2,8,480,3,36,928
199999,8960,9999,,West Palm Beach-Boca Raton  FL MSA ,6428,6428,887675,19,38,3433,36,142,14928,213,3400,205369,6400,6400,886109,19,38,3433,36,142,14928,213,3400,205369
199999,9000,9999,,Wheeling  WV-OH MSA ,75,75,6640,3,6,472,9,36,1810,1,8,400,75,75,6640,3,6,472,9,36,1810,1,8,400
199999,9040,9999,,Wichita  KS MSA ,3011,3011,306777,72,144,9178,1,3,125,0,0,0,2756,2756,286854,72,144,9178,1,3,125,0,0,0
199999,9080,9999,,Wichita Falls  TX MSA ,210,210,23027,0,0,0,0,0,0,0,0,0,202,202,22107,0,0,0,0,0,0,0,0,0
199999,9140,9999,,Williamsport  PA MSA ,269,269,28617,0,0,0,1,4,320,1,24,1129,183,183,20297,0,0,0,1,4,320,1,24,1129
199999,9200,9999,,Wilmington  NC MSA ,3104,3104,335249,22,44,3689,8,32,3326,81,660,35479,2663,2663,300064,22,44,3689,8,32,3326,75,624,33705
199999,9260,9999,,Yakima  WA MSA ,462,462,52520,59,118,7719,8,31,1562,7,48,1685,462,462,52520,59,118,7719,8,31,1562,7,48,1685
199999,9280,9999,,York  PA MSA ,1964,1964,214061,22,44,2711,12,47,2369,25,173,7354,1803,1803,196346,22,44,2711,12,47,2369,25,173,7354
199999,9320,9999,,Youngstown-Warren  OH MSA ,1190,1190,139142,53,106,8288,26,102,7511,10,67,3385,1162,1162,136611,52,104,8138,25,99,7342,10,67,3385
199999,9340,9999,,Yuba City  CA MSA ,257,257,37123,0,0,0,4,16,1117,15,126,6752,255,255,36942,0,0,0,4,16,1117,15,126,6752
199999,9360,9999,,Yuma  AZ MSA ,919,919,73561,0,0,0,9,31,1266,11,97,3982,919,919,73561,0,0,0,9,31,1266,11,97,3982
199999,1122,9999,,Boston-Worcester-Lawrence  MA-NH-ME-CT CMSA ,14338,14338,2047981,347,694,55447,109,378,34393,146,2413,243644,12145,12145,1782084,305,610,50581,104,362,33187,106,2196,228876
199999,1602,9999,,Chicago-Gary-Kenosha  IL-IN-WI CMSA ,31531,31531,4677884,399,798,73242,406,1525,139551,702,10259,743475,29435,29435,4359074,374,748,69315,380,1433,133181,665,10004,732711
199999,1642,9999,,Cincinnati-Hamilton  OH-KY-IN CMSA ,11073,11073,1368752,83,166,9522,70,263,21276,378,3937,169060,10039,10039,1264312,66,132,7595,57,223,18130,338,3647,156168
199999,1692,9999,,Cleveland-Akron  OH CMSA ,9989,9989,1664850,136,272,26004,87,292,22468,74,1007,53071,9595,9595,1598669,135,270,25913,77,261,19862,63,918,50335
199999,1922,9999,,Dallas-Fort Worth  TX CMSA ,32573,32573,4711241,96,192,9902,67,264,13786,810,14653,696256,31711,31711,4577223,91,182,9365,67,264,13786,801,14555,693203
199999,2082,9999,,Denver-Boulder-Greeley  CO CMSA ,22363,22363,2990877,280,560,44360,143,519,43261,374,5942,360140,21781,21781,2917344,280,560,44360,142,515,43044,363,5886,356634
199999,2162,9999,,Detroit-Ann Arbor-Flint  MI CMSA ,22649,22649,3121964,160,320,32252,148,557,50054,284,4011,228335,21859,21859,3052705,156,312,31946,141,536,49344,255,3842,221332
199999,3362,9999,,Houston-Galveston-Brazoria  TX CMSA ,25592,25592,3308059,59,118,7164,211,820,38494,583,10145,457933,24987,24987,3237835,58,116,7036,197,769,36257,583,10145,457933
199999,4472,9999,,Los Angeles-Riverside-Orange County  CA CMSA ,38159,38159,7317955,237,474,51595,282,991,94798,664,12014,811620,37079,37079,7101016,220,440,48764,271,958,91826,606,11629,784159
199999,4992,9999,,Miami-Fort Lauderdale  FL CMSA ,15255,15255,1689062,94,188,12890,220,828,47571,429,9513,746085,15193,15193,1691519,94,188,12890,220,828,47571,427,9742,826289
199999,5082,9999,,Milwaukee-Racine  WI CMSA ,4867,4867,808819,252,504,50507,43,163,13497,170,2549,145457,4597,4597,766559,249,498,50056,42,160,13436,152,2447,141928
199999,5602,9999,,New York-Northern New Jersey-Long Island  NY-NJ-CT-PA CMSA ,34376,34376,4730271,2203,4406,271467,630,1976,127255,575,13330,785427,32199,32199,4429407,2124,4248,262384,599,1879,121791,502,12636,737218
199999,6162,9999,,Philadelphia-Wilmington-Atlantic City  PA-NJ-DE-MD CMSA ,19384,19384,2138966,260,520,29643,54,202,14276,264,2875,124324,17745,17745,1975829,248,496,27512,52,196,14113,197,2432,103023
199999,6442,9999,,Portland-Salem  OR-WA CMSA ,12214,12214,1574335,325,650,52075,160,571,35737,215,3660,217145,11958,11958,1546464,314,628,50357,153,549,34477,198,3512,211690
199999,6922,9999,,Sacramento-Yolo  CA CMSA ,10964,10964,1903332,11,22,2122,45,173,14948,241,3316,216754,10891,10891,1888491,11,22,2122,45,173,14948,239,3277,213790
199999,7362,9999,,San Francisco-Oakland-San Jose  CA CMSA ,18603,18603,3543480,177,354,44263,142,475,57924,399,8875,764917,17947,17947,3424921,175,350,43942,142,475,57924,398,8870,764335
199999,7602,9999,,Seattle-Tacoma-Bremerton  WA CMSA ,16690,16690,2240277,394,788,65537,146,527,49072,564,10382,688476,15151,15151,2074560,367,734,62508,128,469,41304,505,10063,663738
199999,8872,9999,,Washington-Baltimore  DC-MD-VA-WV CMSA ,39715,39715,4551070,55,110,6045,18,66,9420,528,12314,576730,38193,38193,4381125,53,106,5660,9,33,7261,475,11467,542556
