Survey,MSA/,PMSA,,MA,,1-unit,,,2-units,,,3-4 units,,,5+ units,,,1-unit rep,,,2-units rep,,,3-4 units rep,,,5+ units rep
Date,CMSA,,,Name,Bldgs,Units,Value,Bldgs,Units,Value,Bldgs,Units,Value,Bldgs,Units,Value,Bldgs,Units,Value,Bldgs,Units,Value,Bldgs,Units,Value,Bldgs,Units,Value

8399,0040,9999, ,ABILENE SMSA,1072,1072,71385,69,138,8556,25,99,2541,7,744,21990,1014,1014,68857,69,138,8556,25,99,2541,7,744,21990
8399,0080,9999, ,AKRON SMSA,939,939,68760,39,78,3515,21,77,3569,33,339,9992,908,908,67295,38,76,3460,18,66,3225,33,339,9992
8399,0120,9999, ,ALBANY SMSA,389,389,12656,48,96,2023,8,32,570,13,120,3030,389,389,12656,48,96,2023,8,32,570,13,120,3030
8399,0160,9999, ,ALBANY-SCHENECTADY-TROY SMSA,1713,1713,94693,59,118,3341,54,197,3296,40,548,14523,1634,1634,90733,59,118,3341,54,197,3296,40,548,14523
8399,0200,9999, ,ALBUQUERQUE SMSA,2760,2760,162112,3,6,123,39,141,3874,39,674,13442,2760,2760,162112,3,6,123,39,141,3874,39,674,13442
8399,0220,9999, ,ALEXANDRIA SMSA,270,270,12217,27,54,1518,2,8,176,14,105,2891,270,270,12217,27,54,1518,2,8,176,14,105,2891
8399,0240,9999, ,ALLENTOWN-BETHLEHEM-EASTON,1971,1971,97122,65,130,3165,22,87,3470,20,302,12383,1909,1909,93496,65,130,3165,22,87,3470,18,273,10729
8399,0280,9999, ,ALTOONA SMSA,120,120,5428,32,64,1552,9,28,679,2,57,2062,120,120,5428,32,64,1552,9,28,679,2,57,2062
8399,0320,9999, ,AMARILLO SMSA,1083,1083,78895,50,100,3300,11,37,359,135,2409,52396,1083,1083,78895,50,100,3300,11,37,359,135,2409,52396
8399,0360,9999, ,ANAHEIM-SANTA ANA-GARDEN GROVE SMS,7368,7368,525975,105,210,13543,257,924,47223,494,4851,184772,7363,7363,525482,105,210,13543,257,924,47223,494,4851,184772
8399,0380,9999, ,ANCHORAGE SMSA,3487,3487,341059,160,320,20571,428,1665,87328,259,3434,144951,3487,3487,341059,160,320,20571,428,1665,87328,259,3434,144951
8399,0400,9999, ,ANDERSON SMSA,86,86,5279,1,2,20,1,4,78,1,100,1350,86,86,5279,1,2,20,1,4,78,1,100,1350
8399,0405,9999, ,ANDERSON SMSA,571,571,25141,5,10,189,10,40,933,1,6,274,568,568,25034,5,10,189,10,40,933,1,6,274
8399,0440,9999, ,ANN ARBOR SMSA,327,327,28562,2,4,140,2,8,500,1,6,154,317,317,26057,2,4,140,2,8,500,1,6,154
8399,0450,9999, ,ANNISTON SMSA,147,147,6995,1,2,30,0,0,0,4,72,950,84,84,3366,1,2,30,0,0,0,4,72,950
8399,0460,9999, ,APPLETON-OSHKOSH SMSA,882,882,48745,94,188,6132,20,80,2352,34,314,8054,853,853,47257,93,186,6060,20,80,2352,34,314,8054
8399,0480,9999, ,ASHEVILLE SMSA,890,890,33176,25,50,1421,26,104,3008,26,203,14151,877,877,31902,25,50,1421,26,104,3008,23,156,4004
8399,0500,9999, ,ATHENS SMSA,623,623,29278,196,392,8186,67,257,5668,65,665,13481,605,605,28639,192,384,8118,67,257,5668,65,665,13481
8399,0520,9999, ,ATLANTA SMSA,28992,28992,1278612,641,1282,34268,333,1133,18124,1115,13053,294167,28971,28971,1277982,640,1280,34242,332,1130,18074,1115,13053,294167
8399,0560,9999, ,ATLANTIC CITY SMSA,718,718,33419,7,14,652,20,66,2078,52,1664,104224,617,617,30631,7,14,652,20,66,2078,52,1664,104224
8399,0600,9999, ,AUGUSTA GA.-S.C. SMSA,2398,2398,99959,87,174,3660,37,145,2491,89,861,14202,2390,2390,99508,86,172,3644,37,145,2491,89,861,14202
8399,0640,9999, ,AUSTIN SMSA,7286,7286,536076,1055,2110,85636,158,610,16247,550,16153,331920,7286,7286,536076,1055,2110,85636,158,610,16247,550,16153,331920
8399,0680,9999, ,BAKERSFIELD SMSA,2988,2988,185022,183,366,13482,215,780,27049,210,1916,49218,2977,2977,184538,183,366,13482,215,780,27049,210,1916,49218
8399,0720,9999, ,BALTIMORE SMSA,13451,13451,664368,0,0,0,3,10,518,168,2744,77516,13451,13451,664368,0,0,0,3,10,518,168,2744,77516
8399,0730,9999, ,BANGOR SMSA,139,139,5577,0,0,0,9,36,812,3,30,600,132,132,5315,0,0,0,9,36,812,3,30,600
8399,0760,9999, ,BATON ROUGE SMSA,3785,3785,134546,96,192,4113,166,644,17779,257,2602,65338,3785,3785,134546,96,192,4113,166,644,17779,257,2602,65338
8399,0780,9999, ,BATTLE CREEK SMSA,264,264,10538,1,2,80,0,0,0,1,24,147,215,215,8642,1,2,80,0,0,0,1,24,147
8399,0800,9999, ,BAY CITY SMSA,97,97,4048,2,4,80,2,8,365,0,0,0,92,92,3961,2,4,80,2,8,365,0,0,0
8399,0840,9999, ,BEAUMONT-PORT ARTHUR-ORANGE SMSA,1440,1440,79256,22,44,1101,11,36,662,94,723,16797,941,941,49832,1,2,66,7,24,577,66,514,11118
8399,0860,9999, ,BELLINGHAM SMSA,511,511,22995,6,12,393,4,16,547,6,98,3191,511,511,22995,6,12,393,4,16,547,6,98,3191
8399,0870,9999, ,BENTON HARBOR,189,189,9401,0,0,0,0,0,0,8,123,2269,156,156,7505,0,0,0,0,0,0,8,123,2269
8399,0880,9999, ,BILLINGS SMSA,692,692,44972,58,116,5823,44,172,5333,58,480,13944,669,669,44360,58,116,5823,44,172,5333,56,469,13719
8399,0920,9999, ,BILOXI-GULFPORT SMSA,1073,1073,47196,24,48,1260,97,376,9606,45,485,13960,1067,1067,47004,24,48,1260,97,376,9606,45,485,13960
8399,0960,9999, ,BINGHAMTON N.Y.-PA. SMSA,480,480,25091,20,40,1036,3,12,382,18,235,5415,417,417,22596,20,40,1036,3,12,382,18,235,5415
8399,1000,9999, ,BIRMINGHAM SMSA,2195,2195,106484,42,84,2989,15,57,1113,115,1971,41508,2184,2184,105962,42,84,2989,15,57,1113,115,1971,41508
8399,1010,9999, ,BISMARCK SMSA,406,406,28149,27,54,2734,27,93,3834,25,461,13622,406,406,28149,27,54,2734,27,93,3834,25,461,13622
8399,1020,9999, ,BLOOMINGTON SMSA,254,254,13490,20,40,1850,9,27,1620,13,106,2914,254,254,13490,20,40,1850,9,27,1620,13,106,2914
8399,1040,9999, ,BLOOMINGTON-NORMAL SMSA,300,300,16238,10,20,542,15,59,1228,19,219,3884,300,300,16238,10,20,542,15,59,1228,19,219,3884
8399,1080,9999, ,BOISE CITY SMSA,1255,1255,70637,16,32,1036,18,66,1860,20,345,7852,1238,1238,69004,16,32,1036,18,66,1860,20,345,7852
8399,1120,9999, ,BOSTON SMSA,4400,4400,285649,135,270,8802,69,245,9650,136,2643,116003,3860,3860,249445,135,270,8802,64,227,9021,94,2309,105735
8399,1140,9999, ,BRADENTON SMSA,1010,1010,50584,220,440,14400,92,343,12339,134,1543,67263,1008,1008,50472,220,440,14400,92,343,12339,134,1543,67263
8399,1150,9999, ,BREMERTON SMSA,1302,1302,54374,40,80,1931,3,11,225,25,406,13699,1283,1283,53097,36,72,1770,3,11,225,25,406,13699
8399,1160,9999, ,BRIDGEPORT SMSA,1058,1058,51745,43,86,2546,13,48,2064,31,338,7419,1058,1058,51745,43,86,2546,13,48,2064,31,338,7419
8399,1170,9999, ,BRISTOL SMSA,325,325,19067,0,0,0,0,0,0,1,173,6851,325,325,19067,0,0,0,0,0,0,1,173,6851
8399,1200,9999, ,BROCKTON SMSA,303,303,15311,6,12,345,5,19,1154,19,130,5952,275,275,14064,6,12,345,5,19,1154,19,130,5952
8399,1240,9999, ,BROWNSVILLE-HARLINGEN-,1158,1158,53646,24,48,1356,29,113,2564,39,668,15157,827,827,38588,21,42,1271,26,102,2358,36,579,12665
8399,1260,9999, ,BRYAN-COLLEGE STATION SMSA,894,894,44620,81,162,5552,16,63,1641,26,304,5903,850,850,42106,76,152,5210,13,52,1297,21,253,4626
8399,1280,9999, ,BUFFALO SMSA,1195,1195,73573,28,56,2042,2,8,260,22,234,5305,1192,1192,73484,28,56,2042,2,8,260,22,234,5305
8399,1300,9999, ,BURLINGTON SMSA,320,320,14090,4,8,209,12,48,1096,12,95,1625,320,320,14090,4,8,209,12,48,1096,12,95,1625
8399,1305,9999, ,BURLINGTON SMSA,412,412,20834,25,50,1331,12,46,1208,29,364,9937,367,367,18601,25,50,1331,12,46,1208,26,338,9542
8399,1320,9999, ,CANTON SMSA,566,566,36370,69,138,5263,16,53,2978,22,154,4441,566,566,36370,69,138,5263,16,53,2978,22,154,4441
8399,1350,9999, ,CASPER SMSA,197,197,11186,10,20,615,2,7,224,0,0,0,197,197,11186,10,20,615,2,7,224,0,0,0
8399,1360,9999, ,CEDAR RAPIDS SMSA,142,142,5980,3,6,170,3,12,213,0,0,0,142,142,5980,3,6,170,3,12,213,0,0,0
8399,1400,9999, ,CHAMPAIGN-URBANA-RANTOUL SMSA,310,310,18406,20,40,1062,4,16,435,25,333,9496,98,98,5813,5,10,415,1,4,76,8,106,2058
8399,1440,9999, ,CHARLESTON-NORTH CHARLESTON SMSA,4125,4125,181221,254,508,12157,119,452,13761,210,1950,42940,4125,4125,181221,254,508,12157,119,452,13761,210,1950,42940
8399,1480,9999, ,CHARLESTON SMSA,147,147,7713,1,2,25,2,8,80,8,84,1500,128,128,6946,1,2,25,2,8,80,8,84,1500
8399,1520,9999, ,CHARLOTTE-GASTONIA SMSA,4946,4946,238755,39,78,2232,82,303,7548,340,3451,72183,4939,4939,238525,39,78,2232,82,303,7548,340,3451,72183
8399,1540,9999, ,CHARLOTTESVILLE SMSA,699,699,39890,36,72,2461,21,79,3050,60,562,19335,699,699,39890,36,72,2461,21,79,3050,60,562,19335
8399,1560,9999, ,CHATTANOOGA TENN.-GA. SMSA,1069,1069,38134,57,114,1994,10,38,630,61,815,16870,970,970,35234,57,114,1994,10,38,630,61,815,16870
8399,1600,9999, ,CHICAGO SMSA,12596,12596,898600,241,482,19820,178,690,28111,379,7344,294141,12527,12527,894384,241,482,19820,167,656,26949,379,7344,294141
8399,1620,9999, ,CHICO SMSA,828,828,51086,51,102,4101,51,185,6438,17,117,3808,828,828,51086,51,102,4101,51,185,6438,17,117,3808
8399,1640,9999, ,CINCINNATI OHIO-KY.-IND. SMSA,3735,3735,196362,47,94,3271,32,113,3226,128,1765,41774,3704,3704,195086,39,78,2753,32,113,3226,119,1621,39657
8399,1660,9999, ,CLARKSVILLE-HOPKINSVILLE,845,845,38850,13,26,560,40,155,4241,25,269,2993,845,845,38850,13,26,560,40,155,4241,25,269,2993
8399,1680,9999, ,CLEVELAND SMSA,2671,2671,224024,72,144,6464,49,184,9324,49,596,27842,2611,2611,217769,72,144,6464,49,184,9324,49,596,27842
8399,1720,9999, ,COLORADO SPRINGS SMSA,5532,5532,221998,27,54,1483,207,790,22149,355,4646,95696,5532,5532,221998,27,54,1483,207,790,22149,355,4646,95696
8399,1740,9999, ,COLUMBIA SMSA,315,315,18514,17,34,1316,12,48,1060,19,302,7803,315,315,18514,17,34,1316,12,48,1060,19,302,7803
8399,1760,9999, ,COLUMBIA SMSA,2258,2258,116359,131,262,7533,68,254,5813,45,642,15833,2258,2258,116359,131,262,7533,68,254,5813,45,642,15833
8399,1800,9999, ,COLUMBUS GA.-ALA. SMSA,584,584,26751,3,6,151,29,111,3328,73,798,20731,584,584,26751,3,6,151,29,111,3328,73,798,20731
8399,1840,9999, ,COLUMBUS SMSA,3679,3679,216336,94,188,5692,61,233,7745,336,2696,76071,3620,3620,211125,94,188,5692,60,230,7665,336,2696,76071
8399,1880,9999, ,CORPUS CHRISTI SMSA,2258,2258,122823,41,82,2865,38,143,5704,377,3521,80380,2238,2238,122365,41,82,2865,38,143,5704,377,3521,80380
8399,1900,9999, ,CUMBERLAND MD.-W.VA SMSA,158,158,5350,1,2,38,1,3,190,19,219,7223,143,143,4941,1,2,38,1,3,190,10,85,1694
8399,1920,9999, ,DALLAS-FORT WORTH SMSA,33393,33393,2381806,1447,2894,124348,614,2366,62247,3815,72618,1775567,32764,32764,2316501,1443,2886,124158,599,2315,60912,3809,72556,1774844
8399,1930,9999, ,DANBURY SMSA,899,899,46235,13,26,739,5,15,373,9,145,3842,895,895,45881,13,26,739,5,15,373,9,145,3842
8399,1950,9999, ,DANVILLE SMSA,259,259,11455,4,8,139,4,16,190,5,77,3005,259,259,11455,4,8,139,4,16,190,5,77,3005
8399,1960,9999, ,DAVENPORT-ROCK ISLAND-MOLINE,625,625,32199,10,20,575,8,30,1218,10,84,2406,625,625,32199,10,20,575,8,30,1218,10,84,2406
8399,2000,9999, ,DAYTON SMSA,1193,1193,63798,58,116,3158,67,254,7304,54,654,15818,1180,1180,63231,58,116,3158,67,254,7304,54,654,15818
8399,2020,9999, ,DAYTONA BEACH SMSA,4196,4196,184393,70,140,5650,38,146,4321,74,1149,35344,4124,4124,181714,69,138,5538,38,146,4321,73,1142,35039
8399,2040,9999, ,DECATUR SMSA,108,108,5603,3,6,296,1,4,188,10,156,3000,108,108,5603,3,6,296,1,4,188,10,156,3000
8399,2080,9999, ,DENVER-BOULDER SMSA,18835,18835,1004997,312,624,30691,93,355,14025,1064,12575,343027,17218,17218,876747,312,624,30691,93,355,14025,1064,12575,343027
8399,2120,9999, ,DES MOINES SMSA,955,955,54440,15,30,1211,10,33,3917,8,186,5812,948,948,54146,15,30,1211,10,33,3917,8,186,5812
8399,2160,9999, ,DETROIT SMSA,5433,5433,364248,52,104,3129,85,328,12253,134,2297,67623,5354,5354,360695,52,104,3129,77,300,11565,134,2297,67623
8399,2200,9999, ,DUBUQUE SMSA,77,77,3934,0,0,0,0,0,0,1,8,175,77,77,3934,0,0,0,0,0,0,1,8,175
8399,2240,9999, ,DULUTH-SUPERIOR MINN.-WIS. SMSA,359,359,12910,15,30,1149,1,4,120,1,8,209,324,324,10799,15,30,1149,1,4,120,1,8,209
8399,2290,9999, ,EAU CLAIRE SMSA,404,404,21126,28,56,2817,28,112,3764,16,147,3714,404,404,21126,28,56,2817,28,112,3764,16,147,3714
8399,2320,9999, ,EL PASO SMSA,2861,2861,112681,142,284,8680,84,333,6443,261,2989,50978,2861,2861,112681,142,284,8680,84,333,6443,261,2989,50978
8399,2330,9999, ,ELKHART SMSA,336,336,18526,2,4,85,1,4,200,15,136,1984,336,336,18526,2,4,85,1,4,200,15,136,1984
8399,2335,9999, ,ELMIRA SMSA,48,48,2754,2,4,34,3,12,340,3,40,500,47,47,2694,2,4,34,3,12,340,3,40,500
8399,2340,9999, ,ENID SMSA,356,356,45064,2,4,180,4,14,635,11,132,4000,356,356,45064,2,4,180,4,14,635,11,132,4000
8399,2360,9999, ,ERIE SMSA,399,399,15438,5,10,290,10,40,1439,11,146,2172,377,377,14739,5,10,290,10,40,1439,11,146,2172
8399,2400,9999, ,EUGENE-SPRINGFIELD SMSA,416,416,26339,1,2,173,1,4,171,0,0,0,386,386,24892,1,2,173,1,4,171,0,0,0
8399,2440,9999, ,EVANSVILLE IND.-KY. SMSA,650,650,33809,9,18,476,11,43,919,48,566,11252,641,641,33317,6,12,295,11,43,919,48,566,11252
8399,2480,9999, ,FALL RIVER MASS.-R.I. SMSA,347,347,16675,4,8,225,1,4,100,2,35,230,332,332,15664,4,8,225,1,4,100,2,35,230
8399,2520,9999, ,FARGO-MOORHEAD ND-MN SMSA,383,383,23080,34,68,2449,8,32,1028,52,822,17396,383,383,23080,34,68,2449,8,32,1028,52,822,17396
8399,2560,9999, ,FAYETTEVILLE SMSA,1820,1820,67193,44,88,1645,37,142,3298,46,349,6551,1809,1809,66794,44,88,1645,37,142,3298,46,349,6551
8399,2580,9999, ,FAYETTEVILLE-SPRINGDALE SMSA,518,518,21407,94,188,3962,73,288,4784,56,537,8432,518,518,21407,94,188,3962,73,288,4784,56,537,8432
8399,2600,9999, ,FITCHBURG-LEOMINSTER SMSA,221,221,10004,1,2,45,0,0,0,1,6,166,201,201,9034,1,2,45,0,0,0,1,6,166
8399,2640,9999, ,FLINT SMSA,459,459,21722,3,6,239,4,16,547,6,253,6194,453,453,21518,3,6,239,4,16,547,6,253,6194
8399,2650,9999, ,FLORENCE SMSA,148,148,6048,2,4,79,0,0,0,4,32,452,139,139,5797,2,4,79,0,0,0,4,32,452
8399,2655,9999, ,FLORENCE SMSA,376,376,15801,8,16,338,3,11,320,5,46,982,375,375,15765,8,16,338,3,11,320,5,46,982
8399,2670,9999, ,FORT COLLINS SMSA,1861,1861,88009,17,34,1132,18,63,2927,50,465,11279,1813,1813,85513,17,34,1132,16,55,2699,45,427,10378
8399,2680,9999, ,FORT LAUDERDALE-HOLLYWOOD SMSA,4519,4519,227892,198,396,12511,224,855,26998,564,8160,262686,4476,4476,224722,185,370,12018,224,855,26998,554,8035,257906
8399,2700,9999, ,FORT MYERS-CAPE CORAL SMSA,3414,3414,169285,528,1056,34367,130,496,16778,246,2747,82350,3414,3414,169285,528,1056,34367,130,496,16778,246,2747,82350
8399,2720,9999, ,FORT SMITH ARK.-OKLA. SMSA,578,578,29730,87,174,4117,11,38,665,33,446,5910,578,578,29730,87,174,4117,11,38,665,33,446,5910
8399,2750,9999, ,FORT WALTON BEACH SMSA,1899,1899,69553,38,76,855,32,119,1507,40,937,36611,446,446,13917,11,22,356,10,35,625,12,96,1757
8399,2760,9999, ,FORT WAYNE SMSA,726,726,48026,34,68,2440,41,145,2952,26,304,7433,726,726,48026,34,68,2440,41,145,2952,26,304,7433
8399,2840,9999, ,FRESNO SMSA,3083,3083,153789,115,230,9065,101,360,10802,262,2375,57307,3083,3083,153789,115,230,9065,101,360,10802,262,2375,57307
8399,2880,9999, ,GADSDEN SMSA,118,118,5228,0,0,0,0,0,0,1,8,125,80,80,3322,0,0,0,0,0,0,1,8,125
8399,2900,9999, ,GAINESVILLE SMSA,1630,1630,56239,26,52,1446,85,330,7446,119,1199,26556,1616,1616,55739,26,52,1446,84,326,7337,119,1199,26556
8399,2920,9999, ,GALVESTON-TEXAS CITY SMSA,1876,1876,108171,2,4,168,48,191,4375,113,2400,41566,1876,1876,108171,2,4,168,48,191,4375,113,2400,41566
8399,2960,9999, ,GARY-HAMMOND-EAST CHICAGO SMSA,775,775,47305,50,100,3113,34,133,4126,3,54,1514,738,738,45495,50,100,3113,34,133,4126,2,34,700
8399,2975,9999, ,GLENS FALLS SMSA,298,298,14797,22,44,1057,0,0,0,8,186,7235,298,298,14797,22,44,1057,0,0,0,8,186,7235
8399,2985,9999, ,GRAND FORKS ND-MN SMSA,144,144,7051,0,0,0,7,28,1670,14,267,4782,144,144,7051,0,0,0,7,28,1670,14,267,4782
8399,3000,9999, ,GRAND RAPIDS SMSA,1795,1795,96983,61,122,5421,64,251,7908,45,491,11294,1736,1736,93283,61,122,5421,63,248,7842,45,491,11294
8399,3040,9999, ,GREAT FALLS SMSA,95,95,6976,0,0,0,1,4,156,2,11,420,95,95,6976,0,0,0,1,4,156,2,11,420
8399,3060,9999, ,GREELEY SMSA,481,481,28570,13,26,1258,15,57,1819,8,59,1594,480,480,28492,13,26,1258,15,57,1819,8,59,1594
8399,3080,9999, ,GREEN BAY SMSA,653,653,38792,82,164,6391,7,28,650,17,193,3450,618,618,37000,82,164,6391,7,28,650,17,193,3450
8399,3120,9999, ,GREENSBORO--WINSTON-SALEM--,4031,4031,169443,99,198,3522,42,157,2312,257,2680,43430,4031,4031,169443,99,198,3522,42,157,2312,257,2680,43430
8399,3160,9999, ,GREENVILLE-SPARTANBURG SMSA,2457,2457,125739,88,176,4981,89,346,10640,138,1731,36561,2457,2457,125739,88,176,4981,89,346,10640,138,1731,36561
8399,3180,9999, ,HAGERSTOWN SMSA,225,225,10116,13,26,645,11,43,1871,19,295,9001,225,225,10116,13,26,645,11,43,1871,19,295,9001
8399,3200,9999, ,HAMILTON-MIDDLETOWN SMSA,772,772,40589,11,22,601,31,123,4962,69,774,27828,771,771,40550,11,22,601,31,123,4962,69,774,27828
8399,3240,9999, ,HARRISBURG SMSA,1526,1526,66056,7,14,551,17,64,1906,39,381,10851,1507,1507,65117,7,14,551,17,64,1906,37,368,10720
8399,3280,9999, ,HARTFORD SMSA,3621,3621,182962,19,38,1264,10,33,988,49,1129,33183,3621,3621,182962,19,38,1264,10,33,988,49,1129,33183
8399,3290,9999, ,HICKORY SMSA,478,478,21442,7,14,378,7,24,510,33,274,5928,478,478,21442,7,14,378,7,24,510,33,274,5928
8399,3320,9999, ,HONOLULU SMSA,1568,1568,106681,32,64,4040,19,69,4046,38,1151,57678,1568,1568,106681,32,64,4040,19,69,4046,38,1151,57678
8399,3360,9999, ,HOUSTON SMSA,28157,28157,1829783,433,866,30311,483,1870,51992,2258,30040,600459,28061,28061,1820589,433,866,30311,483,1870,51992,2237,29786,594592
8399,3400,9999, ,HUNTINGTON-ASHLAND WV-KY-OH SMSA,146,146,7529,4,8,202,3,11,225,1,16,351,141,141,7280,4,8,202,3,11,225,0,0,0
8399,3440,9999, ,HUNTSVILLE SMSA,1495,1495,34653,19,38,615,106,420,5363,229,2563,31632,1494,1494,34640,19,38,615,106,420,5363,229,2563,31632
8399,3480,9999, ,INDIANAPOLIS SMSA,2961,2961,202184,25,50,2453,73,267,9264,255,1985,83365,2948,2948,201556,25,50,2453,73,267,9264,254,1976,83180
8399,3500,9999, ,IOWA CITY SMSA,323,323,20310,65,130,6606,34,134,3325,83,1082,21937,322,322,20248,65,130,6606,34,134,3325,83,1082,21937
8399,3520,9999, ,JACKSON SMSA,133,133,5762,0,0,0,6,21,1060,2,24,400,124,124,5218,0,0,0,6,21,1060,2,24,400
8399,3560,9999, ,JACKSON SMSA,870,870,47347,62,124,3892,24,95,2370,73,708,15742,870,870,47347,62,124,3892,24,95,2370,73,708,15742
8399,3600,9999, ,JACKSONVILLE SMSA,5564,5564,286498,209,418,13918,397,1501,42673,477,4187,135474,5525,5525,284650,186,372,12761,396,1498,42581,458,3854,123697
8399,3605,9999, ,JACKSONVILLE SMSA,1340,1340,49959,1,2,26,0,0,0,5,40,1000,1340,1340,49959,1,2,26,0,0,0,5,40,1000
8399,3620,9999, ,JANESVILLE-BELOIT SMSA,219,219,10540,26,52,1775,3,11,420,2,16,490,196,196,9767,26,52,1775,3,11,420,2,16,490
8399,3640,9999, ,JERSEY CITY SMSA,84,84,3055,49,98,2913,14,43,1045,32,438,15224,83,83,2998,49,98,2913,14,43,1045,32,438,15224
8399,3660,9999, ,JOHNSON CITY-KINGSPORT-BRISTOL,592,592,22158,5,10,233,7,26,508,43,386,9203,566,566,21021,5,10,233,7,26,508,43,386,9203
8399,3680,9999, ,JOHNSTOWN SMSA,225,225,8477,62,124,3113,0,0,0,0,0,0,222,222,8413,1,2,35,0,0,0,0,0,0
8399,3710,9999, ,JOPLIN SMSA,194,194,11172,19,38,1038,9,35,1087,4,29,492,177,177,9073,13,26,814,9,35,1087,4,29,492
8399,3720,9999, ,KALAMAZOO-PORTAGE SMSA,413,413,23404,8,16,915,17,63,1895,12,420,12114,391,391,22337,7,14,850,17,63,1895,12,420,12114
8399,3740,9999, ,KANKAKEE SMSA,80,80,3722,13,26,605,3,12,220,0,0,0,77,77,3622,13,26,605,3,12,220,0,0,0
8399,3760,9999, ,KANSAS CITY MO.-KANS. SMSA,5405,5405,340248,643,1286,48942,178,699,16155,184,2198,49494,5387,5387,339671,643,1286,48942,178,699,16155,184,2198,49494
8399,3800,9999, ,KENOSHA SMSA,163,163,9153,4,8,280,9,36,1667,5,42,965,162,162,9077,4,8,280,9,36,1667,5,42,965
8399,3810,9999, ,KILLEEN-TEMPLE SMSA,1485,1485,76713,92,184,5516,35,134,2761,149,1886,40821,1485,1485,76713,92,184,5516,35,134,2761,149,1886,40821
8399,3840,9999, ,KNOXVILLE SMSA,1547,1547,64910,5,10,207,42,165,3282,54,509,13854,1547,1547,64910,5,10,207,42,165,3282,54,509,13854
8399,3850,9999, ,KOKOMO SMSA,89,89,5566,4,8,299,0,0,0,1,106,5300,89,89,5566,4,8,299,0,0,0,1,106,5300
8399,3870,9999, ,LACROSSE SMSA,223,223,12842,24,48,1533,10,39,1208,3,47,590,223,223,12842,24,48,1533,10,39,1208,3,47,590
8399,3880,9999, ,LAFAYETTE SMSA,2187,2187,122142,0,0,0,238,940,24573,127,1837,29247,257,257,13485,0,0,0,2,6,204,46,1231,14949
8399,3920,9999, ,LAFAYETTE-WEST LAFAYETTE SMSA,214,214,12179,13,26,1064,6,24,878,14,137,3068,214,214,12179,13,26,1064,6,24,878,14,137,3068
8399,3960,9999, ,LAKE CHARLES SMSA,199,199,11844,6,12,251,9,32,1354,9,86,2474,183,183,10899,6,12,251,9,32,1354,9,86,2474
8399,3980,9999, ,LAKELAND-WINTER HAVEN SMSA,2014,2014,87777,175,350,8687,93,332,7312,96,1106,30390,2007,2007,87557,175,350,8687,93,332,7312,96,1106,30390
8399,4000,9999, ,LANCASTER SMSA,1724,1724,80301,31,62,1561,12,44,992,12,168,6352,1655,1655,77588,31,62,1561,12,44,992,12,168,6352
8399,4040,9999, ,LANSING-EAST LANSING SMSA,940,940,49874,6,12,382,15,60,2241,21,200,4172,903,903,48423,6,12,382,15,60,2241,21,200,4172
8399,4080,9999, ,LAREDO SMSA,272,272,6176,15,30,753,0,0,0,1,6,80,272,272,6176,15,30,753,0,0,0,1,6,80
8399,4100,9999, ,LAS CRUCES SMSA,927,927,49099,23,46,1261,52,198,4504,10,148,2894,925,925,48973,23,46,1261,52,198,4504,10,148,2894
8399,4120,9999, ,LAS VEGAS SMSA,6345,6345,270786,13,26,877,232,812,17800,576,5768,133270,6345,6345,270786,13,26,877,232,812,17800,576,5768,133270
8399,4150,9999, ,LAWRENCE SMSA,273,273,15934,48,96,3544,35,127,3577,5,75,1422,273,273,15934,48,96,3544,35,127,3577,5,75,1422
8399,4160,9999, ,LAWRENCE-HAVERHILL MA-NH SMSA,1371,1371,75946,36,72,1873,2,7,230,12,138,4231,1355,1355,74465,36,72,1873,2,7,230,12,138,4231
8399,4200,9999, ,LAWTON SMSA,701,701,35566,23,46,1998,3,12,585,31,333,4520,701,701,35566,23,46,1998,3,12,585,31,333,4520
8399,4240,9999, ,LEWISTON-AUBURN SMSA,111,111,5549,0,0,0,0,0,0,2,14,280,94,94,4916,0,0,0,0,0,0,2,14,280
8399,4280,9999, ,LEXINGTON-FAYETTE SMSA,1536,1536,79475,53,106,3345,20,80,2463,87,1042,29192,1453,1453,76601,53,106,3345,20,80,2463,84,1003,28450
8399,4320,9999, ,LIMA SMSA,214,214,14315,6,12,313,2,6,190,1,36,387,194,194,13559,6,12,313,2,6,190,1,36,387
8399,4360,9999, ,LINCOLN SMSA,479,479,32137,15,30,898,3,11,560,28,486,9040,479,479,32137,15,30,898,3,11,560,28,486,9040
8399,4400,9999, ,LITTLE ROCK-N. LITTLE ROCK SMSA,896,896,54453,44,88,2885,32,123,5952,155,2387,57742,888,888,53811,44,88,2885,32,123,5952,151,2304,55202
8399,4410,9999, ,LONG BRANCH-ASBURY PARK SMSA,3428,3428,205438,12,24,632,19,76,3851,60,614,29956,3196,3196,184451,12,24,632,19,76,3851,59,599,29673
8399,4420,9999, ,LONGVIEW-MARSHALL SMSA,588,588,42654,35,70,2808,6,24,580,16,806,13863,588,588,42654,35,70,2808,6,24,580,16,806,13863
8399,4440,9999, ,LORAIN-ELYRIA SMSA,243,243,17896,0,0,0,0,0,0,0,0,0,243,243,17896,0,0,0,0,0,0,0,0,0
8399,4480,9999, ,LOS ANGELES-LONG BEACH SMSA,10818,10818,938045,399,798,55006,351,1288,65486,1169,15063,727535,10805,10805,937473,399,798,55006,351,1288,65486,1168,15058,727292
8399,4520,9999, ,CHARLESTOWN. . . . . . . . . . . .,1829,1829,104138,30,60,1414,65,257,7380,125,1545,30002,1798,1798,103001,30,60,1414,65,257,7380,125,1545,30002
8399,4560,9999, ,LOWELL MASS.-N.H. SMSA,1277,1277,60770,24,48,1457,11,37,1192,19,410,12801,1277,1277,60770,24,48,1457,11,37,1192,19,410,12801
8399,4600,9999, ,LUBBOCK SMSA,1292,1292,101216,135,270,11787,16,61,2620,217,2526,57760,1292,1292,101216,135,270,11787,16,61,2620,217,2526,57760
8399,4640,9999, ,LYNCHBURG SMSA,420,420,19700,7,14,755,19,74,2018,14,156,3310,420,420,19700,7,14,755,19,74,2018,14,156,3310
8399,4680,9999, ,MACON SMSA,1066,1066,54965,20,40,1064,12,48,1129,158,1508,29143,1064,1064,54895,20,40,1064,12,48,1129,147,1424,27189
8399,4720,9999, ,MADISON SMSA,1214,1214,72244,73,146,5671,34,134,3979,52,714,17781,1214,1214,72244,73,146,5671,34,134,3979,52,714,17781
8399,4760,9999, ,MANCHESTER SMSA,1025,1025,52324,94,188,4430,17,66,1422,39,621,11401,1020,1020,52179,94,188,4430,17,66,1422,39,621,11401
8399,4800,9999, ,MANSFIELD SMSA,179,179,9958,4,8,211,3,10,210,4,47,660,179,179,9958,4,8,211,3,10,210,4,47,660
8399,4880,9999, ,MCALLEN-PHARR-EDINBURG SMSA,1352,1352,60305,59,118,3102,27,104,2002,40,325,5407,1235,1235,56137,59,118,3102,27,104,2002,40,325,5407
8399,4890,9999, ,MEDFORD SMSA,415,415,24051,2,4,139,1,4,148,1,91,2985,415,415,24051,2,4,139,1,4,148,1,91,2985
8399,4900,9999, ,MELBOURNE-TITUSVILLE-COCOA SMSA,4449,4449,242883,117,234,8816,88,331,12282,199,2352,214598,4449,4449,242883,117,234,8816,88,331,12282,199,2352,214598
8399,4920,9999, ,MEMPHIS TENN.-ARK.-MISS. SMSA,4059,4059,222768,33,66,2419,39,146,3448,49,1022,24611,4021,4021,221280,33,66,2419,39,146,3448,48,1015,24531
8399,4960,9999, ,MERIDEN SMSA,206,206,6493,0,0,0,0,0,0,17,142,2188,206,206,6493,0,0,0,0,0,0,17,142,2188
8399,5000,9999, ,MIAMI SMSA,5291,5291,344296,337,674,29231,113,439,13533,493,6509,224464,5202,5202,341047,316,632,28345,102,401,12892,439,6089,215332
8399,5040,9999, ,MIDLAND SMSA,692,692,42184,2,4,180,5,20,560,8,824,18472,692,692,42184,2,4,180,5,20,560,8,824,18472
8399,5080,9999, ,MILWAUKEE SMSA,2049,2049,127620,121,242,9838,47,185,8916,73,1207,42086,1963,1963,122167,117,234,9559,47,185,8916,71,1197,41894
8399,5120,9999, ,MINNEAPOLIS-ST. PAUL MN-WI SMSA,11420,11420,766385,234,468,22451,292,1153,47523,193,4570,187332,11368,11368,761829,234,468,22451,292,1153,47523,193,4570,187332
8399,5160,9999, ,MOBILE SMSA,1033,1033,27475,23,46,1507,62,236,7411,83,823,30178,1033,1033,27475,23,46,1507,62,236,7411,83,823,30178
8399,5170,9999, ,MODESTO SMSA,1250,1250,68098,37,74,2739,37,135,4506,36,373,10532,1233,1233,67443,37,74,2739,37,135,4506,36,373,10532
8399,5200,9999, ,MONROE SMSA,560,560,29642,2,4,95,64,234,4460,2,16,400,549,549,28881,2,4,95,60,219,4137,2,16,400
8399,5240,9999, ,MONTGOMERY SMSA,1034,1034,42289,5,10,99,1,4,80,24,247,5240,1034,1034,42289,5,10,99,1,4,80,24,247,5240
8399,5280,9999, ,MUNCIE SMSA,94,94,4116,1,2,65,4,16,360,6,53,558,94,94,4116,1,2,65,4,16,360,6,53,558
8399,5320,9999, ,MUSKEGON-NORTON SHORES-,239,239,11267,2,4,102,2,8,195,3,41,1300,209,209,9670,2,4,102,2,8,195,3,41,1300
8399,5350,9999, ,NASHUA SMSA,964,964,44678,56,112,3291,4,13,1007,30,349,13151,964,964,44678,56,112,3291,4,13,1007,30,349,13151
8399,5360,9999, ,NASHVILLE-DAVIDSON SMSA,3980,3980,208075,1292,2584,84297,61,233,7663,182,4943,128234,3807,3807,194547,1292,2584,84297,52,202,6924,182,4943,128234
8399,5380,9999, ,NASSAU-SUFFOLK SMSA,4782,4782,270103,56,112,3828,3,12,179,59,1254,24282,4732,4732,266580,56,112,3828,3,12,179,59,1254,24282
8399,5400,9999, ,NEW BEDFORD SMSA,314,314,19555,11,22,620,1,4,145,0,0,0,311,311,19420,11,22,620,1,4,145,0,0,0
8399,5440,9999, ,NEW BRITAIN SMSA,317,317,10134,6,12,256,6,22,587,10,79,1578,317,317,10134,6,12,256,6,22,587,10,79,1578
8399,5460,9999, ,NEW BRUNSWICK-PERTH AMBOY-,3594,3594,180489,54,108,2719,39,154,2181,174,2563,71461,3555,3555,178538,54,108,2719,39,154,2181,170,2454,67238
8399,5480,9999, ,NEW HAVEN-WEST HAVEN SMSA,1119,1119,59538,16,32,1070,32,115,4373,51,552,15452,1119,1119,59538,16,32,1070,32,115,4373,51,552,15452
8399,5520,9999, ,NEW LONDON-NORWICH CT.-R.I. SMSA,900,900,43593,32,64,2271,3,12,741,3,27,514,896,896,43383,32,64,2271,3,12,741,3,27,514
8399,5560,9999, ,NEW ORLEANS SMSA,6431,6431,236856,211,422,9683,267,1020,22401,252,4543,97838,6379,6379,235503,211,422,9683,267,1020,22401,252,4543,97838
8399,5600,9999, ,NEW YORK N.Y.-N.J. SMSA,4915,4915,345013,1053,2106,60080,303,984,33674,251,9244,331080,4625,4625,327413,1036,2072,58965,302,981,33571,224,8788,310279
8399,5640,9999, ,NEWARK SMSA,4497,4497,299154,48,96,3972,34,128,6198,44,397,14702,4433,4433,293626,48,96,3972,34,128,6198,44,397,14702
8399,5645,9999, ,NEWARK SMSA,209,209,12019,4,8,260,4,12,60,2,12,337,181,181,10474,4,8,260,4,12,60,2,12,337
8399,5660,9999, ,NEWBURGH-MIDDLETOWN SMSA,868,868,38745,7,14,348,1,4,80,13,93,1485,672,672,30226,7,14,348,1,4,80,13,93,1485
8399,5680,9999, ,NEWPORT NEWS-HAMPTON SMSA,2625,2625,141987,42,84,2027,36,143,3654,74,707,14298,2625,2625,141987,42,84,2027,36,143,3654,74,707,14298
8399,5720,9999, ,NORFOLK-VIRGINIA BEACH-,9702,9702,489359,266,532,14662,38,143,3855,192,2363,49348,9690,9690,488824,266,532,14662,38,143,3855,191,2352,49013
8399,5745,9999, ,NORTHEAST PENNSYLVANIA SMSA,1499,1499,66498,6,12,393,8,28,880,15,272,11249,1232,1232,55800,6,12,393,6,22,666,9,131,3735
8399,5760,9999, ,NORWALK SMSA,281,281,32578,22,44,1816,5,20,720,22,225,7836,281,281,32578,22,44,1816,5,20,720,22,225,7836
8399,5790,9999, ,OCALA SMSA,2604,2604,78610,77,154,3414,37,144,2318,15,113,2571,907,907,28060,49,98,1602,13,51,813,15,113,2571
8399,5800,9999, ,ODESSA SMSA,150,150,10822,2,4,152,0,0,0,7,215,4385,97,97,7080,1,2,42,0,0,0,1,17,850
8399,5880,9999, ,OKLAHOMA CITY SMSA,9605,9605,553838,382,764,25782,231,873,40530,836,10222,253612,9595,9595,553300,382,764,25782,231,873,40530,836,10222,253612
8399,5910,9999, ,OLYMPIA SMSA,816,816,43942,25,50,2115,18,72,2474,25,186,6066,816,816,43942,25,50,2115,18,72,2474,25,186,6066
8399,5920,9999, ,OMAHA NEBR.-IOWA SMSA,2350,2350,90722,76,152,4887,13,50,1063,33,393,5697,2334,2334,89875,76,152,4887,13,50,1063,33,393,5697
8399,5960,9999, ,ORLANDO SMSA,12143,12143,478599,322,644,14299,356,1382,40619,700,6979,166569,12143,12143,478599,322,644,14299,356,1382,40619,700,6979,166569
8399,5990,9999, ,OWENSBORO SMSA,278,278,9767,24,48,1126,19,76,1365,23,225,2344,278,278,9767,24,48,1126,19,76,1365,23,225,2344
8399,6000,9999, ,OXNARD-SIMI VALLEY-VENTURA SMSA,2205,2205,196217,100,200,11340,48,165,7570,99,944,33344,2205,2205,196217,100,200,11340,48,165,7570,99,944,33344
8399,6015,9999, ,PANAMA CITY SMSA,1772,1772,63207,72,144,2522,110,419,8023,150,1558,46382,1757,1757,62557,72,144,2522,110,419,8023,150,1558,46382
8399,6020,9999, ,PARKERSBURG-MARIETTA WV-OH SMSA,123,123,4975,4,8,202,8,31,430,6,42,1055,106,106,4517,4,8,202,0,0,0,3,24,465
8399,6025,9999, ,PASCAGOULA-MOSS POINT SMSA,521,521,16651,4,8,115,19,76,2529,10,80,720,521,521,16651,4,8,115,19,76,2529,10,80,720
8399,6040,9999, ,PATERSON-CLIFTON-PASSAIC SMSA,419,419,24044,14,28,1009,1,3,65,23,217,6975,419,419,24044,14,28,1009,1,3,65,23,217,6975
8399,6080,9999, ,PENSACOLA SMSA,2904,2904,114814,185,370,7485,240,936,23295,157,2244,93939,2855,2855,113829,185,370,7485,240,936,23295,151,2200,93049
8399,6120,9999, ,PEORIA SMSA,231,231,14364,19,38,1746,1,4,110,3,477,19186,230,230,14315,19,38,1746,1,4,110,3,477,19186
8399,6140,9999, ,PETERSBURG-COLONIAL HEIGHTS-,409,409,15653,5,10,146,0,0,0,0,0,0,409,409,15653,5,10,146,0,0,0,0,0,0
8399,6160,9999, ,PHILADELPHIA PA.-N.J. SMSA,11387,11387,538584,584,1168,27699,72,263,11214,222,2737,72641,10976,10976,514022,570,1140,26919,57,211,9835,219,2706,71649
8399,6200,9999, ,PHOENIX SMSA,21006,21006,1079448,391,782,18684,616,2312,56122,1746,20724,484423,20990,20990,1079005,383,766,18334,616,2312,56122,1746,20724,484423
8399,6240,9999, ,PINE BLUFF SMSA,79,79,2138,5,10,189,0,0,0,0,0,0,77,77,2070,5,10,189,0,0,0,0,0,0
8399,6280,9999, ,PITTSBURGH SMSA,3009,3009,175479,76,152,6713,22,80,1947,102,1592,67518,2913,2913,171442,76,152,6713,22,80,1947,88,1473,63995
8399,6320,9999, ,PITTSFIELD SMSA,158,158,8262,0,0,0,1,4,30,15,120,3926,132,132,7502,0,0,0,1,4,30,15,120,3926
8399,6400,9999, ,PORTLAND SMSA,714,714,37104,6,12,558,21,77,3419,22,312,9451,684,684,35936,6,12,558,21,77,3419,22,312,9451
8399,6440,9999, ,PORTLAND OREG.-WASH. SMSA,3887,3887,259628,76,152,5689,59,218,7181,67,707,46683,3843,3843,257506,76,152,5689,59,218,7181,60,667,46012
8399,6450,9999, ,PORTSMOUTH-DOVER-ROCHESTER N.H.-,868,868,39660,12,24,656,5,19,392,12,324,5389,757,757,33486,12,24,656,5,19,392,12,324,5389
8399,6460,9999, ,POUGHKEEPSIE SMSA,1044,1044,49831,11,22,229,7,22,736,19,308,5894,920,920,43416,11,22,229,7,22,736,19,308,5894
8399,6480,9999, ,PROVIDENCE-WARWICK-PAWTUCKET,2282,2282,98089,39,78,2141,42,160,4484,56,952,25879,1993,1993,85842,38,76,2094,42,160,4484,45,869,24785
8399,6520,9999, ,PROVO-OREM SMSA,878,878,49090,31,62,2596,14,52,2284,26,289,13178,876,876,49025,31,62,2596,14,52,2284,26,289,13178
8399,6560,9999, ,PUEBLO SMSA,99,99,3231,3,6,104,9,35,487,1,6,101,99,99,3231,3,6,104,9,35,487,1,6,101
8399,6600,9999, ,RACINE SMSA,254,254,14511,0,0,0,2,8,650,16,178,5584,194,194,12474,0,0,0,2,8,650,16,178,5584
8399,6640,9999, ,RALEIGH-DURHAM SMSA,6683,6683,348892,188,376,9845,238,867,18851,354,3443,76896,6676,6676,348482,188,376,9845,238,867,18851,354,3443,76896
8399,6680,9999, ,READING SMSA,845,845,37532,2,4,59,23,88,2179,12,153,3955,787,787,34200,2,4,59,23,88,2179,12,153,3955
8399,6690,9999, ,REDDING SMSA,923,923,53345,3,6,127,32,127,4010,16,135,4695,838,838,48267,3,6,127,27,107,3216,16,135,4695
8399,6720,9999, ,RENO SMSA,1312,1312,78836,5,10,891,16,63,4102,68,684,14211,1312,1312,78836,5,10,891,16,63,4102,68,684,14211
8399,6740,9999, ,RICHLAND-KENNEWICK-PASCO SMSA,189,189,11097,3,6,162,3,10,124,0,0,0,189,189,11097,3,6,162,3,10,124,0,0,0
8399,6760,9999, ,RICHMOND SMSA,6101,6101,215434,17,34,1085,0,0,0,86,1163,16487,6101,6101,215434,17,34,1085,0,0,0,86,1163,16487
8399,6780,9999, ,RIVERSIDE-SAN BERNARDINO-,18727,18727,1308626,387,774,34070,290,1091,41418,510,4363,146539,18725,18725,1308523,387,774,34070,288,1083,41109,510,4363,146539
8399,6800,9999, ,ROANOKE SMSA,821,821,34892,14,28,459,1,4,150,15,173,4156,821,821,34892,14,28,459,1,4,150,15,173,4156
8399,6820,9999, ,ROCHESTER SMSA,631,631,34311,18,36,1941,65,255,7784,4,44,1290,631,631,34311,18,36,1941,65,255,7784,4,44,1290
8399,6840,9999, ,ROCHESTER SMSA,2771,2771,165414,21,42,1243,5,20,950,54,563,15990,2753,2753,164738,21,42,1243,5,20,950,54,563,15990
8399,6880,9999, ,ROCKFORD SMSA,441,441,20346,19,38,1519,15,58,1265,10,135,3190,416,416,19170,19,38,1519,15,58,1265,10,135,3190
8399,6885,9999, ,ROCK HILL SMSA,779,779,31573,7,14,261,9,35,736,10,77,2208,779,779,31573,7,14,261,9,35,736,10,77,2208
8399,6920,9999, ,SACRAMENTO SMSA,7996,7996,496783,110,220,8453,43,152,6610,233,2582,78973,7996,7996,496783,110,220,8453,43,152,6610,233,2582,78973
8399,6960,9999, ,SAGINAW SMSA,130,130,6290,7,14,584,0,0,0,8,66,1250,120,120,5847,7,14,584,0,0,0,2,24,480
8399,6980,9999, ,ST. CLOUD SMSA,688,688,35601,8,16,583,8,32,1065,48,850,19741,656,656,33992,7,14,500,8,32,1065,47,836,19431
8399,7000,9999, ,ST. JOSEPH SMSA,193,193,6969,5,10,207,5,17,410,2,98,2200,183,183,6628,5,10,207,5,17,410,2,98,2200
8399,7040,9999, ,ST. LOUIS MO.-ILL. SMSA,8060,8060,460231,253,506,16339,142,545,14125,240,2554,68307,8025,8025,457778,245,490,15934,142,545,14125,239,2532,67747
8399,7080,9999, ,SALEM SMSA,443,443,20843,3,6,161,12,45,898,1,107,2150,435,435,20445,3,6,161,12,45,898,1,107,2150
8399,7120,9999, ,SALINAS-SEASIDE-MONTEREY SMSA,885,885,74780,17,34,1247,30,117,4900,26,250,7650,885,885,74780,17,34,1247,30,117,4900,26,250,7650
8399,7140,9999, ,SALISBURY-CONCORD SMSA,752,752,35371,22,44,910,16,58,1649,11,107,2790,752,752,35371,22,44,910,16,58,1649,11,107,2790
8399,7160,9999, ,SALT LAKE CITY-OGDEN SMSA,6288,6288,335930,118,236,8489,98,387,11916,194,3202,94553,6285,6285,335796,118,236,8489,98,387,11916,194,3202,94553
8399,7200,9999, ,SAN ANGELO SMSA,555,555,15682,23,46,967,1,4,78,29,488,7216,555,555,15682,23,46,967,1,4,78,29,488,7216
8399,7240,9999, ,SAN ANTONIO SMSA,5030,5030,223608,241,482,11426,36,144,3088,950,9909,172709,5025,5025,223344,241,482,11426,36,144,3088,950,9909,172709
8399,7320,9999, ,SAN DIEGO SMSA,11052,11052,937641,222,444,25480,384,1394,74163,642,7891,291802,11052,11052,937641,222,444,25480,384,1394,74163,642,7891,291802
8399,7360,9999, ,SAN FRANCISCO-OAKLAND SMSA,9472,9472,781197,152,304,30924,217,778,45600,329,5092,261721,9466,9466,780348,152,304,30924,217,778,45600,327,5081,260936
8399,7400,9999, ,SAN JOSE SMSA,3255,3255,264192,121,242,12823,71,266,13040,373,3473,130462,3255,3255,264192,121,242,12823,71,266,13040,373,3473,130462
8399,7480,9999, ,SANTA BARBARA-SANTA MARIA-,1603,1603,142256,17,34,2287,40,143,6870,35,252,10683,1603,1603,142256,17,34,2287,40,143,6870,35,252,10683
8399,7485,9999, ,SANTA CRUZ SMSA,660,660,54939,41,82,3989,33,121,5564,31,247,9810,660,660,54939,41,82,3989,33,121,5564,31,247,9810
8399,7500,9999, ,SANTA ROSA SMSA,2800,2800,201861,92,184,7825,68,257,9045,63,535,15929,2747,2747,198101,91,182,7764,68,257,9045,62,528,15738
8399,7510,9999, ,SARASOTA SMSA,2727,2727,101661,254,508,14236,60,218,6838,80,1036,30204,2713,2713,101072,247,494,13908,59,214,6737,79,1023,29642
8399,7520,9999, ,SAVANNAH SMSA,1165,1165,73252,79,158,4345,68,268,6414,58,790,20775,1151,1151,72982,79,158,4345,68,268,6414,58,790,20775
8399,7600,9999, ,SEATTLE-EVERETT SMSA,8161,8161,638063,174,348,14898,207,779,31187,346,4578,183811,8056,8056,631540,172,344,14820,201,756,29820,341,4524,182594
8399,7610,9999, ,SHARON SMSA,111,111,6790,2,4,183,2,8,315,7,60,1413,107,107,6670,2,4,183,2,8,315,7,60,1413
8399,7620,9999, ,SHEBOYGAN SMSA,202,202,10948,7,14,513,7,27,1016,2,15,400,202,202,10948,7,14,513,7,27,1016,2,15,400
8399,7640,9999, ,SHERMAN-DENISON SMSA,194,194,9017,23,46,1067,1,4,80,0,0,0,194,194,9017,23,46,1067,1,4,80,0,0,0
8399,7680,9999, ,SHREVEPORT SMSA,1314,1314,61716,26,52,1225,14,56,1590,175,1696,36645,1090,1090,53008,25,50,1205,14,56,1590,145,1256,28405
8399,7720,9999, ,SIOUX CITY IOWA-NEBR. SMSA,163,163,6302,1,2,33,1,4,78,2,12,148,163,163,6302,1,2,33,1,4,78,2,12,148
8399,7760,9999, ,SIOUX FALLS SMSA,572,572,21436,5,10,335,2,8,183,21,522,10516,572,572,21436,5,10,335,2,8,183,21,522,10516
8399,7800,9999, ,SOUTH BEND SMSA,397,397,26053,21,42,2081,5,20,640,8,73,2000,397,397,26053,21,42,2081,5,20,640,8,73,2000
8399,7840,9999, ,SPOKANE SMSA,1054,1054,60435,36,72,2505,7,27,729,7,93,2052,1054,1054,60435,36,72,2505,7,27,729,7,93,2052
8399,7880,9999, ,SPRINGFIELD SMSA,320,320,18255,5,10,379,17,68,1731,22,275,6352,315,315,17992,5,10,379,17,68,1731,22,275,6352
8399,7920,9999, ,SPRINGFIELD SMSA,778,778,33356,33,66,1794,7,25,758,12,296,9693,778,778,33356,33,66,1794,7,25,758,12,296,9693
8399,7960,9999, ,SPRINGFIELD SMSA,193,193,12057,1,2,30,3,11,295,0,0,0,187,187,11898,1,2,30,3,11,295,0,0,0
8399,8000,9999, ,SPRINGFIELD-CHICOPEE-HOLYOKE,970,970,46981,50,100,2431,6,23,721,18,260,9255,854,854,43776,50,100,2431,6,23,721,18,260,9255
8399,8040,9999, ,STAMFORD SMSA,367,367,49809,12,24,1591,6,22,2186,17,242,10464,367,367,49809,12,24,1591,6,22,2186,17,242,10464
8399,8050,9999, ,STATE COLLEGE SMSA,412,412,17189,1,2,76,1,4,69,11,237,7303,407,407,16976,1,2,76,1,4,69,11,237,7303
8399,8080,9999, ,STEUBENVILLE-WEIRTON OH-WV SMSA,30,30,1365,1,2,20,0,0,0,0,0,0,27,27,1226,1,2,20,0,0,0,0,0,0
8399,8120,9999, ,STOCKTON SMSA,2279,2279,139979,32,64,2472,14,46,1398,48,1370,43958,2859,2859,180236,41,82,3214,16,52,1628,68,2036,70621
8399,8160,9999, ,SYRACUSE SMSA,1482,1482,66845,6,12,217,4,16,300,9,222,4904,1442,1442,65824,6,12,217,4,16,300,9,222,4904
8399,8200,9999, ,TACOMA SMSA,2444,2444,160854,95,190,6830,89,354,10501,29,306,8497,2444,2444,160854,95,190,6830,89,354,10501,29,306,8497
8399,8240,9999, ,TALLAHASSEE SMSA,2217,2217,87898,167,334,8848,89,344,7926,51,395,7965,2217,2217,87898,167,334,8848,89,344,7926,51,395,7965
8399,8280,9999, ,TAMPA-ST. PETERSBURG SMSA,16096,16096,560460,660,1320,26221,486,1783,41799,881,10337,260015,15667,15667,546881,638,1276,25536,480,1760,41067,872,10257,258112
8399,8320,9999, ,TERRE HAUTE SMSA,271,271,10826,11,22,702,0,0,0,3,25,1600,101,101,5136,11,22,702,0,0,0,3,25,1600
8399,8360,9999, ,TEXARKANA TX-TEXARKANA AR SMSA,284,284,12457,32,64,1563,34,134,3018,26,242,4334,256,256,10871,32,64,1563,34,134,3018,23,210,3708
8399,8400,9999, ,TOLEDO OHIO-MICH. SMSA,1021,1021,78999,17,34,1831,31,116,4722,51,824,12532,845,845,67285,17,34,1831,31,116,4722,42,756,10590
8399,8440,9999, ,TOPEKA SMSA,553,553,31665,38,76,2664,16,59,2416,9,250,4781,553,553,31665,38,76,2664,16,59,2416,9,250,4781
8399,8480,9999, ,TRENTON SMSA,1076,1076,62561,3,6,259,0,0,0,8,168,7580,1033,1033,60019,3,6,259,0,0,0,8,168,7580
8399,8520,9999, ,TUCSON SMSA,4533,4533,242450,97,194,5715,39,136,3715,230,7523,165242,4533,4533,242450,97,194,5715,39,136,3715,230,7523,165242
8399,8560,9999, ,TULSA SMSA,4804,4804,251944,136,272,10251,35,130,3485,522,6697,174340,4695,4695,246892,127,254,9623,35,130,3485,522,6697,174340
8399,8600,9999, ,TUSCALOOSA SMSA,428,428,13301,1,2,31,1,4,73,15,238,3764,428,428,13301,1,2,31,1,4,73,15,238,3764
8399,8640,9999, ,TYLER SMSA,510,510,44113,27,54,2226,2,6,210,16,2359,55548,499,499,43448,27,54,2226,2,6,210,16,2359,55548
8399,8680,9999, ,UTICA-ROME SMSA,361,361,15404,6,12,258,5,20,500,6,249,6500,333,333,14120,6,12,258,5,20,500,6,249,6500
8399,8720,9999, ,VALLEJO-FAIRFIELD-NAPA SMSA,2161,2161,163639,16,32,1494,28,106,5169,108,856,31230,2161,2161,163639,16,32,1494,28,106,5169,108,856,31230
8399,8750,9999, ,VICTORIA SMSA,415,415,27505,3,6,269,0,0,0,0,0,0,415,415,27505,3,6,269,0,0,0,0,0,0
8399,8760,9999, ,VINELAND-MILLVILLE-BRIDGETON SMSA,198,198,9455,1,2,88,2,6,129,0,0,0,110,110,4945,1,2,88,2,6,129,0,0,0
8399,8780,9999, ,VISALIA-TULARE-PORTERVILLE SMSA,1689,1689,78373,46,92,2588,114,381,12029,12,91,1506,1688,1688,78317,46,92,2588,114,381,12029,12,91,1506
8399,8800,9999, ,WACO SMSA,578,578,34083,37,74,2181,31,121,3453,81,2184,49478,571,571,33924,37,74,2181,31,121,3453,81,2184,49478
8399,8840,9999, ,WASHINGTON D.C.-MD.-VA. SMSA,27053,27053,1233527,28,56,1512,328,1030,25998,249,4315,129877,26767,26767,1221927,23,46,1342,325,1020,25661,249,4315,129877
8399,8880,9999, ,WATERBURY SMSA,1036,1036,42769,8,16,613,4,13,170,25,251,3535,1036,1036,42769,8,16,613,4,13,170,25,251,3535
8399,8920,9999, ,WATERLOO-CEDAR FALLS SMSA,106,106,5291,0,0,0,1,4,170,3,111,3162,99,99,5258,0,0,0,1,4,170,3,111,3162
8399,8940,9999, ,WAUSAU SMSA,257,257,12066,4,8,213,8,26,832,2,20,347,223,223,10658,4,8,213,2,8,250,2,20,347
8399,8960,9999, ,WEST PALM BEACH-BOCA RATON SMSA,9552,9552,587093,311,622,21121,574,2199,74726,564,7261,299829,9552,9552,587093,311,622,21121,574,2199,74726,564,7261,299829
8399,9000,9999, ,WHEELING W.VA.-OHIO SMSA,46,46,2365,1,2,65,1,3,100,5,32,1029,46,46,2365,1,2,65,1,3,100,5,32,1029
8399,9040,9999, ,WICHITA SMSA,1875,1875,104686,232,464,17600,90,359,9765,79,781,17386,1875,1875,104686,232,464,17600,90,359,9765,79,781,17386
8399,9080,9999, ,WICHITA FALLS SMSA,627,627,18867,12,24,524,15,55,1075,1,43,2066,627,627,18867,12,24,524,15,55,1075,1,43,2066
8399,9140,9999, ,WILLIAMSPORT SMSA,110,110,4762,1,2,74,0,0,0,0,0,0,105,105,4601,1,2,74,0,0,0,0,0,0
8399,9160,9999, ,WILMINGTON DEL.-N.J.-MD. SMSA,1681,1681,60953,0,0,0,7,26,668,14,134,5574,1668,1668,60413,0,0,0,7,26,668,10,105,4793
8399,9200,9999, ,WILMINGTON SMSA,1270,1270,60642,74,148,5375,49,178,4325,148,1709,41645,1230,1230,58377,73,146,5248,18,66,2275,139,1641,39249
8399,9240,9999, ,WORCESTER SMSA,1053,1053,57415,41,82,2178,9,35,912,11,258,3241,903,903,50130,40,80,2137,9,35,912,11,258,3241
8399,9260,9999, ,YAKIMA SMSA,312,312,17856,34,68,2800,3,11,591,1,17,353,312,312,17856,34,68,2800,3,11,591,1,17,353
8399,9280,9999, ,YORK SMSA,1169,1169,50375,11,22,568,14,51,1054,22,289,6885,1064,1064,45470,11,22,568,13,48,982,22,289,6885
8399,9320,9999, ,YOUNGSTOWN-WARREN SMSA,480,480,28041,24,48,1622,9,34,1096,15,135,2839,346,346,20838,16,32,1126,9,34,1096,11,73,1522
8399,9340,9999, ,YUBA SMSA,451,451,26510,17,34,1306,11,44,1081,3,18,1275,444,444,25927,17,34,1306,11,44,1081,3,18,1275
