Survey,CSA,CBSA,MONCOV,CBSA,,1-unit,,,2-units,,,3-4 units,,,5+ units,,,1-unit rep,,,2-units rep,,,3-4 units rep,,,5+ units rep
Date,Code,Code,,Name,Bldgs,Units,Value,Bldgs,Units,Value,Bldgs,Units,Value,Bldgs,Units,Value,Bldgs,Units,Value,Bldgs,Units,Value,      Bldgs,Units,Value,Bldgs,Units,Value
 
200599,102,18700, ,Corvallis  OR ,320,320,70116,7,14,1682,0,0,0,10,162,18702,320,320,70116,7,14,1682,0,0,0,10,162,18702
200599,104,10580, ,Albany-Schenectady-Troy  NY ,2284,2284,460222,5,10,1006,13,51,3760,113,1294,104380,1940,1940,407522,2,4,550,13,51,3760,78,996,87121
200599,104,24020, ,Glens Falls  NY ,708,708,117127,1,2,96,9,35,2509,47,437,19689,702,702,116377,1,2,96,9,35,2509,47,437,19689
200599,112,11180, ,Ames  IA ,381,381,71723,2,4,360,0,0,0,31,561,37609,373,373,70224,0,0,0,0,0,0,31,561,37609
200599,118,11540, ,Appleton  WI ,1148,1148,228702,45,90,9206,1,3,380,11,243,10264,1029,1029,208387,44,88,9086,1,3,380,11,243,10264
200599,118,36780, ,Oshkosh-Neenah  WI ,603,603,114585,40,80,9031,5,20,1591,6,74,5259,591,591,111625,40,80,9031,5,20,1591,6,74,5259
200599,120,11700, ,Asheville  NC ,3446,3446,690256,39,78,6160,18,63,3742,52,652,32808,3263,3263,653587,36,72,5819,18,63,3742,51,628,31634
200599,122,12060,C,Atlanta-Sandy Springs-Marietta  GA ,61558,61558,8357992,80,160,14019,38,140,13024,276,11003,849562,61133,61133,8307737,80,160,14019,36,134,13024,273,10964,847855
200599,122,23580, ,Gainesville  GA ,2094,2094,343700,5,10,1339,1,4,600,3,96,9600,2018,2018,335416,5,10,1339,1,4,600,3,96,9600
200599,132,12940, ,Baton Rouge  LA ,5426,5426,553504,10,20,1053,14,52,4601,69,716,59832,4472,4472,462831,10,20,1053,8,29,2895,65,689,57686
200599,140,13460,C,Bend  OR ,3893,3893,839402,76,152,19626,22,81,9138,11,334,51531,3893,3893,839402,76,152,19626,22,81,9138,11,334,51531
200599,142,13820,C,Birmingham-Hoover  AL ,6873,6873,1148340,2,4,202,18,70,3262,47,721,51501,6840,6840,1144453,2,4,202,18,70,3262,46,716,51195
200599,148,14460,C,Boston-Cambridge-Quincy  MA-NH ,8318,8318,1822790,396,792,88493,120,420,54150,346,7912,705993,7229,7229,1621028,320,640,73603,97,348,45184,233,6358,570040
200599,148,31700, ,Manchester-Nashua  NH ,1518,1518,303024,27,54,5229,4,16,2123,16,274,25377,1346,1346,278836,25,50,4866,4,16,2123,4,183,18347
200599,148,49340, ,Worcester  MA ,3154,3154,542584,51,102,11585,43,142,11804,11,200,16869,2488,2488,444154,45,90,10216,39,130,10977,11,200,16869
200599,154,15180, ,Brownsville-Harlingen  TX ,3069,3069,258250,43,86,5223,67,253,13370,32,286,23983,1929,1929,177027,26,52,2948,50,197,9227,16,116,5806
200599,160,15380, ,Buffalo-Niagara Falls  NY ,1690,1690,327513,17,34,3556,16,64,4350,24,308,18984,1676,1676,325461,16,32,3362,16,64,4350,24,308,18984
200599,172,16740,C,Charlotte-Gastonia-Concord  NC-SC ,19233,19233,2931948,50,100,7089,31,117,10519,139,2577,199061,17864,17864,2687132,46,92,6291,18,70,5719,119,2461,186591
200599,174,16860, ,Chattanooga  TN-GA ,3330,3330,456105,37,74,3496,17,65,3484,37,329,17158,2348,2348,335985,2,4,362,12,47,2627,18,124,9250
200599,174,17420, ,Cleveland  TN ,758,758,111661,19,38,2221,8,30,2277,0,0,0,758,758,111661,19,38,2221,8,30,2277,0,0,0
200599,176,16980,C,Chicago-Naperville-Joliet  IL-IN-WI ,37470,37470,7926756,470,940,109025,853,2891,257145,682,12607,1147983,36366,36366,7646495,463,926,107734,837,2837,253299,631,11844,1091079
200599,176,28100, ,Kankakee-Bradley  IL ,725,725,125461,14,28,2327,0,0,0,10,74,4874,706,706,122681,7,14,1045,0,0,0,10,74,4874
200599,176,33140, ,Michigan City-La Porte  IN ,441,441,64455,0,0,0,3,10,429,9,126,8815,362,362,57000,0,0,0,0,0,0,9,126,8815
200599,178,17140,C,Cincinnati-Middletown  OH-KY-IN ,10691,10691,1872581,62,124,11182,94,337,29689,154,1765,94079,10340,10340,1833602,61,122,11042,89,322,29345,127,1577,87294
200599,184,10420, ,Akron  OH ,2310,2310,446409,49,98,7800,30,105,8675,14,211,7557,1877,1877,394470,49,98,7800,23,84,8195,1,14,600
200599,184,17460,C,Cleveland-Elyria-Mentor  OH ,5875,5875,1250377,61,122,14000,64,223,21247,33,218,14101,5168,5168,1159090,55,110,13250,47,165,17583,18,143,8433
200599,192,17900,C,Columbia  SC ,6651,6651,822244,9,18,988,6,22,945,40,739,49295,3638,3638,475563,3,6,341,5,19,890,2,57,10790
200599,194,12220,C,Auburn-Opelika  AL ,1413,1413,206299,25,50,3431,2,8,747,26,295,20259,1413,1413,206299,25,50,3431,2,8,747,26,295,20259
200599,194,17980, ,Columbus  GA-AL ,1823,1823,251506,2,4,259,13,47,2146,37,371,26126,1360,1360,203924,1,2,93,6,24,1138,22,176,7726
200599,198,18140,C,Columbus  OH ,8799,8799,1822422,104,208,22737,296,1146,104660,240,2110,137706,8580,8580,1787039,104,208,22737,294,1140,104660,240,2110,137706
200599,204,18580, ,Corpus Christi  TX ,2141,2141,265570,42,84,6477,17,62,5015,21,326,13562,2113,2113,263478,42,84,6477,17,62,5015,21,326,13562
200599,206,19100,C,Dallas-Fort Worth-Arlington  TX ,49489,49489,8591102,221,442,24684,41,152,13037,509,9812,694394,47329,47329,8262329,215,430,23899,40,149,12872,500,9760,692993
200599,212,19380, ,Dayton  OH ,2727,2727,507964,32,64,6566,9,36,2602,22,328,23992,2599,2599,490365,27,54,5530,9,36,2602,22,328,23992
200599,212,44220, ,Springfield  OH ,247,247,40520,6,12,1082,6,23,1688,1,5,442,247,247,40520,6,12,1082,6,23,1688,1,5,442
200599,214,19660,C,Deltona-Daytona Beach-Ormond Beach  FL ,5068,5068,904034,4,8,713,12,48,4800,102,1760,313468,4477,4477,800824,4,8,713,12,48,4800,68,1251,268205
200599,216,14500, ,Boulder  CO ,816,816,199348,4,8,871,35,120,11549,21,197,19609,730,730,181621,4,8,871,33,114,11009,10,96,12279
200599,216,19740,C,Denver-Aurora  CO ,17745,17745,3784143,80,160,19447,58,188,22342,186,2756,257140,17654,17654,3769120,80,160,19447,58,188,22342,186,2756,257140
200599,218,19780,C,Des Moines-West Des Moines  IA ,5182,5182,871641,5,10,993,4,15,1192,46,1093,92803,5172,5172,870018,5,10,993,3,12,1192,46,1093,92803
200599,220,11460, ,Ann Arbor  MI ,1441,1441,267571,4,8,618,0,0,0,29,227,16528,1180,1180,235664,0,0,0,0,0,0,19,176,13447
200599,220,19820,C,Detroit-Warren-Livonia  MI ,13631,13631,2394916,65,130,13327,85,317,31266,180,2314,208494,13330,13330,2352430,65,130,13327,84,313,30937,177,2296,206819
200599,220,22420, ,Flint  MI ,1756,1756,289976,3,6,623,1,4,146,4,88,5092,1685,1685,277435,3,6,623,1,4,146,4,88,5092
200599,220,33780, ,Monroe  MI ,870,870,139154,1,2,146,0,0,0,11,62,2298,682,682,114563,1,2,146,0,0,0,1,12,500
200599,222,20020, ,Dothan  AL ,589,589,50395,0,0,0,2,8,560,13,104,5317,580,580,49755,0,0,0,2,8,560,13,104,5317
200599,232,20740, ,Eau Claire  WI ,708,708,109633,47,94,8243,13,50,3359,11,118,6670,677,677,105262,47,94,8243,13,50,3359,11,118,6670
200599,244,22020, ,Fargo  ND-MN ,1465,1465,205703,6,12,1445,16,56,4486,38,1187,65899,1455,1455,203898,6,12,1445,15,53,4486,38,1187,65899
200599,252,22540, ,Fond du Lac  WI ,398,398,73941,11,22,2549,4,16,1477,11,182,9858,371,371,70760,11,22,2549,4,16,1477,11,182,9858
200599,258,23060,C,Fort Wayne  IN ,2056,2056,380899,22,44,3526,3,11,565,47,430,18083,2056,2056,380899,22,44,3526,3,11,565,47,430,18083
200599,260,23420, ,Fresno  CA ,5865,5865,1111758,48,96,8685,28,101,9079,150,1338,102959,4105,4105,819603,21,42,3798,3,11,834,84,921,74006
200599,260,31460, ,Madera  CA ,2135,2135,367914,22,44,3219,4,13,650,6,76,5971,2135,2135,367914,22,44,3219,4,13,650,6,76,5971
200599,266,24340,C,Grand Rapids-Wyoming  MI ,3512,3512,530905,17,34,3092,9,27,2208,30,314,24633,3106,3106,482883,8,16,2091,0,0,0,18,174,9526
200599,266,26100, ,Holland-Grand Haven  MI ,1696,1696,274252,12,24,3934,10,31,4501,18,188,14485,1274,1274,204141,12,24,3934,2,6,1044,5,77,10208
200599,266,34740, ,Muskegon-Norton Shores  MI ,590,590,90085,26,52,5393,0,0,0,3,15,1022,530,530,81845,26,52,5393,0,0,0,0,0,0
200599,268,15500, ,Burlington  NC ,1480,1480,190132,0,0,0,1,4,335,0,0,0,1480,1480,190132,0,0,0,1,4,335,0,0,0
200599,268,24660,C,Greensboro-High Point  NC ,5220,5220,839187,27,54,3267,5,16,479,70,1000,55182,3175,3175,454871,27,54,3267,1,4,210,38,531,23897
200599,268,49180, ,Winston-Salem  NC ,3690,3690,520253,7,14,1103,3,12,547,18,278,11283,3480,3480,487010,7,14,1103,3,12,547,18,278,11283
200599,273,11340, ,Anderson  SC ,1415,1415,184054,19,38,1292,3,12,391,28,466,24199,1415,1415,184054,19,38,1292,3,12,391,28,466,24199
200599,273,24860,C,Greenville  SC ,4983,4983,577179,8,16,1114,0,0,0,5,63,3692,4942,4942,573718,8,16,1114,0,0,0,5,63,3692
200599,273,43900, ,Spartanburg  SC ,2123,2123,203369,2,4,230,1,4,263,0,0,0,2123,2123,203369,2,4,230,1,4,263,0,0,0
200599,274,25060, ,Gulfport-Biloxi  MS ,1521,1521,198645,22,44,3398,9,31,1879,35,428,37791,1125,1125,153587,10,20,1806,1,4,299,26,308,26232
200599,274,37700, ,Pascagoula  MS ,882,882,81073,4,8,370,1,4,400,1,24,2500,841,841,75754,3,6,300,1,4,400,1,24,2500
200599,276,25420, ,Harrisburg-Carlisle  PA ,2328,2328,388053,15,30,3617,4,15,1449,41,331,18910,2126,2126,364392,10,20,2512,4,15,1449,39,317,18160
200599,276,30140, ,Lebanon  PA ,706,706,92617,2,4,394,0,0,0,4,135,11021,684,684,91332,2,4,394,0,0,0,0,0,0
200599,278,25540, ,Hartford-West Hartford-East Hartford  CT ,2902,2902,492716,48,96,6557,8,27,2854,63,1011,104660,2645,2645,464890,43,86,5703,8,27,2854,26,689,94615
200599,288,26420,C,Houston-Sugar Land-Baytown  TX ,51205,51205,6720453,155,310,19953,39,142,10278,523,10468,626123,50941,50941,6676875,155,310,19953,38,139,10095,507,10316,622751
200599,290,19460, ,Decatur  AL ,400,400,63806,0,0,0,0,0,0,0,0,0,393,393,61727,0,0,0,0,0,0,0,0,0
200599,290,26620, ,Huntsville  AL ,3423,3423,425662,0,0,0,3,12,2114,1,6,783,3418,3418,425027,0,0,0,3,12,2114,1,6,783
200599,292,26820, ,Idaho Falls  ID ,1466,1466,143832,13,26,1196,76,302,13526,5,120,4345,1466,1466,143832,13,26,1196,75,299,13526,5,120,4345
200599,294,11300, ,Anderson  IN ,527,527,80859,0,0,0,0,0,0,1,42,6000,521,521,80268,0,0,0,0,0,0,1,42,6000
200599,294,18020, ,Columbus  IN ,292,292,55237,0,0,0,0,0,0,0,0,0,292,292,55237,0,0,0,0,0,0,0,0,0
200599,294,26900,C,Indianapolis-Carmel  IN ,12533,12533,2219361,167,334,35326,101,365,32802,182,2387,138349,12493,12493,2215500,157,314,34233,94,344,32802,182,2387,138349
200599,296,27060, ,Ithaca  NY ,224,224,36224,7,14,1084,0,0,0,13,102,6528,165,165,27271,5,10,784,0,0,0,10,85,5451
200599,297,27180, ,Jackson  TN ,737,737,96626,1,2,45,0,0,0,0,0,0,737,737,96626,1,2,45,0,0,0,0,0,0
200599,298,27140, ,Jackson  MS ,3489,3489,538328,3,6,686,9,36,3222,0,0,0,3477,3477,536644,3,6,686,9,36,3222,0,0,0
200599,304,27740, ,Johnson City  TN ,946,946,133875,8,16,735,13,44,1556,25,259,17036,552,552,92231,7,14,615,7,25,1120,22,244,16141
200599,304,28700, ,Kingsport-Bristol-Bristol  TN-VA ,1162,1162,122316,13,26,1690,5,20,985,13,187,13393,1058,1058,111074,13,26,1690,5,20,985,12,174,13188
200599,308,27860, ,Jonesboro  AR ,571,571,62612,1,2,120,8,29,950,1,8,292,483,483,53928,1,2,120,6,23,878,0,0,0
200599,312,28140,C,Kansas City  MO-KS ,12118,12118,2116656,264,528,44298,197,749,65568,109,1823,113291,11921,11921,2091787,256,512,43134,191,728,63946,107,1813,112963
200599,314,28940, ,Knoxville  TN ,5243,5243,672948,26,52,5574,23,79,7525,32,383,16795,5120,5120,656739,26,52,5574,21,73,7169,31,369,16389
200599,316,29020, ,Kokomo  IN ,322,322,58136,6,12,2030,0,0,0,1,24,875,322,322,58136,6,12,2030,0,0,0,1,24,875
200599,318,29180, ,Lafayette  LA ,1809,1809,219424,0,0,0,2,8,310,0,0,0,1780,1780,215830,0,0,0,2,8,310,0,0,0
200599,320,29140, ,Lafayette  IN ,1048,1048,157293,6,12,1194,3,11,1120,1,8,1080,875,875,139294,1,2,250,3,11,1120,1,8,1080
200599,324,29340, ,Lake Charles  LA ,732,732,99476,11,22,1160,1,3,210,5,161,7480,684,684,92228,10,20,1091,1,3,210,5,161,7480
200599,330,29620, ,Lansing-East Lansing  MI ,1596,1596,264325,8,16,1297,4,15,1369,43,494,34508,1537,1537,256623,8,16,1297,4,15,1369,42,486,33826
200599,332,29820,C,Las Vegas-Paradise  NV ,30479,30479,4020611,48,96,10270,348,1155,87694,348,7507,1085396,30479,30479,4020611,48,96,10270,348,1155,87694,348,7507,1085396
200599,336,30460, ,Lexington-Fayette  KY ,4315,4315,623616,11,22,1274,8,32,3816,32,638,25165,4250,4250,612409,11,22,1274,8,32,3816,32,638,25165
200599,338,30620, ,Lima  OH ,267,267,50047,1,2,232,1,3,100,1,48,3677,160,160,27210,0,0,0,1,3,100,1,48,3677
200599,340,30780, ,Little Rock-North Little Rock  AR ,4196,4196,725406,25,50,2848,7,23,1578,103,1479,79777,4069,4069,708417,25,50,2848,7,23,1578,103,1479,79777
200599,340,38220, ,Pine Bluff  AR ,116,116,8579,3,6,234,0,0,0,9,47,663,65,65,6810,1,2,50,0,0,0,0,0,0
200599,346,30980, ,Longview  TX ,386,386,54240,2,4,100,2,6,124,0,0,0,363,363,51669,2,4,100,2,6,124,0,0,0
200599,348,31100,C,Los Angeles-Long Beach-Santa Ana  CA ,16626,16626,4042855,363,726,89241,311,997,123271,575,12292,1629999,15870,15870,3834989,342,684,86525,270,857,115595,483,11532,1556959
200599,348,37100, ,Oxnard-Thousand Oaks-Ventura  CA ,2673,2673,821930,15,30,3128,32,119,20014,80,1689,181080,2297,2297,729298,14,28,2903,25,96,17215,66,1602,173652
200599,348,40140,C,Riverside-San Bernardino-Ontario  CA ,45485,45485,8839067,216,432,49606,196,639,67645,309,4452,369171,43911,43911,8561590,213,426,48925,170,545,58571,273,3887,325038
200599,350,21060, ,Elizabethtown  KY ,996,996,115098,17,34,2211,52,208,12085,10,87,2970,869,869,103909,12,24,1688,52,208,12085,10,87,2970
200599,350,31140,C,Louisville-Jefferson County  KY-IN ,6503,6503,1055794,34,68,5718,16,62,4145,38,501,29314,4612,4612,801222,34,68,5718,15,59,3978,13,145,8511
200599,352,31180, ,Lubbock  TX ,1292,1292,207026,155,310,21693,5,20,792,14,160,7851,1291,1291,207004,155,310,21693,5,20,792,14,160,7851
200599,356,31420, ,Macon  GA ,1251,1251,153270,0,0,0,2,8,850,0,0,0,1124,1124,142852,0,0,0,2,8,850,0,0,0
200599,356,47580, ,Warner Robins  GA ,1685,1685,235850,10,20,940,0,0,0,13,120,3750,1685,1685,235850,10,20,940,0,0,0,13,120,3750
200599,358,31540,C,Madison  WI ,2830,2830,583129,141,282,37973,70,254,23979,102,1748,188043,2441,2441,525694,113,226,31426,28,109,11702,71,1564,176326
200599,360,31900, ,Mansfield  OH ,265,265,44351,34,68,7977,7,28,1785,11,69,3260,265,265,44351,34,68,7977,7,28,1785,11,69,3260
200599,372,33260,C,Midland  TX ,390,390,47265,0,0,0,0,0,0,0,0,0,390,390,47265,0,0,0,0,0,0,0,0,0
200599,372,36220,C,Odessa  TX ,149,149,27888,0,0,0,0,0,0,8,106,5298,149,149,27888,0,0,0,0,0,0,8,106,5298
200599,376,33340,C,Milwaukee-Waukesha-West Allis  WI ,3361,3361,854356,131,262,33935,61,240,27925,89,1581,170816,3218,3218,816662,119,238,31325,61,240,27925,84,1556,169254
200599,376,39540, ,Racine  WI ,810,810,166905,17,34,3725,16,64,6260,5,98,7885,810,810,166905,17,34,3725,16,64,6260,5,98,7885
200599,378,33460,C,Minneapolis-St. Paul-Bloomington  MN-WI ,17062,17062,3529927,98,196,25461,102,368,52116,187,4443,663356,16846,16846,3489082,98,196,25461,101,365,51793,173,4345,653936
200599,378,41060, ,St. Cloud  MN ,1541,1541,237114,3,6,679,7,24,880,14,143,10129,1216,1216,197656,2,4,479,2,8,880,2,82,6283
200599,380,33660, ,Mobile  AL ,1861,1861,208063,0,0,0,0,0,0,21,322,42538,1796,1796,200430,0,0,0,0,0,0,21,322,42538
200599,384,33740, ,Monroe  LA ,877,877,127178,3,6,173,2,6,120,27,207,16580,581,581,86582,2,4,60,1,3,120,27,207,16580
200599,388,33860, ,Montgomery  AL ,1702,1702,252153,1,2,210,0,0,0,59,692,31792,1692,1692,251105,1,2,210,0,0,0,59,692,31792
200599,392,34100, ,Morristown  TN ,678,678,93305,19,38,2530,6,24,950,2,12,400,675,675,92895,18,36,2385,6,24,950,2,12,400
200599,396,34820, ,Myrtle Beach-Conway-North Myrtle Beach  SC ,6471,6471,936514,42,84,12448,39,141,12699,264,5132,660160,6471,6471,936514,42,84,12448,39,141,12699,264,5132,660160
200599,400,34980,C,Nashville-Davidson--Murfreesboro  TN ,14074,14074,2484180,161,322,27923,22,75,3031,123,2183,171821,13998,13998,2475902,159,318,27823,22,75,3031,123,2183,171821
200599,406,35380,C,New Orleans-Metairie-Kenner  LA ,4488,4488,705861,76,152,41462,10,36,2533,12,105,7800,3720,3720,589525,16,32,3104,2,8,578,2,20,1610
200599,408,14860, ,Bridgeport-Stamford-Norwalk  CT ,2054,2054,739449,19,38,4175,6,20,4101,33,1007,107581,1948,1948,679403,18,36,3810,6,20,4101,27,974,105261
200599,408,28740, ,Kingston  NY ,767,767,153153,8,16,949,4,13,987,11,114,9437,767,767,153153,8,16,949,4,13,987,11,114,9437
200599,408,35300, ,New Haven-Milford  CT ,1693,1693,272960,15,30,2197,6,20,1424,26,508,32536,1465,1465,235755,15,30,2197,6,20,1424,15,248,16463
200599,408,35620,C,New York-Northern New Jersey-Long Island  NY-NJ-PA ,21424,21424,4544263,3450,6900,621884,2120,6570,541216,1163,32313,2442118,19599,19599,4204205,3318,6636,599934,2090,6466,536051,1056,31329,2356751
200599,408,39100, ,Poughkeepsie-Newburgh-Middletown  NY ,2159,2159,436937,9,18,1936,5,19,2644,76,646,52617,1674,1674,359011,9,18,1936,5,19,2644,62,536,48119
200599,408,45940,C,Trenton-Ewing  NJ ,1221,1221,130917,2,4,325,1,3,1,1,68,9585,1190,1190,127073,2,4,325,1,3,1,1,68,9585
200599,416,36420,C,Oklahoma City  OK ,8201,8201,1278816,41,82,6782,8,30,1684,45,736,46132,4219,4219,747957,24,48,4308,8,30,1684,31,561,34713
200599,420,36540,C,Omaha-Council Bluffs  NE-IA ,5877,5877,765929,43,86,7764,11,42,3215,30,626,36183,5804,5804,757148,43,86,7764,11,42,3215,30,626,36183
200599,422,36740,C,Orlando-Kissimmee  FL ,26753,26753,4256734,22,44,3666,86,341,20695,593,8999,875255,22211,22211,3664309,18,36,3258,86,341,20695,580,8834,866083
200599,426,37900, ,Peoria  IL ,1397,1397,255775,81,162,15086,6,23,1475,32,355,22962,1374,1374,250821,78,156,14341,6,23,1475,32,355,22962
200599,428,37980,C,Philadelphia-Camden-Wilmington  PA-NJ-DE-MD ,15041,15041,2301634,58,116,8012,122,417,39129,213,4668,306142,13791,13791,2135537,58,116,8012,110,380,31010,169,4356,293690
200599,428,47220,C,Vineland-Millville-Bridgeton  NJ ,597,597,63629,8,16,2128,1,4,480,1,13,1828,398,398,49239,8,16,2128,1,4,480,1,13,1828
200599,430,38300,C,Pittsburgh  PA ,4672,4672,919329,50,100,10287,57,206,15787,70,623,41231,4151,4151,846542,49,98,10098,35,132,12537,12,249,16695
200599,438,30340, ,Lewiston-Auburn  ME ,486,486,77448,12,24,2978,1,3,360,1,8,800,363,363,59587,10,20,2415,0,0,0,1,8,800
200599,438,38860, ,Portland-South Portland-Biddeford  ME ,3188,3188,589383,89,178,18962,22,70,7005,28,344,37602,2634,2634,500426,70,140,15056,10,33,3785,21,309,32218
200599,450,20500,C,Durham  NC ,4177,4177,774550,25,50,5525,4,12,905,21,154,11076,3428,3428,662232,25,50,5525,4,12,905,21,154,11076
200599,450,39580,C,Raleigh-Cary  NC ,13967,13967,2476354,46,92,7194,22,77,5073,24,478,39941,13921,13921,2469571,46,92,7194,21,74,4803,24,478,39941
200599,456,39900,C,Reno-Sparks  NV ,5158,5158,902451,5,10,671,16,58,3622,116,1103,90696,5158,5158,902451,5,10,671,16,58,3622,116,1103,90696
200599,464,40380, ,Rochester  NY ,2255,2255,403102,17,34,2997,6,22,1856,17,419,25461,2181,2181,394186,17,34,2997,6,22,1856,17,419,25461
200599,466,40420, ,Rockford  IL ,2040,2040,201124,63,126,9915,96,377,21386,4,23,2288,1865,1865,178470,60,120,9300,96,377,21386,4,23,2288
200599,472,40900,C,Sacramento--Arden-Arcade--Roseville  CA ,16380,16380,3420810,20,40,5445,83,269,30384,422,3493,321274,16314,16314,3409611,20,40,5445,83,269,30384,422,3493,321274
200599,474,13020, ,Bay City  MI ,300,300,45690,0,0,0,0,0,0,0,0,0,240,240,38368,0,0,0,0,0,0,0,0,0
200599,474,40980, ,Saginaw-Saginaw Township North  MI ,484,484,68561,31,62,4245,0,0,0,1,36,3000,455,455,65135,31,62,4245,0,0,0,1,36,3000
200599,476,41180,C,St. Louis  MO-IL ,13362,13362,2318059,177,354,36258,92,329,30000,101,1461,153155,12772,12772,2228264,159,318,33064,79,290,27450,76,1260,137712
200599,480,41540, ,Salisbury  MD ,1027,1027,132945,0,0,0,1,3,180,16,182,15566,1000,1000,131246,0,0,0,1,3,180,14,172,13785
200599,482,36260, ,Ogden-Clearfield  UT ,4639,4639,810867,28,56,6168,57,201,21481,4,22,1393,4088,4088,741898,24,48,5426,54,191,20363,2,12,509
200599,482,41620,C,Salt Lake City  UT ,7128,7128,1259213,51,102,12287,80,273,29406,98,1740,150723,6447,6447,1159093,35,70,8969,74,255,28549,84,1608,143419
200599,488,34900, ,Napa  CA ,628,628,155305,4,8,1002,0,0,0,3,51,4653,601,601,148046,4,8,1002,0,0,0,3,51,4653
200599,488,41860,C,San Francisco-Oakland-Fremont  CA ,8102,8102,2541157,39,78,10750,82,294,49984,188,6409,837046,7489,7489,2321817,36,72,9846,80,288,49032,159,6054,800897
200599,488,41940,C,San Jose-Sunnyvale-Santa Clara  CA ,2416,2416,715587,14,28,4559,56,202,25430,188,3090,368413,2374,2374,704486,14,28,4559,56,202,25430,188,3090,368413
200599,488,42100, ,Santa Cruz-Watsonville  CA ,673,673,148378,4,8,1089,5,16,1751,18,164,13543,673,673,148378,4,8,1089,5,16,1751,18,164,13543
200599,488,42220, ,Santa Rosa-Petaluma  CA ,1598,1598,395543,49,98,15148,18,66,5315,77,1057,87472,1598,1598,395543,49,98,15148,18,66,5315,77,1057,87472
200599,488,46700, ,Vallejo-Fairfield  CA ,1962,1962,423382,8,16,1770,3,11,1025,36,365,30762,1962,1962,423382,8,16,1770,3,11,1025,36,365,30762
200599,492,42140,C,Santa Fe  NM ,580,580,77058,0,0,0,0,0,0,0,0,0,0,0,0,0,0,0,0,0,0,0,0,0
200599,496,25980, ,Hinesville-Fort Stewart  GA ,335,335,36796,1,2,117,0,0,0,0,0,0,335,335,36796,1,2,117,0,0,0,0,0,0
200599,496,42340, ,Savannah  GA ,3422,3422,511519,36,72,10522,38,151,29133,32,501,26076,3093,3093,464332,25,50,6955,36,143,28047,17,371,19071
200599,500,14740, ,Bremerton-Silverdale  WA ,1300,1300,241968,10,20,2153,1,3,300,10,288,25493,1250,1250,236785,10,20,2153,1,3,300,7,273,24440
200599,500,36500, ,Olympia  WA ,2530,2530,499957,12,24,3333,1,4,411,1,12,1300,2451,2451,481861,4,8,983,1,4,411,1,12,1300
200599,500,42660,C,Seattle-Tacoma-Bellevue  WA ,17565,17565,3684399,353,706,81380,246,883,96927,352,6365,609806,16175,16175,3511193,301,602,73381,221,804,89661,289,5866,572208
200599,508,43340, ,Shreveport-Bossier City  LA ,1790,1790,270795,62,124,5632,1,3,87,31,623,17061,1783,1783,270130,62,124,5632,1,3,87,31,623,17061
200599,512,43580, ,Sioux City  IA-NE-SD ,301,301,49168,6,12,1658,3,12,783,0,0,0,231,231,36712,3,6,821,3,12,783,0,0,0
200599,532,45060, ,Syracuse  NY ,1445,1445,219098,15,30,2686,5,20,1292,19,151,3075,1264,1264,192196,15,30,2686,5,20,1292,19,151,3075
200599,534,45780, ,Toledo  OH ,2397,2397,392733,60,120,12123,23,92,8462,40,557,37104,2391,2391,392117,60,120,12123,23,92,8462,40,557,37104
200599,538,46140,C,Tulsa  OK ,4994,4994,734545,54,108,7846,6,24,1773,24,518,31674,4982,4982,733342,54,108,7846,6,24,1773,24,518,31674
200599,540,46340, ,Tyler  TX ,604,604,97980,5,10,900,11,39,1913,13,92,4251,144,144,17330,5,10,900,6,24,1163,0,0,0
200599,548,12580,C,Baltimore-Towson  MD ,8386,8386,1455145,28,56,7360,7,27,2307,168,2858,268808,8375,8375,1453088,28,56,7360,7,27,2307,167,2853,268283
200599,548,47900,C,Washington-Arlington-Alexandria  DC-VA-MD-WV ,25918,25918,4325345,78,156,14690,12,47,6623,219,10655,890482,24190,24190,4012694,78,156,14690,12,47,6623,194,10299,872947
200599,548,49020, ,Winchester  VA-WV ,1719,1719,309859,0,0,0,0,0,0,1,64,21750,1719,1719,309859,0,0,0,0,0,0,1,64,21750
200599,554,48140, ,Wausau  WI ,870,870,158634,13,26,2365,4,16,2745,25,266,13004,847,847,155931,13,26,2365,4,16,2745,25,266,13004
200599,556,48620, ,Wichita  KS ,2962,2962,383477,119,238,16687,28,101,5568,3,48,2408,2862,2862,371484,115,230,15907,28,101,5568,3,48,2408
200599,558,48700, ,Williamsport  PA ,261,261,37343,3,6,453,0,0,0,1,32,3000,204,204,31556,3,6,453,0,0,0,1,32,3000
200599,564,49620, ,York-Hanover  PA ,2870,2870,461702,48,96,5199,14,55,2717,14,95,10995,2628,2628,424793,48,96,5199,14,55,2717,11,80,9495
200599,566,49660, ,Youngstown-Warren-Boardman  OH-PA ,1079,1079,178347,30,60,4705,15,48,3034,7,41,3197,937,937,156520,20,40,3630,7,23,2047,7,41,3197
200599,999,10180, ,Abilene  TX ,310,310,48199,11,22,1639,0,0,0,1,14,1200,305,305,47711,10,20,1445,0,0,0,1,14,1200
200599,999,10500, ,Albany  GA ,689,689,77515,11,22,1622,8,32,1170,1,8,394,244,244,28042,11,22,1622,8,32,1170,1,8,394
200599,999,10740,C,Albuquerque  NM ,6712,6712,893042,0,0,0,17,53,2439,10,273,13852,2718,2718,432504,0,0,0,5,15,640,3,107,5906
200599,999,10780, ,Alexandria  LA ,708,708,85572,1,2,100,0,0,0,0,0,0,289,289,41319,0,0,0,0,0,0,0,0,0
200599,999,10900,C,Allentown-Bethlehem-Easton  PA-NJ ,4319,4319,692789,23,46,4247,21,80,6206,27,403,15740,3746,3746,602846,17,34,3483,19,73,5685,21,369,15201
200599,999,11020, ,Altoona  PA ,176,176,28384,0,0,0,1,4,600,0,0,0,153,153,25564,0,0,0,1,4,600,0,0,0
200599,999,11100, ,Amarillo  TX ,863,863,152147,0,0,0,5,20,828,13,294,11108,863,863,152147,0,0,0,5,20,828,13,294,11108
200599,999,11260,C,Anchorage  AK ,859,859,207808,200,400,65727,54,200,26046,33,440,57018,791,791,200328,200,400,65727,54,200,26046,33,440,57018
200599,999,11500, ,Anniston-Oxford  AL ,258,258,30279,0,0,0,2,8,180,0,0,0,256,256,29929,0,0,0,2,8,180,0,0,0
200599,999,12020, ,Athens-Clarke County  GA ,1719,1719,248935,37,74,5367,10,39,3239,10,164,11540,1629,1629,235611,33,66,5087,10,39,3239,10,164,11540
200599,999,12100,C,Atlantic City  NJ ,1839,1839,226890,11,22,3459,6,21,3932,5,120,1985,1757,1757,216215,10,20,3106,6,21,3932,5,120,1985
200599,999,12260, ,Augusta-Richmond County  GA-SC ,3785,3785,537381,9,18,1740,0,0,0,1,89,1143,3456,3456,500641,8,16,1680,0,0,0,1,89,1143
200599,999,12420,C,Austin-Round Rock  TX ,17346,17346,2474508,269,538,45416,27,96,8907,260,5261,280380,17132,17132,2445284,269,538,45416,27,96,8907,232,4742,248414
200599,999,12540, ,Bakersfield  CA ,7666,7666,1106035,62,124,8198,116,430,24661,62,637,32162,5961,5961,859149,58,116,7637,107,397,22546,56,587,28704
200599,999,12620, ,Bangor  ME ,737,737,99295,7,14,1216,26,101,5584,12,144,15692,643,643,91398,7,14,1216,26,101,5584,12,144,15692
200599,999,12700, ,Barnstable Town  MA ,1152,1152,333962,4,8,900,12,40,4573,16,188,22891,845,845,262250,4,8,900,4,13,2411,3,41,4102
200599,999,12980, ,Battle Creek  MI ,330,330,46869,0,0,0,0,0,0,4,76,3462,305,305,44146,0,0,0,0,0,0,4,76,3462
200599,999,13140, ,Beaumont-Port Arthur  TX ,808,808,114035,0,0,0,1,3,251,22,389,19333,743,743,106282,0,0,0,1,3,251,22,389,19333
200599,999,13380, ,Bellingham  WA ,1698,1698,315653,22,44,4688,39,141,15641,29,673,56698,1609,1609,298144,16,32,3423,34,123,14779,27,663,55898
200599,999,13740, ,Billings  MT ,595,595,105175,2,4,387,10,36,2146,5,34,2981,544,544,96825,1,2,191,7,27,2146,5,34,2981
200599,999,13780, ,Binghamton  NY ,267,267,47192,2,4,308,0,0,0,1,12,300,228,228,42120,2,4,308,0,0,0,1,12,300
200599,999,13900, ,Bismarck  ND ,641,641,107979,7,14,1847,12,47,6525,5,40,3306,640,640,107879,7,14,1847,12,47,6525,5,40,3306
200599,999,13980, ,Blacksburg-Christiansburg-Radford  VA ,593,593,99839,0,0,0,1,4,100,9,89,4641,593,593,99839,0,0,0,1,4,100,9,89,4641
200599,999,14020, ,Bloomington  IN ,843,843,120843,8,16,1396,2,8,560,12,161,9743,768,768,114698,0,0,0,2,8,560,12,161,9743
200599,999,14060, ,Bloomington-Normal  IL ,723,723,92559,1,2,133,5,17,1383,13,143,5596,368,368,40733,0,0,0,3,11,969,2,18,1039
200599,999,14260,C,Boise City-Nampa  ID ,10948,10948,2017181,83,166,17919,94,367,24276,4,68,5687,10811,10811,1992334,83,166,17919,94,367,24276,4,68,5687
200599,999,14540, ,Bowling Green  KY ,1250,1250,135762,13,26,1743,5,20,863,8,89,5155,1250,1250,135762,13,26,1743,5,20,863,8,89,5155
200599,999,15260, ,Brunswick  GA ,1197,1197,253196,0,0,0,0,0,0,3,80,1384,1197,1197,253196,0,0,0,0,0,0,3,80,1384
200599,999,15540, ,Burlington-South Burlington  VT ,668,668,112168,31,62,6300,15,53,5432,13,81,8060,491,491,86587,27,54,5844,14,50,5252,9,61,4898
200599,999,15940, ,Canton-Massillon  OH ,1257,1257,217416,5,10,1034,10,40,3985,14,102,6384,1026,1026,191766,3,6,675,10,40,3985,4,52,4000
200599,999,15980,C,Cape Coral-Fort Myers  FL ,22211,22211,3700114,34,68,4550,39,154,13941,530,6897,1044325,21593,21593,3639436,34,68,4550,33,130,12631,527,6843,1040426
200599,999,16180,C,Carson City  NV ,110,110,31027,2,4,366,1,4,250,4,72,4591,110,110,31027,2,4,366,1,4,250,4,72,4591
200599,999,16220, ,Casper  WY ,444,444,83589,0,0,0,0,0,0,0,0,0,422,422,79388,0,0,0,0,0,0,0,0,0
200599,999,16300, ,Cedar Rapids  IA ,1098,1098,138459,27,54,4681,77,280,19397,13,300,19926,1039,1039,127747,26,52,4482,77,280,19397,13,300,19926
200599,999,16580, ,Champaign-Urbana  IL ,1295,1295,203083,9,18,1423,9,35,2244,41,830,49414,1107,1107,178469,7,14,1213,7,27,1801,40,825,49095
200599,999,16620, ,Charleston  WV ,517,517,74785,1,2,850,0,0,0,9,146,10506,433,433,60180,1,2,850,0,0,0,5,105,8967
200599,999,16700,C,Charleston-North Charleston  SC ,8084,8084,1470099,78,156,20705,34,129,19069,155,2449,250117,7850,7850,1445776,76,152,20432,33,125,18943,141,2354,245440
200599,999,16820, ,Charlottesville  VA ,1576,1576,315405,11,22,2501,5,17,1320,21,414,32112,1155,1155,225596,3,6,425,0,0,0,6,124,15558
200599,999,16940, ,Cheyenne  WY ,696,696,107487,0,0,0,11,44,2826,13,132,8878,696,696,107487,0,0,0,11,44,2826,13,132,8878
200599,999,17020, ,Chico  CA ,1493,1493,199601,49,98,8402,25,96,6651,1,6,285,1493,1493,199601,49,98,8402,25,96,6651,1,6,285
200599,999,17300, ,Clarksville  TN-KY ,1971,1971,205068,18,36,2450,49,194,7503,54,567,24257,1917,1917,197253,18,36,2450,49,194,7503,54,567,24257
200599,999,17660, ,Coeur dAlene  ID ,2288,2288,409374,33,66,7697,15,51,5231,32,283,24600,2288,2288,409374,33,66,7697,15,51,5231,32,283,24600
200599,999,17780, ,College Station-Bryan  TX ,815,815,126849,26,52,4716,35,137,6792,51,632,45509,797,797,124828,26,52,4716,35,137,6792,51,632,45509
200599,999,17820,C,Colorado Springs  CO ,6451,6451,949840,49,98,13576,14,54,8039,34,380,35564,6451,6451,949840,49,98,13576,14,54,8039,34,380,35564
200599,999,17860, ,Columbia  MO ,1612,1612,235791,155,310,27998,7,28,1550,37,379,19267,1609,1609,235424,155,310,27998,7,28,1550,37,379,19267
200599,999,19060, ,Cumberland  MD-WV ,235,235,32263,2,4,200,0,0,0,1,6,275,235,235,32263,2,4,200,0,0,0,1,6,275
200599,999,19140, ,Dalton  GA ,852,852,96489,10,20,991,14,46,2298,17,119,6361,525,525,57846,0,0,0,0,0,0,1,8,685
200599,999,19180, ,Danville  IL ,45,45,6241,0,0,0,0,0,0,0,0,0,36,36,5414,0,0,0,0,0,0,0,0,0
200599,999,19260, ,Danville  VA ,283,283,36612,0,0,0,4,12,420,3,15,885,30,30,5199,0,0,0,0,0,0,0,0,0
200599,999,19340, ,Davenport-Moline-Rock Island  IA-IL ,1038,1038,167549,13,26,3165,10,40,2200,12,373,24438,969,969,158627,11,22,2605,10,40,2200,12,373,24438
200599,999,19500, ,Decatur  IL ,226,226,40585,8,16,1472,1,4,451,1,60,5800,224,224,40175,8,16,1472,1,4,451,1,60,5800
200599,999,20100,C,Dover  DE ,1946,1946,257564,1,2,210,13,52,3809,10,182,11365,1902,1902,253400,1,2,210,13,52,3809,10,182,11365
200599,999,20220, ,Dubuque  IA ,427,427,74302,23,46,4597,11,41,3229,3,46,2569,424,424,73852,23,46,4597,11,41,3229,3,46,2569
200599,999,20260, ,Duluth  MN-WI ,1165,1165,161198,20,40,4903,10,32,3572,30,240,16859,1104,1104,146064,17,34,4249,7,21,2695,20,157,9731
200599,999,20940, ,El Centro  CA ,1940,1940,274509,4,8,448,10,33,1718,22,210,9459,1416,1416,206623,4,8,448,9,30,1614,9,95,4485
200599,999,21140, ,Elkhart-Goshen  IN ,1014,1014,154914,0,0,0,1,4,150,1,6,185,1014,1014,154914,0,0,0,1,4,150,1,6,185
200599,999,21300, ,Elmira  NY ,107,107,17864,0,0,0,0,0,0,0,0,0,89,89,15437,0,0,0,0,0,0,0,0,0
200599,999,21340, ,El Paso  TX ,4333,4333,467233,6,12,854,58,231,7665,119,829,39258,3918,3918,430885,6,12,854,58,231,7665,119,829,39258
200599,999,21500, ,Erie  PA ,530,530,70277,17,34,5016,2,7,365,11,153,10785,478,478,65812,16,32,4931,1,4,187,11,153,10785
200599,999,21660, ,Eugene-Springfield  OR ,1537,1537,286033,63,126,14706,36,141,14703,25,552,43237,1537,1537,286033,63,126,14706,36,141,14703,25,552,43237
200599,999,21780, ,Evansville  IN-KY ,1423,1423,210431,13,26,2364,16,60,3726,61,629,24860,1416,1416,209727,13,26,2364,16,60,3726,61,629,24860
200599,999,21820,C,Fairbanks  AK ,152,152,24991,11,22,2281,2,8,605,0,0,0,139,139,23798,11,22,2281,2,8,605,0,0,0
200599,999,22140,C,Farmington  NM ,429,429,77399,1,2,197,2,8,956,0,0,0,429,429,77399,1,2,197,2,8,956,0,0,0
200599,999,22180, ,Fayetteville  NC ,2935,2935,395377,2,4,219,6,23,1360,92,1363,83642,2925,2925,394494,2,4,219,6,23,1360,92,1363,83642
200599,999,22220, ,Fayetteville-Springdale-Rogers  AR-MO ,5264,5264,787944,223,446,53688,26,96,8325,141,1787,120820,4883,4883,737376,215,430,52568,19,73,7273,117,1593,113995
200599,999,22380, ,Flagstaff  AZ ,800,800,159023,3,6,637,2,7,572,16,267,13863,800,800,159023,3,6,637,2,7,572,16,267,13863
200599,999,22500, ,Florence  SC ,906,906,121736,0,0,0,0,0,0,0,0,0,897,897,120652,0,0,0,0,0,0,0,0,0
200599,999,22520, ,Florence-Muscle Shoals  AL ,277,277,29714,7,14,612,1,3,105,4,32,1248,220,220,23662,7,14,612,1,3,105,4,32,1248
200599,999,22660,C,Fort Collins-Loveland  CO ,2271,2271,443715,21,42,5408,24,84,10176,42,490,39211,2271,2271,443715,21,42,5408,24,84,10176,42,490,39211
200599,999,22900, ,Fort Smith  AR-OK ,784,784,98129,84,168,11345,5,20,1130,7,79,3452,776,776,97758,84,168,11345,5,20,1130,7,79,3452
200599,999,23020, ,Fort Walton Beach-Crestview-Destin  FL ,1768,1768,318119,3,6,429,3,12,2778,51,1934,423844,1341,1341,274249,2,4,301,3,12,2778,42,1785,416802
200599,999,23460, ,Gadsden  AL ,337,337,40444,0,0,0,10,40,1140,1,22,717,314,314,38725,0,0,0,10,40,1140,0,0,0
200599,999,23540, ,Gainesville  FL ,1448,1448,199182,2,4,230,13,52,3785,59,891,51290,1260,1260,179467,2,4,230,13,52,3785,32,464,28387
200599,999,24140, ,Goldsboro  NC ,603,603,76773,2,4,221,0,0,0,0,0,0,603,603,76773,2,4,221,0,0,0,0,0,0
200599,999,24220, ,Grand Forks  ND-MN ,335,335,49782,16,32,3800,3,12,840,9,268,17141,335,335,49782,16,32,3800,3,12,840,9,268,17141
200599,999,24300,C,Grand Junction  CO ,1471,1471,252507,11,22,3051,0,0,0,2,12,840,1471,1471,252507,11,22,3051,0,0,0,2,12,840
200599,999,24500, ,Great Falls  MT ,272,272,42123,8,16,1135,3,10,626,1,18,1888,272,272,42123,8,16,1135,3,10,626,1,18,1888
200599,999,24540,C,Greeley  CO ,4100,4100,798334,10,20,2370,7,21,2733,10,138,13448,4059,4059,793930,9,18,2262,5,15,2439,9,130,13019
200599,999,24580, ,Green Bay  WI ,1924,1924,260076,39,78,9288,7,27,2215,44,578,31558,1643,1643,218705,36,72,8824,7,27,2215,30,408,24669
200599,999,24780, ,Greenville  NC ,1422,1422,185637,89,178,11915,0,0,0,68,977,50387,1422,1422,185637,89,178,11915,0,0,0,68,977,50387
200599,999,25180, ,Hagerstown-Martinsburg  MD-WV ,3570,3570,672287,94,188,17864,3,10,640,39,369,17828,3568,3568,672212,93,186,17764,3,10,640,29,315,16208
200599,999,25260, ,Hanford-Corcoran  CA ,1068,1068,133146,14,28,1980,2,7,298,0,0,0,1015,1015,129154,14,28,1980,1,4,223,0,0,0
200599,999,25500,C,Harrisonburg  VA ,1152,1152,173046,17,34,3034,0,0,0,1,12,500,1152,1152,173046,17,34,3034,0,0,0,1,12,500
200599,999,25620, ,Hattiesburg  MS ,181,181,29000,0,0,0,1,4,70,7,56,2277,178,178,28738,0,0,0,1,4,70,7,56,2277
200599,999,25860, ,Hickory-Lenoir-Morganton  NC ,1491,1491,258977,15,30,1998,0,0,0,8,105,7544,1419,1419,251216,14,28,1873,0,0,0,8,105,7544
200599,999,26180,C,Honolulu  HI ,2079,2079,426677,0,0,0,40,160,16138,100,1749,322714,2079,2079,426677,0,0,0,40,160,16138,100,1749,322714
200599,999,26300, ,Hot Springs  AR ,159,159,17129,0,0,0,0,0,0,0,0,0,3,3,75,0,0,0,0,0,0,0,0,0
200599,999,26380, ,Houma-Bayou Cane-Thibodaux  LA ,942,942,98177,0,0,0,0,0,0,1,5,408,895,895,90953,0,0,0,0,0,0,0,0,0
200599,999,26580, ,Huntington-Ashland  WV-KY-OH ,272,272,27796,4,8,595,5,20,1500,14,316,11805,233,233,23566,2,4,200,5,20,1500,14,316,11805
200599,999,26980, ,Iowa City  IA ,931,931,161730,20,40,4209,8,30,3616,20,287,27710,862,862,153750,20,40,4209,8,30,3616,17,261,26174
200599,999,27100, ,Jackson  MI ,669,669,92548,2,4,356,0,0,0,14,224,13375,556,556,77156,2,4,356,0,0,0,14,224,13375
200599,999,27260,C,Jacksonville  FL ,18610,18610,3600067,42,84,6104,60,208,38093,376,6186,826879,18610,18610,3600067,42,84,6104,60,208,38093,376,6186,826879
200599,999,27340, ,Jacksonville  NC ,1658,1658,195766,28,56,5089,5,16,8160,8,88,6050,1658,1658,195766,28,56,5089,5,16,8160,8,88,6050
200599,999,27500, ,Janesville  WI ,676,676,107025,20,40,3406,12,41,3236,17,239,11263,628,628,99828,19,38,3153,7,26,2336,14,224,10738
200599,999,27620, ,Jefferson City  MO ,512,512,65291,3,6,529,6,19,1259,2,37,2200,312,312,39632,2,4,374,1,4,280,2,37,2200
200599,999,27780, ,Johnstown  PA ,238,238,33738,4,8,320,0,0,0,0,0,0,118,118,17973,0,0,0,0,0,0,0,0,0
200599,999,27900, ,Joplin  MO ,582,582,53840,23,46,3227,8,28,2045,5,50,2840,545,545,49956,23,46,3227,8,28,2045,5,50,2840
200599,999,28020, ,Kalamazoo-Portage  MI ,1541,1541,257059,3,6,530,6,22,2487,6,41,3505,1142,1142,210495,3,6,530,6,22,2487,6,41,3505
200599,999,28420, ,Kennewick-Richland-Pasco  WA ,2164,2164,412018,8,16,1869,42,168,13389,8,102,4018,2164,2164,412018,8,16,1869,42,168,13389,8,102,4018
200599,999,28660, ,Killeen-Temple-Fort Hood  TX ,3405,3405,420012,135,270,19528,79,309,13319,13,248,16960,3239,3239,395511,129,258,18843,77,303,13085,13,248,16960
200599,999,29100, ,La Crosse  WI-MN ,529,529,94461,21,42,4952,3,11,934,3,28,1350,529,529,94461,21,42,4952,3,11,934,3,28,1350
200599,999,29460,C,Lakeland  FL ,11980,11980,1448730,93,186,7091,33,106,9287,58,907,49105,11937,11937,1443738,93,186,7091,33,106,9287,56,887,48068
200599,999,29540, ,Lancaster  PA ,1812,1812,295539,29,58,5670,25,88,6844,11,82,7269,1646,1646,275069,29,58,5670,25,88,6844,11,82,7269
200599,999,29700,C,Laredo  TX ,1886,1886,169293,6,12,477,16,61,2252,17,217,10617,1189,1189,108449,3,6,234,13,52,1905,12,131,6854
200599,999,29740,C,Las Cruces  NM ,2211,2211,392189,4,8,866,9,36,2300,16,256,16094,2139,2139,384855,4,8,866,9,36,2300,16,256,16094
200599,999,29940, ,Lawrence  KS ,508,508,81434,31,62,5879,6,23,2984,10,104,7195,414,414,67273,29,58,5541,6,23,2984,10,104,7195
200599,999,30020, ,Lawton  OK ,315,315,47453,7,14,570,0,0,0,2,306,6822,309,309,47081,7,14,570,0,0,0,2,306,6822
200599,999,30300, ,Lewiston  ID-WA ,253,253,31236,12,24,2876,0,0,0,0,0,0,253,253,31236,12,24,2876,0,0,0,0,0,0
200599,999,30700, ,Lincoln  NE ,1545,1545,266881,18,36,3435,1,4,250,26,195,7703,1439,1439,250346,16,32,3104,1,4,250,23,148,5462
200599,999,30860, ,Logan  UT-ID ,960,960,156572,1,2,104,10,33,2752,15,109,8009,889,889,145840,1,2,104,0,0,0,10,84,5924
200599,999,31020, ,Longview  WA ,469,469,86786,8,16,1725,4,16,1423,2,14,1427,439,439,83558,8,16,1725,4,16,1423,2,14,1427
200599,999,31340, ,Lynchburg  VA ,1775,1775,288038,1,2,85,6,24,4095,5,41,3926,1775,1775,288038,1,2,85,6,24,4095,5,41,3926
200599,999,32580,C,McAllen-Edinburg-Mission  TX ,6741,6741,719416,264,528,27875,172,662,29828,93,958,76162,6599,6599,711856,263,526,27821,172,662,29828,92,953,76022
200599,999,32780, ,Medford  OR ,1707,1707,306754,34,68,6496,6,19,1787,17,242,22888,1559,1559,285439,34,68,6496,1,4,346,13,222,21268
200599,999,32820,C,Memphis  TN-MS-AR ,9710,9710,1646267,1,2,70,6,22,2848,87,1058,85573,9370,9370,1611841,1,2,70,6,22,2848,87,1058,85573
200599,999,32900, ,Merced  CA ,3479,3479,613336,1,2,140,4,16,987,24,168,17111,3317,3317,576692,1,2,140,4,16,987,24,168,17111
200599,999,33100,C,Miami-Fort Lauderdale-Miami Beach  FL ,22220,22220,4289739,309,618,70782,136,511,55083,621,22213,3144286,21193,21193,4097786,301,602,67545,131,492,53693,590,21752,3068728
200599,999,33540,C,Missoula  MT ,491,491,48829,14,28,1531,5,17,793,9,102,5302,491,491,48829,14,28,1531,5,17,793,9,102,5302
200599,999,33700, ,Modesto  CA ,4085,4085,752987,15,30,2667,5,17,1204,22,393,30462,3473,3473,652356,9,18,1464,3,11,653,10,179,13831
200599,999,34060, ,Morgantown  WV ,40,40,6156,2,4,250,4,13,1073,7,61,2577,36,36,5556,2,4,250,3,10,773,7,61,2577
200599,999,34580, ,Mount Vernon-Anacortes  WA ,934,934,173925,17,34,3647,4,15,1376,5,35,3371,849,849,164384,16,32,3457,4,15,1376,4,30,2782
200599,999,34620, ,Muncie  IN ,256,256,37588,4,8,754,1,3,196,0,0,0,168,168,21930,4,8,754,1,3,196,0,0,0
200599,999,34940,C,Naples-Marco Island  FL ,4052,4052,1163362,52,104,15574,137,547,102025,149,1919,374708,4052,4052,1163362,52,104,15574,137,547,102025,149,1919,374708
200599,999,35660, ,Niles-Benton Harbor  MI ,689,689,144700,2,4,560,0,0,0,8,123,25032,594,594,122861,2,4,560,0,0,0,7,102,17395
200599,999,35980, ,Norwich-New London  CT ,945,945,174614,17,34,2415,12,44,3436,13,185,13514,773,773,145624,13,26,1932,12,44,3436,13,185,13514
200599,999,36100,C,Ocala  FL ,6542,6542,904436,28,56,4395,31,115,6123,82,740,38579,6542,6542,904436,28,56,4395,31,115,6123,82,740,38579
200599,999,36140,C,Ocean City  NJ ,1125,1125,239340,260,520,81412,38,145,15454,64,643,80674,1112,1112,237817,260,520,81412,38,145,15454,64,643,80674
200599,999,36980, ,Owensboro  KY ,409,409,38678,4,8,423,5,20,583,1,20,4000,407,407,38417,4,8,423,5,20,583,1,20,4000
200599,999,37340,C,Palm Bay-Melbourne-Titusville  FL ,7321,7321,1467149,11,22,2221,11,41,4029,102,1403,193818,7321,7321,1467149,11,22,2221,11,41,4029,102,1403,193818
200599,999,37460, ,Panama City-Lynn Haven  FL ,1542,1542,251739,18,36,3368,88,327,40122,96,3633,506924,1542,1542,251739,18,36,3368,88,327,40122,96,3633,506924
200599,999,37620, ,Parkersburg-Marietta-Vienna  WV-OH ,286,286,31266,0,0,0,5,20,333,0,0,0,280,280,30407,0,0,0,5,20,333,0,0,0
200599,999,37860,C,Pensacola-Ferry Pass-Brent  FL ,3342,3342,496284,42,84,5975,17,57,3725,17,473,119649,3342,3342,496284,42,84,5975,17,57,3725,17,473,119649
200599,999,38060,C,Phoenix-Mesa-Scottsdale  AZ ,54313,54313,9513497,93,186,21601,189,642,66789,451,7476,544594,53770,53770,9446082,79,158,19621,181,613,64860,441,7406,536425
200599,999,38340, ,Pittsfield  MA ,445,445,110366,4,8,881,0,0,0,3,33,3707,324,324,83459,0,0,0,0,0,0,3,33,3707
200599,999,38540, ,Pocatello  ID ,548,548,59201,9,18,868,10,40,1217,7,70,5113,520,520,56780,9,18,868,10,40,1217,5,60,4500
200599,999,38900,C,Portland-Vancouver-Beaverton  OR-WA ,12789,12789,2594915,135,270,27469,120,434,40019,219,3758,346026,12293,12293,2505305,132,264,26853,120,434,40019,218,3745,345125
200599,999,38940,C,Port St. Lucie-Fort Pierce  FL ,9112,9112,1385924,6,12,1496,73,248,37446,139,1410,121238,9081,9081,1381723,6,12,1496,55,187,30470,123,1075,100713
200599,999,39140, ,Prescott  AZ ,4329,4329,737205,28,56,6217,10,35,2394,3,19,1498,4329,4329,737205,28,56,6217,10,35,2394,3,19,1498
200599,999,39300, ,Providence-New Bedford-Fall River  RI-MA ,3202,3202,581194,104,208,17270,46,161,16239,54,1082,53268,2972,2972,546081,91,182,16278,44,155,16044,51,1033,50615
200599,999,39340, ,Provo-Orem  UT ,4690,4690,926880,41,82,12157,39,132,13074,35,492,39852,4643,4643,916548,41,82,12157,39,132,13074,35,492,39852
200599,999,39380,C,Pueblo  CO ,1119,1119,182083,28,56,2874,1,4,300,0,0,0,1119,1119,182083,28,56,2874,1,4,300,0,0,0
200599,999,39460,C,Punta Gorda  FL ,2902,2902,539247,110,220,25377,62,242,39905,96,1330,220720,2479,2479,469292,105,210,24390,58,227,38191,84,1166,205579
200599,999,39660, ,Rapid City  SD ,942,942,130884,20,40,2636,38,141,5221,5,53,3310,933,933,130116,20,40,2636,38,141,5221,5,53,3310
200599,999,39740, ,Reading  PA ,1273,1273,198920,7,14,1485,2,6,789,6,75,7663,1166,1166,185210,7,14,1485,2,6,789,4,65,6682
200599,999,39820, ,Redding  CA ,1326,1326,214718,15,30,2771,16,62,5198,7,148,8827,1299,1299,210001,15,30,2771,16,62,5198,7,148,8827
200599,999,40060,C,Richmond  VA ,8769,8769,1463633,4,8,595,51,184,14357,69,871,62915,8760,8760,1462200,4,8,595,51,184,14357,69,871,62915
200599,999,40220, ,Roanoke  VA ,1410,1410,232133,8,16,859,3,11,435,7,167,38121,1296,1296,221687,6,12,642,3,11,435,7,167,38121
200599,999,40340, ,Rochester  MN ,1107,1107,214752,7,14,1641,1,4,532,20,417,42813,1051,1051,206499,7,14,1641,1,4,532,20,417,42813
200599,999,40580, ,Rocky Mount  NC ,669,669,66748,25,50,2578,12,47,2039,0,0,0,669,669,66748,25,50,2578,12,47,2039,0,0,0
200599,999,40660, ,Rome  GA ,424,424,61131,47,94,5546,1,4,200,8,91,5213,220,220,32337,25,50,3325,1,4,200,2,54,3061
200599,999,41100, ,St. George  UT ,3563,3563,572927,7,14,1074,10,37,2455,22,234,22290,3563,3563,572927,7,14,1074,10,37,2455,22,234,22290
200599,999,41140, ,St. Joseph  MO-KS ,229,229,37318,14,28,2628,0,0,0,6,40,2850,223,223,36778,14,28,2628,0,0,0,6,40,2850
200599,999,41420, ,Salem  OR ,2083,2083,384560,46,92,9770,12,44,3032,18,219,15010,1652,1652,320489,41,82,9225,6,23,1937,7,97,8364
200599,999,41500, ,Salinas  CA ,1296,1296,424602,3,6,2715,6,22,2524,9,106,15847,935,935,302283,3,6,2715,6,22,2524,9,106,15847
200599,999,41660,C,San Angelo  TX ,270,270,38473,0,0,0,0,0,0,0,0,0,270,270,38473,0,0,0,0,0,0,0,0,0
200599,999,41700,C,San Antonio  TX ,14706,14706,2224823,90,180,12673,32,125,6317,372,7294,565330,13596,13596,2047630,89,178,12598,29,116,6317,358,7018,555759
200599,999,41740,C,San Diego-Carlsbad-San Marcos  CA ,7576,7576,1983611,235,470,52515,181,608,75382,258,5652,565991,7537,7537,1974487,235,470,52515,178,599,74590,258,5652,565991
200599,999,41780, ,Sandusky  OH ,223,223,38905,0,0,0,3,12,653,27,188,8755,199,199,34950,0,0,0,3,12,653,27,188,8755
200599,999,42020, ,San Luis Obispo-Paso Robles  CA ,1875,1875,344688,12,24,2578,11,34,3434,54,383,26325,1471,1471,283392,10,20,2198,9,28,2973,53,319,22245
200599,999,42060, ,Santa Barbara-Santa Maria  CA ,763,763,209813,32,64,8550,11,40,5969,10,183,32827,669,669,182655,32,64,8550,7,25,4049,10,183,32827
200599,999,42260,C,Sarasota-Bradenton-Venice  FL ,11395,11395,2128450,66,132,10663,49,194,23324,168,2324,366659,11383,11383,2124713,66,132,10663,49,194,23324,168,2324,366659
200599,999,42540, ,Scranton--Wilkes-Barre  PA ,1298,1298,221868,7,14,1118,13,39,3264,5,31,1575,829,829,148925,5,10,715,2,6,512,0,0,0
200599,999,42680,C,Sebastian-Vero Beach  FL ,3657,3657,766452,23,46,4830,12,40,5437,10,76,20224,3598,3598,757790,23,46,4830,12,40,5437,9,61,19573
200599,999,43100, ,Sheboygan  WI ,371,371,79161,40,80,10055,5,19,2721,3,36,1350,354,354,75637,40,80,10055,5,19,2721,3,36,1350
200599,999,43300, ,Sherman-Denison  TX ,423,423,50725,17,34,2004,1,4,818,7,283,12350,339,339,41992,14,28,1500,1,4,818,1,196,8000
200599,999,43620, ,Sioux Falls  SD ,1869,1869,233887,11,22,2224,24,95,6313,26,309,17467,1822,1822,228349,11,22,2224,23,92,6169,26,309,17467
200599,999,43780, ,South Bend-Mishawaka  IN-MI ,1108,1108,193492,0,0,0,2,8,1060,17,266,11920,1082,1082,190303,0,0,0,2,8,1060,17,266,11920
200599,999,44060, ,Spokane  WA ,3557,3557,455591,59,118,11078,25,96,4717,82,625,70040,3481,3481,444413,58,116,10965,25,96,4717,78,564,65758
200599,999,44100, ,Springfield  IL ,729,729,122877,91,182,19657,2,8,1118,6,81,8101,596,596,104049,82,164,17818,2,8,1118,6,81,8101
200599,999,44140, ,Springfield  MA ,1391,1391,264263,82,164,16122,6,21,1224,8,80,5888,1097,1097,223506,77,154,15262,6,21,1224,8,80,5888
200599,999,44180, ,Springfield  MO ,3723,3723,566129,116,232,17225,26,99,5191,59,1061,45365,3705,3705,564937,116,232,17225,26,99,5191,58,1053,44881
200599,999,44300, ,State College  PA ,663,663,115127,12,24,2362,2,8,552,1,6,1323,563,563,103731,11,22,2257,2,8,552,1,6,1323
200599,999,44700,C,Stockton  CA ,5684,5684,1313368,18,36,4073,7,27,1897,12,122,8264,5591,5591,1297957,18,36,4073,7,27,1897,12,122,8264
200599,999,44940,C,Sumter  SC ,571,571,57822,26,52,2541,1,4,339,0,0,0,521,521,52974,25,50,2410,0,0,0,0,0,0
200599,999,45220, ,Tallahassee  FL ,2833,2833,407014,54,108,6997,65,250,18482,48,1092,73088,2675,2675,378312,53,106,6819,65,250,18482,48,1092,73088
200599,999,45300,C,Tampa-St. Petersburg-Clearwater  FL ,27643,27643,4630327,183,366,38022,162,575,53032,273,5590,703036,27628,27628,4627480,182,364,37617,162,575,53032,273,5590,703036
200599,999,45460, ,Terre Haute  IN ,314,314,38911,12,24,1833,3,9,624,14,156,6137,252,252,32814,10,20,1618,1,3,196,0,0,0
200599,999,45500, ,Texarkana  TX-Texarkana  AR ,220,220,24143,14,28,1339,0,0,0,0,0,0,212,212,23398,14,28,1339,0,0,0,0,0,0
200599,999,45820, ,Topeka  KS ,1130,1130,177423,5,10,760,10,30,2250,1,21,1829,1068,1068,169513,3,6,380,10,30,2250,1,21,1829
200599,999,46060,C,Tucson  AZ ,11166,11166,1964281,93,186,17961,37,135,8990,24,157,18724,11150,11150,1963291,93,186,17961,37,135,8990,24,157,18724
200599,999,46220, ,Tuscaloosa  AL ,1308,1308,193795,1,2,247,0,0,0,23,417,21681,1208,1208,181702,0,0,0,0,0,0,22,412,21425
200599,999,46540, ,Utica-Rome  NY ,563,563,82266,1,2,180,1,3,341,3,28,2841,421,421,64986,1,2,180,0,0,0,3,28,2841
200599,999,46660, ,Valdosta  GA ,1109,1109,140341,22,44,3599,2,7,477,4,66,4882,1107,1107,139961,22,44,3599,2,7,477,4,66,4882
200599,999,47020, ,Victoria  TX ,238,238,28562,0,0,0,1,3,240,0,0,0,216,216,25910,0,0,0,1,3,240,0,0,0
200599,999,47260,C,Virginia Beach-Norfolk-Newport News  VA-NC ,7667,7667,1414344,165,330,25293,73,278,20584,165,3085,188044,7559,7559,1397415,165,330,25293,73,278,20584,162,3026,184929
200599,999,47300, ,Visalia-Porterville  CA ,2944,2944,475712,13,26,1986,71,281,22429,2,66,5225,2941,2941,475497,13,26,1986,71,281,22429,2,66,5225
200599,999,47380, ,Waco  TX ,1015,1015,146438,27,54,4002,1,4,175,7,249,17345,993,993,144179,26,52,3802,1,4,175,7,249,17345
200599,999,47940, ,Waterloo-Cedar Falls  IA ,555,555,99706,8,16,1584,5,20,1055,8,144,10693,541,541,97578,7,14,1402,5,20,1055,8,144,10693
200599,999,48260, ,Weirton-Steubenville  WV-OH ,55,55,9648,0,0,0,1,4,250,0,0,0,51,51,9141,0,0,0,1,4,250,0,0,0
200599,999,48300, ,Wenatchee  WA ,838,838,121708,4,8,1123,13,51,2592,1,5,381,689,689,98221,3,6,890,2,8,529,0,0,0
200599,999,48540, ,Wheeling  WV-OH ,53,53,6823,2,4,310,4,16,280,1,18,20,28,28,3592,2,4,310,4,16,280,1,18,20
200599,999,48660, ,Wichita Falls  TX ,315,315,48911,8,16,1190,41,164,11201,9,70,3476,279,279,45819,8,16,1190,41,164,11201,9,70,3476
200599,999,48900,C,Wilmington  NC ,7685,7685,1277328,173,346,59417,13,50,5745,77,1125,122381,7499,7499,1259642,173,346,59417,13,50,5745,77,1125,122381
200599,999,49420, ,Yakima  WA ,739,739,135403,7,14,1407,0,0,0,2,27,2321,739,739,135403,7,14,1407,0,0,0,2,27,2321
200599,999,49700, ,Yuba City  CA ,2961,2961,511473,1,2,205,0,0,0,4,31,1602,2869,2869,495611,0,0,0,0,0,0,3,26,1383
200599,999,49740, ,Yuma  AZ ,2276,2276,297694,1,2,203,0,0,0,6,30,5417,1414,1414,160499,1,2,203,0,0,0,0,0,0
