Survey,CSA,CBSA,MONCOV,CBSA,,1-unit,,,2-units,,,3-4 units,,,5+ units,,,1-unit rep,,,2-units rep,,,3-4 units rep,,,5+ units rep
Date,Code,Code,,Name,Bldgs,Units,Value,Bldgs,Units,Value,Bldgs,Units,Value,Bldgs,Units,Value,Bldgs,Units,Value,Bldgs,Units,Value,      Bldgs,Units,Value,Bldgs,Units,Value
 
200699,102,18700, ,Corvallis  OR ,301,301,75839,4,8,1102,13,46,4373,0,0,0,301,301,75839,4,8,1102,13,46,4373,0,0,0
200699,104,10580, ,Albany-Schenectady-Troy  NY ,1836,1836,402381,24,48,6485,18,72,4840,34,494,52148,1575,1575,366728,23,46,6395,18,72,4840,32,456,50186
200699,104,24020, ,Glens Falls  NY ,571,571,107929,2,4,308,22,86,2441,6,48,2875,525,525,101952,2,4,308,21,83,2329,6,48,2875
200699,112,11180, ,Ames  IA ,278,278,52509,2,4,620,0,0,0,13,202,10389,274,274,52060,2,4,620,0,0,0,13,202,10389
200699,118,11540, ,Appleton  WI ,807,807,156444,32,64,6482,11,44,2824,4,50,2140,742,742,147025,31,62,6362,11,44,2824,4,50,2140
200699,118,36780, ,Oshkosh-Neenah  WI ,469,469,98850,25,50,5985,10,39,3518,26,258,12351,461,461,97326,25,50,5985,10,39,3518,26,258,12351
200699,120,11700, ,Asheville  NC ,3750,3750,801387,17,34,3991,32,122,11512,20,404,30193,3750,3750,801387,17,34,3991,32,122,11512,20,404,30193
200699,122,12060,C,Atlanta-Sandy Springs-Marietta  GA ,53927,53927,8014050,113,226,19644,131,484,44903,367,13629,1211803,52757,52757,7882744,113,226,19644,129,478,44903,349,13481,1203945
200699,122,23580, ,Gainesville  GA ,1702,1702,335490,3,6,233,15,47,5110,7,99,3494,1702,1702,335490,3,6,233,15,47,5110,7,99,3494
200699,132,12940, ,Baton Rouge  LA ,6414,6414,812702,21,42,3904,5,16,1758,199,2589,232888,6180,6180,784776,21,42,3904,5,16,1758,194,2534,228239
200699,140,13460,C,Bend  OR ,3073,3073,719162,42,84,12043,14,53,5379,8,74,5872,2922,2922,683018,42,84,12043,13,50,5140,8,74,5872
200699,142,13820,C,Birmingham-Hoover  AL ,6437,6437,1072600,17,34,1357,7,25,2675,70,1311,114235,5430,5430,900668,17,34,1357,7,25,2675,70,1311,114235
200699,148,14460,C,Boston-Cambridge-Quincy  MA-NH ,6167,6167,1351476,379,758,85038,175,589,63859,234,6402,630636,4931,4931,1113863,329,658,74443,163,553,59614,124,4999,498480
200699,148,31700, ,Manchester-Nashua  NH ,1085,1085,206502,26,52,5794,6,23,2423,10,186,17553,979,979,186360,25,50,5602,6,23,2423,9,178,16832
200699,148,49340, ,Worcester  MA ,2265,2265,408229,32,64,8708,19,59,4877,17,297,26323,1527,1527,291885,29,58,8352,14,44,4020,17,297,26323
200699,154,15180, ,Brownsville-Harlingen  TX ,2852,2852,266873,19,38,3069,28,105,6566,36,407,25330,2646,2646,236959,12,24,1062,19,74,3952,25,261,9728
200699,160,15380, ,Buffalo-Niagara Falls  NY ,1473,1473,295255,38,76,10484,2,8,740,17,466,38478,1445,1445,288729,38,76,10484,2,8,740,17,466,38478
200699,172,16740,C,Charlotte-Gastonia-Concord  NC-SC ,20298,20298,3344509,44,88,7722,52,172,15836,190,4603,422853,18636,18636,3054908,39,78,6724,38,124,10934,171,4481,409739
200699,174,16860, ,Chattanooga  TN-GA ,3029,3029,433589,42,84,4547,28,100,5465,19,242,23190,2594,2594,375018,26,52,3117,27,96,5465,11,182,20566
200699,174,17420, ,Cleveland  TN ,789,789,119534,21,42,2555,3,10,540,0,0,0,631,631,96430,21,42,2555,3,10,540,0,0,0
200699,176,16980,C,Chicago-Naperville-Joliet  IL-IN-WI ,28632,28632,6352816,367,734,81968,633,2079,190575,625,15277,1364438,27369,27369,6128407,357,714,79750,615,2018,185730,566,14380,1293282
200699,176,28100, ,Kankakee-Bradley  IL ,590,590,104494,10,20,1944,0,0,0,4,20,680,579,579,103356,5,10,1027,0,0,0,4,20,680
200699,176,33140, ,Michigan City-La Porte  IN ,375,375,60641,0,0,0,2,7,300,0,0,0,316,316,55091,0,0,0,0,0,0,0,0,0
200699,178,17140,C,Cincinnati-Middletown  OH-KY-IN ,7436,7436,1426028,37,74,6954,114,392,41771,114,1545,113126,6915,6915,1346216,36,72,6709,102,356,38904,81,1344,104013
200699,184,10420, ,Akron  OH ,1746,1746,354262,12,24,2565,30,100,8724,18,339,12745,1469,1469,321195,12,24,2565,24,82,8037,6,144,5854
200699,184,17460,C,Cleveland-Elyria-Mentor  OH ,4542,4542,962208,30,60,6113,42,147,15372,50,445,22103,3884,3884,861020,24,48,5284,24,87,10915,28,335,13727
200699,192,17900,C,Columbia  SC ,6494,6494,806147,14,28,1612,43,142,11842,71,1453,85093,3892,3892,508581,9,18,1073,43,142,11842,36,821,49424
200699,194,12220,C,Auburn-Opelika  AL ,1687,1687,261688,9,18,1217,0,0,0,26,499,36401,1687,1687,261688,9,18,1217,0,0,0,26,499,36401
200699,194,17980, ,Columbus  GA-AL ,1635,1635,234827,4,8,663,12,43,1951,41,541,33812,907,907,158504,0,0,0,0,0,0,12,200,7500
200699,198,18140,C,Columbus  OH ,5641,5641,1237904,61,122,16007,174,676,69405,114,1437,121899,5183,5183,1155684,61,122,16007,172,670,69405,114,1437,121899
200699,204,18580, ,Corpus Christi  TX ,2113,2113,268379,20,40,2241,55,220,7621,42,927,52483,1617,1617,206627,10,20,1038,55,220,7621,35,807,47710
200699,206,19100,C,Dallas-Fort Worth-Arlington  TX ,43591,43591,8442367,298,596,40854,86,329,40238,456,11998,979997,42609,42609,8275611,295,590,40524,86,329,40238,456,11998,979997
200699,212,19380, ,Dayton  OH ,1839,1839,377025,19,38,4392,1,3,270,22,251,17876,1834,1834,376639,19,38,4392,1,3,270,22,251,17876
200699,212,44220, ,Springfield  OH ,190,190,27927,1,2,400,2,8,840,0,0,0,190,190,27927,1,2,400,2,8,840,0,0,0
200699,214,19660, ,Deltona-Daytona Beach-Ormond Beach  FL ,2906,2906,617232,12,24,4182,1,4,1125,42,881,186246,2786,2786,599088,12,24,4182,1,4,1125,24,598,158504
200699,216,14500, ,Boulder  CO ,453,453,146587,12,24,2824,10,31,2978,26,238,19280,398,398,136680,11,22,2621,7,22,2169,14,125,11052
200699,216,19740,C,Denver-Aurora  CO ,13166,13166,2979576,113,226,34518,46,147,18932,138,4531,508282,13111,13111,2966485,113,226,34518,46,147,18932,138,4531,508282
200699,218,19780,C,Des Moines-West Des Moines  IA ,3854,3854,667004,25,50,6295,5,19,2639,50,1197,131044,3825,3825,662102,25,50,6295,5,19,2639,50,1197,131044
200699,220,11460, ,Ann Arbor  MI ,627,627,124417,4,8,618,2,8,385,20,132,9627,434,434,100826,0,0,0,2,8,385,9,76,6244
200699,220,19820,C,Detroit-Warren-Livonia  MI ,7468,7468,1422571,54,108,11688,49,183,19132,67,1161,99323,7139,7139,1380411,53,106,11528,42,160,17305,63,1141,96746
200699,220,22420, ,Flint  MI ,777,777,134187,8,16,1818,1,3,402,7,184,12470,693,693,120314,6,12,1431,1,3,402,7,184,12470
200699,220,33780, ,Monroe  MI ,560,560,89759,2,4,306,2,7,627,14,101,5726,492,492,79377,2,4,306,2,7,627,7,51,3928
200699,222,20020, ,Dothan  AL ,698,698,64348,2,4,400,0,0,0,0,0,0,676,676,60723,2,4,400,0,0,0,0,0,0
200699,232,20740, ,Eau Claire  WI ,615,615,97135,35,70,6488,3,11,880,7,86,7778,605,605,95743,34,68,6312,3,11,880,7,86,7778
200699,244,22020, ,Fargo  ND-MN ,1283,1283,187630,0,0,0,10,39,3167,24,605,49318,1273,1273,186340,0,0,0,9,36,3167,24,605,49318
200699,252,22540, ,Fond du Lac  WI ,306,306,59525,16,32,3952,5,20,1690,7,84,4047,248,248,48073,15,30,3702,5,20,1690,7,84,4047
200699,258,23060,C,Fort Wayne  IN ,1376,1376,256493,38,76,6846,4,12,867,15,124,7465,1376,1376,256493,38,76,6846,4,12,867,15,124,7465
200699,260,23420, ,Fresno  CA ,3904,3904,691227,40,80,7156,29,106,9585,116,1188,84225,1284,1284,246184,0,0,0,0,0,0,7,89,7101
200699,260,31460, ,Madera  CA ,1269,1269,220107,3,6,394,5,20,1042,12,81,5267,1269,1269,220107,3,6,394,5,20,1042,12,81,5267
200699,266,24340,C,Grand Rapids-Wyoming  MI ,2435,2435,405101,14,28,2676,9,28,2136,22,422,54646,2208,2208,380816,9,18,2084,1,4,211,5,259,37223
200699,266,26100, ,Holland-Grand Haven  MI ,1204,1204,183545,8,16,2049,4,15,2291,7,130,5692,1176,1176,179716,8,16,2049,3,11,1790,7,130,5692
200699,266,34740, ,Muskegon-Norton Shores  MI ,425,425,64315,16,32,3141,2,8,983,2,15,1022,384,384,58513,16,32,3141,2,8,983,0,0,0
200699,268,15500, ,Burlington  NC ,1688,1688,209371,0,0,0,0,0,0,17,300,17611,1688,1688,209371,0,0,0,0,0,0,17,300,17611
200699,268,24660,C,Greensboro-High Point  NC ,4660,4660,803208,14,28,3217,25,89,9172,101,1640,87528,3474,3474,528155,14,28,3217,23,83,9038,101,1640,87528
200699,268,49180, ,Winston-Salem  NC ,3538,3538,484549,9,18,1754,3,12,1139,15,219,11170,3270,3270,441336,8,16,1647,3,12,1139,15,219,11170
200699,273,11340, ,Anderson  SC ,1219,1219,188329,3,6,399,0,0,0,13,371,34345,1219,1219,188329,3,6,399,0,0,0,13,371,34345
200699,273,24860,C,Greenville  SC ,4980,4980,610230,7,14,314,0,0,0,30,532,52234,4919,4919,603689,7,14,314,0,0,0,30,532,52234
200699,273,43900, ,Spartanburg  SC ,2156,2156,223319,0,0,0,0,0,0,0,0,0,2035,2035,206537,0,0,0,0,0,0,0,0,0
200699,274,25060, ,Gulfport-Biloxi  MS ,3417,3417,389397,64,128,7966,22,78,6781,16,362,18614,3417,3417,389397,64,128,7966,22,78,6781,16,362,18614
200699,274,37700, ,Pascagoula  MS ,1284,1284,183898,6,12,932,8,32,2200,13,213,46861,1178,1178,175740,5,10,862,8,32,2200,11,193,46243
200699,276,25420, ,Harrisburg-Carlisle  PA ,1886,1886,324805,3,6,542,5,18,1560,12,120,8903,1638,1638,277241,3,6,542,5,18,1560,10,110,8287
200699,276,30140, ,Lebanon  PA ,562,562,85912,1,2,150,0,0,0,0,0,0,513,513,77585,0,0,0,0,0,0,0,0,0
200699,278,25540, ,Hartford-West Hartford-East Hartford  CT ,2697,2697,501221,57,114,7186,10,33,3815,46,794,49555,2458,2458,470549,53,106,6516,10,33,3815,16,518,40871
200699,288,26420,C,Houston-Sugar Land-Baytown  TX ,55162,55162,7846565,166,332,27669,129,492,41520,697,15733,1221612,54791,54791,7783316,166,332,27669,128,489,41520,683,15578,1218128
200699,290,19460, ,Decatur  AL ,336,336,46030,0,0,0,0,0,0,0,0,0,336,336,46030,0,0,0,0,0,0,0,0,0
200699,290,26620, ,Huntsville  AL ,4154,4154,460924,0,0,0,0,0,0,30,316,12834,3690,3690,401898,0,0,0,0,0,0,30,316,12834
200699,292,26820, ,Idaho Falls  ID ,1363,1363,133759,5,10,380,18,71,3035,10,80,3399,1363,1363,133759,5,10,380,17,67,3035,10,80,3399
200699,294,11300, ,Anderson  IN ,314,314,54012,7,14,2204,0,0,0,0,0,0,295,295,50369,7,14,2204,0,0,0,0,0,0
200699,294,18020, ,Columbus  IN ,281,281,60111,0,0,0,0,0,0,0,0,0,281,281,60111,0,0,0,0,0,0,0,0,0
200699,294,26900,C,Indianapolis-Carmel  IN ,9320,9320,1771228,186,372,39569,80,300,21488,119,1349,98683,9222,9222,1755080,178,356,38665,75,285,21488,119,1349,98683
200699,296,27060, ,Ithaca  NY ,162,162,30546,8,16,1190,0,0,0,15,129,12485,121,121,24516,6,12,890,0,0,0,9,99,10585
200699,297,27180, ,Jackson  TN ,644,644,88445,8,16,499,0,0,0,10,80,3826,644,644,88445,8,16,499,0,0,0,10,80,3826
200699,298,27140, ,Jackson  MS ,3524,3524,524902,5,10,550,0,0,0,22,188,7349,3524,3524,524902,5,10,550,0,0,0,22,188,7349
200699,304,27740, ,Johnson City  TN ,1283,1283,166672,12,24,1276,9,33,3108,15,100,6046,1270,1270,164149,12,24,1276,8,30,2958,13,90,5733
200699,304,28700, ,Kingsport-Bristol-Bristol  TN-VA ,1163,1163,130187,4,8,550,0,0,0,25,236,20090,1153,1153,129335,4,8,550,0,0,0,24,229,19687
200699,308,27860, ,Jonesboro  AR ,529,529,51171,3,6,746,13,49,1762,4,96,3600,524,524,50440,3,6,746,12,45,1762,4,96,3600
200699,312,28140,C,Kansas City  MO-KS ,8714,8714,1653900,258,516,43681,202,756,59222,210,3219,220045,8542,8542,1628793,253,506,43133,199,747,58789,209,3210,219694
200699,314,28940, ,Knoxville  TN ,5301,5301,737021,11,22,1892,16,57,3929,62,1073,108042,4518,4518,635769,11,22,1892,13,45,3188,55,1008,106281
200699,316,29020, ,Kokomo  IN ,168,168,25450,1,2,353,0,0,0,1,24,875,120,120,19242,1,2,353,0,0,0,0,0,0
200699,318,29180, ,Lafayette  LA ,2055,2055,276745,6,12,1023,2,8,832,28,415,21278,2003,2003,270544,6,12,1023,2,8,832,28,415,21278
200699,320,29140, ,Lafayette  IN ,720,720,117720,16,32,3200,1,4,358,10,162,13513,716,716,117100,16,32,3200,1,4,358,10,162,13513
200699,324,29340, ,Lake Charles  LA ,560,560,81095,10,20,1373,0,0,0,6,50,2658,317,317,45114,9,18,1304,0,0,0,3,35,1897
200699,330,29620, ,Lansing-East Lansing  MI ,941,941,162205,7,14,1111,2,6,678,18,270,20282,925,925,160281,7,14,1111,2,6,678,18,270,20282
200699,332,29820,C,Las Vegas-Paradise  NV ,21590,21590,2749678,32,64,4789,202,674,49004,351,11400,1571915,21590,21590,2749678,32,64,4789,202,674,49004,351,11400,1571915
200699,336,30460, ,Lexington-Fayette  KY ,3058,3058,494048,13,26,2101,24,95,13221,31,498,46631,2818,2818,458600,13,26,2101,24,95,13221,31,498,46631
200699,338,30620, ,Lima  OH ,184,184,29083,3,6,614,1,3,180,0,0,0,129,129,20060,1,2,150,1,3,180,0,0,0
200699,340,30780, ,Little Rock-North Little Rock  AR ,3767,3767,630129,53,106,5458,2,6,340,13,296,15958,3569,3569,609637,47,94,5048,2,6,340,13,296,15958
200699,340,38220, ,Pine Bluff  AR ,92,92,8515,3,6,210,1,3,238,0,0,0,91,91,8475,3,6,210,1,3,238,0,0,0
200699,346,30980, ,Longview  TX ,376,376,66829,3,6,282,0,0,0,13,269,11729,371,371,66351,3,6,282,0,0,0,13,269,11729
200699,348,31100,C,Los Angeles-Long Beach-Santa Ana  CA ,13686,13686,3362049,361,722,93431,215,754,106841,663,18343,2403682,13198,13198,3226709,336,672,87493,176,618,99256,575,17709,2349184
200699,348,37100, ,Oxnard-Thousand Oaks-Ventura  CA ,1426,1426,427800,53,106,16334,22,76,10137,39,636,71038,1098,1098,352490,51,102,15885,14,51,7095,25,324,41834
200699,348,40140,C,Riverside-San Bernardino-Ontario  CA ,33498,33498,6753380,217,434,40716,147,529,55739,332,3628,321508,33001,33001,6668386,207,414,38928,147,529,55739,330,3609,319596
200699,350,21060, ,Elizabethtown  KY ,859,859,111789,31,62,4625,26,93,5244,12,132,3969,859,859,111789,31,62,4625,26,93,5244,12,132,3969
200699,350,31140,C,Louisville-Jefferson County  KY-IN ,4709,4709,834999,25,50,4623,43,159,10915,60,747,43209,3970,3970,717874,24,48,4561,43,159,10915,51,468,25200
200699,352,31180, ,Lubbock  TX ,1243,1243,203404,25,50,3485,1,3,45,25,218,8000,1243,1243,203404,25,50,3485,1,3,45,25,218,8000
200699,356,31420, ,Macon  GA ,1571,1571,235130,3,6,285,0,0,0,0,0,0,1201,1201,188926,3,6,285,0,0,0,0,0,0
200699,356,47580, ,Warner Robins  GA ,1677,1677,226332,0,0,0,2,8,701,32,428,20759,1677,1677,226332,0,0,0,2,8,701,32,428,20759
200699,358,31540,C,Madison  WI ,1889,1889,392221,95,190,24700,44,162,20789,87,1483,178058,1808,1808,378954,86,172,22973,36,135,18556,65,1365,171409
200699,360,31900, ,Mansfield  OH ,202,202,31210,4,8,880,6,21,1320,0,0,0,202,202,31210,4,8,880,6,21,1320,0,0,0
200699,372,33260,C,Midland  TX ,470,470,59817,0,0,0,0,0,0,0,0,0,470,470,59817,0,0,0,0,0,0,0,0,0
200699,372,36220,C,Odessa  TX ,261,261,45893,0,0,0,0,0,0,0,0,0,261,261,45893,0,0,0,0,0,0,0,0,0
200699,376,33340,C,Milwaukee-Waukesha-West Allis  WI ,2624,2624,715452,71,142,17789,50,196,21416,63,1328,98264,2595,2595,706680,71,142,17789,50,196,21416,62,1323,98014
200699,376,39540, ,Racine  WI ,484,484,104137,14,28,3128,15,60,4500,6,234,25449,475,475,102036,10,20,2188,15,60,4500,6,234,25449
200699,378,33460,C,Minneapolis-St. Paul-Bloomington  MN-WI ,11889,11889,2718279,43,86,13781,48,171,23293,100,3566,512599,11777,11777,2701430,43,86,13781,46,165,22646,100,3566,512599
200699,378,41060, ,St. Cloud  MN ,1100,1100,177434,4,8,1026,4,12,0,15,147,8842,790,790,132855,3,6,796,0,0,0,1,73,4088
200699,380,33660, ,Mobile  AL ,2316,2316,252751,0,0,0,13,52,4728,38,409,23266,2181,2181,231462,0,0,0,13,52,4728,30,369,22016
200699,384,33740, ,Monroe  LA ,681,681,102457,3,6,153,16,57,5368,18,139,10337,315,315,47843,0,0,0,15,54,5248,5,37,2527
200699,388,33860, ,Montgomery  AL ,1584,1584,234024,3,6,534,0,0,0,0,0,0,1546,1546,229237,3,6,534,0,0,0,0,0,0
200699,392,34100, ,Morristown  TN ,677,677,98512,4,8,435,1,3,140,0,0,0,677,677,98512,4,8,435,1,3,140,0,0,0
200699,396,34820, ,Myrtle Beach-Conway-North Myrtle Beach  SC ,6484,6484,964970,17,34,4643,28,94,9657,165,3723,505811,6468,6468,962399,15,30,4166,28,94,9657,165,3723,505811
200699,400,34980,C,Nashville-Davidson--Murfreesboro  TN ,13811,13811,2469930,133,266,31720,15,55,3336,54,1195,132981,13584,13584,2397981,131,262,31620,15,55,3336,54,1195,132981
200699,406,35380,C,New Orleans-Metairie-Kenner  LA ,4915,4915,857315,147,294,21363,11,39,4600,24,286,23384,4901,4901,855280,147,294,21363,11,39,4600,24,286,23384
200699,408,14860, ,Bridgeport-Stamford-Norwalk  CT ,1480,1480,679270,54,108,9587,3,11,1302,17,340,30871,1430,1430,637718,52,104,8996,3,11,1302,14,314,27899
200699,408,28740, ,Kingston  NY ,531,531,107806,2,4,490,1,4,600,2,63,6650,530,530,107634,2,4,490,1,4,600,2,63,6650
200699,408,35300, ,New Haven-Milford  CT ,1156,1156,195322,36,72,4301,2,7,370,24,419,27374,1058,1058,177960,36,72,4301,2,7,370,12,187,13116
200699,408,35620,C,New York-Northern New Jersey-Long Island  NY-NJ-PA ,16484,16484,3790773,3231,6462,624950,2205,6809,584623,1269,31232,2570841,14784,14784,3449652,3152,6304,611305,2177,6719,579339,1146,30061,2471686
200699,408,39100, ,Poughkeepsie-Newburgh-Middletown  NY ,1769,1769,343454,7,14,2285,3,10,1026,51,407,36883,1533,1533,305555,7,14,2285,3,10,1026,42,362,34586
200699,408,45940,C,Trenton-Ewing  NJ ,578,578,70544,32,64,3770,0,0,0,5,205,11531,551,551,65557,30,60,3145,0,0,0,5,205,11531
200699,416,36420,C,Oklahoma City  OK ,6975,6975,1109019,23,46,3332,5,17,1206,23,395,21916,3329,3329,620694,8,16,1154,4,14,955,11,228,10950
200699,420,36540,C,Omaha-Council Bluffs  NE-IA ,4199,4199,566061,40,80,6492,25,93,5959,60,1094,63186,4144,4144,559328,40,80,6492,25,93,5959,60,1094,63186
200699,422,36740,C,Orlando-Kissimmee  FL ,23646,23646,4571087,48,96,13368,121,421,45460,319,6821,707824,19846,19846,4066403,47,94,13207,121,421,45460,305,6668,699349
200699,426,37900, ,Peoria  IL ,1223,1223,252308,82,164,20434,2,8,631,21,227,13940,1215,1215,250914,80,160,20186,2,8,631,21,227,13940
200699,428,37980,C,Philadelphia-Camden-Wilmington  PA-NJ-DE-MD ,11717,11717,1927038,154,308,10508,66,229,26575,212,4958,294022,10309,10309,1720228,154,308,10508,58,204,24356,154,4566,272765
200699,428,47220,C,Vineland-Millville-Bridgeton  NJ ,693,693,78377,7,14,2640,9,30,3222,0,0,0,540,540,67068,7,14,2640,9,30,3222,0,0,0
200699,430,38300,C,Pittsburgh  PA ,4367,4367,835278,40,80,7515,45,161,12257,71,1025,49647,4036,4036,792039,36,72,6867,27,100,9202,27,747,32231
200699,438,30340, ,Lewiston-Auburn  ME ,304,304,55833,8,16,1523,0,0,0,0,0,0,261,261,49600,8,16,1523,0,0,0,0,0,0
200699,438,38860, ,Portland-South Portland-Biddeford  ME ,2750,2750,483853,78,156,14522,21,70,6681,21,226,24539,2390,2390,434081,67,134,12036,7,25,2764,15,196,18989
200699,450,20500,C,Durham  NC ,3460,3460,752718,11,22,2980,1,4,301,49,887,43653,3156,3156,701539,7,14,2044,1,4,301,47,871,42402
200699,450,39580,C,Raleigh-Cary  NC ,13521,13521,2761483,63,126,12313,15,57,3980,132,4008,341195,13521,13521,2761483,63,126,12313,14,54,3915,132,4008,341195
200699,456,39900,C,Reno-Sparks  NV ,3345,3345,639122,7,14,1428,20,68,6534,10,243,43260,3292,3292,626131,7,14,1428,20,68,6534,10,243,43260
200699,464,40380, ,Rochester  NY ,1961,1961,358678,17,34,2819,16,59,3653,16,234,16794,1875,1875,346047,17,34,2819,16,59,3653,15,199,16169
200699,466,40420, ,Rockford  IL ,1929,1929,240873,71,142,15135,21,73,6013,3,19,1085,1773,1773,222054,70,140,14930,20,70,5889,3,19,1085
200699,472,40900,C,Sacramento--Arden-Arcade--Roseville  CA ,8714,8714,1865583,64,128,15642,54,177,18601,220,2858,220342,8713,8713,1865292,64,128,15642,54,177,18601,220,2858,220342
200699,474,13020, ,Bay City  MI ,213,213,29924,0,0,0,0,0,0,0,0,0,162,162,22733,0,0,0,0,0,0,0,0,0
200699,474,40980, ,Saginaw-Saginaw Township North  MI ,236,236,33920,17,34,1592,0,0,0,0,0,0,200,200,30393,2,4,360,0,0,0,0,0,0
200699,476,41180,C,St. Louis  MO-IL ,10138,10138,1984927,112,224,25384,64,221,18559,69,1224,128864,9832,9832,1934141,108,216,24549,56,197,16534,65,1204,127088
200699,480,41540, ,Salisbury  MD ,836,836,103504,0,0,0,0,0,0,14,381,38491,788,788,99425,0,0,0,0,0,0,14,381,38491
200699,482,36260, ,Ogden-Clearfield  UT ,4529,4529,849660,30,60,6049,35,123,12249,17,210,15915,4136,4136,789196,24,48,4688,33,117,11314,16,205,15473
200699,482,41620,C,Salt Lake City  UT ,6507,6507,1240150,31,62,5970,40,138,16376,49,962,115811,5990,5990,1164272,15,30,2794,36,125,15495,33,824,107456
200699,488,34900, ,Napa  CA ,267,267,94914,0,0,0,1,4,77,17,236,20595,239,239,85807,0,0,0,1,4,77,17,236,20595
200699,488,41860,C,San Francisco-Oakland-Fremont  CA ,5900,5900,1911127,55,110,16712,75,260,44537,273,8213,1034786,5387,5387,1762585,53,106,16094,71,248,42910,232,7769,987581
200699,488,41940,C,San Jose-Sunnyvale-Santa Clara  CA ,2151,2151,690885,5,10,1409,26,90,12303,153,3899,533438,2106,2106,681908,5,10,1409,26,90,12303,153,3899,533438
200699,488,42100, ,Santa Cruz-Watsonville  CA ,539,539,118522,3,6,724,5,16,1532,13,150,11818,358,358,86740,3,6,724,2,7,628,1,15,757
200699,488,42220, ,Santa Rosa-Petaluma  CA ,1357,1357,342568,43,86,10737,1,4,447,19,465,49755,1357,1357,342568,43,86,10737,1,4,447,19,465,49755
200699,488,46700, ,Vallejo-Fairfield  CA ,1002,1002,224314,2,4,437,5,19,2134,11,180,25103,907,907,201939,2,4,437,5,19,2134,2,96,17185
200699,492,42140,C,Santa Fe  NM ,417,417,55674,0,0,0,0,0,0,0,0,0,0,0,0,0,0,0,0,0,0,0,0,0
200699,496,25980, ,Hinesville-Fort Stewart  GA ,259,259,35217,0,0,0,3,12,540,0,0,0,259,259,35217,0,0,0,3,12,540,0,0,0
200699,496,42340, ,Savannah  GA ,4193,4193,625242,10,20,2343,7,24,2964,40,622,38281,3139,3139,465061,6,12,940,5,17,1925,36,583,35219
200699,500,14740, ,Bremerton-Silverdale  WA ,1184,1184,239791,13,26,2465,0,0,0,4,26,1743,1145,1145,235748,13,26,2465,0,0,0,1,10,620
200699,500,36500, ,Olympia  WA ,2493,2493,472370,23,46,4277,57,174,14290,29,491,34858,2488,2488,471878,22,44,4030,57,174,14290,29,491,34858
200699,500,42660,C,Seattle-Tacoma-Bellevue  WA ,15211,15211,3300680,410,820,94827,281,960,99725,284,8752,1061906,14230,14230,3174265,368,736,88109,263,906,94417,223,8214,1020153
200699,508,43340, ,Shreveport-Bossier City  LA ,1718,1718,274574,3,6,926,2,8,435,3,40,2174,1706,1706,273798,3,6,926,2,8,435,3,40,2174
200699,512,43580, ,Sioux City  IA-NE-SD ,276,276,49689,10,20,2438,4,14,960,0,0,0,209,209,37661,7,14,1601,4,14,960,0,0,0
200699,532,45060, ,Syracuse  NY ,1383,1383,228724,4,8,686,2,7,301,13,276,15335,1259,1259,210832,2,4,316,2,7,301,13,276,15335
200699,534,45780, ,Toledo  OH ,1661,1661,264866,25,50,4275,6,23,1611,15,246,12809,1656,1656,264366,25,50,4275,6,23,1611,14,239,12320
200699,538,46140,C,Tulsa  OK ,4830,4830,791302,65,130,10402,4,16,1207,7,205,9565,4814,4814,789280,65,130,10402,4,16,1207,7,205,9565
200699,540,46340, ,Tyler  TX ,576,576,89189,0,0,0,5,15,750,13,88,4066,159,159,20541,0,0,0,0,0,0,0,0,0
200699,548,12580,C,Baltimore-Towson  MD ,6339,6339,1174152,10,20,2076,4,15,1691,88,1759,146318,6303,6303,1169526,9,18,1926,4,15,1691,83,1691,136583
200699,548,47900,C,Washington-Arlington-Alexandria  DC-VA-MD-WV ,18471,18471,3307624,18,36,4661,2,6,676,178,9445,1059585,17317,17317,3096937,15,30,4190,1,3,425,167,9167,1041056
200699,548,49020, ,Winchester  VA-WV ,1392,1392,246671,0,0,0,0,0,0,3,36,2314,1380,1380,245631,0,0,0,0,0,0,3,36,2314
200699,554,48140, ,Wausau  WI ,514,514,94392,16,32,4209,3,12,1325,13,118,4605,471,471,84970,16,32,4209,3,12,1325,13,118,4605
200699,556,48620, ,Wichita  KS ,2787,2787,358268,62,124,8142,4,14,746,33,731,30210,2721,2721,350219,58,116,7502,4,14,746,33,731,30210
200699,558,48700, ,Williamsport  PA ,288,288,42610,4,8,1555,1,4,760,0,0,0,256,256,39043,4,8,1555,1,4,760,0,0,0
200699,564,49620, ,York-Hanover  PA ,2467,2467,444909,42,84,6708,20,80,6712,23,272,28591,2285,2285,415223,42,84,6708,20,80,6712,17,242,25146
200699,566,49660, ,Youngstown-Warren-Boardman  OH-PA ,847,847,160236,22,44,3590,11,39,3240,4,26,2559,761,761,147830,14,28,2790,6,24,2940,4,26,2559
200699,999,10180, ,Abilene  TX ,333,333,58363,8,16,1394,0,0,0,1,16,1500,331,331,58147,7,14,1200,0,0,0,1,16,1500
200699,999,10500, ,Albany  GA ,647,647,75651,20,40,3009,8,32,1736,1,8,300,255,255,32336,20,40,3009,8,32,1736,1,8,300
200699,999,10740,C,Albuquerque  NM ,6062,6062,1028079,0,0,0,9,30,1665,40,730,60349,3446,3446,688902,0,0,0,1,3,301,32,534,50682
200699,999,10780, ,Alexandria  LA ,951,951,126167,0,0,0,0,0,0,0,0,0,705,705,98690,0,0,0,0,0,0,0,0,0
200699,999,10900,C,Allentown-Bethlehem-Easton  PA-NJ ,3860,3860,597414,20,40,3419,10,38,8062,23,206,16194,3302,3302,511914,12,24,2285,9,35,7830,9,134,11945
200699,999,11020, ,Altoona  PA ,188,188,30381,1,2,180,1,3,165,0,0,0,166,166,27770,1,2,180,1,3,165,0,0,0
200699,999,11100, ,Amarillo  TX ,709,709,138394,0,0,0,0,0,0,34,472,28460,709,709,138394,0,0,0,0,0,0,34,472,28460
200699,999,11260,C,Anchorage  AK ,665,665,175800,92,184,28544,19,70,10701,42,669,84608,622,622,171070,92,184,28544,19,70,10701,42,669,84608
200699,999,11500, ,Anniston-Oxford  AL ,232,232,32138,7,14,523,6,24,540,1,7,180,203,203,27119,7,14,523,6,24,540,1,7,180
200699,999,12020, ,Athens-Clarke County  GA ,1411,1411,248478,4,8,280,0,0,0,24,472,21759,1321,1321,235154,0,0,0,0,0,0,24,472,21759
200699,999,12100,C,Atlantic City  NJ ,1536,1536,206703,18,36,5894,7,27,2644,13,294,9371,1464,1464,198200,17,34,5541,7,27,2644,11,284,8786
200699,999,12260, ,Augusta-Richmond County  GA-SC ,3601,3601,574341,9,18,1613,0,0,0,0,0,0,3322,3322,543145,8,16,1553,0,0,0,0,0,0
200699,999,12420,C,Austin-Round Rock  TX ,17615,17615,2551610,282,564,64257,150,518,40628,240,7399,491865,16763,16763,2419713,273,546,63034,150,518,40628,208,6846,454653
200699,999,12540, ,Bakersfield  CA ,5731,5731,836735,94,188,12891,200,766,51672,25,306,17176,5355,5355,790872,92,184,12626,198,758,51128,23,285,15956
200699,999,12620, ,Bangor  ME ,610,610,87735,10,20,2941,6,24,1998,7,55,4880,476,476,72905,10,20,2941,6,24,1998,7,55,4880
200699,999,12700, ,Barnstable Town  MA ,788,788,243998,1,2,400,6,21,1461,8,75,10481,703,703,226461,1,2,400,3,11,959,1,16,3251
200699,999,12980, ,Battle Creek  MI ,198,198,32282,0,0,0,0,0,0,1,12,850,190,190,31852,0,0,0,0,0,0,1,12,850
200699,999,13140, ,Beaumont-Port Arthur  TX ,945,945,137363,0,0,0,110,408,19700,25,640,17890,892,892,131362,0,0,0,110,408,19700,25,640,17890
200699,999,13380, ,Bellingham  WA ,1181,1181,226197,16,32,2954,18,66,6401,14,203,16027,1118,1118,213555,11,22,1900,14,53,5779,12,193,15226
200699,999,13740, ,Billings  MT ,676,676,108992,4,8,949,4,13,394,2,28,3550,636,636,102444,4,8,949,1,4,394,2,28,3550
200699,999,13780, ,Binghamton  NY ,303,303,51347,0,0,0,0,0,0,0,0,0,277,277,47159,0,0,0,0,0,0,0,0,0
200699,999,13900, ,Bismarck  ND ,699,699,112500,10,20,3211,11,43,6184,17,231,11613,698,698,112400,10,20,3211,11,43,6184,17,231,11613
200699,999,13980, ,Blacksburg-Christiansburg-Radford  VA ,863,863,123641,2,4,320,15,59,5076,4,51,2595,844,844,121192,2,4,320,15,59,5076,1,5,250
200699,999,14020, ,Bloomington  IN ,651,651,96478,26,52,5161,3,11,735,4,23,1476,651,651,96478,26,52,5161,3,11,735,4,23,1476
200699,999,14060, ,Bloomington-Normal  IL ,672,672,93156,2,4,339,0,0,0,13,118,4082,388,388,50040,2,4,339,0,0,0,0,0,0
200699,999,14260,C,Boise City-Nampa  ID ,7440,7440,1485548,52,104,10912,139,547,34372,12,261,20055,7428,7428,1484575,52,104,10912,139,547,34372,12,261,20055
200699,999,14540, ,Bowling Green  KY ,739,739,117409,16,32,2020,19,72,3448,7,78,6512,739,739,117409,16,32,2020,19,72,3448,7,78,6512
200699,999,15260, ,Brunswick  GA ,1212,1212,266235,1,2,188,0,0,0,1,12,4711,1023,1023,241991,1,2,188,0,0,0,1,12,4711
200699,999,15540, ,Burlington-South Burlington  VT ,576,576,115282,18,36,3845,6,21,1836,5,111,10657,474,474,98564,15,30,3564,6,21,1836,4,106,10393
200699,999,15940, ,Canton-Massillon  OH ,946,946,154731,6,12,1072,0,0,0,10,52,2479,738,738,126152,5,10,893,0,0,0,0,0,0
200699,999,15980,C,Cape Coral-Fort Myers  FL ,14700,14700,3042256,44,88,8142,35,139,21368,312,3819,661190,14700,14700,3042256,44,88,8142,35,139,21368,312,3819,661190
200699,999,16180,C,Carson City  NV ,110,110,20763,1,2,163,5,20,1330,4,55,3114,110,110,20763,1,2,163,5,20,1330,4,55,3114
200699,999,16220, ,Casper  WY ,423,423,84668,0,0,0,0,0,0,0,0,0,423,423,84668,0,0,0,0,0,0,0,0,0
200699,999,16300, ,Cedar Rapids  IA ,935,935,118721,22,44,4080,48,165,11928,7,56,2897,883,883,109433,22,44,4080,48,165,11928,7,56,2897
200699,999,16580, ,Champaign-Urbana  IL ,1044,1044,165387,9,18,1922,6,24,2578,58,742,44980,955,955,153062,9,18,1922,6,24,2578,57,737,44661
200699,999,16620, ,Charleston  WV ,547,547,65004,8,16,900,2,8,444,5,134,6730,506,506,60285,8,16,900,2,8,444,2,82,4830
200699,999,16700,C,Charleston-North Charleston  SC ,7304,7304,1429059,29,58,4607,22,84,9099,117,1627,150246,7231,7231,1420300,29,58,4607,22,84,9099,110,1591,148030
200699,999,16820, ,Charlottesville  VA ,1263,1263,321051,4,8,1072,3,9,565,13,509,66800,1041,1041,271529,1,2,295,1,3,100,8,384,59310
200699,999,16940, ,Cheyenne  WY ,492,492,86702,1,2,320,1,4,257,1,11,740,442,442,78965,1,2,320,0,0,0,0,0,0
200699,999,17020, ,Chico  CA ,1189,1189,162560,6,12,1310,8,31,3254,1,50,3175,1189,1189,162560,6,12,1310,8,31,3254,1,50,3175
200699,999,17300, ,Clarksville  TN-KY ,2110,2110,244904,29,58,4954,65,245,11816,56,802,36816,2100,2100,244138,29,58,4954,65,245,11816,56,802,36816
200699,999,17660, ,Coeur dAlene  ID ,1208,1208,266468,35,70,7353,7,21,1858,24,300,85925,1144,1144,256392,35,70,7353,7,21,1858,22,267,83006
200699,999,17780, ,College Station-Bryan  TX ,920,920,137879,26,52,4638,5,19,1689,52,594,31319,906,906,136166,26,52,4638,5,19,1689,52,594,31319
200699,999,17820,C,Colorado Springs  CO ,4300,4300,739840,11,22,2092,29,109,15063,25,164,19880,4297,4297,739573,11,22,2092,29,109,15063,25,164,19880
200699,999,17860, ,Columbia  MO ,949,949,164457,93,186,14982,6,22,2340,66,779,24998,946,946,164135,93,186,14982,6,22,2340,66,779,24998
200699,999,19060, ,Cumberland  MD-WV ,234,234,38136,0,0,0,0,0,0,0,0,0,224,224,36473,0,0,0,0,0,0,0,0,0
200699,999,19140, ,Dalton  GA ,715,715,92100,11,22,1230,12,41,2405,16,155,7539,498,498,67275,3,6,460,1,3,228,4,68,3060
200699,999,19180, ,Danville  IL ,35,35,4752,0,0,0,0,0,0,0,0,0,27,27,3859,0,0,0,0,0,0,0,0,0
200699,999,19260, ,Danville  VA ,277,277,34371,0,0,0,1,3,105,4,20,1181,58,58,7171,0,0,0,0,0,0,0,0,0
200699,999,19340, ,Davenport-Moline-Rock Island  IA-IL ,851,851,145485,16,32,3726,3,12,1489,12,260,15243,794,794,137863,15,30,3446,3,12,1489,12,260,15243
200699,999,19500, ,Decatur  IL ,325,325,48166,3,6,741,0,0,0,1,80,5771,323,323,47756,3,6,741,0,0,0,1,80,5771
200699,999,20100,C,Dover  DE ,1485,1485,217715,1,2,220,6,24,1915,9,192,5285,1440,1440,213533,1,2,220,6,24,1915,9,192,5285
200699,999,20220, ,Dubuque  IA ,363,363,63427,12,24,2161,3,10,860,2,14,1090,363,363,63427,12,24,2161,3,10,860,2,14,1090
200699,999,20260, ,Duluth  MN-WI ,938,938,135303,19,38,4293,8,26,2492,28,190,16581,823,823,113264,12,24,2761,1,3,250,8,56,3920
200699,999,20940, ,El Centro  CA ,1934,1934,314882,7,14,851,5,17,646,22,238,14662,1613,1613,273924,5,10,617,4,14,551,10,144,11530
200699,999,21140, ,Elkhart-Goshen  IN ,889,889,145218,1,2,269,8,32,1195,0,0,0,889,889,145218,1,2,269,8,32,1195,0,0,0
200699,999,21300, ,Elmira  NY ,72,72,12847,0,0,0,5,19,1625,0,0,0,60,60,11238,0,0,0,5,19,1625,0,0,0
200699,999,21340, ,El Paso  TX ,3877,3877,467385,0,0,0,40,160,12125,20,103,3057,3467,3467,431416,0,0,0,40,160,12125,20,103,3057
200699,999,21500, ,Erie  PA ,604,604,75978,10,20,2301,7,28,2234,5,48,2271,549,549,72366,9,18,2216,7,28,2234,5,48,2271
200699,999,21660, ,Eugene-Springfield  OR ,1299,1299,258396,25,50,6050,25,93,10416,19,266,15980,1299,1299,258396,25,50,6050,25,93,10416,19,266,15980
200699,999,21780, ,Evansville  IN-KY ,1278,1278,197514,6,12,726,13,49,3518,23,197,9994,1245,1245,193237,5,10,539,12,46,3428,21,177,9407
200699,999,21820,C,Fairbanks  AK ,300,300,58939,25,50,6040,3,10,810,0,0,0,288,288,57837,25,50,6040,3,10,810,0,0,0
200699,999,22140,C,Farmington  NM ,435,435,75627,0,0,0,2,8,784,0,0,0,435,435,75627,0,0,0,2,8,784,0,0,0
200699,999,22180, ,Fayetteville  NC ,3187,3187,432851,1,2,146,13,52,3258,66,874,49031,3187,3187,432851,1,2,146,13,52,3258,66,874,49031
200699,999,22220, ,Fayetteville-Springdale-Rogers  AR-MO ,4029,4029,602339,227,454,53122,44,160,15053,136,1450,85910,3523,3523,521049,162,324,38126,41,149,14117,99,1002,63594
200699,999,22380, ,Flagstaff  AZ ,820,820,166354,2,4,415,0,0,0,16,256,16783,792,792,162202,2,4,415,0,0,0,16,256,16783
200699,999,22500, ,Florence  SC ,902,902,118102,0,0,0,0,0,0,0,0,0,730,730,97306,0,0,0,0,0,0,0,0,0
200699,999,22520, ,Florence-Muscle Shoals  AL ,367,367,39454,0,0,0,0,0,0,1,8,312,353,353,37329,0,0,0,0,0,0,1,8,312
200699,999,22660,C,Fort Collins-Loveland  CO ,1432,1432,305415,32,64,7539,28,107,15368,27,637,57329,1432,1432,305415,32,64,7539,28,107,15368,27,637,57329
200699,999,22900, ,Fort Smith  AR-OK ,661,661,82654,52,104,6748,8,27,1374,1,16,300,653,653,82283,52,104,6748,8,27,1374,1,16,300
200699,999,23020, ,Fort Walton Beach-Crestview-Destin  FL ,1699,1699,277494,1,2,250,3,11,1107,9,78,4765,1699,1699,277494,1,2,250,3,11,1107,9,78,4765
200699,999,23460, ,Gadsden  AL ,312,312,37822,0,0,0,9,36,2300,4,43,1819,260,260,33161,0,0,0,9,36,2300,3,24,1200
200699,999,23540, ,Gainesville  FL ,1101,1101,156629,3,6,320,0,0,0,68,934,65886,952,952,137923,3,6,320,0,0,0,59,778,57519
200699,999,24140, ,Goldsboro  NC ,514,514,83217,4,8,666,0,0,0,0,0,0,514,514,83217,4,8,666,0,0,0,0,0,0
200699,999,24220, ,Grand Forks  ND-MN ,243,243,41651,2,4,508,3,11,911,12,228,28460,242,242,41513,2,4,508,3,11,911,12,228,28460
200699,999,24300,C,Grand Junction  CO ,1426,1426,286769,9,18,2792,6,24,2816,12,106,10220,1426,1426,286769,9,18,2792,6,24,2816,12,106,10220
200699,999,24500, ,Great Falls  MT ,309,309,50386,2,4,226,2,7,835,0,0,0,309,309,50386,2,4,226,2,7,835,0,0,0
200699,999,24540,C,Greeley  CO ,2579,2579,530109,12,24,2254,5,16,2209,13,303,43609,2534,2534,524846,12,24,2254,5,16,2209,13,303,43609
200699,999,24580, ,Green Bay  WI ,1509,1509,193794,37,74,8229,6,24,3098,39,498,21153,1328,1328,167317,37,74,8229,6,24,3098,26,335,14551
200699,999,24780, ,Greenville  NC ,1577,1577,212157,100,200,15070,1,3,183,47,540,22744,1577,1577,212157,100,200,15070,1,3,183,47,540,22744
200699,999,25180, ,Hagerstown-Martinsburg  MD-WV ,2427,2427,523017,31,62,7319,3,10,800,34,288,15170,2415,2415,521226,31,62,7319,3,10,800,26,241,13760
200699,999,25260, ,Hanford-Corcoran  CA ,755,755,119354,6,12,916,11,43,2929,4,39,2078,661,661,108983,6,12,916,10,40,2853,4,39,2078
200699,999,25500,C,Harrisonburg  VA ,886,886,161757,11,22,2892,0,0,0,0,0,0,886,886,161757,11,22,2892,0,0,0,0,0,0
200699,999,25620, ,Hattiesburg  MS ,231,231,28986,3,6,380,0,0,0,18,220,8814,151,151,20241,3,6,380,0,0,0,18,220,8814
200699,999,25860, ,Hickory-Lenoir-Morganton  NC ,1489,1489,293380,18,36,3289,0,0,0,4,28,1824,1489,1489,293380,18,36,3289,0,0,0,4,28,1824
200699,999,26180,C,Honolulu  HI ,1727,1727,478057,0,0,0,0,0,0,6,879,110909,1727,1727,478057,0,0,0,0,0,0,6,879,110909
200699,999,26300, ,Hot Springs  AR ,135,135,14759,0,0,0,0,0,0,0,0,0,0,0,0,0,0,0,0,0,0,0,0,0
200699,999,26380, ,Houma-Bayou Cane-Thibodaux  LA ,1093,1093,191660,16,32,3257,1,4,215,4,24,1288,1090,1090,191460,16,32,3257,1,4,215,4,24,1288
200699,999,26580, ,Huntington-Ashland  WV-KY-OH ,336,336,39380,16,32,3180,0,0,0,11,265,9450,293,293,34922,13,26,2570,0,0,0,4,76,4200
200699,999,26980, ,Iowa City  IA ,722,722,137446,1,2,189,1,4,400,29,362,35696,720,720,137218,1,2,189,1,4,400,28,354,35169
200699,999,27100, ,Jackson  MI ,498,498,68924,1,2,65,0,0,0,4,87,6441,416,416,58223,0,0,0,0,0,0,3,64,5093
200699,999,27260,C,Jacksonville  FL ,11500,11500,2256281,138,276,17361,16,63,13471,277,5128,394658,11499,11499,2256171,138,276,17361,16,63,13471,277,5128,394658
200699,999,27340, ,Jacksonville  NC ,1690,1690,210298,61,122,9175,21,84,4870,10,149,10102,1690,1690,210298,61,122,9175,21,84,4870,10,149,10102
200699,999,27500, ,Janesville  WI ,571,571,98167,16,32,3580,1,3,0,9,152,5585,533,533,92394,13,26,2820,0,0,0,9,152,5585
200699,999,27620, ,Jefferson City  MO ,397,397,58271,3,6,567,4,12,792,7,88,4600,265,265,39615,0,0,0,1,3,200,7,88,4600
200699,999,27780, ,Johnstown  PA ,175,175,27243,3,6,410,0,0,0,8,51,2550,158,158,25701,3,6,410,0,0,0,8,51,2550
200699,999,27900, ,Joplin  MO ,409,409,54861,20,40,2979,3,9,735,6,70,6516,328,328,46876,17,34,2662,2,6,645,3,54,5646
200699,999,28020, ,Kalamazoo-Portage  MI ,1095,1095,189335,8,16,4408,11,37,4955,28,291,40914,898,898,162084,8,16,4408,11,37,4955,28,291,40914
200699,999,28420, ,Kennewick-Richland-Pasco  WA ,1714,1714,358823,5,10,1545,0,0,0,0,0,0,1710,1710,358269,5,10,1545,0,0,0,0,0,0
200699,999,28660, ,Killeen-Temple-Fort Hood  TX ,2808,2808,391018,252,504,33941,133,532,24119,49,729,29765,2780,2780,387494,252,504,33941,132,528,23999,49,729,29765
200699,999,29100, ,La Crosse  WI-MN ,450,450,116304,9,18,1955,6,23,1212,6,125,7112,445,445,115054,9,18,1955,6,23,1212,6,125,7112
200699,999,29460,C,Lakeland  FL ,7609,7609,954253,19,38,2724,9,29,3563,100,1647,156115,7559,7559,948315,19,38,2724,9,29,3563,100,1647,156115
200699,999,29540, ,Lancaster  PA ,1705,1705,293025,31,62,6894,4,14,1312,6,106,15273,1662,1662,286651,31,62,6894,4,14,1312,6,106,15273
200699,999,29700,C,Laredo  TX ,1941,1941,211257,2,4,322,38,131,6508,17,319,14304,1941,1941,211257,2,4,322,38,131,6508,17,319,14304
200699,999,29740,C,Las Cruces  NM ,2070,2070,362809,12,24,1871,18,72,5233,26,219,16920,2049,2049,356880,12,24,1871,18,72,5233,26,219,16920
200699,999,29940, ,Lawrence  KS ,438,438,73532,8,16,1140,5,19,2485,9,72,2875,411,411,70340,6,12,802,5,19,2485,9,72,2875
200699,999,30020, ,Lawton  OK ,308,308,47193,7,14,760,8,32,2800,10,228,4393,289,289,44906,7,14,760,8,32,2800,10,228,4393
200699,999,30300, ,Lewiston  ID-WA ,156,156,26920,11,22,3119,0,0,0,1,32,2998,156,156,26920,11,22,3119,0,0,0,1,32,2998
200699,999,30700, ,Lincoln  NE ,1198,1198,211418,12,24,2281,1,4,236,27,198,8072,657,657,121031,5,10,945,1,4,236,13,84,3581
200699,999,30860, ,Logan  UT-ID ,815,815,142766,0,0,0,12,40,3686,13,141,9178,766,766,135453,0,0,0,2,6,850,4,96,5425
200699,999,31020, ,Longview  WA ,620,620,135848,8,16,1797,1,3,150,3,64,8234,619,619,135728,8,16,1797,0,0,0,3,64,8234
200699,999,31340, ,Lynchburg  VA ,1816,1816,318807,6,12,1058,1,4,60,1,8,120,1684,1684,302412,6,12,1058,1,4,60,1,8,120
200699,999,32580,C,McAllen-Edinburg-Mission  TX ,6870,6870,770152,46,92,6153,137,532,39297,45,552,25784,6417,6417,743799,42,84,5775,132,517,38928,41,532,25211
200699,999,32780, ,Medford  OR ,1067,1067,215906,40,80,7708,14,51,5772,21,135,9738,973,973,201183,39,78,7408,13,48,5483,18,120,8523
200699,999,32820,C,Memphis  TN-MS-AR ,8615,8615,1594670,0,0,0,54,211,17413,70,1425,85773,8347,8347,1567268,0,0,0,54,211,17413,70,1425,85773
200699,999,32900, ,Merced  CA ,2136,2136,380362,8,16,1422,9,35,2579,4,29,2065,1999,1999,358636,8,16,1422,9,35,2579,4,29,2065
200699,999,33100,C,Miami-Fort Lauderdale-Miami Beach  FL ,14750,14750,2992382,332,664,69372,89,330,40301,636,19366,3226323,13623,13623,2739328,329,658,67877,81,305,37637,586,18633,3097300
200699,999,33540,C,Missoula  MT ,403,403,49527,20,40,2850,1,4,219,7,71,2973,403,403,49527,20,40,2850,1,4,219,7,71,2973
200699,999,33700, ,Modesto  CA ,2271,2271,411519,16,32,3071,16,48,4579,17,293,21618,2010,2010,367698,10,20,1868,13,39,3752,5,26,873
200699,999,34060, ,Morgantown  WV ,156,156,14593,0,0,0,3,9,700,0,0,0,152,152,13993,0,0,0,2,6,400,0,0,0
200699,999,34580, ,Mount Vernon-Anacortes  WA ,902,902,166013,9,18,3000,4,16,2354,4,73,5577,902,902,166013,9,18,3000,4,16,2354,4,73,5577
200699,999,34620, ,Muncie  IN ,153,153,25980,4,8,671,8,32,2402,2,15,1111,119,119,20428,4,8,671,8,32,2402,2,15,1111
200699,999,34940,C,Naples-Marco Island  FL ,2829,2829,794506,8,16,2632,234,920,205443,92,1023,226193,2829,2829,794506,8,16,2632,234,920,205443,92,1023,226193
200699,999,35660, ,Niles-Benton Harbor  MI ,572,572,124922,1,2,237,1,3,450,6,48,3500,561,561,123272,1,2,237,1,3,450,6,48,3500
200699,999,35980, ,Norwich-New London  CT ,801,801,147583,18,36,2889,0,0,28,10,169,11696,734,734,137054,18,36,2889,0,0,28,10,169,11696
200699,999,36100,C,Ocala  FL ,6753,6753,1049298,27,54,2748,16,51,4125,24,205,4057,6753,6753,1049298,27,54,2748,16,51,4125,24,205,4057
200699,999,36140,C,Ocean City  NJ ,774,774,190031,138,276,48293,28,107,15337,40,423,59161,769,769,189456,138,276,48293,28,107,15337,40,423,59161
200699,999,36980, ,Owensboro  KY ,325,325,31172,1,2,164,6,24,918,0,0,0,325,325,31172,1,2,164,6,24,918,0,0,0
200699,999,37340,C,Palm Bay-Melbourne-Titusville  FL ,3967,3967,849860,7,14,1799,5,18,4496,45,1045,131854,3919,3919,839369,7,14,1799,5,18,4496,42,1017,127564
200699,999,37460, ,Panama City-Lynn Haven  FL ,920,920,103162,37,74,3666,33,130,24847,60,1952,247958,853,853,94586,36,72,3561,33,130,24847,60,1952,247958
200699,999,37620, ,Parkersburg-Marietta-Vienna  WV-OH ,283,283,29046,3,6,504,2,6,300,0,0,0,262,262,27760,3,6,504,2,6,300,0,0,0
200699,999,37860,C,Pensacola-Ferry Pass-Brent  FL ,2141,2141,347754,33,66,7372,2,6,452,21,598,63329,2141,2141,347754,33,66,7372,2,6,452,21,598,63329
200699,999,38060,C,Phoenix-Mesa-Scottsdale  AZ ,36282,36282,6835674,65,130,20893,413,1366,149064,429,6502,729801,35408,35408,6714947,65,130,20893,407,1348,148151,428,6497,729480
200699,999,38340, ,Pittsfield  MA ,352,352,91335,0,0,0,0,0,0,0,0,0,275,275,71402,0,0,0,0,0,0,0,0,0
200699,999,38540, ,Pocatello  ID ,629,629,72094,19,38,2329,6,24,1440,1,10,900,629,629,72094,19,38,2329,6,24,1440,1,10,900
200699,999,38900,C,Portland-Vancouver-Beaverton  OR-WA ,10210,10210,2245818,120,240,26764,72,260,26775,242,4666,468451,9734,9734,2166580,120,240,26764,72,260,26775,241,4661,467993
200699,999,38940, ,Port St. Lucie-Fort Pierce  FL ,5572,5572,879502,13,26,1425,25,87,15272,44,643,52873,5530,5530,872969,13,26,1425,16,53,11405,38,518,45214
200699,999,39140, ,Prescott  AZ ,2869,2869,533194,15,30,3042,7,24,1365,10,64,5436,2865,2865,532594,15,30,3042,7,24,1365,10,64,5436
200699,999,39300, ,Providence-New Bedford-Fall River  RI-MA ,2831,2831,506351,180,360,25079,47,153,13067,27,341,56247,2680,2680,479933,179,358,24959,47,153,13067,27,341,56247
200699,999,39340, ,Provo-Orem  UT ,5464,5464,1228060,19,38,5255,53,183,20529,47,801,96037,5409,5409,1212934,19,38,5255,53,183,20529,47,801,96037
200699,999,39380,C,Pueblo  CO ,1202,1202,190482,51,102,4576,0,0,0,0,0,0,1202,1202,190482,51,102,4576,0,0,0,0,0,0
200699,999,39460, ,Punta Gorda  FL ,3052,3052,649790,69,138,19010,76,293,46421,62,852,124836,3052,3052,649790,69,138,19010,76,293,46421,62,852,124836
200699,999,39660, ,Rapid City  SD ,713,713,96321,10,20,2529,3,9,1188,19,214,14095,713,713,96321,10,20,2529,3,9,1188,19,214,14095
200699,999,39740, ,Reading  PA ,1063,1063,196825,35,70,8093,1,4,420,3,36,2642,998,998,189616,35,70,8093,1,4,420,3,36,2642
200699,999,39820, ,Redding  CA ,733,733,133509,13,26,2573,22,85,7906,6,108,12916,694,694,127054,13,26,2573,22,85,7906,6,108,12916
200699,999,40060,C,Richmond  VA ,7491,7491,1323676,14,28,2960,39,146,12588,19,315,22700,7313,7313,1302844,14,28,2960,39,146,12588,19,315,22700
200699,999,40220, ,Roanoke  VA ,1189,1189,211068,3,6,609,2,7,541,4,26,2106,759,759,173248,1,2,445,2,7,541,2,16,1615
200699,999,40340, ,Rochester  MN ,844,844,175114,6,12,1072,1,3,693,30,250,24933,805,805,169254,6,12,1072,1,3,693,30,250,24933
200699,999,40580, ,Rocky Mount  NC ,685,685,70359,7,14,700,1,3,75,0,0,0,685,685,70359,7,14,700,1,3,75,0,0,0
200699,999,40660, ,Rome  GA ,391,391,46467,35,70,4028,1,4,200,0,0,0,391,391,46467,35,70,4028,1,4,200,0,0,0
200699,999,41100, ,St. George  UT ,2078,2078,399991,6,12,1238,4,15,1154,13,148,15937,2039,2039,393985,6,12,1238,4,15,1154,13,148,15937
200699,999,41140, ,St. Joseph  MO-KS ,181,181,28440,16,32,3389,0,0,0,1,15,1400,181,181,28440,16,32,3389,0,0,0,1,15,1400
200699,999,41420, ,Salem  OR ,1729,1729,332152,45,90,9311,16,54,4017,46,480,34117,869,869,186615,22,44,5102,6,23,2062,26,224,19282
200699,999,41500, ,Salinas  CA ,752,752,253138,5,10,2233,3,10,1381,5,93,9742,746,746,252000,5,10,2233,3,10,1381,5,93,9742
200699,999,41660,C,San Angelo  TX ,369,369,53839,0,0,0,0,0,0,10,120,14000,369,369,53839,0,0,0,0,0,0,10,120,14000
200699,999,41700,C,San Antonio  TX ,13841,13841,2230500,69,138,10401,100,400,28960,286,5382,439379,12832,12832,2067247,69,138,10401,100,400,28960,268,5186,432455
200699,999,41740,C,San Diego-Carlsbad-San Marcos  CA ,4743,4743,1275548,99,198,26948,85,303,39623,201,3947,438847,4652,4652,1260748,98,196,26810,81,290,37705,200,3942,438069
200699,999,41780, ,Sandusky  OH ,172,172,31922,0,0,0,8,24,1528,0,0,0,165,165,30601,0,0,0,8,24,1528,0,0,0
200699,999,42020, ,San Luis Obispo-Paso Robles  CA ,1388,1388,268837,36,72,10309,17,55,6546,19,249,29062,1388,1388,268837,36,72,10309,17,55,6546,19,249,29062
200699,999,42060, ,Santa Barbara-Santa Maria  CA ,690,690,192669,9,18,2542,14,51,6532,7,114,15617,678,678,190576,9,18,2542,14,51,6532,7,114,15617
200699,999,42260, ,Sarasota-Bradenton-Venice  FL ,5983,5983,1293761,27,54,8218,30,113,20027,111,1521,225440,5982,5982,1293506,22,44,6338,30,113,20027,108,1506,222323
200699,999,42540, ,Scranton--Wilkes-Barre  PA ,1340,1340,235029,5,10,1425,13,43,3154,7,81,7541,989,989,178747,3,6,1075,5,19,1117,5,65,6926
200699,999,42680, ,Sebastian-Vero Beach  FL ,2839,2839,680702,4,8,885,7,28,1888,32,268,39732,2839,2839,680702,4,8,885,7,28,1888,32,268,39732
200699,999,43100, ,Sheboygan  WI ,277,277,66363,36,72,8305,2,8,1000,3,119,19200,239,239,57821,34,68,7845,2,8,1000,3,119,19200
200699,999,43300, ,Sherman-Denison  TX ,355,355,44898,7,14,940,0,0,0,4,76,3800,274,274,36463,7,14,940,0,0,0,0,0,0
200699,999,43620, ,Sioux Falls  SD ,1646,1646,224327,19,38,4260,44,175,11840,38,464,23884,1622,1622,221229,19,38,4260,43,172,11696,38,464,23884
200699,999,43780, ,South Bend-Mishawaka  IN-MI ,725,725,149952,2,4,450,0,0,0,33,570,26818,725,725,149952,2,4,450,0,0,0,33,570,26818
200699,999,44060, ,Spokane  WA ,2647,2647,383486,20,40,3888,11,41,3328,64,1036,76882,2647,2647,383486,20,40,3888,11,41,3328,64,1036,76882
200699,999,44100, ,Springfield  IL ,634,634,105392,52,104,10053,3,12,1443,4,103,5875,609,609,102362,52,104,10053,3,12,1443,4,103,5875
200699,999,44140, ,Springfield  MA ,1219,1219,234351,71,142,11036,3,12,292,7,285,24622,1076,1076,216335,71,142,11036,3,12,292,7,285,24622
200699,999,44180, ,Springfield  MO ,3089,3089,471875,146,292,22794,20,73,7686,60,1304,53384,2889,2889,457966,145,290,22624,18,67,7416,57,1271,51779
200699,999,44300, ,State College  PA ,624,624,110751,11,22,2575,0,0,0,2,32,3963,545,545,101543,11,22,2575,0,0,0,2,32,3963
200699,999,44700,C,Stockton  CA ,3461,3461,804297,4,8,1339,13,51,5038,11,132,11536,3461,3461,804297,4,8,1339,13,51,5038,11,132,11536
200699,999,44940,C,Sumter  SC ,760,760,87010,4,8,526,0,0,0,0,0,0,760,760,87010,4,8,526,0,0,0,0,0,0
200699,999,45220, ,Tallahassee  FL ,2430,2430,389643,18,36,3141,11,38,3870,44,514,34335,2430,2430,389643,18,36,3141,11,38,3870,44,514,34335
200699,999,45300,C,Tampa-St. Petersburg-Clearwater  FL ,18294,18294,3309581,145,290,38793,102,330,44149,232,3726,385282,18289,18289,3308437,145,290,38793,102,330,44149,232,3726,385282
200699,999,45460, ,Terre Haute  IN ,286,286,37608,8,16,964,2,6,429,15,159,6411,235,235,32327,3,6,395,0,0,0,5,36,1553
200699,999,45500, ,Texarkana  TX-Texarkana  AR ,199,199,21171,12,24,1484,1,3,130,0,0,0,198,198,21111,12,24,1484,1,3,130,0,0,0
200699,999,45820, ,Topeka  KS ,815,815,129340,11,22,2175,6,24,1175,4,59,5232,810,810,128965,10,20,1985,6,24,1175,4,59,5232
200699,999,46060,C,Tucson  AZ ,8132,8132,1468237,52,104,8917,28,108,7840,8,178,12178,8069,8069,1458687,52,104,8917,28,108,7840,8,178,12178
200699,999,46220, ,Tuscaloosa  AL ,1183,1183,190271,0,0,0,0,0,0,87,1435,77966,1093,1093,175726,0,0,0,0,0,0,83,1381,75158
200699,999,46540, ,Utica-Rome  NY ,566,566,76460,7,14,2116,1,3,341,6,55,4714,326,326,49175,6,12,1920,0,0,0,4,32,2400
200699,999,46660, ,Valdosta  GA ,1259,1259,144753,18,36,2982,2,8,350,17,159,10324,1214,1214,138953,16,32,2655,2,8,350,16,154,9954
200699,999,47020, ,Victoria  TX ,239,239,35066,0,0,0,0,0,0,0,0,0,199,199,31616,0,0,0,0,0,0,0,0,0
200699,999,47260,C,Virginia Beach-Norfolk-Newport News  VA-NC ,5880,5880,1104056,99,198,20711,116,452,44785,62,1159,123505,5870,5870,1101674,99,198,20711,116,452,44785,62,1159,123505
200699,999,47300, ,Visalia-Porterville  CA ,2815,2815,527133,102,204,18066,61,243,21598,34,313,23164,2813,2813,526990,102,204,18066,61,243,21598,34,313,23164
200699,999,47380, ,Waco  TX ,958,958,142600,36,72,5511,6,23,1765,0,0,0,924,924,138523,34,68,5225,6,23,1765,0,0,0
200699,999,47940, ,Waterloo-Cedar Falls  IA ,521,521,91681,5,10,1268,2,8,789,5,106,12169,508,508,90110,5,10,1268,2,8,789,5,106,12169
200699,999,48260, ,Weirton-Steubenville  WV-OH ,51,51,7616,0,0,0,0,0,0,0,0,0,36,36,5697,0,0,0,0,0,0,0,0,0
200699,999,48300, ,Wenatchee  WA ,863,863,137189,10,20,1728,21,80,6455,7,78,9081,863,863,137189,10,20,1728,21,80,6455,7,78,9081
200699,999,48540, ,Wheeling  WV-OH ,49,49,6250,0,0,0,0,0,0,3,24,2016,24,24,3234,0,0,0,0,0,0,3,24,2016
200699,999,48660, ,Wichita Falls  TX ,328,328,52121,5,10,550,5,20,1081,0,0,0,292,292,49029,5,10,550,5,20,1081,0,0,0
200699,999,48900,C,Wilmington  NC ,6205,6205,1105780,16,32,6392,19,74,9677,46,796,102258,5709,5709,1040952,15,30,5835,19,74,9677,46,796,102258
200699,999,49420, ,Yakima  WA ,653,653,123543,2,4,336,3,9,699,5,26,1871,460,460,85142,2,4,336,3,9,699,5,26,1871
200699,999,49700, ,Yuba City  CA ,1311,1311,229097,1,2,184,0,0,0,6,36,2019,1298,1298,227412,1,2,184,0,0,0,6,36,2019
200699,999,49740, ,Yuma  AZ ,1563,1563,217327,2,4,185,2,7,300,0,0,0,1562,1562,217230,2,4,185,2,7,300,0,0,0
