Survey,CSA,CBSA,MONCOV,CBSA,,1-unit,,,2-units,,,3-4 units,,,5+ units,,,1-unit rep,,,2-units rep,,,3-4 units rep,,,5+ units rep
Date,Code,Code,,Name,Bldgs,Units,Value,Bldgs,Units,Value,Bldgs,Units,Value,Bldgs,Units,Value,Bldgs,Units,Value,Bldgs,Units,Value,      Bldgs,Units,Value,Bldgs,Units,Value
 
201699,104,10580,C,Albany-Schenectady-Troy  NY ,1380,1380,361454,39,78,10605,72,275,26585,70,1120,113414,1234,1234,329874,38,76,10395,71,272,26298,44,937,88989
201699,104,24020, ,Glens Falls  NY ,216,216,42631,0,0,0,3,11,1344,8,132,17999,138,138,36184,0,0,0,3,11,1344,7,54,1340
201699,106,10740,C,Albuquerque  NM ,1931,1931,402756,3,6,829,7,28,2348,42,500,47326,1018,1018,233320,1,2,262,0,0,0,27,384,39776
201699,106,42140,C,Santa Fe  NM ,117,117,29198,0,0,0,0,0,0,0,0,0,45,45,11769,0,0,0,0,0,0,0,0,0
201699,108,11100, ,Amarillo  TX ,718,718,177233,11,22,2802,0,0,0,0,0,0,718,718,177233,11,22,2802,0,0,0,0,0,0
201699,118,11540, ,Appleton  WI ,549,549,137251,24,48,5436,0,0,0,10,146,15108,541,541,134941,24,48,5436,0,0,0,10,146,15108
201699,118,36780, ,Oshkosh-Neenah  WI ,322,322,88464,9,18,2407,0,0,0,5,71,10186,322,322,88464,9,18,2407,0,0,0,5,71,10186
201699,120,11700, ,Asheville  NC ,1919,1919,492337,5,10,682,0,0,0,56,1274,81022,1559,1559,414337,5,10,682,0,0,0,43,1206,62008
201699,122,12020, ,Athens-Clarke County  GA ,523,523,118689,7,14,2188,4,16,2310,6,31,2368,474,474,115053,7,14,2188,4,16,2310,6,31,2368
201699,122,12060, ,Atlanta-Sandy Springs-Roswell  GA ,23100,23100,4949674,24,48,5830,29,102,19710,201,13107,1493109,22622,22622,4841381,24,48,5830,29,102,19710,188,12826,1463348
201699,122,23580, ,Gainesville  GA ,1033,1033,203040,0,0,0,5,15,1605,19,530,45989,1033,1033,203040,0,0,0,0,0,0,19,530,45989
201699,140,13460, ,Bend-Redmond  OR ,1817,1817,432489,20,40,7101,18,59,4345,14,358,39641,1744,1744,427831,20,40,7101,18,59,4345,14,358,39641
201699,142,13820,C,Birmingham-Hoover  AL ,2730,2730,645696,0,0,0,2,8,1714,26,574,78058,2564,2564,610862,0,0,0,2,8,1714,26,574,78058
201699,144,14020,C,Bloomington  IN ,292,292,69480,15,30,3573,1,4,493,7,175,20131,206,206,48580,15,30,3573,1,4,493,3,120,14512
201699,145,14010, ,Bloomington  IL ,214,214,36017,2,4,312,0,0,0,7,124,8311,212,212,35917,2,4,312,0,0,0,7,124,8311
201699,146,14100,C,Bloomsburg-Berwick  PA ,111,111,26883,1,2,237,1,3,387,4,34,4411,111,111,26883,1,2,237,1,3,387,3,29,3628
201699,147,14260,C,Boise City  ID ,5383,5383,1200339,11,22,3602,77,308,23372,57,1045,108949,5336,5336,1194022,11,22,3602,77,308,23372,57,1045,108949
201699,148,12700, ,Barnstable Town  MA ,495,495,201887,5,10,625,0,0,0,0,0,0,281,281,138703,0,0,0,0,0,0,0,0,0
201699,148,14460,C,Boston-Cambridge-Newton  MA-NH ,5243,5243,1565019,258,516,82265,94,318,60209,246,7170,1350892,4564,4564,1399484,227,454,71564,91,309,58246,146,6410,1242525
201699,148,31700, ,Manchester-Nashua  NH ,701,701,136941,19,38,4914,0,0,0,10,358,46324,636,636,121880,19,38,4914,0,0,0,10,358,46324
201699,148,39300,C,Providence-Warwick  RI-MA ,1662,1662,374076,45,90,9002,39,129,11161,25,683,56750,1554,1554,354887,45,90,9002,35,117,9061,25,683,56750
201699,148,49340, ,Worcester  MA-CT ,1323,1323,289496,21,42,5778,0,0,0,8,258,25483,978,978,213063,17,34,4256,0,0,0,8,258,25483
201699,150,14540, ,Bowling Green  KY ,580,580,116749,25,50,1542,25,84,5107,50,631,40270,578,578,116449,23,46,1242,24,80,4807,50,631,40270
201699,154,15180, ,Brownsville-Harlingen  TX ,1217,1217,162270,6,12,610,27,92,4396,19,248,21046,1122,1122,154278,5,10,515,27,92,4396,18,243,20881
201699,160,15380,C,Buffalo-Cheektowaga-Niagara Falls  NY ,931,931,249024,7,14,1775,4,14,1267,68,1005,139116,878,878,239180,7,14,1775,4,14,1267,66,995,137643
201699,162,15980,C,Cape Coral-Fort Myers  FL ,4092,4092,1010897,61,122,12214,60,240,43836,54,963,193093,4092,4092,1010897,61,122,12214,60,240,43836,54,963,193093
201699,162,34940, ,Naples-Immokalee-Marco Island  FL ,2892,2892,950523,2,4,990,61,230,45515,49,703,96092,2892,2892,950523,2,4,990,61,230,45515,49,703,96092
201699,164,16020, ,Cape Girardeau  MO-IL ,132,132,30608,4,8,920,0,0,0,4,32,1600,51,51,11941,4,8,920,0,0,0,4,32,1600
201699,168,16300, ,Cedar Rapids  IA ,555,555,74570,65,130,10405,20,67,6699,1,35,1854,551,551,74130,65,130,10405,20,67,6699,1,35,1854
201699,168,26980, ,Iowa City  IA ,595,595,146548,33,66,9835,18,65,9577,27,1195,154630,516,516,130596,2,4,667,8,28,4837,23,1155,151386
201699,170,16620, ,Charleston  WV ,70,70,12279,9,18,1947,6,21,1406,7,76,4836,32,32,5173,2,4,90,0,0,0,0,0,0
201699,170,26580, ,Huntington-Ashland  WV-KY-OH ,196,196,39109,3,6,492,4,16,411,2,32,1527,137,137,29906,3,6,492,4,16,411,2,32,1527
201699,172,16740, ,Charlotte-Concord-Gastonia  NC-SC ,14041,14041,3505600,44,88,8991,5,17,2777,164,6428,547731,13602,13602,3391634,44,88,8991,5,17,2777,152,6247,530606
201699,174,16860, ,Chattanooga  TN-GA ,1725,1725,316605,29,58,5290,6,22,3742,19,682,54150,1649,1649,300912,26,52,4575,4,14,2192,19,682,54150
201699,174,17420, ,Cleveland  TN ,465,465,81208,13,26,1989,12,41,3207,0,0,0,301,301,51668,13,26,1989,12,41,3207,0,0,0
201699,174,19140, ,Dalton  GA ,164,164,27984,0,0,0,0,0,0,1,9,765,0,0,0,0,0,0,0,0,0,0,0,0
201699,176,16980, ,Chicago-Naperville-Elgin  IL-IN-WI ,8032,8032,2312914,96,192,36106,201,685,123940,327,11032,1425430,7670,7670,2199866,96,192,36106,201,685,123940,299,10759,1402378
201699,176,28100, ,Kankakee  IL ,86,86,18964,0,0,0,0,0,0,0,0,0,84,84,18493,0,0,0,0,0,0,0,0,0
201699,176,33140, ,Michigan City-La Porte  IN ,92,92,20741,6,12,618,1,4,360,0,0,0,91,91,20606,2,4,378,1,4,360,0,0,0
201699,178,17140, ,Cincinnati  OH-KY-IN ,3938,3938,931227,77,154,15236,31,110,15443,85,1665,154072,3780,3780,897854,77,154,15236,31,110,15443,85,1665,154072
201699,184,10420, ,Akron  OH ,905,905,226169,0,0,0,1,4,500,0,0,0,794,794,203750,0,0,0,1,4,500,0,0,0
201699,184,15940, ,Canton-Massillon  OH ,458,458,101902,3,6,505,14,44,3148,9,46,3533,412,412,96531,2,4,385,9,29,2379,0,0,0
201699,184,17460, ,Cleveland-Elyria  OH ,2618,2618,665059,25,50,1983,12,44,5149,35,341,16413,2342,2342,626077,7,14,1792,12,44,5149,35,341,16413
201699,190,17860,C,Columbia  MO ,863,863,193028,10,20,2149,1,4,495,11,417,65657,863,863,193028,10,20,2149,1,4,495,11,417,65657
201699,192,17900,C,Columbia  SC ,3916,3916,737153,0,0,0,0,0,0,38,711,52877,2413,2413,547612,0,0,0,0,0,0,17,304,29710
201699,194,12220,C,Auburn-Opelika  AL ,853,853,237387,8,16,1154,0,0,0,2,22,2760,853,853,237387,8,16,1154,0,0,0,2,22,2760
201699,194,17980, ,Columbus  GA-AL ,581,581,115262,3,6,405,5,20,1231,19,102,23105,568,568,114097,3,6,405,5,20,1231,19,102,23105
201699,198,18140, ,Columbus  OH ,4157,4157,1098604,25,50,5667,74,278,32881,187,4152,438217,3959,3959,1054576,24,48,5463,74,278,32881,187,4152,438217
201699,204,18580, ,Corpus Christi  TX ,1631,1631,299387,4,8,820,5,19,2875,10,252,26888,1125,1125,219531,3,6,600,5,19,2875,10,252,26888
201699,206,19100, ,Dallas-Fort Worth-Arlington  TX ,29703,29703,8304184,133,266,35896,82,314,30222,476,25517,2539341,28835,28835,8090947,123,246,32384,75,286,27234,454,23897,2410158
201699,206,43300, ,Sherman-Denison  TX ,374,374,58650,29,58,4269,7,28,2845,10,270,22895,374,374,58650,29,58,4269,7,28,2845,10,270,22895
201699,209,19340, ,Davenport-Moline-Rock Island  IA-IL ,482,482,112917,3,6,542,3,10,832,10,149,12400,464,464,111690,3,6,542,0,0,0,8,130,10407
201699,212,19380, ,Dayton  OH ,957,957,268303,1,2,200,0,0,0,23,323,51561,856,856,246159,1,2,200,0,0,0,23,323,51561
201699,212,44220, ,Springfield  OH ,55,55,13160,0,0,0,0,0,0,0,0,0,55,55,13160,0,0,0,0,0,0,0,0,0
201699,216,14500, ,Boulder  CO ,716,716,245874,14,28,4601,5,18,2088,62,1087,128086,646,646,233450,0,0,0,1,3,330,56,1056,123498
201699,216,19740, ,Denver-Aurora-Lakewood  CO ,10247,10247,2811105,196,392,84332,25,94,13134,252,11214,1434702,10174,10174,2783785,196,392,84332,22,85,11578,252,11214,1434702
201699,216,24540, ,Greeley  CO ,2463,2463,604164,11,22,3446,13,41,7471,45,483,50095,1916,1916,459210,10,20,2747,9,29,3272,35,425,40268
201699,218,11180, ,Ames  IA ,210,210,58009,12,24,3648,0,0,0,26,475,54379,209,209,57893,12,24,3648,0,0,0,26,475,54379
201699,218,19780, ,Des Moines-West Des Moines  IA ,3760,3760,969658,17,34,4951,3,12,1180,74,2891,355812,3757,3757,968932,17,34,4951,3,12,1180,69,2866,353509
201699,220,11460, ,Ann Arbor  MI ,438,438,114638,0,0,0,0,0,0,0,0,0,318,318,84460,0,0,0,0,0,0,0,0,0
201699,220,19820, ,Detroit-Warren-Dearborn  MI ,5711,5711,1543368,91,182,19238,34,120,16343,115,1646,213602,5507,5507,1501484,91,182,19238,25,91,14038,115,1646,213602
201699,220,22420, ,Flint  MI ,322,322,64755,2,4,442,0,0,0,4,48,4056,322,322,64755,2,4,442,0,0,0,4,48,4056
201699,220,33780, ,Monroe  MI ,269,269,48026,6,12,1583,2,8,891,16,222,12054,229,229,40730,6,12,1583,2,8,891,16,222,12054
201699,222,20020, ,Dothan  AL ,354,354,71700,0,0,0,0,0,0,1,6,375,326,326,67953,0,0,0,0,0,0,1,6,375
201699,232,20740, ,Eau Claire  WI ,439,439,109848,44,88,10105,6,24,2050,15,212,18757,391,391,100156,44,88,10105,6,24,2050,3,152,15554
201699,236,21300, ,Elmira  NY ,41,41,17326,0,0,0,0,0,0,0,0,0,15,15,2834,0,0,0,0,0,0,0,0,0
201699,238,21340,C,El Paso  TX ,2219,2219,545568,45,90,8489,18,71,6430,77,674,95824,2219,2219,545568,45,90,8489,18,71,6430,77,674,95824
201699,238,29740,C,Las Cruces  NM ,757,757,152262,1,2,128,0,0,0,1,11,791,757,757,152262,1,2,128,0,0,0,1,11,791
201699,240,21500, ,Erie  PA ,176,176,35537,7,14,1338,0,0,0,6,148,4505,176,176,35537,7,14,1338,0,0,0,6,148,4505
201699,244,22020, ,Fargo  ND-MN ,1192,1192,288723,20,40,5158,9,35,4873,47,1212,109859,1188,1188,287788,20,40,5158,9,35,4873,47,1212,109859
201699,246,22180,C,Fayetteville  NC ,833,833,150049,4,8,1128,0,0,0,9,112,10896,830,830,149112,4,8,1128,0,0,0,9,112,10896
201699,258,23060, ,Fort Wayne  IN ,1076,1076,263825,41,82,7279,0,0,0,27,378,21016,1076,1076,263825,41,82,7279,0,0,0,27,378,21016
201699,260,23420,C,Fresno  CA ,2553,2553,696087,15,30,4195,12,45,7422,33,276,21459,2502,2502,689358,15,30,4195,12,45,7422,33,276,21459
201699,260,31460, ,Madera  CA ,300,300,52021,0,0,0,0,0,0,0,0,0,300,300,52021,0,0,0,0,0,0,0,0,0
201699,264,23540, ,Gainesville  FL ,609,609,108116,0,0,0,0,0,0,26,501,42027,421,421,72753,0,0,0,0,0,0,5,254,26895
201699,266,24340, ,Grand Rapids-Wyoming  MI ,2649,2649,661838,22,44,5563,21,75,7416,83,1949,227062,2303,2303,595584,11,22,3247,21,75,7416,80,1934,225826
201699,266,34740, ,Muskegon  MI ,233,233,45718,0,0,0,0,0,0,0,0,0,225,225,44161,0,0,0,0,0,0,0,0,0
201699,267,24580, ,Green Bay  WI ,804,804,199778,15,30,4739,1,4,600,12,170,12760,714,714,178552,15,30,4739,1,4,600,12,170,12760
201699,268,15500, ,Burlington  NC ,938,938,143916,6,12,2025,5,16,2315,20,387,26845,938,938,143916,6,12,2025,5,16,2315,20,387,26845
201699,268,24660,C,Greensboro-High Point  NC ,1635,1635,401962,4,8,810,0,0,0,53,1092,142529,1550,1550,381207,4,8,810,0,0,0,52,1069,139414
201699,268,49180, ,Winston-Salem  NC ,2243,2243,366079,3,6,574,3,12,1890,15,466,42037,2091,2091,341308,3,6,574,3,12,1890,13,424,40058
201699,273,24860, ,Greenville-Anderson-Mauldin  SC ,4237,4237,1019403,13,26,2280,6,24,2058,34,1466,129379,4211,4211,1016631,13,26,2280,6,24,2058,34,1466,129379
201699,273,43900, ,Spartanburg  SC ,1921,1921,328611,0,0,0,0,0,0,0,0,0,1879,1879,319461,0,0,0,0,0,0,0,0,0
201699,274,24780, ,Greenville  NC ,466,466,86185,28,56,4960,0,0,0,21,339,19273,466,466,86185,28,56,4960,0,0,0,21,339,19273
201699,276,23900,C,Gettysburg  PA ,347,347,79900,0,0,0,0,0,0,0,0,0,347,347,79900,0,0,0,0,0,0,0,0,0
201699,276,25420,C,Harrisburg-Carlisle  PA ,1239,1239,261640,3,6,747,5,19,2294,24,363,33689,1234,1234,260521,3,6,747,5,19,2294,24,363,33689
201699,276,30140, ,Lebanon  PA ,414,414,69707,0,0,0,0,0,0,3,18,1350,414,414,69707,0,0,0,0,0,0,3,18,1350
201699,276,49620, ,York-Hanover  PA ,769,769,144941,8,16,2019,15,59,7762,3,34,1566,769,769,144941,8,16,2019,15,59,7762,3,34,1566
201699,277,25500,C,Harrisonburg  VA ,620,620,140250,0,0,0,0,0,0,2,24,2200,615,615,139453,0,0,0,0,0,0,2,24,2200
201699,277,44420, ,Staunton-Waynesboro  VA ,237,237,38290,3,6,430,2,8,720,2,51,1285,237,237,38290,3,6,430,2,8,720,2,51,1285
201699,278,25540,C,Hartford-West Hartford-East Hartford  CT ,872,872,171867,15,30,3494,9,33,3530,70,1130,117964,803,803,156352,15,30,3494,9,33,3530,51,1034,109371
201699,278,35980, ,Norwich-New London  CT ,258,258,66624,20,40,5647,1,4,765,3,28,2855,215,215,59607,20,40,5647,1,4,765,3,28,2855
201699,280,25860, ,Hickory-Lenoir-Morganton  NC ,587,587,137959,12,24,2220,0,0,0,6,44,2451,581,581,137042,12,24,2220,0,0,0,0,0,0
201699,284,26300, ,Hot Springs  AR ,45,45,14287,0,0,0,0,0,0,0,0,0,45,45,14287,0,0,0,0,0,0,0,0,0
201699,288,26420, ,Houston-The Woodlands-Sugar Land  TX ,35367,35367,6406494,80,160,19485,42,151,17881,260,9054,951805,27081,27081,5564977,79,158,19301,42,151,17881,234,8843,939848
201699,290,19460, ,Decatur  AL ,190,190,32986,2,4,440,0,0,0,0,0,0,190,190,32986,2,4,440,0,0,0,0,0,0
201699,290,26620,C,Huntsville  AL ,2320,2320,337012,0,0,0,0,0,0,28,672,47117,2315,2315,336380,0,0,0,0,0,0,28,672,47117
201699,292,26820, ,Idaho Falls  ID ,833,833,132854,6,12,1056,0,0,0,1,36,1800,833,833,132854,6,12,1056,0,0,0,1,36,1800
201699,294,18020, ,Columbus  IN ,300,300,52293,0,0,0,0,0,0,0,0,0,300,300,52293,0,0,0,0,0,0,0,0,0
201699,294,26900, ,Indianapolis-Carmel-Anderson  IN ,5828,5828,1627021,112,224,28813,26,90,11970,80,1631,184962,5695,5695,1599681,110,220,27858,26,90,11970,75,1531,147280
201699,294,34620, ,Muncie  IN ,82,82,15716,0,0,0,5,20,2632,3,22,1699,82,82,15716,0,0,0,5,20,2632,3,22,1699
201699,296,27060, ,Ithaca  NY ,121,121,28266,21,42,4650,2,6,899,11,406,45826,105,105,25052,17,34,4050,2,6,899,9,159,12634
201699,297,27180, ,Jackson  TN ,270,270,47855,0,0,0,2,8,160,0,0,0,270,270,47855,0,0,0,2,8,160,0,0,0
201699,298,27140, ,Jackson  MS ,1669,1669,389010,0,0,0,1,4,105,0,0,0,1486,1486,344869,0,0,0,1,4,105,0,0,0
201699,300,27260,C,Jacksonville  FL ,8597,8597,2166730,54,108,12562,11,43,8476,92,3020,306697,8490,8490,2135124,54,108,12562,11,43,8476,92,3020,306697
201699,304,27740, ,Johnson City  TN ,458,458,76611,0,0,0,6,18,591,8,57,2810,364,364,63706,0,0,0,6,18,591,8,57,2810
201699,304,28700, ,Kingsport-Bristol-Bristol  TN-VA ,379,379,71701,4,8,1125,12,48,5070,36,557,27906,295,295,63028,4,8,1125,12,48,5070,36,557,27906
201699,306,27780, ,Johnstown  PA ,164,164,40318,0,0,0,0,0,0,0,0,0,164,164,40318,0,0,0,0,0,0,0,0,0
201699,308,27860, ,Jonesboro  AR ,569,569,76021,27,54,3838,42,140,7202,13,265,18555,420,420,54216,17,34,2460,36,120,6366,12,253,18266
201699,309,27900, ,Joplin  MO ,383,383,48526,15,30,2862,1,3,144,1,6,250,332,332,42871,14,28,2787,1,3,144,1,6,250
201699,310,12980, ,Battle Creek  MI ,44,44,8825,0,0,0,0,0,0,0,0,0,40,40,8003,0,0,0,0,0,0,0,0,0
201699,310,28020, ,Kalamazoo-Portage  MI ,563,563,151498,16,32,6402,0,0,0,5,129,12051,440,440,114217,15,30,6117,0,0,0,3,76,6261
201699,312,28140, ,Kansas City  MO-KS ,5292,5292,1350689,63,126,13186,136,531,52514,104,4440,467861,5211,5211,1331822,63,126,13186,135,528,52037,95,4344,461550
201699,312,29940, ,Lawrence  KS ,261,261,69909,1,2,100,1,4,384,68,1128,73162,261,261,69909,1,2,100,1,4,384,68,1128,73162
201699,312,41140, ,St. Joseph  MO-KS ,95,95,17678,3,6,630,0,0,0,0,0,0,92,92,17428,3,6,630,0,0,0,0,0,0
201699,314,28940, ,Knoxville  TN ,2917,2917,589739,3,6,460,1,4,655,15,710,73365,2605,2605,548180,1,2,260,1,4,655,4,528,61395
201699,314,34100, ,Morristown  TN ,220,220,50004,1,2,275,0,0,0,1,14,400,130,130,21890,1,2,275,0,0,0,1,14,400
201699,316,29020, ,Kokomo  IN ,116,116,16204,2,4,310,0,0,0,1,198,17543,116,116,16204,2,4,310,0,0,0,1,198,17543
201699,318,29180, ,Lafayette  LA ,1518,1518,301796,26,52,4114,8,28,2075,5,100,10538,1419,1419,287777,26,52,4114,6,21,2075,5,100,10538
201699,320,29200, ,Lafayette-West Lafayette  IN ,495,495,107380,13,26,4680,0,0,0,8,106,9702,433,433,99615,0,0,0,0,0,0,8,106,9702
201699,324,29340, ,Lake Charles  LA ,926,926,176463,53,106,7992,2,6,360,28,525,39124,811,811,161414,52,104,7740,2,6,360,28,525,39124
201699,330,29620, ,Lansing-East Lansing  MI ,521,521,137705,4,8,670,4,14,1857,22,682,102473,373,373,98843,4,8,670,4,14,1857,11,144,11699
201699,332,29420, ,Lake Havasu City-Kingman  AZ ,657,657,131327,13,26,2634,0,0,0,0,0,0,657,657,131327,13,26,2634,0,0,0,0,0,0
201699,332,29820,C,Las Vegas-Henderson-Paradise  NV ,8805,8805,1681487,9,18,1525,9,27,1834,225,4727,331984,8805,8805,1681487,9,18,1525,9,27,1834,225,4727,331984
201699,336,30460,C,Lexington-Fayette  KY ,1480,1480,260637,14,28,3120,6,24,3700,52,1200,86542,1126,1126,201353,7,14,1100,6,24,3700,40,905,69649
201699,338,30620, ,Lima  OH ,62,62,15049,4,8,705,2,6,250,0,0,0,36,36,9254,4,8,705,2,6,250,0,0,0
201699,339,30700, ,Lincoln  NE ,1143,1143,242536,14,28,4987,1,3,501,31,1210,126880,248,248,52950,11,22,4287,1,3,501,0,0,0
201699,340,30780, ,Little Rock-North Little Rock-Conway  AR ,1649,1649,317048,35,70,8324,3,11,667,50,597,41862,1515,1515,305584,35,70,8324,3,11,667,50,597,41862
201699,340,38220, ,Pine Bluff  AR ,32,32,3468,7,14,850,0,0,0,0,0,0,31,31,3311,7,14,850,0,0,0,0,0,0
201699,346,30980, ,Longview  TX ,164,164,27563,0,0,0,0,0,0,0,0,0,151,151,25567,0,0,0,0,0,0,0,0,0
201699,348,31080,C,Los Angeles-Long Beach-Anaheim  CA ,9379,9379,3472470,456,912,179103,174,610,132400,529,21213,3571833,9010,9010,3286314,438,876,167103,171,601,130529,490,20652,3485000
201699,348,37100, ,Oxnard-Thousand Oaks-Ventura  CA ,669,669,227814,8,16,1803,19,70,10870,60,854,100492,467,467,162042,8,16,1803,7,26,3935,41,402,46941
201699,348,40140, ,Riverside-San Bernardino-Ontario  CA ,8837,8837,2215740,37,74,8804,22,76,7058,147,1934,216064,8074,8074,2093725,37,74,8804,22,76,7058,130,1818,208270
201699,350,21060, ,Elizabethtown-Fort Knox  KY ,318,318,52669,4,8,898,3,12,570,21,129,6236,318,318,52669,4,8,898,3,12,570,21,129,6236
201699,350,31140, ,Louisville-Jefferson County  KY-IN ,3127,3127,699053,12,24,1972,4,16,1200,87,1982,113166,3042,3042,686931,12,24,1972,4,16,1200,87,1982,113166
201699,352,31180, ,Lubbock  TX ,1279,1279,292905,53,106,13019,12,36,4820,74,1227,140091,1262,1262,290918,53,106,13019,12,36,4820,74,1227,140091
201699,356,31420, ,Macon  GA ,236,236,45976,0,0,0,0,0,0,0,0,0,235,235,45771,0,0,0,0,0,0,0,0,0
201699,356,47580, ,Warner Robins  GA ,839,839,163060,0,0,0,0,0,0,0,0,0,839,839,163060,0,0,0,0,0,0,0,0,0
201699,357,27500, ,Janesville-Beloit  WI ,229,229,46414,14,28,3007,0,0,0,0,0,0,198,198,41386,8,16,1795,0,0,0,0,0,0
201699,357,31540, ,Madison  WI ,1613,1613,478575,61,122,18292,26,88,12079,71,3130,391687,1477,1477,435762,45,90,13891,12,44,6358,56,2606,334639
201699,358,31740, ,Manhattan  KS ,297,297,76459,4,8,1281,0,0,0,35,657,58543,295,295,76113,4,8,1281,0,0,0,35,657,58543
201699,359,31860, ,Mankato-North Mankato  MN ,245,245,57250,2,4,518,1,4,600,4,151,15040,245,245,57250,2,4,518,1,4,600,4,151,15040
201699,360,31900, ,Mansfield  OH ,54,54,14772,0,0,0,2,7,800,1,8,930,3,3,739,0,0,0,1,4,800,1,8,930
201699,365,32580,C,McAllen-Edinburg-Mission  TX ,2921,2921,520595,79,158,11041,110,434,26542,37,1055,79388,2665,2665,480782,72,144,10334,110,434,26542,36,1047,78934
201699,366,24420, ,Grants Pass  OR ,209,209,55359,2,4,716,0,0,0,0,0,0,209,209,55359,2,4,716,0,0,0,0,0,0
201699,366,32780, ,Medford  OR ,727,727,168656,2,4,638,6,23,3746,15,158,19073,727,727,168656,2,4,638,6,23,3746,15,158,19073
201699,368,32820, ,Memphis  TN-MS-AR ,3002,3002,598846,4,8,736,9,28,2834,39,1316,122021,2604,2604,527301,4,8,736,9,28,2834,39,1316,122021
201699,370,33100, ,Miami-Fort Lauderdale-West Palm Beach  FL ,6705,6705,2098196,85,170,31069,36,133,26019,312,11734,2052193,6268,6268,1914749,84,168,30888,29,112,22419,287,11306,2027915
201699,370,38940, ,Port St. Lucie  FL ,1696,1696,464078,47,94,14216,8,26,4106,12,121,26923,1696,1696,464078,47,94,14216,8,26,4106,12,121,26923
201699,370,42680, ,Sebastian-Vero Beach  FL ,970,970,373713,0,0,0,3,9,1053,2,39,7079,970,970,373713,0,0,0,3,9,1053,2,39,7079
201699,372,33260, ,Midland  TX ,636,636,120990,0,0,0,11,40,9508,0,0,0,636,636,120990,0,0,0,11,40,9508,0,0,0
201699,372,36220,C,Odessa  TX ,448,448,85659,0,0,0,0,0,0,0,0,0,448,448,85659,0,0,0,0,0,0,0,0,0
201699,376,33340,C,Milwaukee-Waukesha-West Allis  WI ,1650,1650,551172,19,38,5458,3,12,1728,66,2292,273046,1603,1603,536481,17,34,5223,3,12,1728,63,2206,260425
201699,376,39540, ,Racine  WI ,222,222,54063,8,16,2490,0,0,0,4,120,13457,222,222,54063,8,16,2490,0,0,0,4,120,13457
201699,378,33460, ,Minneapolis-St. Paul-Bloomington  MN-WI ,7889,7889,2409125,34,68,8204,26,97,16916,90,6106,912344,7748,7748,2361427,34,68,8204,24,90,16916,89,6057,902817
201699,378,41060, ,St. Cloud  MN ,475,475,122691,5,10,1423,0,0,0,24,622,64930,413,413,111681,5,10,1423,0,0,0,8,378,44190
201699,380,19300, ,Daphne-Fairhope-Foley  AL ,2137,2137,399000,17,34,4525,37,137,15089,17,212,71613,1996,1996,364360,17,34,4525,37,137,15089,17,212,71613
201699,380,33660, ,Mobile  AL ,754,754,168356,6,12,594,6,21,792,15,408,33640,724,724,164012,6,12,594,6,21,792,15,408,33640
201699,382,32900, ,Merced  CA ,611,611,109952,0,0,0,0,0,0,9,109,4867,538,538,91676,0,0,0,0,0,0,9,109,4867
201699,382,33700, ,Modesto  CA ,573,573,116156,0,0,0,0,0,0,0,0,0,529,529,111019,0,0,0,0,0,0,0,0,0
201699,384,33740, ,Monroe  LA ,566,566,118476,7,14,1800,11,38,5436,10,52,5711,16,16,2990,5,10,1000,2,8,720,2,12,1080
201699,390,34060, ,Morgantown  WV ,19,19,2937,1,2,115,0,0,0,0,0,0,16,16,2383,1,2,115,0,0,0,0,0,0
201699,396,34820, ,Myrtle Beach-Conway-North Myrtle Beach  SC-NC ,6209,6209,1321760,64,128,7506,6,24,3795,23,164,16561,4753,4753,998736,63,126,7167,6,24,3795,18,139,13926
201699,400,34980, ,Nashville-Davidson--Murfreesboro--Franklin  TN ,12830,12830,3188190,38,76,10070,20,77,10574,175,7199,833832,12446,12446,3076079,38,76,10070,20,77,10574,174,7193,833513
201699,404,35100, ,New Bern  NC ,292,292,52130,0,0,0,0,0,0,0,0,0,136,136,30856,0,0,0,0,0,0,0,0,0
201699,406,25220, ,Hammond  LA ,684,684,93823,7,14,960,0,0,0,0,0,0,684,684,93823,7,14,960,0,0,0,0,0,0
201699,406,35380, ,New Orleans-Metairie  LA ,2494,2494,568706,48,96,11109,8,25,2920,16,371,72688,2347,2347,530296,42,84,9918,8,25,2920,12,274,60638
201699,408,10900, ,Allentown-Bethlehem-Easton  PA-NJ ,1059,1059,203200,14,28,3559,4,13,1681,16,163,8027,1001,1001,194021,14,28,3559,4,13,1681,7,118,6103
201699,408,14860,C,Bridgeport-Stamford-Norwalk  CT ,712,712,426451,22,44,6919,6,19,2411,22,1128,186144,663,663,373850,22,44,6919,6,19,2411,21,1121,185726
201699,408,20700, ,East Stroudsburg  PA ,246,246,58815,0,0,0,0,0,0,0,0,0,244,244,58239,0,0,0,0,0,0,0,0,0
201699,408,28740, ,Kingston  NY ,148,148,35710,2,4,616,1,4,350,14,96,17124,125,125,30779,2,4,616,1,4,350,3,36,2490
201699,408,35300, ,New Haven-Milford  CT ,378,378,83684,4,8,916,4,14,1188,25,518,62164,292,292,69014,2,4,492,4,14,1188,8,343,51481
201699,408,35620, ,New York-Newark-Jersey City  NY-NJ-PA ,10397,10397,3147258,851,1702,216047,235,769,97407,1036,30363,3766646,8649,8649,2758137,765,1530,194626,202,662,84500,739,27581,3560161
201699,408,45940,C,Trenton  NJ ,175,175,45824,16,32,1224,15,53,4418,28,451,30429,132,132,36723,16,32,1224,15,53,4418,25,436,29327
201699,412,35840,C,North Port-Sarasota-Bradenton  FL ,5814,5814,1495460,27,54,8566,69,264,50936,79,1972,259492,5585,5585,1442187,27,54,8566,66,252,48877,77,1923,256352
201699,412,39460, ,Punta Gorda  FL ,657,657,51161,4,8,902,0,0,0,0,0,0,657,657,51161,4,8,902,0,0,0,0,0,0
201699,416,36420,C,Oklahoma City  OK ,5039,5039,1115788,79,158,20137,13,50,5021,67,1493,114821,4420,4420,994815,77,154,19671,13,50,5021,64,1412,108437
201699,420,36540, ,Omaha-Council Bluffs  NE-IA ,2906,2906,576844,26,52,4870,1,3,258,37,1279,81635,2900,2900,576266,26,52,4870,1,3,258,37,1279,81635
201699,422,19660, ,Deltona-Daytona Beach-Ormond Beach  FL ,2280,2280,704191,6,12,1870,0,0,0,12,404,33079,2272,2272,700676,6,12,1870,0,0,0,12,404,33079
201699,422,36740, ,Orlando-Kissimmee-Sanford  FL ,14227,14227,3961672,127,254,40623,45,164,22665,286,8609,944470,13134,13134,3627086,127,254,40623,45,164,22665,279,8558,939073
201699,422,45540, ,The Villages  FL ,1068,1068,307971,2,4,397,0,0,0,0,0,0,1068,1068,307971,2,4,397,0,0,0,0,0,0
201699,425,37620, ,Parkersburg-Vienna  WV ,130,130,20662,1,2,150,0,0,0,0,0,0,128,128,20397,0,0,0,0,0,0,0,0,0
201699,426,37860,C,Pensacola-Ferry Pass-Brent  FL ,2369,2369,384710,9,18,608,0,0,0,29,486,45603,2369,2369,384710,9,18,608,0,0,0,29,486,45603
201699,427,37900, ,Peoria  IL ,326,326,85590,12,24,3435,0,0,0,0,0,0,224,224,57871,5,10,901,0,0,0,0,0,0
201699,428,12100,C,Atlantic City-Hammonton  NJ ,336,336,72928,4,8,986,2,8,1160,30,731,54189,269,269,64746,3,6,697,2,8,1160,18,609,36176
201699,428,20100,C,Dover  DE ,1124,1124,169325,2,4,383,1,4,436,9,144,13710,1115,1115,167564,2,4,383,1,4,436,9,144,13710
201699,428,36140,C,Ocean City  NJ ,479,479,164164,66,132,26182,6,21,120,2,10,100,457,457,156076,66,132,26182,6,21,120,2,10,100
201699,428,37980,C,Philadelphia-Camden-Wilmington  PA-NJ-DE-MD ,7016,7016,1367789,118,236,36694,155,530,56619,220,4463,464071,6374,6374,1254939,99,198,32117,132,455,48544,160,3823,401605
201699,428,39740, ,Reading  PA ,366,366,75196,0,0,0,2,7,878,11,63,8538,366,366,75196,0,0,0,2,7,878,11,63,8538
201699,428,47220,C,Vineland-Bridgeton  NJ ,114,114,11685,0,0,0,0,0,0,4,20,2665,34,34,3122,0,0,0,0,0,0,0,0,0
201699,430,38300, ,Pittsburgh  PA ,3015,3015,797603,48,96,9500,27,106,14774,31,1186,105439,2799,2799,745614,38,76,6479,24,96,13933,23,817,75183
201699,430,48260, ,Weirton-Steubenville  WV-OH ,35,35,9226,0,0,0,0,0,0,0,0,0,30,30,8274,0,0,0,0,0,0,0,0,0
201699,438,30340, ,Lewiston-Auburn  ME ,143,143,27295,2,4,420,1,3,200,4,35,5441,133,133,24936,2,4,420,1,3,200,4,35,5441
201699,438,38860, ,Portland-South Portland  ME ,1838,1838,405722,41,82,10327,12,46,4692,33,431,37162,1581,1581,356419,39,78,9872,12,46,4692,33,431,37162
201699,440,10540, ,Albany  OR ,395,395,97926,0,0,0,0,0,0,2,10,837,362,362,91440,0,0,0,0,0,0,0,0,0
201699,440,18700, ,Corvallis  OR ,149,149,38546,5,10,1359,1,3,441,2,33,5478,142,142,36754,5,10,1359,1,3,441,2,33,5478
201699,440,31020, ,Longview  WA ,273,273,62370,6,12,1457,6,23,1698,0,0,0,241,241,57376,6,12,1457,6,23,1698,0,0,0
201699,440,38900, ,Portland-Vancouver-Hillsboro  OR-WA ,7397,7397,2111307,64,128,21124,30,106,14697,256,7098,834258,7360,7360,2101535,64,128,21124,30,106,14697,256,7098,834258
201699,440,41420, ,Salem  OR ,814,814,220127,21,42,7298,3,12,1782,49,610,67736,767,767,209217,21,42,7298,3,12,1782,44,530,59902
201699,444,39380,C,Pueblo  CO ,265,265,45433,2,4,504,0,0,0,2,13,1837,230,230,39312,0,0,0,0,0,0,0,0,0
201699,450,20500,C,Durham-Chapel Hill  NC ,2951,2951,667708,10,20,1822,2,8,1083,54,1403,124000,2427,2427,580897,10,20,1822,2,8,1083,35,987,97604
201699,450,39580,C,Raleigh  NC ,9442,9442,2052103,10,20,2817,4,15,1178,101,4037,383819,9418,9418,2048579,10,20,2817,4,15,1178,101,4037,383819
201699,452,39660, ,Rapid City  SD ,540,540,99934,0,0,0,1,4,400,14,427,38349,540,540,99934,0,0,0,1,4,400,14,427,38349
201699,454,39820, ,Redding  CA ,349,349,66695,2,4,703,0,0,0,7,47,6760,349,349,66695,2,4,703,0,0,0,7,47,6760
201699,456,16180,C,Carson City  NV ,87,87,25894,0,0,0,0,0,0,9,72,8108,87,87,25894,0,0,0,0,0,0,9,72,8108
201699,456,39900,C,Reno  NV ,1868,1868,476278,36,72,10640,16,50,7189,116,1610,176423,1845,1845,469002,36,72,10640,16,50,7189,116,1610,176423
201699,462,40340, ,Rochester  MN ,744,744,182625,6,12,2478,1,4,617,13,977,130503,742,742,182290,6,12,2478,1,4,617,13,977,130503
201699,464,40380, ,Rochester  NY ,1315,1315,310942,5,10,1623,35,133,8844,43,609,49441,1268,1268,302755,5,10,1623,35,133,8844,42,604,49128
201699,466,40420, ,Rockford  IL ,193,193,26682,8,16,1214,1,4,125,0,0,0,193,193,26682,8,16,1214,1,4,125,0,0,0
201699,468,40580, ,Rocky Mount  NC ,236,236,41538,8,16,581,0,0,0,6,64,3209,32,32,6164,1,2,160,0,0,0,6,64,3209
201699,470,40660, ,Rome  GA ,102,102,20755,0,0,0,0,0,0,2,124,9300,102,102,20755,0,0,0,0,0,0,2,124,9300
201699,472,40900,C,Sacramento--Roseville--Arden-Arcade  CA ,6135,6135,1879598,61,122,18475,2,8,833,35,939,128010,6106,6106,1871095,61,122,18475,2,8,833,35,939,128010
201699,472,49700, ,Yuba City  CA ,257,257,62076,0,0,0,1,4,675,0,0,0,201,201,46682,0,0,0,0,0,0,0,0,0
201699,474,13020, ,Bay City  MI ,63,63,13966,0,0,0,0,0,0,1,8,508,49,49,11317,0,0,0,0,0,0,1,8,508
201699,474,33220, ,Midland  MI ,109,109,19411,46,92,6793,0,0,0,0,0,0,97,97,17627,46,92,6793,0,0,0,0,0,0
201699,474,40980, ,Saginaw  MI ,149,149,28553,25,50,5898,1,3,142,1,79,5496,126,126,23037,3,6,660,1,3,142,0,0,0
201699,476,41180, ,St. Louis  MO-IL ,5378,5378,1372980,28,56,5884,20,72,10484,62,2205,254197,5203,5203,1332838,28,56,5884,20,72,10484,59,2155,249627
201699,482,36260, ,Ogden-Clearfield  UT ,2376,2376,593779,8,16,2600,43,160,23166,61,1058,98508,2245,2245,558880,8,16,2600,30,118,17012,57,1038,95310
201699,482,39340, ,Provo-Orem  UT ,4429,4429,1169164,44,88,12498,11,44,7173,71,756,111565,4415,4415,1163787,44,88,12498,11,44,7173,71,756,111565
201699,482,41620, ,Salt Lake City  UT ,4351,4351,1082325,26,52,8083,31,111,15427,94,4217,510414,3910,3910,948473,25,50,7557,29,103,14241,74,4042,491638
201699,488,34900, ,Napa  CA ,207,207,68839,1,2,298,1,3,0,0,0,0,5,5,3460,0,0,0,0,0,0,0,0,0
201699,488,41860,C,San Francisco-Oakland-Hayward  CA ,4967,4967,1863939,39,78,29414,47,157,42032,226,9585,2121769,4786,4786,1793584,39,78,29414,47,157,42032,191,8879,2011308
201699,488,41940,C,San Jose-Sunnyvale-Santa Clara  CA ,2099,2099,779423,7,14,3565,31,110,24109,107,3944,488123,2095,2095,774632,7,14,3565,31,110,24109,107,3944,488123
201699,488,42100, ,Santa Cruz-Watsonville  CA ,223,223,44140,0,0,0,5,16,1837,20,250,37725,60,60,12922,0,0,0,0,0,0,2,109,24465
201699,488,42220, ,Santa Rosa  CA ,621,621,162208,4,8,916,9,36,2512,22,254,22551,618,618,161234,4,8,916,9,36,2512,22,254,22551
201699,488,44700, ,Stockton-Lodi  CA ,1862,1862,529945,2,4,452,0,0,0,4,132,17649,1835,1835,522688,2,4,452,0,0,0,2,80,11633
201699,488,46700, ,Vallejo-Fairfield  CA ,827,827,228740,0,0,0,0,0,0,9,117,22294,825,825,228207,0,0,0,0,0,0,9,117,22294
201699,496,25980, ,Hinesville  GA ,417,417,86668,0,0,0,0,0,0,0,0,0,417,417,86668,0,0,0,0,0,0,0,0,0
201699,496,42340, ,Savannah  GA ,1769,1769,432177,4,8,714,0,0,0,11,194,15323,1769,1769,432177,4,8,714,0,0,0,11,194,15323
201699,500,14740,C,Bremerton-Silverdale  WA ,862,862,257021,7,14,2516,4,15,2052,10,168,13766,862,862,257021,7,14,2516,4,15,2052,10,168,13766
201699,500,34580, ,Mount Vernon-Anacortes  WA ,420,420,92232,2,4,576,7,28,2250,2,53,4474,258,258,63441,2,4,576,7,28,2250,2,53,4474
201699,500,36500, ,Olympia-Tumwater  WA ,1084,1084,275794,12,24,4339,11,37,5010,45,936,86629,1084,1084,275794,12,24,4339,11,37,5010,45,936,86629
201699,500,42660,C,Seattle-Tacoma-Bellevue  WA ,9425,9425,3191492,239,478,100789,145,501,95608,333,15085,1886627,9385,9385,3176208,238,476,100466,145,501,95608,327,14925,1862372
201699,512,43580, ,Sioux City  IA-NE-SD ,391,391,94024,5,10,1060,2,6,0,5,127,12300,244,244,54081,5,10,1060,0,0,0,5,127,12300
201699,515,21140, ,Elkhart-Goshen  IN ,348,348,73998,3,6,730,0,0,0,0,0,0,336,336,72498,3,6,730,0,0,0,0,0,0
201699,515,35660, ,Niles-Benton Harbor  MI ,246,246,80957,1,2,259,0,0,0,2,64,5662,221,221,75119,1,2,259,0,0,0,2,64,5662
201699,515,43780, ,South Bend-Mishawaka  IN-MI ,337,337,89335,1,2,224,0,0,0,10,66,7760,306,306,82031,1,2,224,0,0,0,10,66,7760
201699,518,17660, ,Coeur dAlene  ID ,1296,1296,289866,9,18,2819,1,4,451,25,348,22853,1290,1290,288966,9,18,2819,1,4,451,25,348,22853
201699,518,44060, ,Spokane-Spokane Valley  WA ,1819,1819,444632,53,106,16432,13,50,6364,103,1789,186116,1817,1817,444267,53,106,16432,13,50,6364,103,1789,186116
201699,520,44180, ,Springfield  MO ,1280,1280,225960,55,110,8587,0,0,0,20,587,47265,1233,1233,220213,55,110,8587,0,0,0,20,587,47265
201699,521,44140, ,Springfield  MA ,535,535,123095,7,14,2492,2,7,1231,3,29,3311,374,374,87742,6,12,2167,1,3,500,2,16,1150
201699,522,44100, ,Springfield  IL ,274,274,70204,28,56,9400,0,0,0,7,96,8205,255,255,66374,28,56,9400,0,0,0,7,96,8205
201699,524,44300, ,State College  PA ,326,326,82097,12,24,3104,1,3,360,2,40,5000,325,325,81926,12,24,3104,1,3,360,2,40,5000
201699,532,45060, ,Syracuse  NY ,634,634,152477,5,10,671,1,4,720,55,722,65487,584,584,143006,5,10,671,1,4,720,55,722,65487
201699,533,45220, ,Tallahassee  FL ,810,810,155649,4,8,1160,1,4,1000,27,791,58543,627,627,113714,4,8,1160,1,4,1000,27,791,58543
201699,534,45780, ,Toledo  OH ,694,694,185181,33,66,11039,2,7,352,9,60,5877,677,677,183131,33,66,11039,2,7,352,8,55,5477
201699,536,46060,C,Tucson  AZ ,2420,2420,688619,3,6,991,0,0,0,8,40,3422,2244,2244,609903,3,6,991,0,0,0,8,40,3422
201699,538,46140,C,Tulsa  OK ,3036,3036,632655,41,82,5853,10,40,3520,28,594,24740,2937,2937,613086,41,82,5853,10,40,3520,28,594,24740
201699,540,46340, ,Tyler  TX ,454,454,129206,11,22,3479,26,81,16109,2,24,650,374,374,110114,9,18,2799,26,81,16109,2,24,650
201699,544,47020, ,Victoria  TX ,65,65,12935,0,0,0,0,0,0,0,0,0,62,62,12785,0,0,0,0,0,0,0,0,0
201699,545,47260, ,Virginia Beach-Norfolk-Newport News  VA-NC ,4095,4095,885152,44,88,4878,25,87,10926,55,1943,110314,3946,3946,875938,44,88,4878,25,87,10926,55,1943,110314
201699,546,25260, ,Hanford-Corcoran  CA ,518,518,119102,0,0,0,0,0,0,9,87,7174,359,359,93180,0,0,0,0,0,0,0,0,0
201699,546,47300, ,Visalia-Porterville  CA ,1190,1190,256315,23,46,3001,0,0,0,10,80,7330,1190,1190,256315,23,46,3001,0,0,0,10,80,7330
201699,548,12580,C,Baltimore-Columbia-Towson  MD ,4731,4731,939162,73,146,14947,0,0,0,63,3193,473328,4728,4728,938817,73,146,14947,0,0,0,63,3193,473328
201699,548,15680,C,California-Lexington Park  MD ,689,689,141644,0,0,0,1,4,899,1,5,955,689,689,141644,0,0,0,1,4,899,1,5,955
201699,548,16540,C,Chambersburg-Waynesboro  PA ,285,285,54781,0,0,0,0,0,0,2,42,4095,285,285,54781,0,0,0,0,0,0,2,42,4095
201699,548,25180, ,Hagerstown-Martinsburg  MD-WV ,946,946,184650,3,6,825,1,3,184,0,0,0,874,874,172631,3,6,825,0,0,0,0,0,0
201699,548,47900, ,Washington-Arlington-Alexandria  DC-VA-MD-WV ,13384,13384,2904674,40,80,15175,4,16,1993,211,12207,1395314,12787,12787,2767469,40,80,15175,4,16,1993,211,12207,1395314
201699,548,49020, ,Winchester  VA-WV ,877,877,165350,0,0,0,0,0,0,1,5,970,877,877,165350,0,0,0,0,0,0,1,5,970
201699,554,48140, ,Wausau  WI ,243,243,59361,1,2,250,0,0,0,0,0,0,238,238,57453,1,2,250,0,0,0,0,0,0
201699,556,48620, ,Wichita  KS ,1240,1240,300512,144,288,25025,9,28,1982,36,542,38342,505,505,124014,34,68,6700,9,28,1982,6,130,9746
201699,558,48700, ,Williamsport  PA ,89,89,19827,2,4,486,0,0,0,0,0,0,89,89,19827,2,4,486,0,0,0,0,0,0
201699,566,49660, ,Youngstown-Warren-Boardman  OH-PA ,327,327,68717,4,8,842,1,4,326,1,127,10000,327,327,68717,4,8,842,1,4,326,1,127,10000
201699,999,10180, ,Abilene  TX ,298,298,55193,4,8,400,0,0,0,0,0,0,298,298,55193,4,8,400,0,0,0,0,0,0
201699,999,10500, ,Albany  GA ,176,176,23686,0,0,0,2,8,360,6,46,4633,157,157,20038,0,0,0,2,8,360,6,46,4633
201699,999,10780, ,Alexandria  LA ,326,326,69097,32,64,4021,0,0,0,0,0,0,326,326,69097,32,64,4021,0,0,0,0,0,0
201699,999,11020, ,Altoona  PA ,102,102,19054,20,40,3119,0,0,0,1,41,8726,102,102,19054,20,40,3119,0,0,0,1,41,8726
201699,999,11260,C,Anchorage  AK ,751,751,232864,13,26,3524,16,53,8317,19,216,31487,32,32,7579,13,26,3524,4,16,1895,1,42,3978
201699,999,11500, ,Anniston-Oxford-Jacksonville  AL ,62,62,8433,0,0,0,2,8,774,1,7,370,58,58,7620,0,0,0,2,8,774,1,7,370
201699,999,12260, ,Augusta-Richmond County  GA-SC ,2560,2560,489883,4,8,769,15,60,2720,15,340,25278,2379,2379,457414,4,8,769,15,60,2720,14,320,24694
201699,999,12420, ,Austin-Round Rock  TX ,13327,13327,3096226,31,62,7801,46,176,15731,275,8296,768324,12657,12657,2936156,31,62,7801,46,176,15731,275,8296,768324
201699,999,12540, ,Bakersfield  CA ,2141,2141,475649,50,100,11580,1,4,476,2,11,794,2044,2044,466785,50,100,11580,1,4,476,0,0,0
201699,999,12620, ,Bangor  ME ,194,194,36896,3,6,742,8,32,6853,4,39,5283,157,157,31108,2,4,541,8,32,6853,4,39,5283
201699,999,12940,C,Baton Rouge  LA ,3402,3402,715077,2,4,440,5,20,4423,0,0,0,3165,3165,674264,2,4,440,5,20,4423,0,0,0
201699,999,13140, ,Beaumont-Port Arthur  TX ,882,882,182742,24,48,4478,0,0,0,5,164,8000,881,881,182582,24,48,4478,0,0,0,5,164,8000
201699,999,13220,C,Beckley  WV ,72,72,10665,0,0,0,0,0,0,0,0,0,70,70,10487,0,0,0,0,0,0,0,0,0
201699,999,13380, ,Bellingham  WA ,718,718,195245,17,34,4844,16,63,9832,18,368,35927,711,711,193632,17,34,4844,16,63,9832,18,368,35927
201699,999,13740, ,Billings  MT ,1054,1054,117737,1,2,307,0,0,0,3,150,19610,1054,1054,117737,1,2,307,0,0,0,3,150,19610
201699,999,13780, ,Binghamton  NY ,133,133,15576,0,0,0,5,20,2283,18,185,12867,126,126,14781,0,0,0,5,20,2283,18,185,12867
201699,999,13900, ,Bismarck  ND ,629,629,137122,8,16,1775,2,6,1735,6,205,22585,591,591,124439,8,16,1775,2,6,1735,5,191,20501
201699,999,13980, ,Blacksburg-Christiansburg-Radford  VA ,455,455,75621,0,0,0,1,4,300,3,84,8610,455,455,75621,0,0,0,1,4,300,3,84,8610
201699,999,15260, ,Brunswick  GA ,526,526,155187,0,0,0,0,0,0,0,0,0,296,296,95586,0,0,0,0,0,0,0,0,0
201699,999,15540, ,Burlington-South Burlington  VT ,350,350,84260,48,96,10830,9,32,3964,16,383,37399,285,285,69275,44,88,9787,6,21,2858,15,378,36857
201699,999,16060, ,Carbondale-Marion  IL ,90,90,15827,7,14,1435,7,26,1849,1,6,379,75,75,13229,7,14,1435,6,22,1569,1,6,379
201699,999,16220, ,Casper  WY ,157,157,36439,0,0,0,2,8,730,0,0,0,157,157,36439,0,0,0,2,8,730,0,0,0
201699,999,16580, ,Champaign-Urbana  IL ,440,440,98455,26,52,5008,2,7,893,16,512,68935,440,440,98455,26,52,5008,2,7,893,16,512,68935
201699,999,16700,C,Charleston-North Charleston  SC ,4787,4787,1287565,9,18,2926,3,10,1279,66,2159,146582,3470,3470,997250,9,18,2926,3,10,1279,32,1102,101254
201699,999,16820, ,Charlottesville  VA ,886,886,239799,4,8,763,0,0,0,29,340,38167,574,574,162077,0,0,0,0,0,0,14,209,20155
201699,999,16940, ,Cheyenne  WY ,433,433,76545,0,0,0,3,10,851,1,33,4000,433,433,76545,0,0,0,3,10,851,1,33,4000
201699,999,17020, ,Chico  CA ,445,445,67170,0,0,0,10,39,3196,17,213,24835,445,445,67170,0,0,0,10,39,3196,17,213,24835
201699,999,17300,C,Clarksville  TN-KY ,1316,1316,185145,36,72,4861,20,77,4111,28,214,10404,1296,1296,183721,36,72,4861,20,77,4111,28,214,10404
201699,999,17780, ,College Station-Bryan  TX ,1218,1218,223140,98,196,19064,30,118,12489,60,1328,132760,1218,1218,223140,98,196,19064,30,118,12489,60,1328,132760
201699,999,17820,C,Colorado Springs  CO ,3610,3610,1459424,4,8,832,0,0,0,50,1548,228493,3610,3610,1459424,4,8,832,0,0,0,50,1548,228493
201699,999,18880,C,Crestview-Fort Walton Beach-Destin  FL ,2140,2140,785629,3,6,755,2,8,1147,16,375,71060,2099,2099,779780,3,6,755,2,8,1147,16,375,71060
201699,999,19060, ,Cumberland  MD-WV ,69,69,13146,0,0,0,0,0,0,2,16,550,69,69,13146,0,0,0,0,0,0,2,16,550
201699,999,19180, ,Danville  IL ,10,10,1406,0,0,0,0,0,0,0,0,0,10,10,1406,0,0,0,0,0,0,0,0,0
201699,999,19500, ,Decatur  IL ,56,56,12547,0,0,0,0,0,0,0,0,0,56,56,12547,0,0,0,0,0,0,0,0,0
201699,999,20220, ,Dubuque  IA ,266,266,68744,9,18,2096,0,0,0,2,84,8345,266,266,68744,9,18,2096,0,0,0,2,84,8345
201699,999,20260, ,Duluth  MN-WI ,526,526,111439,4,8,1083,0,0,0,4,87,6179,487,487,101908,4,8,1083,0,0,0,3,82,5459
201699,999,20940, ,El Centro  CA ,213,213,43978,1,2,178,0,0,0,0,0,0,211,211,43613,1,2,178,0,0,0,0,0,0
201699,999,21420, ,Enid  OK ,70,70,13841,0,0,0,0,0,0,0,0,0,70,70,13841,0,0,0,0,0,0,0,0,0
201699,999,21660, ,Eugene  OR ,736,736,179804,11,22,4937,0,0,0,15,416,37173,553,553,133031,11,22,4937,0,0,0,15,416,37173
201699,999,21780, ,Evansville  IN-KY ,633,633,127702,25,50,3964,3,12,665,10,252,19890,632,632,127529,25,50,3964,3,12,665,10,252,19890
201699,999,21820,C,Fairbanks  AK ,11,11,2931,0,0,0,0,0,0,0,0,0,11,11,2931,0,0,0,0,0,0,0,0,0
201699,999,22140,C,Farmington  NM ,102,102,24968,1,2,219,0,0,0,0,0,0,97,97,23725,1,2,219,0,0,0,0,0,0
201699,999,22220, ,Fayetteville-Springdale-Rogers  AR-MO ,3508,3508,799207,78,156,18612,2,7,581,45,750,62425,3095,3095,724159,78,156,18612,2,7,581,33,624,53397
201699,999,22380, ,Flagstaff  AZ ,401,401,92754,3,6,946,0,0,0,6,240,40800,399,399,92270,3,6,946,0,0,0,6,240,40800
201699,999,22500, ,Florence  SC ,432,432,69537,12,24,1616,5,15,934,1,24,1295,422,422,68469,12,24,1616,5,15,934,1,24,1295
201699,999,22520, ,Florence-Muscle Shoals  AL ,237,237,29388,3,6,420,0,0,0,12,72,4804,103,103,13243,3,6,420,0,0,0,12,72,4804
201699,999,22540, ,Fond du Lac  WI ,152,152,35394,0,0,0,0,0,0,13,213,11850,148,148,34557,0,0,0,0,0,0,13,213,11850
201699,999,22660,C,Fort Collins  CO ,1622,1622,463992,18,36,5392,16,61,9729,115,1813,201700,1621,1621,463772,18,36,5392,16,61,9729,115,1813,201700
201699,999,22900, ,Fort Smith  AR-OK ,399,399,67162,86,172,17606,10,36,2557,6,96,4618,280,280,54288,63,126,14658,6,24,1542,6,96,4618
201699,999,23460, ,Gadsden  AL ,97,97,14186,0,0,0,0,0,0,0,0,0,66,66,9527,0,0,0,0,0,0,0,0,0
201699,999,24140, ,Goldsboro  NC ,260,260,44443,2,4,380,0,0,0,1,5,412,260,260,44443,2,4,380,0,0,0,1,5,412
201699,999,24220, ,Grand Forks  ND-MN ,211,211,54168,0,0,0,0,0,0,5,232,20999,207,207,53184,0,0,0,0,0,0,5,232,20999
201699,999,24260, ,Grand Island  NE ,197,197,38061,5,10,1171,1,3,355,11,176,9809,175,175,34665,5,10,1171,1,3,355,11,176,9809
201699,999,24300,C,Grand Junction  CO ,498,498,115300,4,8,1057,0,0,0,2,91,9352,498,498,115300,4,8,1057,0,0,0,2,91,9352
201699,999,24500, ,Great Falls  MT ,153,153,40198,1,2,358,1,3,350,3,84,8597,153,153,40198,1,2,358,1,3,350,3,84,8597
201699,999,25060, ,Gulfport-Biloxi-Pascagoula  MS ,1614,1614,262340,13,26,2825,11,39,3581,10,97,8212,1203,1203,205283,7,14,1594,2,8,470,0,0,0
201699,999,25620, ,Hattiesburg  MS ,101,101,11395,2,4,344,8,28,1351,7,41,1301,43,43,6886,0,0,0,2,8,825,1,5,475
201699,999,25940, ,Hilton Head Island-Bluffton-Beaufort  SC ,1675,1675,592034,0,0,0,0,0,0,11,109,15088,784,784,286148,0,0,0,0,0,0,11,109,15088
201699,999,26140, ,Homosassa Springs  FL ,371,371,79930,13,26,571,0,0,0,3,119,7989,371,371,79930,13,26,571,0,0,0,3,119,7989
201699,999,26380, ,Houma-Thibodaux  LA ,458,458,98012,2,4,242,1,3,525,9,217,18100,458,458,98012,2,4,242,1,3,525,9,217,18100
201699,999,27100, ,Jackson  MI ,136,136,29927,0,0,0,0,0,0,0,0,0,95,95,25078,0,0,0,0,0,0,0,0,0
201699,999,27340,C,Jacksonville  NC ,785,785,108437,0,0,0,0,0,0,3,18,1209,785,785,108437,0,0,0,0,0,0,3,18,1209
201699,999,27620, ,Jefferson City  MO ,162,162,16306,12,24,1902,12,40,3744,14,96,10529,41,41,7402,2,4,495,1,3,370,14,96,10529
201699,999,27980,C,Kahului-Wailuku-Lahaina  HI ,256,256,73135,44,88,26113,7,27,4085,23,196,47774,256,256,73135,44,88,26113,7,27,4085,23,196,47774
201699,999,28420,C,Kennewick-Richland  WA ,1448,1448,404960,24,48,7831,5,20,2572,11,371,35327,1448,1448,404960,24,48,7831,5,20,2572,11,371,35327
201699,999,28660,C,Killeen-Temple  TX ,1782,1782,296314,126,252,19170,1,4,175,16,290,22985,1774,1774,294871,126,252,19170,1,4,175,16,290,22985
201699,999,29100, ,La Crosse-Onalaska  WI-MN ,259,259,60936,11,22,2700,0,0,0,0,0,0,256,256,60301,11,22,2700,0,0,0,0,0,0
201699,999,29460, ,Lakeland-Winter Haven  FL ,3424,3424,660461,3,6,516,1,3,518,52,1134,91146,3413,3413,658291,3,6,516,1,3,518,52,1134,91146
201699,999,29540, ,Lancaster  PA ,1013,1013,231584,8,16,1407,5,18,2365,17,240,45886,1005,1005,230038,8,16,1407,5,18,2365,17,240,45886
201699,999,29700, ,Laredo  TX ,945,945,192964,16,32,2273,4,14,898,14,167,16759,945,945,192964,16,32,2273,4,14,898,14,167,16759
201699,999,30020, ,Lawton  OK ,90,90,17712,3,6,470,1,4,325,0,0,0,87,87,17187,3,6,470,1,4,325,0,0,0
201699,999,30300, ,Lewiston  ID-WA ,93,93,21403,6,12,1317,1,3,900,0,0,0,93,93,21403,6,12,1317,1,3,900,0,0,0
201699,999,30860, ,Logan  UT-ID ,662,662,141817,0,0,0,21,78,6857,15,157,13944,620,620,134873,0,0,0,3,12,1322,2,24,2000
201699,999,31340, ,Lynchburg  VA ,564,564,121198,0,0,0,0,0,0,4,99,6301,564,564,121198,0,0,0,0,0,0,4,99,6301
201699,999,33540,C,Missoula  MT ,361,361,52357,10,20,1667,5,19,614,18,530,35556,361,361,52357,10,20,1667,5,19,614,18,530,35556
201699,999,33860, ,Montgomery  AL ,716,716,142418,0,0,0,0,0,0,8,89,10720,711,711,142094,0,0,0,0,0,0,7,80,10500
201699,999,36100, ,Ocala  FL ,1412,1412,236990,8,16,1700,0,0,0,0,0,0,1412,1412,236990,8,16,1700,0,0,0,0,0,0
201699,999,36980, ,Owensboro  KY ,239,239,23046,2,4,227,0,0,0,12,134,10904,239,239,23046,2,4,227,0,0,0,12,134,10904
201699,999,37340, ,Palm Bay-Melbourne-Titusville  FL ,2166,2166,705362,2,4,350,4,16,3406,20,729,131214,2142,2142,695901,2,4,350,4,16,3406,19,724,130393
201699,999,37460, ,Panama City  FL ,883,883,228193,3,6,945,6,24,3081,6,142,17277,883,883,228193,3,6,945,6,24,3081,6,142,17277
201699,999,38060,C,Phoenix-Mesa-Scottsdale  AZ ,18433,18433,5114421,196,410,44306,40,161,28220,259,9579,1245571,18250,18250,5056262,196,410,44306,40,161,28220,256,9469,1231951
201699,999,38340, ,Pittsfield  MA ,95,95,47658,0,0,0,0,0,0,3,96,15893,39,39,19889,0,0,0,0,0,0,0,0,0
201699,999,38540, ,Pocatello  ID ,202,202,26237,0,0,0,0,0,0,0,0,0,192,192,24939,0,0,0,0,0,0,0,0,0
201699,999,39140, ,Prescott  AZ ,1366,1366,345715,11,22,2494,0,0,0,17,214,27610,1296,1296,318797,11,22,2494,0,0,0,17,214,27610
201699,999,40060, ,Richmond  VA ,4003,4003,782133,13,26,2441,30,113,14753,68,777,47995,4003,4003,782133,13,26,2441,30,113,14753,68,777,47995
201699,999,40220, ,Roanoke  VA ,380,380,92057,4,8,1212,0,0,0,3,154,19137,365,365,89282,3,6,934,0,0,0,1,18,908
201699,999,41100, ,St. George  UT ,1889,1889,370124,4,8,902,22,86,12651,7,213,21792,1883,1883,368621,4,8,902,22,86,12651,7,213,21792
201699,999,41500, ,Salinas  CA ,471,471,125454,2,4,548,6,23,5269,9,129,17473,469,469,125089,2,4,548,6,23,5269,7,119,16317
201699,999,41540, ,Salisbury  MD-DE ,2668,2668,402313,95,190,20694,29,103,14173,28,266,26937,2667,2667,402136,95,190,20694,29,103,14173,28,266,26937
201699,999,41660,C,San Angelo  TX ,172,172,38989,0,0,0,0,0,0,0,0,0,172,172,38989,0,0,0,0,0,0,0,0,0
201699,999,41700,C,San Antonio-New Braunfels  TX ,6464,6464,1438742,126,252,25570,24,95,8812,216,5430,454344,6018,6018,1379408,126,252,25570,23,92,8812,204,5365,440492
201699,999,41740,C,San Diego-Carlsbad  CA ,2351,2351,792227,72,144,25629,97,307,51864,238,7989,1353399,2304,2304,772657,72,144,25629,97,307,51864,238,7989,1353399
201699,999,42020, ,San Luis Obispo-Paso Robles-Arroyo Grande  CA ,583,583,194434,2,4,703,6,22,3289,16,244,30263,556,556,183419,2,4,703,6,22,3289,16,244,30263
201699,999,42200, ,Santa Maria-Santa Barbara  CA ,455,455,157618,2,4,483,1,3,739,29,380,40662,455,455,157618,2,4,483,1,3,739,29,380,40662
201699,999,42540, ,Scranton--Wilkes-Barre--Hazleton  PA ,846,846,200062,2,4,430,4,16,1520,9,152,12980,387,387,95978,2,4,430,4,16,1520,9,152,12980
201699,999,42700, ,Sebring  FL ,122,122,31570,1,2,341,1,4,630,0,0,0,122,122,31570,1,2,341,1,4,630,0,0,0
201699,999,43100, ,Sheboygan  WI ,164,164,41676,4,8,1472,1,3,435,12,132,11379,154,154,39658,4,8,1472,1,3,435,12,132,11379
201699,999,43340, ,Shreveport-Bossier City  LA ,984,984,207971,0,0,0,0,0,0,16,202,11859,974,974,205744,0,0,0,0,0,0,16,202,11859
201699,999,43420, ,Sierra Vista-Douglas  AZ ,149,149,21936,0,0,0,0,0,0,0,0,0,149,149,21936,0,0,0,0,0,0,0,0,0
201699,999,43620, ,Sioux Falls  SD ,1431,1431,279405,3,6,558,15,58,6081,62,1589,172551,1407,1407,273336,3,6,558,14,55,6081,62,1589,172551
201699,999,44940,C,Sumter  SC ,243,243,35534,0,0,0,0,0,0,1,30,3200,243,243,35534,0,0,0,0,0,0,1,30,3200
201699,999,45300,C,Tampa-St. Petersburg-Clearwater  FL ,10685,10685,3164927,35,70,6973,24,91,5740,154,6906,781940,10663,10663,3158375,35,70,6973,24,91,5740,151,6851,777114
201699,999,45460, ,Terre Haute  IN ,70,70,6869,15,30,2156,0,0,0,2,314,19815,70,70,6869,15,30,2156,0,0,0,2,314,19815
201699,999,45500, ,Texarkana  TX-AR ,121,121,20576,4,8,240,0,0,0,0,0,0,83,83,14950,4,8,240,0,0,0,0,0,0
201699,999,45820, ,Topeka  KS ,368,368,72254,4,8,630,4,12,1041,0,0,0,340,340,67986,4,8,630,4,12,1041,0,0,0
201699,999,46220, ,Tuscaloosa  AL ,537,537,135345,13,26,7382,13,44,6318,63,858,84611,503,503,129023,13,26,7382,13,44,6318,63,858,84611
201699,999,46520,C,Urban Honolulu  HI ,846,846,342927,0,0,0,0,0,0,17,812,298544,846,846,342927,0,0,0,0,0,0,17,812,298544
201699,999,46540, ,Utica-Rome  NY ,217,217,46601,1,2,80,0,0,0,2,15,2719,97,97,24956,1,2,80,0,0,0,0,0,0
201699,999,46660, ,Valdosta  GA ,934,934,164609,2,4,265,0,0,0,5,80,7857,469,469,87669,0,0,0,0,0,0,5,80,7857
201699,999,47380, ,Waco  TX ,640,640,122019,41,82,6636,8,32,4000,48,1011,92719,592,592,116379,41,82,6636,8,32,4000,48,1011,92719
201699,999,47460, ,Walla Walla  WA ,184,184,42808,4,8,1092,0,0,0,3,28,2752,181,181,42508,4,8,1092,0,0,0,3,28,2752
201699,999,47940, ,Waterloo-Cedar Falls  IA ,357,357,76028,1,2,287,0,0,0,13,192,19237,354,354,75540,1,2,287,0,0,0,13,192,19237
201699,999,48060, ,Watertown-Fort Drum  NY ,103,103,12391,1,2,63,0,0,0,0,0,0,102,102,12291,1,2,63,0,0,0,0,0,0
201699,999,48300, ,Wenatchee  WA ,543,543,119988,5,10,1938,0,0,0,2,21,2629,543,543,119988,5,10,1938,0,0,0,2,21,2629
201699,999,48540, ,Wheeling  WV-OH ,18,18,3646,0,0,0,0,0,0,2,16,3064,17,17,3506,0,0,0,0,0,0,2,16,3064
201699,999,48660, ,Wichita Falls  TX ,94,94,24181,1,2,203,1,3,375,8,127,14171,94,94,24181,1,2,203,1,3,375,8,127,14171
201699,999,48900, ,Wilmington  NC ,1774,1774,430196,23,46,6378,0,0,0,39,1127,110492,1323,1323,358271,23,46,6378,0,0,0,39,1127,110492
201699,999,49420, ,Yakima  WA ,405,405,100328,5,10,1704,2,7,652,0,0,0,370,370,94514,5,10,1704,2,7,652,0,0,0
201699,999,49740, ,Yuma  AZ ,890,890,137493,0,0,0,2,7,712,0,0,0,824,824,131881,0,0,0,2,7,712,0,0,0
