Survey,CSA,CBSA,MONCOV,CBSA,,1-unit,,,2-units,,,3-4 units,,,5+ units,,,1-unit rep,,,2-units rep,,,3-4 units rep,,,5+ units rep
Date,Code,Code,,Name,Bldgs,Units,Value,Bldgs,Units,Value,Bldgs,Units,Value,Bldgs,Units,Value,Bldgs,Units,Value,Bldgs,Units,Value,      Bldgs,Units,Value,Bldgs,Units,Value
 
201299,102,18700, ,Corvallis  OR ,86,86,22083,6,12,2447,0,0,0,23,214,34338,86,86,22083,6,12,2447,0,0,0,23,214,34338
201299,104,10580, ,Albany-Schenectady-Troy  NY ,1149,1149,263776,15,30,4680,15,54,7288,86,993,102625,1047,1047,241271,11,22,2940,14,50,6488,73,855,93600
201299,104,24020, ,Glens Falls  NY ,235,235,35620,0,0,0,1,3,120,1,58,3500,217,217,33950,0,0,0,1,3,120,1,58,3500
201299,112,11180, ,Ames  IA ,152,152,36359,2,4,330,0,0,0,13,291,17431,151,151,36243,2,4,330,0,0,0,13,291,17431
201299,118,11540, ,Appleton  WI ,375,375,77222,12,24,3083,10,40,3755,34,394,15479,363,363,74838,12,24,3083,10,40,3755,34,394,15479
201299,118,36780, ,Oshkosh-Neenah  WI ,231,231,47090,8,16,2180,1,4,515,2,22,1661,222,222,44822,8,16,2180,1,4,515,2,22,1661
201299,120,11700, ,Asheville  NC ,1264,1264,224734,1,2,254,1,4,250,0,0,0,1199,1199,215070,1,2,254,1,4,250,0,0,0
201299,122,12060,C,Atlanta-Sandy Springs-Marietta  GA ,9167,9167,1781566,10,20,2273,44,174,19351,158,5019,519833,8813,8813,1715181,10,20,2273,44,174,19351,158,5019,519833
201299,122,23580, ,Gainesville  GA ,303,303,50999,0,0,0,0,0,0,0,0,0,303,303,50999,0,0,0,0,0,0,0,0,0
201299,126,12420,C,Austin-Round Rock-San Marcos  TX ,8229,8229,1478980,10,20,1798,25,94,7105,453,11220,852822,7559,7559,1382931,10,20,1798,25,94,7105,261,9413,731522
201299,132,12940, ,Baton Rouge  LA ,3244,3244,582048,8,16,1264,3,9,748,17,118,9642,2319,2319,443281,0,0,0,0,0,0,2,11,925
201299,140,13460,C,Bend  OR ,741,741,194046,3,6,871,4,16,1658,3,38,4343,741,741,194046,3,6,871,4,16,1658,3,38,4343
201299,142,13820,C,Birmingham-Hoover  AL ,1847,1847,410574,0,0,0,1,4,560,60,1450,97196,1800,1800,403249,0,0,0,1,4,560,54,1411,95246
201299,148,14460,C,Boston-Cambridge-Quincy  MA-NH ,4126,4126,1190363,123,246,33141,58,189,28130,182,4290,634386,3650,3650,1077950,114,228,31370,50,165,24926,74,3473,563826
201299,148,31700, ,Manchester-Nashua  NH ,365,365,74420,13,26,2920,2,7,663,9,222,17665,362,362,73860,13,26,2920,2,7,663,9,222,17665
201299,148,39300, ,Providence-New Bedford-Fall River  RI-MA ,1144,1144,223201,27,54,5469,4,14,851,9,149,7805,1031,1031,199870,26,52,5279,3,11,721,9,149,7805
201299,148,49340, ,Worcester  MA ,867,867,172202,18,36,4924,19,69,6233,7,153,8205,743,743,153146,16,32,4114,19,69,6233,7,153,8205
201299,154,15180, ,Brownsville-Harlingen  TX ,1012,1012,104206,44,88,4458,4,16,2087,5,38,2147,994,994,103179,44,88,4458,4,16,2087,5,38,2147
201299,160,15380, ,Buffalo-Niagara Falls  NY ,915,915,211265,30,60,7393,3,11,344,22,266,25825,882,882,205693,28,56,7293,0,0,0,18,234,23039
201299,164,16020, ,Cape Girardeau-Jackson  MO-IL ,127,127,24400,21,42,6534,0,0,0,3,61,3420,122,122,24300,21,42,6534,0,0,0,3,61,3420
201299,172,16740,C,Charlotte-Gastonia-Rock Hill  NC-SC ,6703,6703,1319888,9,18,2650,44,162,9515,173,5364,424121,6680,6680,1316497,9,18,2650,43,159,9341,173,5364,424121
201299,174,16860, ,Chattanooga  TN-GA ,1181,1181,188327,9,18,946,0,0,0,15,116,10785,917,917,151928,3,6,396,0,0,0,0,0,0
201299,174,17420, ,Cleveland  TN ,351,351,50332,7,14,1024,13,45,3189,0,0,0,219,219,27023,7,14,1024,10,34,2463,0,0,0
201299,176,16980,C,Chicago-Joliet-Naperville  IL-IN-WI ,5658,5658,1435777,82,164,25052,84,287,38705,116,3248,450557,5306,5306,1350121,75,150,23285,84,287,38705,103,3173,446711
201299,176,28100, ,Kankakee-Bradley  IL ,66,66,11475,0,0,0,0,0,0,1,6,450,66,66,11475,0,0,0,0,0,0,1,6,450
201299,176,33140, ,Michigan City-La Porte  IN ,122,122,29204,0,0,0,0,0,0,14,184,5400,107,107,25676,0,0,0,0,0,0,14,184,5400
201299,178,17140,C,Cincinnati-Middletown  OH-KY-IN ,2641,2641,521632,6,12,1263,25,89,12184,44,862,53021,2549,2549,507123,5,10,1148,25,89,12184,42,810,50116
201299,184,10420, ,Akron  OH ,611,611,129414,2,4,330,1,3,250,0,0,0,607,607,128874,2,4,330,1,3,250,0,0,0
201299,184,17460,C,Cleveland-Elyria-Mentor  OH ,1925,1925,434491,1,2,240,10,39,4688,34,366,25992,1764,1764,412245,1,2,240,9,36,4552,22,302,19204
201299,192,17900,C,Columbia  SC ,2791,2791,438004,0,0,0,0,0,0,58,938,62345,755,755,116028,0,0,0,0,0,0,22,311,17402
201299,194,12220,C,Auburn-Opelika  AL ,650,650,171224,0,0,0,0,0,0,7,56,5723,650,650,171224,0,0,0,0,0,0,7,56,5723
201299,194,17980, ,Columbus  GA-AL ,782,782,130849,2,4,331,10,32,1481,33,414,28472,508,508,101842,0,0,0,1,3,164,16,224,14061
201299,198,18140,C,Columbus  OH ,2913,2913,613117,65,130,15343,51,188,43802,167,3580,268834,2774,2774,584672,65,130,15343,46,173,42219,163,3542,266671
201299,204,18580, ,Corpus Christi  TX ,1273,1273,211053,0,0,0,1,3,307,21,220,13637,940,940,155746,0,0,0,0,0,0,4,32,2062
201299,206,19100,C,Dallas-Fort Worth-Arlington  TX ,18090,18090,4488377,88,176,26809,35,124,12317,456,16652,1185889,17693,17693,4423765,88,176,26809,35,124,12317,453,16567,1180526
201299,206,43300, ,Sherman-Denison  TX ,70,70,11268,3,6,382,0,0,0,0,0,0,67,67,10943,3,6,382,0,0,0,0,0,0
201299,212,19380, ,Dayton  OH ,911,911,204945,8,16,1696,4,13,1676,9,196,24185,911,911,204945,8,16,1696,4,13,1676,9,196,24185
201299,212,44220, ,Springfield  OH ,39,39,9013,0,0,0,1,4,480,12,72,4814,39,39,9013,0,0,0,1,4,480,12,72,4814
201299,216,14500, ,Boulder  CO ,471,471,130744,16,32,4490,8,28,4004,20,764,60481,468,468,130133,16,32,4490,8,28,4004,20,764,60481
201299,216,19740,C,Denver-Aurora-Broomfield  CO ,5606,5606,1404551,105,210,35228,8,29,3411,195,7915,661551,5535,5535,1387725,105,210,35228,8,29,3411,195,7915,661551
201299,216,24540,C,Greeley  CO ,1182,1182,271646,1,2,298,2,8,845,7,49,5956,1036,1036,230989,1,2,298,2,8,845,4,34,3273
201299,218,19780,C,Des Moines-West Des Moines  IA ,2809,2809,620689,6,12,1584,1,4,426,58,1342,170495,2793,2793,616222,6,12,1584,1,4,426,58,1342,170495
201299,220,11460, ,Ann Arbor  MI ,262,262,58518,1,2,400,0,0,0,1,12,687,190,190,37384,1,2,400,0,0,0,1,12,687
201299,220,19820,C,Detroit-Warren-Livonia  MI ,4107,4107,950812,6,12,1362,19,70,9603,22,336,45698,3951,3951,922379,5,10,1174,13,51,8011,19,306,42165
201299,220,22420, ,Flint  MI ,122,122,26304,0,0,0,0,0,0,0,0,0,112,112,24361,0,0,0,0,0,0,0,0,0
201299,220,33780, ,Monroe  MI ,136,136,24281,0,0,0,0,0,0,0,0,0,108,108,19012,0,0,0,0,0,0,0,0,0
201299,222,20020, ,Dothan  AL ,235,235,49695,0,0,0,1,4,153,14,315,13570,198,198,44494,0,0,0,1,4,153,14,315,13570
201299,232,20740, ,Eau Claire  WI ,301,301,55877,33,66,6255,6,22,1931,18,216,13614,299,299,55466,33,66,6255,6,22,1931,18,216,13614
201299,244,22020, ,Fargo  ND-MN ,1037,1037,199654,1,2,300,1,3,200,30,1169,77448,1029,1029,197388,1,2,300,1,3,200,30,1169,77448
201299,252,22540, ,Fond du Lac  WI ,83,83,20271,4,8,800,0,0,0,9,158,9409,81,81,19884,4,8,800,0,0,0,9,158,9409
201299,258,23060,C,Fort Wayne  IN ,694,694,152228,2,4,498,0,0,0,27,532,32056,694,694,152228,2,4,498,0,0,0,27,532,32056
201299,260,23420, ,Fresno  CA ,1511,1511,327737,4,8,779,14,43,4062,25,282,24013,1183,1183,277551,4,8,779,6,18,1765,25,282,24013
201299,260,31460, ,Madera-Chowchilla  CA ,115,115,22700,1,2,362,0,0,0,2,40,1779,115,115,22700,1,2,362,0,0,0,2,40,1779
201299,266,24340,C,Grand Rapids-Wyoming  MI ,1098,1098,213584,7,14,1066,4,16,487,4,158,26944,943,943,188537,7,14,1066,4,16,487,4,158,26944
201299,266,26100, ,Holland-Grand Haven  MI ,622,622,122098,3,6,550,0,0,0,5,143,10195,607,607,118652,2,4,300,0,0,0,4,38,3106
201299,266,34740, ,Muskegon-Norton Shores  MI ,136,136,24465,1,2,190,0,0,0,0,0,0,114,114,20594,1,2,190,0,0,0,0,0,0
201299,268,15500, ,Burlington  NC ,358,358,50543,0,0,0,0,0,0,0,0,0,358,358,50543,0,0,0,0,0,0,0,0,0
201299,268,24660,C,Greensboro-High Point  NC ,1183,1183,275763,2,4,375,13,51,4318,23,649,33736,1183,1183,275763,2,4,375,13,51,4318,23,649,33736
201299,268,49180, ,Winston-Salem  NC ,831,831,137031,0,0,0,5,17,779,21,433,32290,831,831,137031,0,0,0,5,17,779,21,433,32290
201299,273,11340, ,Anderson  SC ,404,404,78149,0,0,0,4,16,665,0,0,0,404,404,78149,0,0,0,4,16,665,0,0,0
201299,273,24860,C,Greenville-Mauldin-Easley  SC ,2246,2246,558867,4,8,593,4,15,1337,11,129,10251,2230,2230,557427,4,8,593,4,15,1337,11,129,10251
201299,273,43900, ,Spartanburg  SC ,727,727,88202,0,0,0,0,0,0,0,0,0,713,713,84891,0,0,0,0,0,0,0,0,0
201299,274,25060, ,Gulfport-Biloxi  MS ,1065,1065,148167,30,60,4931,15,54,4393,23,341,32630,585,585,81009,1,2,150,0,0,0,2,89,12016
201299,274,37700, ,Pascagoula  MS ,350,350,45073,0,0,0,0,0,0,0,0,0,350,350,45073,0,0,0,0,0,0,0,0,0
201299,276,25420, ,Harrisburg-Carlisle  PA ,1215,1215,227312,4,8,1067,5,18,2644,43,675,38729,1202,1202,224236,4,8,1067,5,18,2644,43,675,38729
201299,276,30140, ,Lebanon  PA ,212,212,31397,0,0,0,0,0,0,1,12,859,207,207,30466,0,0,0,0,0,0,1,12,859
201299,278,25540, ,Hartford-West Hartford-East Hartford  CT ,939,939,178121,10,20,2137,4,16,2466,27,348,28468,857,857,170730,10,20,2137,4,16,2466,27,348,28468
201299,288,26420,C,Houston-Sugar Land-Baytown  TX ,28628,28628,5315357,49,98,11463,10,39,3163,405,14525,1109089,28411,28411,5255969,49,98,11463,9,36,2755,394,14462,1107691
201299,290,19460, ,Decatur  AL ,142,142,22150,0,0,0,0,0,0,0,0,0,135,135,20907,0,0,0,0,0,0,0,0,0
201299,290,26620, ,Huntsville  AL ,1927,1927,291375,0,0,0,0,0,0,19,420,18988,1925,1925,291122,0,0,0,0,0,0,19,420,18988
201299,292,26820, ,Idaho Falls  ID ,379,379,47605,0,0,0,0,0,0,0,0,0,379,379,47605,0,0,0,0,0,0,0,0,0
201299,294,11300, ,Anderson  IN ,66,66,14635,1,2,31,0,0,0,0,0,0,41,41,8097,0,0,0,0,0,0,0,0,0
201299,294,18020, ,Columbus  IN ,200,200,45969,0,0,0,0,0,0,0,0,0,200,200,45969,0,0,0,0,0,0,0,0,0
201299,294,26900,C,Indianapolis-Carmel  IN ,4004,4004,884997,31,62,6478,34,128,7194,50,800,91439,3973,3973,881253,31,62,6478,28,109,7194,50,800,91439
201299,296,27060, ,Ithaca  NY ,112,112,18929,19,38,4045,0,0,0,18,119,13796,78,78,13536,18,36,3950,0,0,0,9,72,8556
201299,297,27180, ,Jackson  TN ,233,233,39134,0,0,0,2,8,590,21,279,17479,233,233,39134,0,0,0,2,8,590,21,279,17479
201299,298,27140, ,Jackson  MS ,1385,1385,283415,0,0,0,9,36,1836,0,0,0,1379,1379,282335,0,0,0,9,36,1836,0,0,0
201299,304,27740, ,Johnson City  TN ,330,330,53912,0,0,0,8,32,7734,15,242,17557,330,330,53912,0,0,0,8,32,7734,15,242,17557
201299,304,28700, ,Kingsport-Bristol-Bristol  TN-VA ,333,333,57165,10,20,1505,0,0,0,7,86,5500,328,328,56180,10,20,1505,0,0,0,7,86,5500
201299,308,27860, ,Jonesboro  AR ,450,450,58510,2,4,368,25,98,4943,43,436,14532,433,433,56810,2,4,368,23,91,4818,43,436,14532
201299,312,28140,C,Kansas City  MO-KS ,3299,3299,807052,40,80,6961,31,116,9247,83,1486,106492,2851,2851,686085,34,68,4930,30,113,8759,83,1486,106492
201299,314,28940, ,Knoxville  TN ,1431,1431,262170,4,8,1068,0,0,0,14,465,30713,1364,1364,252570,4,8,1068,0,0,0,14,465,30713
201299,314,34100, ,Morristown  TN ,142,142,29375,5,10,803,5,15,700,0,0,0,123,123,27529,5,10,803,5,15,700,0,0,0
201299,316,29020, ,Kokomo  IN ,43,43,9437,6,12,1090,0,0,0,9,122,10550,43,43,9437,6,12,1090,0,0,0,9,122,10550
201299,318,29180, ,Lafayette  LA ,1198,1198,183360,2,4,341,0,0,0,19,141,6890,764,764,125636,0,0,0,0,0,0,0,0,0
201299,320,29140, ,Lafayette  IN ,509,509,98779,1,2,220,0,0,0,1,32,2572,508,508,98187,1,2,220,0,0,0,1,32,2572
201299,324,29340, ,Lake Charles  LA ,580,580,103777,7,14,1038,3,11,615,0,0,0,580,580,103777,7,14,1038,3,11,615,0,0,0
201299,330,29620, ,Lansing-East Lansing  MI ,412,412,85679,0,0,0,0,0,0,5,187,12950,324,324,70088,0,0,0,0,0,0,4,182,12518
201299,332,29820,C,Las Vegas-Paradise  NV ,6108,6108,859947,18,36,1825,10,40,3070,67,1191,137915,6108,6108,859947,18,36,1825,10,40,3070,67,1191,137915
201299,336,30460, ,Lexington-Fayette  KY ,1218,1218,190815,10,20,1820,10,40,5005,35,1040,83001,1190,1190,185041,10,20,1820,10,40,5005,35,1040,83001
201299,338,30620, ,Lima  OH ,40,40,7416,1,2,140,2,6,557,5,32,3880,29,29,5356,1,2,140,2,6,557,5,32,3880
201299,340,30780, ,Little Rock-North Little Rock-Conway  AR ,1851,1851,322493,28,56,4590,15,57,5092,51,1349,82324,1737,1737,312242,28,56,4590,15,57,5092,51,1349,82324
201299,340,38220, ,Pine Bluff  AR ,35,35,4877,4,8,355,0,0,0,7,88,4053,20,20,2508,1,2,85,0,0,0,4,64,2586
201299,346,30980, ,Longview  TX ,245,245,33953,18,36,2400,0,0,0,33,414,22101,228,228,32021,18,36,2400,0,0,0,14,180,9785
201299,348,31100,C,Los Angeles-Long Beach-Santa Ana  CA ,4946,4946,1673763,287,574,97961,69,242,55498,389,11685,1837214,4783,4783,1629386,287,574,97961,65,230,54318,369,11558,1826327
201299,348,37100, ,Oxnard-Thousand Oaks-Ventura  CA ,278,278,80035,1,2,136,6,18,3278,24,268,29256,199,199,60016,1,2,136,1,3,585,5,60,6651
201299,348,40140,C,Riverside-San Bernardino-Ontario  CA ,4488,4488,1053113,11,22,3308,31,107,13663,105,1332,138320,4418,4418,1039855,11,22,3308,31,107,13663,105,1332,138320
201299,350,21060, ,Elizabethtown  KY ,283,283,46465,3,6,552,16,64,2052,9,154,4070,273,273,44610,3,6,552,16,64,2052,9,154,4070
201299,350,31140,C,Louisville-Jefferson County  KY-IN ,2365,2365,452986,27,54,4281,11,38,3286,68,1214,56043,2136,2136,409619,27,54,4281,10,35,3064,68,1214,56043
201299,352,31180, ,Lubbock  TX ,752,752,171842,30,60,5650,0,0,0,40,655,49703,739,739,170335,30,60,5650,0,0,0,40,655,49703
201299,356,31420, ,Macon  GA ,167,167,24996,10,20,520,0,0,0,20,318,18565,167,167,24996,10,20,520,0,0,0,20,318,18565
201299,356,47580, ,Warner Robins  GA ,572,572,110649,0,0,0,0,0,0,0,0,0,572,572,110649,0,0,0,0,0,0,0,0,0
201299,358,31540,C,Madison  WI ,865,865,215073,17,34,4842,8,29,2892,37,1514,173445,798,798,199767,16,32,4653,5,20,2080,30,1436,166524
201299,360,31900, ,Mansfield  OH ,51,51,12124,1,2,120,0,0,0,0,0,0,51,51,12124,1,2,120,0,0,0,0,0,0
201299,372,33260,C,Midland  TX ,599,599,109681,0,0,0,0,0,0,18,410,25750,599,599,109681,0,0,0,0,0,0,18,410,25750
201299,372,36220,C,Odessa  TX ,581,581,113702,3,6,410,0,0,0,30,422,28937,581,581,113702,3,6,410,0,0,0,30,422,28937
201299,376,33340,C,Milwaukee-Waukesha-West Allis  WI ,1035,1035,303702,16,32,3864,9,33,3924,22,664,80248,969,969,280213,13,26,2889,9,33,3924,22,664,80248
201299,376,39540, ,Racine  WI ,143,143,32902,6,12,1370,0,0,0,1,8,900,143,143,32902,6,12,1370,0,0,0,1,8,900
201299,378,33460,C,Minneapolis-St. Paul-Bloomington  MN-WI ,5750,5750,1585117,26,52,5900,21,72,10075,63,5619,685894,5715,5715,1576368,26,52,5900,21,72,10075,63,5619,685894
201299,378,41060, ,St. Cloud  MN ,316,316,63076,0,0,0,0,0,0,11,256,15710,237,237,49346,0,0,0,0,0,0,2,134,5340
201299,380,33660, ,Mobile  AL ,712,712,105965,2,4,299,6,24,1196,6,156,14745,692,692,103109,2,4,299,6,24,1196,6,156,14745
201299,384,33740, ,Monroe  LA ,413,413,68274,38,76,6276,9,28,4372,16,96,8669,51,51,6388,36,72,6103,0,0,0,0,0,0
201299,388,33860, ,Montgomery  AL ,776,776,148747,0,0,0,0,0,0,45,474,28337,721,721,144110,0,0,0,0,0,0,31,384,26135
201299,396,34820, ,Myrtle Beach-North Myrtle Beach-Conway  SC ,2029,2029,351864,21,42,2542,3,12,1517,22,225,20387,2007,2007,346453,21,42,2542,3,12,1517,22,225,20387
201299,400,34980,C,Nashville-Davidson--Murfreesboro--Franklin  TN ,5340,5340,1233976,23,46,4877,3,10,411,94,2851,245826,5015,5015,1173313,23,46,4877,2,7,411,93,2846,245721
201299,406,35380,C,New Orleans-Metairie-Kenner  LA ,2015,2015,392870,112,224,21468,2,6,685,4,48,7527,1859,1859,367324,93,186,18213,2,6,685,2,18,4011
201299,408,14860, ,Bridgeport-Stamford-Norwalk  CT ,634,634,331346,5,10,2702,14,54,8162,36,1440,209604,557,557,258209,5,10,2702,14,54,8162,22,1287,203825
201299,408,28740, ,Kingston  NY ,144,144,30138,6,12,1130,1,3,210,5,55,3450,140,140,29693,6,12,1130,1,3,210,5,55,3450
201299,408,35300, ,New Haven-Milford  CT ,466,466,82661,9,18,1376,1,3,454,17,182,12304,444,444,79037,9,18,1376,1,3,454,2,59,4736
201299,408,35620,C,New York-Northern New Jersey-Long Island  NY-NJ-PA ,6815,6815,1909061,560,1120,118792,280,939,82591,713,18038,1617535,5341,5341,1565948,516,1032,109315,265,890,76481,469,15714,1404883
201299,408,39100, ,Poughkeepsie-Newburgh-Middletown  NY ,805,805,150537,2,4,550,5,18,2381,45,608,65879,686,686,132920,2,4,550,5,18,2381,18,334,42556
201299,408,45940,C,Trenton-Ewing  NJ ,110,110,31226,6,12,958,1,3,55,22,319,25951,103,103,29533,6,12,958,1,3,55,19,299,23806
201299,416,36420,C,Oklahoma City  OK ,5474,5474,1079693,27,54,4737,19,71,5025,63,978,39924,5364,5364,1059089,27,54,4737,19,71,5025,63,978,39924
201299,420,36540,C,Omaha-Council Bluffs  NE-IA ,2479,2479,448716,16,32,2523,1,3,330,44,948,76413,2412,2412,434938,16,32,2523,1,3,330,44,948,76413
201299,422,19660,C,Deltona-Daytona Beach-Ormond Beach  FL ,760,760,219667,0,0,0,0,0,0,0,0,0,756,756,218421,0,0,0,0,0,0,0,0,0
201299,422,36740,C,Orlando-Kissimmee-Sanford  FL ,7322,7322,1922393,31,62,7086,8,32,3718,187,4590,491787,7310,7310,1918846,31,62,7086,8,32,3718,187,4590,491787
201299,422,37380,C,Palm Coast  FL ,243,243,73030,0,0,0,0,0,0,0,0,0,243,243,73030,0,0,0,0,0,0,0,0,0
201299,426,37900, ,Peoria  IL ,638,638,154178,15,30,3889,1,3,160,2,56,4680,614,614,149472,13,26,3550,1,3,160,2,56,4680
201299,428,37980,C,Philadelphia-Camden-Wilmington  PA-NJ-DE-MD ,5175,5175,866040,126,252,20239,91,306,21526,201,3537,355703,4774,4774,809455,125,250,20017,90,303,21174,142,3114,332479
201299,428,39740, ,Reading  PA ,253,253,36316,0,0,0,3,12,1232,3,24,1561,248,248,34974,0,0,0,3,12,1232,3,24,1561
201299,428,47220,C,Vineland-Millville-Bridgeton  NJ ,185,185,20156,0,0,0,0,0,0,1,5,666,110,110,11439,0,0,0,0,0,0,0,0,0
201299,430,38300,C,Pittsburgh  PA ,2918,2918,685220,29,58,7660,36,131,14716,21,359,44151,2788,2788,662643,28,56,7504,31,116,13412,19,349,43133
201299,438,30340, ,Lewiston-Auburn  ME ,125,125,17779,2,4,627,0,0,0,0,0,0,110,110,15262,2,4,627,0,0,0,0,0,0
201299,438,38860, ,Portland-South Portland-Biddeford  ME ,1204,1204,245094,25,50,4381,11,41,4500,4,95,9179,957,957,190209,23,46,4131,11,41,4500,4,95,9179
201299,442,38940,C,Port St. Lucie  FL ,578,578,188240,4,8,821,4,16,3251,3,33,5042,578,578,188240,4,8,821,4,16,3251,3,33,5042
201299,442,42680,C,Sebastian-Vero Beach  FL ,369,369,125049,0,0,0,0,0,0,0,0,0,313,313,114447,0,0,0,0,0,0,0,0,0
201299,450,20500,C,Durham-Chapel Hill  NC ,1595,1595,354948,1,2,320,4,16,1300,55,1701,130853,1595,1595,354948,1,2,320,4,16,1300,55,1701,130853
201299,450,39580,C,Raleigh-Cary  NC ,6425,6425,1269840,27,54,7648,13,51,4173,186,6396,439552,6425,6425,1269840,27,54,7648,13,51,4173,186,6396,439552
201299,456,39900,C,Reno-Sparks  NV ,777,777,195341,1,2,96,0,0,0,1,66,6140,771,771,194350,1,2,96,0,0,0,1,66,6140
201299,464,40380, ,Rochester  NY ,1184,1184,242101,11,22,3066,13,44,5094,19,350,33500,1126,1126,233422,9,18,2618,13,44,5094,14,300,29398
201299,466,40420, ,Rockford  IL ,111,111,13998,2,4,637,3,12,456,1,8,626,90,90,11044,2,4,637,3,12,456,1,8,626
201299,472,40900,C,Sacramento--Arden-Arcade--Roseville  CA ,2848,2848,762207,2,4,635,10,38,4888,26,518,65085,2822,2822,755620,2,4,635,10,38,4888,26,518,65085
201299,472,49700, ,Yuba City  CA ,101,101,18526,0,0,0,0,0,0,2,15,1533,101,101,18526,0,0,0,0,0,0,2,15,1533
201299,474,13020, ,Bay City  MI ,47,47,9395,0,0,0,3,12,1510,6,36,3784,42,42,8363,0,0,0,3,12,1510,6,36,3784
201299,474,40980, ,Saginaw-Saginaw Township North  MI ,109,109,21476,25,50,5718,3,12,640,6,41,2808,101,101,19323,25,50,5718,3,12,640,6,41,2808
201299,476,41180,C,St. Louis  MO-IL ,4014,4014,852766,46,92,10837,24,84,10492,49,1299,127841,3745,3745,794522,44,88,10422,19,68,8567,24,1064,104529
201299,480,41540, ,Salisbury  MD ,102,102,15553,0,0,0,0,0,0,8,240,27505,102,102,15553,0,0,0,0,0,0,8,240,27505
201299,482,36260, ,Ogden-Clearfield  UT ,1902,1902,428388,3,6,732,17,65,8684,43,741,56200,1896,1896,426490,3,6,732,17,65,8684,41,731,54819
201299,482,41620,C,Salt Lake City  UT ,2826,2826,643426,11,22,3226,11,42,6997,53,1014,86504,2533,2533,591104,6,12,2233,10,39,6725,18,717,65278
201299,488,34900, ,Napa  CA ,104,104,50764,4,8,1434,0,0,0,0,0,0,103,103,50414,4,8,1434,0,0,0,0,0,0
201299,488,41860,C,San Francisco-Oakland-Fremont  CA ,3095,3095,1107385,72,144,37495,23,82,22186,115,5842,1298672,2891,2891,1042460,71,142,37049,23,82,22186,89,5684,1280664
201299,488,41940,C,San Jose-Sunnyvale-Santa Clara  CA ,1501,1501,552151,14,28,7364,17,62,14115,73,3941,488626,1492,1492,546151,14,28,7364,16,59,13590,73,3941,488626
201299,488,42100, ,Santa Cruz-Watsonville  CA ,169,169,40330,1,2,249,2,8,825,5,58,5454,138,138,36230,1,2,249,2,8,825,4,32,3449
201299,488,42220, ,Santa Rosa-Petaluma  CA ,312,312,91879,2,4,2334,2,6,775,12,238,29960,308,308,91016,2,4,2334,2,6,775,12,238,29960
201299,488,46700, ,Vallejo-Fairfield  CA ,479,479,94334,0,0,0,0,0,0,2,59,3711,479,479,94334,0,0,0,0,0,0,2,59,3711
201299,492,42140,C,Santa Fe  NM ,130,130,17337,0,0,0,0,0,0,0,0,0,0,0,0,0,0,0,0,0,0,0,0,0
201299,494,35840,C,North Port-Bradenton-Sarasota  FL ,2655,2655,652201,6,12,1625,33,111,15466,20,324,37946,2653,2653,651414,6,12,1625,33,111,15466,19,319,37541
201299,494,39460,C,Punta Gorda  FL ,327,327,69122,1,2,210,0,0,0,0,0,0,303,303,65429,1,2,210,0,0,0,0,0,0
201299,496,25980, ,Hinesville-Fort Stewart  GA ,219,219,54754,0,0,0,0,0,0,0,0,0,219,219,54754,0,0,0,0,0,0,0,0,0
201299,496,42340, ,Savannah  GA ,1263,1263,200776,1,2,198,2,8,455,18,267,15617,1008,1008,172979,1,2,198,2,8,455,6,88,4607
201299,500,14740, ,Bremerton-Silverdale  WA ,634,634,143906,1,2,230,7,23,2727,9,145,12740,634,634,143906,1,2,230,7,23,2727,9,145,12740
201299,500,34580, ,Mount Vernon-Anacortes  WA ,227,227,43668,1,2,227,0,0,0,0,0,0,104,104,21167,1,2,227,0,0,0,0,0,0
201299,500,36500, ,Olympia  WA ,959,959,204963,5,10,1875,1,3,425,5,40,3730,959,959,204963,5,10,1875,1,3,425,5,40,3730
201299,500,42660,C,Seattle-Tacoma-Bellevue  WA ,8047,8047,2200831,122,244,41635,62,217,39021,174,9158,1252165,7909,7909,2158147,122,244,41635,62,217,39021,152,9012,1237956
201299,508,43340, ,Shreveport-Bossier City  LA ,1181,1181,220872,0,0,0,0,0,0,22,396,24111,711,711,163451,0,0,0,0,0,0,0,0,0
201299,512,43580, ,Sioux City  IA-NE-SD ,228,228,52258,16,32,2636,0,0,0,0,0,0,133,133,26875,16,32,2636,0,0,0,0,0,0
201299,515,21140, ,Elkhart-Goshen  IN ,221,221,39308,0,0,0,0,0,0,0,0,0,221,221,39308,0,0,0,0,0,0,0,0,0
201299,515,43780, ,South Bend-Mishawaka  IN-MI ,219,219,50539,2,4,610,0,0,0,27,419,37437,214,214,49927,2,4,610,0,0,0,27,419,37437
201299,532,45060, ,Syracuse  NY ,771,771,134725,2,4,245,0,0,0,10,724,45835,621,621,116688,2,4,245,0,0,0,8,312,22228
201299,534,45780, ,Toledo  OH ,551,551,119202,9,18,1775,6,24,1008,23,223,11989,544,544,118188,9,18,1775,6,24,1008,23,223,11989
201299,538,46140,C,Tulsa  OK ,2699,2699,484111,1,2,280,1,3,60,43,732,59428,2685,2685,482031,1,2,280,1,3,60,43,732,59428
201299,540,46340, ,Tyler  TX ,228,228,36003,0,0,0,6,18,900,16,107,4944,21,21,4179,0,0,0,0,0,0,0,0,0
201299,548,12580,C,Baltimore-Towson  MD ,3895,3895,764961,7,14,2368,0,0,0,50,2047,205017,3786,3786,741255,7,14,2368,0,0,0,47,1762,180963
201299,548,47900,C,Washington-Arlington-Alexandria  DC-VA-MD-WV ,10980,10980,2305604,146,292,25752,22,84,3044,164,11048,995691,10577,10577,2214927,146,292,25752,22,84,3044,163,10954,981549
201299,548,49020, ,Winchester  VA-WV ,332,332,62597,0,0,0,1,3,450,4,48,2440,331,331,62482,0,0,0,1,3,450,4,48,2440
201299,554,48140, ,Wausau  WI ,233,233,47818,0,0,0,1,4,700,6,60,3759,229,229,46659,0,0,0,1,4,700,6,60,3759
201299,556,48620, ,Wichita  KS ,845,845,152626,115,230,22903,13,43,4309,9,192,14171,782,782,141915,103,206,21152,12,39,3853,9,192,14171
201299,558,48700, ,Williamsport  PA ,129,129,22497,4,8,525,1,3,100,5,38,2000,129,129,22497,4,8,525,1,3,100,5,38,2000
201299,564,49620, ,York-Hanover  PA ,695,695,110416,2,4,560,15,49,3265,6,57,5326,695,695,110416,2,4,560,15,49,3265,6,57,5326
201299,566,49660, ,Youngstown-Warren-Boardman  OH-PA ,255,255,53931,4,8,922,0,0,0,0,0,0,249,249,52928,4,8,922,0,0,0,0,0,0
201299,999,10180, ,Abilene  TX ,241,241,47373,5,10,780,0,0,0,13,204,16200,241,241,47373,5,10,780,0,0,0,13,204,16200
201299,999,10500, ,Albany  GA ,201,201,23111,10,20,1501,1,3,153,1,5,188,23,23,3446,0,0,0,0,0,0,0,0,0
201299,999,10740,C,Albuquerque  NM ,1259,1259,239377,4,8,977,44,170,14588,57,647,52172,590,590,123636,1,2,127,43,167,14335,57,647,52172
201299,999,10780, ,Alexandria  LA ,339,339,56076,11,22,2289,0,0,0,13,121,7936,44,44,7651,0,0,0,0,0,0,0,0,0
201299,999,10900,C,Allentown-Bethlehem-Easton  PA-NJ ,829,829,137898,4,8,740,8,29,4551,23,203,15266,730,730,124096,3,6,491,8,29,4551,11,134,7348
201299,999,11020, ,Altoona  PA ,81,81,18875,1,2,166,1,4,700,1,10,950,81,81,18875,1,2,166,1,4,700,1,10,950
201299,999,11100, ,Amarillo  TX ,653,653,156404,22,44,5041,0,0,0,45,930,99108,647,647,155328,22,44,5041,0,0,0,45,930,99108
201299,999,11260,C,Anchorage  AK ,530,530,148359,11,22,4031,3,11,2114,2,12,1893,526,526,147710,11,22,4031,3,11,2114,2,12,1893
201299,999,11500, ,Anniston-Oxford  AL ,71,71,10374,0,0,0,0,0,0,0,0,0,68,68,10172,0,0,0,0,0,0,0,0,0
201299,999,12020, ,Athens-Clarke County  GA ,447,447,83659,15,30,4062,1,4,440,1,138,16650,399,399,79621,15,30,4062,1,4,440,1,138,16650
201299,999,12100,C,Atlantic City-Hammonton  NJ ,372,372,65492,2,4,484,1,4,600,10,61,13400,275,275,55733,1,2,400,1,4,600,0,0,0
201299,999,12260, ,Augusta-Richmond County  GA-SC ,2166,2166,384512,4,8,1247,4,13,1506,9,80,2367,1965,1965,357856,4,8,1247,4,13,1506,1,8,639
201299,999,12540, ,Bakersfield-Delano  CA ,1428,1428,283243,16,32,2402,23,88,7081,35,457,33548,1238,1238,255536,2,4,338,7,28,2752,23,316,25055
201299,999,12620, ,Bangor  ME ,197,197,29951,8,16,1490,5,18,698,13,82,5126,163,163,25759,8,16,1490,5,18,698,13,82,5126
201299,999,12700, ,Barnstable Town  MA ,410,410,149586,12,24,3317,7,28,4300,10,130,17619,329,329,129068,12,24,3317,7,28,4300,1,65,9891
201299,999,12980, ,Battle Creek  MI ,36,36,7112,0,0,0,0,0,0,1,101,8000,26,26,5393,0,0,0,0,0,0,1,101,8000
201299,999,13140, ,Beaumont-Port Arthur  TX ,817,817,116636,4,8,598,0,0,0,9,448,27263,789,789,114652,4,8,598,0,0,0,9,448,27263
201299,999,13380, ,Bellingham  WA ,488,488,113567,14,28,3829,8,31,3846,5,90,11348,488,488,113567,14,28,3829,8,31,3846,5,90,11348
201299,999,13740, ,Billings  MT ,419,419,85182,5,10,1528,3,10,409,16,182,19194,419,419,85182,5,10,1528,1,4,409,16,182,19194
201299,999,13780, ,Binghamton  NY ,104,104,14836,6,12,500,0,0,0,0,0,0,101,101,14521,6,12,500,0,0,0,0,0,0
201299,999,13900, ,Bismarck  ND ,1162,1162,235680,24,48,5914,22,72,10556,23,672,64278,1162,1162,235680,24,48,5914,22,72,10556,23,672,64278
201299,999,13980, ,Blacksburg-Christiansburg-Radford  VA ,216,216,39268,0,0,0,0,0,0,4,121,10224,216,216,39268,0,0,0,0,0,0,4,121,10224
201299,999,14020, ,Bloomington  IN ,172,172,29475,12,24,2258,1,4,309,11,221,19114,172,172,29475,12,24,2258,1,4,309,11,221,19114
201299,999,14060, ,Bloomington-Normal  IL ,284,284,51479,0,0,0,2,6,480,15,245,13434,276,276,49999,0,0,0,2,6,480,15,245,13434
201299,999,14260,C,Boise City-Nampa  ID ,2887,2887,650114,5,10,734,80,319,20451,17,340,20115,2884,2884,649384,5,10,734,80,319,20451,17,340,20115
201299,999,14540, ,Bowling Green  KY ,385,385,69026,10,20,1653,15,56,4230,36,455,21835,385,385,69026,10,20,1653,15,56,4230,36,455,21835
201299,999,15260, ,Brunswick  GA ,464,464,106888,0,0,0,0,0,0,0,0,0,8,8,974,0,0,0,0,0,0,0,0,0
201299,999,15540, ,Burlington-South Burlington  VT ,361,361,73559,18,36,4263,8,26,2953,10,224,20277,306,306,64307,18,36,4263,8,26,2953,10,224,20277
201299,999,15940, ,Canton-Massillon  OH ,354,354,71599,15,30,3537,2,6,565,8,81,5059,326,326,68552,15,30,3537,2,6,565,3,55,3062
201299,999,15980,C,Cape Coral-Fort Myers  FL ,1806,1806,417417,16,32,2549,22,84,18451,18,121,19220,1806,1806,417417,16,32,2549,22,84,18451,18,121,19220
201299,999,16180,C,Carson City  NV ,11,11,3438,0,0,0,0,0,0,1,40,3762,11,11,3438,0,0,0,0,0,0,1,40,3762
201299,999,16220, ,Casper  WY ,347,347,62492,0,0,0,0,0,0,14,160,10432,347,347,62492,0,0,0,0,0,0,14,160,10432
201299,999,16300, ,Cedar Rapids  IA ,617,617,70119,24,48,4146,30,103,8326,4,20,667,500,500,59068,18,36,3278,26,90,7515,0,0,0
201299,999,16580, ,Champaign-Urbana  IL ,293,293,76272,5,10,1250,5,19,1721,20,412,30210,289,289,75620,5,10,1250,5,19,1721,20,412,30210
201299,999,16620, ,Charleston  WV ,269,269,46207,0,0,0,2,8,574,0,0,0,251,251,43777,0,0,0,2,8,574,0,0,0
201299,999,16700,C,Charleston-North Charleston-Summerville  SC ,3132,3132,771598,13,26,1322,3,12,1284,50,1423,93241,2603,2603,685347,13,26,1322,3,12,1284,32,1085,76306
201299,999,16820, ,Charlottesville  VA ,583,583,133950,5,10,980,1,4,1250,8,615,52210,583,583,133950,5,10,980,1,4,1250,8,615,52210
201299,999,16940, ,Cheyenne  WY ,347,347,52721,0,0,0,6,24,1380,0,0,0,347,347,52721,0,0,0,6,24,1380,0,0,0
201299,999,17020, ,Chico  CA ,213,213,44101,0,0,0,2,7,1037,16,131,16069,213,213,44101,0,0,0,2,7,1037,16,131,16069
201299,999,17300, ,Clarksville  TN-KY ,1387,1387,168840,12,24,1357,33,128,7176,35,357,19259,1387,1387,168840,12,24,1357,33,128,7176,35,357,19259
201299,999,17660, ,Coeur dAlene  ID ,560,560,114545,3,6,503,3,10,710,19,302,23539,444,444,96396,2,4,353,0,0,0,10,163,12758
201299,999,17780, ,College Station-Bryan  TX ,767,767,115219,53,106,10183,2,7,576,36,1123,76595,762,762,114588,53,106,10183,2,7,576,36,1123,76595
201299,999,17820,C,Colorado Springs  CO ,2410,2410,843994,2,4,533,0,0,0,29,597,74698,2410,2410,843994,2,4,533,0,0,0,29,597,74698
201299,999,17860, ,Columbia  MO ,916,916,139115,12,24,2075,0,0,0,11,288,22808,916,916,139115,12,24,2075,0,0,0,11,288,22808
201299,999,18880, ,Crestview-Fort Walton Beach-Destin  FL ,643,643,173562,0,0,0,0,0,0,9,279,18324,643,643,173562,0,0,0,0,0,0,9,279,18324
201299,999,19060, ,Cumberland  MD-WV ,88,88,15176,0,0,0,0,0,0,0,0,0,88,88,15176,0,0,0,0,0,0,0,0,0
201299,999,19140,C,Dalton  GA ,63,63,9455,0,0,0,0,0,0,0,0,0,47,47,7606,0,0,0,0,0,0,0,0,0
201299,999,19180, ,Danville  IL ,9,9,907,2,4,258,0,0,0,0,0,0,9,9,907,2,4,258,0,0,0,0,0,0
201299,999,19260, ,Danville  VA ,112,112,16694,1,2,60,3,9,180,7,38,2243,26,26,4975,1,2,60,3,9,180,0,0,0
201299,999,19340, ,Davenport-Moline-Rock Island  IA-IL ,545,545,92596,7,14,1750,1,4,200,3,123,8190,538,538,91387,3,6,650,1,4,200,3,123,8190
201299,999,19500, ,Decatur  IL ,61,61,12035,1,2,100,0,0,0,2,16,910,58,58,11840,1,2,100,0,0,0,2,16,910
201299,999,20100,C,Dover  DE ,695,695,93063,5,10,913,3,12,1159,18,148,9155,690,690,92459,4,8,747,3,12,1159,16,138,8844
201299,999,20220, ,Dubuque  IA ,296,296,51890,3,6,924,1,3,367,5,90,5380,296,296,51890,3,6,924,1,3,367,5,90,5380
201299,999,20260, ,Duluth  MN-WI ,340,340,56234,7,14,1532,0,0,0,14,120,13457,286,286,46462,0,0,0,0,0,0,1,35,3704
201299,999,20940, ,El Centro  CA ,211,211,39974,0,0,0,1,4,221,5,72,3866,211,211,39974,0,0,0,1,4,221,5,72,3866
201299,999,21300, ,Elmira  NY ,53,53,9288,1,2,110,1,4,250,8,80,5716,53,53,9288,1,2,110,1,4,250,8,80,5716
201299,999,21340, ,El Paso  TX ,3176,3176,451086,29,58,6078,7,25,1411,77,1096,75921,3173,3173,451011,29,58,6078,7,25,1411,77,1096,75921
201299,999,21500, ,Erie  PA ,216,216,44084,3,6,680,3,11,1000,8,255,11352,211,211,43499,3,6,680,3,11,1000,8,255,11352
201299,999,21660, ,Eugene-Springfield  OR ,417,417,94415,8,16,2473,16,61,6107,36,308,32291,365,365,81543,8,16,2473,16,61,6107,36,308,32291
201299,999,21780, ,Evansville  IN-KY ,572,572,85656,11,22,1892,8,32,2550,12,123,8649,518,518,77082,11,22,1892,8,32,2550,12,123,8649
201299,999,21820,C,Fairbanks  AK ,46,46,8401,0,0,0,0,0,0,0,0,0,1,1,130,0,0,0,0,0,0,0,0,0
201299,999,22140,C,Farmington  NM ,176,176,36187,0,0,0,0,0,0,0,0,0,176,176,36187,0,0,0,0,0,0,0,0,0
201299,999,22180, ,Fayetteville  NC ,1376,1376,221952,11,22,1539,1,4,225,95,1638,109670,1376,1376,221952,11,22,1539,1,4,225,95,1638,109670
201299,999,22220, ,Fayetteville-Springdale-Rogers  AR-MO ,1763,1763,398618,32,64,8514,4,12,1561,7,84,6112,1734,1734,394033,32,64,8514,4,12,1561,7,84,6112
201299,999,22380, ,Flagstaff  AZ ,206,206,41315,2,4,610,1,4,264,48,604,36616,206,206,41315,2,4,610,1,4,264,48,604,36616
201299,999,22500, ,Florence  SC ,285,285,45641,5,10,335,6,18,2046,0,0,0,274,274,44335,5,10,335,6,18,2046,0,0,0
201299,999,22520, ,Florence-Muscle Shoals  AL ,162,162,19865,10,20,746,1,4,160,32,270,9669,71,71,8881,10,20,746,1,4,160,30,260,9326
201299,999,22660,C,Fort Collins-Loveland  CO ,1139,1139,263348,9,18,3149,6,20,2540,29,691,67180,1139,1139,263348,9,18,3149,6,20,2540,29,691,67180
201299,999,22900, ,Fort Smith  AR-OK ,508,508,75364,46,92,7095,3,9,672,2,16,1080,409,409,65079,44,88,6755,1,3,162,2,16,1080
201299,999,23460, ,Gadsden  AL ,90,90,12486,0,0,0,0,0,0,0,0,0,89,89,12388,0,0,0,0,0,0,0,0,0
201299,999,23540, ,Gainesville  FL ,397,397,64515,1,2,700,0,0,0,19,225,13785,344,344,58577,1,2,700,0,0,0,0,0,0
201299,999,24140, ,Goldsboro  NC ,201,201,29644,31,62,4008,0,0,0,0,0,0,112,112,17178,31,62,4008,0,0,0,0,0,0
201299,999,24220, ,Grand Forks  ND-MN ,219,219,47574,2,4,505,0,0,0,8,292,21703,215,215,46717,2,4,505,0,0,0,8,292,21703
201299,999,24300,C,Grand Junction  CO ,323,323,76125,8,16,1904,1,4,497,2,12,1086,323,323,76125,8,16,1904,1,4,497,2,12,1086
201299,999,24500, ,Great Falls  MT ,121,121,26895,0,0,0,2,8,925,0,0,0,121,121,26895,0,0,0,2,8,925,0,0,0
201299,999,24580, ,Green Bay  WI ,648,648,129076,3,6,630,0,0,0,27,269,12031,562,562,115883,3,6,630,0,0,0,19,226,10418
201299,999,24780, ,Greenville  NC ,327,327,50282,37,74,5806,5,20,1153,18,360,18332,327,327,50282,37,74,5806,5,20,1153,18,360,18332
201299,999,25180, ,Hagerstown-Martinsburg  MD-WV ,602,602,104476,4,8,675,6,23,1782,12,90,5640,602,602,104476,4,8,675,6,23,1782,12,90,5640
201299,999,25260, ,Hanford-Corcoran  CA ,272,272,41832,0,0,0,0,0,0,0,0,0,206,206,32511,0,0,0,0,0,0,0,0,0
201299,999,25500,C,Harrisonburg  VA ,319,319,49596,2,4,472,0,0,0,27,321,19485,319,319,49596,2,4,472,0,0,0,27,321,19485
201299,999,25620, ,Hattiesburg  MS ,58,58,12389,5,10,859,40,160,4206,0,0,0,56,56,12048,4,8,841,40,160,4206,0,0,0
201299,999,25860, ,Hickory-Lenoir-Morganton  NC ,293,293,68892,1,2,155,0,0,0,3,40,2200,293,293,68892,1,2,155,0,0,0,3,40,2200
201299,999,26180,C,Honolulu  HI ,994,994,311311,0,0,0,9,35,4088,39,695,97163,994,994,311311,0,0,0,9,35,4088,39,695,97163
201299,999,26300, ,Hot Springs  AR ,44,44,10152,0,0,0,0,0,0,0,0,0,44,44,10152,0,0,0,0,0,0,0,0,0
201299,999,26380, ,Houma-Bayou Cane-Thibodaux  LA ,561,561,138143,4,8,676,0,0,0,0,0,0,538,538,133482,0,0,0,0,0,0,0,0,0
201299,999,26580, ,Huntington-Ashland  WV-KY-OH ,134,134,34751,8,16,1198,6,22,1314,13,110,6282,87,87,28854,6,12,828,5,18,974,5,55,3070
201299,999,26980, ,Iowa City  IA ,569,569,123598,21,42,5535,3,12,1192,7,172,21515,542,542,118308,21,42,5535,3,12,1192,7,172,21515
201299,999,27100, ,Jackson  MI ,78,78,13298,0,0,0,0,0,0,0,0,0,52,52,10628,0,0,0,0,0,0,0,0,0
201299,999,27260,C,Jacksonville  FL ,4579,4579,1050577,25,50,5520,1,3,309,99,2534,186482,4579,4579,1050577,25,50,5520,1,3,309,99,2534,186482
201299,999,27340, ,Jacksonville  NC ,2007,2007,239279,5,10,425,34,131,6341,19,112,3037,2007,2007,239279,5,10,425,34,131,6341,19,112,3037
201299,999,27500, ,Janesville  WI ,121,121,22103,2,4,550,0,0,0,0,0,0,106,106,19565,2,4,550,0,0,0,0,0,0
201299,999,27620, ,Jefferson City  MO ,207,207,40066,8,16,1694,1,3,277,0,0,0,110,110,19913,2,4,442,0,0,0,0,0,0
201299,999,27780, ,Johnstown  PA ,71,71,14584,0,0,0,0,0,0,0,0,0,71,71,14584,0,0,0,0,0,0,0,0,0
201299,999,27900, ,Joplin  MO ,176,176,22457,15,30,1828,0,0,0,13,73,4934,77,77,9759,7,14,806,0,0,0,0,0,0
201299,999,28020, ,Kalamazoo-Portage  MI ,432,432,88695,16,32,5409,0,0,0,1,6,705,322,322,72222,16,32,5409,0,0,0,1,6,705
201299,999,28420, ,Kennewick-Pasco-Richland  WA ,1271,1271,323578,36,72,8648,2,6,846,22,276,33735,894,894,233622,33,66,7762,2,6,846,22,276,33735
201299,999,28660, ,Killeen-Temple-Fort Hood  TX ,2058,2058,329877,146,292,20245,0,0,0,11,296,23081,2046,2046,328455,146,292,20245,0,0,0,11,296,23081
201299,999,29100, ,La Crosse  WI-MN ,281,281,47988,6,12,1329,1,3,200,1,42,2300,171,171,28366,5,10,1029,1,3,200,1,42,2300
201299,999,29420, ,Lake Havasu City-Kingman  AZ ,323,323,63822,11,22,1355,0,0,0,0,0,0,323,323,63822,11,22,1355,0,0,0,0,0,0
201299,999,29460,C,Lakeland-Winter Haven  FL ,1382,1382,273126,1,2,380,0,0,0,7,138,18330,1353,1353,270099,1,2,380,0,0,0,7,138,18330
201299,999,29540, ,Lancaster  PA ,781,781,128282,42,84,10228,7,27,2365,20,268,19542,775,775,127488,42,84,10228,7,27,2365,20,268,19542
201299,999,29700,C,Laredo  TX ,750,750,109463,3,6,441,12,47,2220,9,703,42909,560,560,81590,2,4,252,11,44,2066,6,590,34964
201299,999,29740,C,Las Cruces  NM ,703,703,134321,4,8,833,0,0,0,28,240,19500,703,703,134321,4,8,833,0,0,0,28,240,19500
201299,999,29940, ,Lawrence  KS ,165,165,40626,0,0,0,0,0,0,22,306,12312,153,153,37560,0,0,0,0,0,0,22,306,12312
201299,999,30020, ,Lawton  OK ,261,261,48187,6,12,879,4,14,720,0,0,0,259,259,47837,6,12,879,4,14,720,0,0,0
201299,999,30300, ,Lewiston  ID-WA ,29,29,5682,2,4,330,0,0,0,0,0,0,29,29,5682,2,4,330,0,0,0,0,0,0
201299,999,30700, ,Lincoln  NE ,859,859,167735,2,4,460,0,0,0,13,386,12736,342,342,68098,1,2,300,0,0,0,3,90,3764
201299,999,30860, ,Logan  UT-ID ,338,338,60936,0,0,0,30,112,9115,35,391,31067,288,288,53094,0,0,0,20,80,6446,17,283,20577
201299,999,31020, ,Longview  WA ,132,132,25002,0,0,0,0,0,0,0,0,0,132,132,25002,0,0,0,0,0,0,0,0,0
201299,999,31340, ,Lynchburg  VA ,553,553,112744,6,12,740,1,3,130,16,333,27600,553,553,112744,6,12,740,1,3,130,16,333,27600
201299,999,31740, ,Manhattan  KS ,445,445,86227,4,8,762,0,0,0,13,222,17721,440,440,85658,4,8,762,0,0,0,12,215,17625
201299,999,31860, ,Mankato-North Mankato  MN ,208,208,39098,6,12,1095,4,14,1366,19,295,19297,207,207,38987,6,12,1095,4,14,1366,19,295,19297
201299,999,32580,C,McAllen-Edinburg-Mission  TX ,2833,2833,395109,144,288,11419,30,117,8855,14,254,9596,2658,2658,379485,144,288,11419,30,117,8855,14,254,9596
201299,999,32780, ,Medford  OR ,368,368,76027,3,6,642,2,8,811,14,167,17149,368,368,76027,3,6,642,2,8,811,14,167,17149
201299,999,32820,C,Memphis  TN-MS-AR ,2219,2219,404961,19,38,3949,101,325,25962,52,924,61732,1928,1928,362585,19,38,3949,101,325,25962,52,924,61732
201299,999,32900, ,Merced  CA ,71,71,18706,0,0,0,3,12,1053,7,54,4792,71,71,18706,0,0,0,3,12,1053,7,54,4792
201299,999,33100,C,Miami-Fort Lauderdale-Pompano Beach  FL ,5089,5089,1397620,34,68,4817,20,72,15862,325,8032,815705,4893,4893,1320232,34,68,4817,20,72,15862,325,8032,815705
201299,999,33540,C,Missoula  MT ,179,179,25574,10,20,1228,5,20,529,8,118,4496,179,179,25574,10,20,1228,5,20,529,8,118,4496
201299,999,33700, ,Modesto  CA ,183,183,35665,1,2,289,0,0,0,10,100,8516,166,166,31597,1,2,289,0,0,0,10,100,8516
201299,999,34060, ,Morgantown  WV ,25,25,4018,0,0,0,0,0,0,25,598,35664,22,22,3464,0,0,0,0,0,0,5,96,4140
201299,999,34620, ,Muncie  IN ,44,44,7535,0,0,0,0,0,0,10,216,10380,43,43,7470,0,0,0,0,0,0,10,216,10380
201299,999,34940,C,Naples-Marco Island  FL ,1296,1296,498334,0,0,0,26,102,16109,23,214,26349,1296,1296,498334,0,0,0,26,102,16109,23,214,26349
201299,999,35660, ,Niles-Benton Harbor  MI ,145,145,43321,0,0,0,2,6,413,0,0,0,127,127,40019,0,0,0,0,0,0,0,0,0
201299,999,35980, ,Norwich-New London  CT ,261,261,49771,5,10,1482,2,8,1394,2,12,1104,214,214,41404,5,10,1482,2,8,1394,2,12,1104
201299,999,36100,C,Ocala  FL ,397,397,67292,0,0,0,1,4,170,0,0,0,397,397,67292,0,0,0,1,4,170,0,0,0
201299,999,36140,C,Ocean City  NJ ,332,332,102656,66,132,22926,2,8,544,2,19,2203,320,320,100454,66,132,22926,2,8,544,2,19,2203
201299,999,36980, ,Owensboro  KY ,256,256,27289,0,0,0,2,8,357,0,0,0,255,255,27118,0,0,0,2,8,357,0,0,0
201299,999,37340,C,Palm Bay-Melbourne-Titusville  FL ,1117,1117,328477,0,0,0,1,3,362,1,8,3317,1114,1114,326304,0,0,0,1,3,362,1,8,3317
201299,999,37460, ,Panama City-Lynn Haven-Panama City Beach  FL ,400,400,57572,1,2,129,0,0,0,3,38,3036,374,374,54914,0,0,0,0,0,0,1,18,1500
201299,999,37620, ,Parkersburg-Marietta-Vienna  WV-OH ,111,111,20167,10,20,1033,0,0,0,0,0,0,111,111,20167,10,20,1033,0,0,0,0,0,0
201299,999,37860,C,Pensacola-Ferry Pass-Brent  FL ,1460,1460,224521,1,2,176,1,4,238,4,28,1660,1460,1460,224521,1,2,176,1,4,238,4,28,1660
201299,999,38060,C,Phoenix-Mesa-Glendale  AZ ,11931,11931,2890083,88,176,29961,51,161,24301,288,3699,421254,11478,11478,2829255,88,176,29961,51,161,24301,288,3699,421254
201299,999,38340, ,Pittsfield  MA ,89,89,28719,0,0,0,0,0,0,0,0,0,56,56,21684,0,0,0,0,0,0,0,0,0
201299,999,38540, ,Pocatello  ID ,145,145,21619,0,0,0,0,0,0,0,0,0,144,144,21529,0,0,0,0,0,0,0,0,0
201299,999,38900,C,Portland-Vancouver-Hillsboro  OR-WA ,4501,4501,1121587,28,56,8001,31,121,14182,143,3107,299262,4479,4479,1117378,28,56,8001,31,121,14182,143,3107,299262
201299,999,39140, ,Prescott  AZ ,444,444,104770,0,0,0,2,8,1190,0,0,0,438,438,103931,0,0,0,2,8,1190,0,0,0
201299,999,39340, ,Provo-Orem  UT ,2226,2226,535221,15,30,4339,13,49,7668,13,134,13854,2221,2221,533050,15,30,4339,13,49,7668,13,134,13854
201299,999,39380,C,Pueblo  CO ,172,172,27311,1,2,296,0,0,0,5,92,7018,172,172,27311,1,2,296,0,0,0,5,92,7018
201299,999,39660, ,Rapid City  SD ,497,497,73272,5,10,1468,3,12,797,9,168,16572,478,478,71119,5,10,1468,3,12,797,9,168,16572
201299,999,39820, ,Redding  CA ,192,192,34470,1,2,242,3,11,1332,0,0,0,192,192,34470,1,2,242,3,11,1332,0,0,0
201299,999,40060,C,Richmond  VA ,2840,2840,506843,51,102,8031,18,71,10050,52,1258,70080,2830,2830,504836,51,102,8031,18,71,10050,52,1258,70080
201299,999,40220, ,Roanoke  VA ,388,388,76849,2,4,243,0,0,0,6,36,1729,388,388,76849,2,4,243,0,0,0,6,36,1729
201299,999,40340, ,Rochester  MN ,464,464,107009,0,0,0,0,0,0,1,62,7035,464,464,107009,0,0,0,0,0,0,1,62,7035
201299,999,40580, ,Rocky Mount  NC ,141,141,21598,2,4,440,0,0,0,0,0,0,141,141,21598,2,4,440,0,0,0,0,0,0
201299,999,40660, ,Rome  GA ,32,32,7562,0,0,0,0,0,0,1,11,714,29,29,7135,0,0,0,0,0,0,0,0,0
201299,999,41100, ,St. George  UT ,1317,1317,240661,1,2,120,5,17,1311,1,56,5000,1314,1314,240046,1,2,120,5,17,1311,1,56,5000
201299,999,41140, ,St. Joseph  MO-KS ,101,101,17973,6,12,1315,0,0,0,0,0,0,98,98,17423,6,12,1315,0,0,0,0,0,0
201299,999,41420, ,Salem  OR ,395,395,89169,5,10,1341,6,23,2648,28,293,27992,353,353,80592,5,10,1341,6,23,2648,28,293,27992
201299,999,41500, ,Salinas  CA ,110,110,29382,6,12,1727,10,38,5632,9,86,10066,108,108,28853,6,12,1727,10,38,5632,9,86,10066
201299,999,41660,C,San Angelo  TX ,229,229,34252,0,0,0,0,0,0,6,176,7956,229,229,34252,0,0,0,0,0,0,6,176,7956
201299,999,41700,C,San Antonio-New Braunfels  TX ,5102,5102,954196,54,108,8421,10,34,1368,186,2760,203678,4348,4348,859539,53,106,8286,6,22,1368,170,2667,188812
201299,999,41740,C,San Diego-Carlsbad-San Marcos  CA ,2197,2197,748144,56,112,22409,100,337,59681,137,3020,454270,2197,2197,748144,56,112,22409,100,337,59681,137,3020,454270
201299,999,41780, ,Sandusky  OH ,40,40,7836,0,0,0,1,4,570,0,0,0,37,37,7236,0,0,0,1,4,570,0,0,0
201299,999,42020, ,San Luis Obispo-Paso Robles  CA ,335,335,111305,4,8,528,3,10,1419,7,64,5896,283,283,102942,4,8,528,2,7,897,6,57,5618
201299,999,42060, ,Santa Barbara-Santa Maria-Goleta  CA ,255,255,93315,3,6,1114,2,8,514,12,192,28443,252,252,92878,3,6,1114,2,8,514,12,192,28443
201299,999,42540, ,Scranton--Wilkes-Barre  PA ,450,450,93946,4,8,740,3,12,1205,0,0,0,441,441,92357,4,8,740,3,12,1205,0,0,0
201299,999,43100, ,Sheboygan  WI ,61,61,15245,1,2,260,0,0,0,0,0,0,50,50,12153,1,2,260,0,0,0,0,0,0
201299,999,43620, ,Sioux Falls  SD ,1104,1104,181888,6,12,1594,9,36,3886,27,435,32222,1083,1083,178034,5,10,1402,9,36,3886,27,435,32222
201299,999,44060, ,Spokane  WA ,963,963,269808,45,90,12636,2,6,930,19,294,29621,858,858,252073,32,64,9046,2,6,930,18,270,28230
201299,999,44100, ,Springfield  IL ,248,248,56035,29,58,8537,0,0,0,1,7,656,154,154,40013,27,54,8037,0,0,0,0,0,0
201299,999,44140, ,Springfield  MA ,466,466,100760,24,48,4380,0,0,0,6,47,5714,392,392,85796,20,40,3486,0,0,0,0,0,0
201299,999,44180, ,Springfield  MO ,906,906,176451,6,12,825,0,0,0,25,648,27090,717,717,146802,3,6,480,0,0,0,0,0,0
201299,999,44300, ,State College  PA ,489,489,72177,0,0,0,13,52,4508,13,321,31881,477,477,71076,0,0,0,13,52,4508,13,321,31881
201299,999,44600, ,Steubenville-Weirton  OH-WV ,16,16,2480,2,4,780,0,0,0,0,0,0,12,12,2002,2,4,780,0,0,0,0,0,0
201299,999,44700,C,Stockton  CA ,1006,1006,240620,0,0,0,0,0,0,0,0,0,982,982,233809,0,0,0,0,0,0,0,0,0
201299,999,44940,C,Sumter  SC ,251,251,29688,0,0,0,0,0,0,6,48,5409,251,251,29688,0,0,0,0,0,0,6,48,5409
201299,999,45220, ,Tallahassee  FL ,468,468,80276,2,4,480,5,15,1660,28,747,65800,431,431,75748,2,4,480,5,15,1660,28,747,65800
201299,999,45300,C,Tampa-St. Petersburg-Clearwater  FL ,5883,5883,1709786,38,76,10072,21,70,7664,120,4132,394181,5876,5876,1708270,38,76,10072,21,70,7664,120,4132,394181
201299,999,45460, ,Terre Haute  IN ,95,95,16398,3,6,465,6,24,1684,10,115,8573,91,91,16013,3,6,465,6,24,1684,7,78,6746
201299,999,45500, ,Texarkana  TX-Texarkana  AR ,111,111,14813,3,6,420,13,39,2320,4,64,3400,111,111,14813,3,6,420,13,39,2320,4,64,3400
201299,999,45820, ,Topeka  KS ,270,270,47468,13,26,2274,0,0,0,2,16,1200,268,268,47228,13,26,2274,0,0,0,2,16,1200
201299,999,46060,C,Tucson  AZ ,2175,2175,557044,16,32,1626,2,6,597,35,628,73656,1722,1722,468738,0,0,0,0,0,0,0,0,0
201299,999,46220, ,Tuscaloosa  AL ,514,514,103612,8,16,2130,0,0,0,15,389,34434,331,331,69141,0,0,0,0,0,0,1,56,7500
201299,999,46540, ,Utica-Rome  NY ,289,289,51267,14,28,3749,0,0,0,1,9,1556,210,210,39380,14,28,3749,0,0,0,1,9,1556
201299,999,46660, ,Valdosta  GA ,357,357,38604,3,6,361,0,0,0,0,0,0,357,357,38604,3,6,361,0,0,0,0,0,0
201299,999,47020, ,Victoria  TX ,175,175,31999,3,6,744,2,8,180,3,26,1833,175,175,31999,3,6,744,2,8,180,3,26,1833
201299,999,47260,C,Virginia Beach-Norfolk-Newport News  VA-NC ,3534,3534,702479,17,34,3969,22,81,8867,93,1734,114648,3534,3534,702479,17,34,3969,22,81,8867,93,1734,114648
201299,999,47300, ,Visalia-Porterville  CA ,544,544,95591,0,0,0,1,3,80,5,126,6701,504,504,89649,0,0,0,1,3,80,5,126,6701
201299,999,47380, ,Waco  TX ,487,487,102841,25,50,3273,0,0,0,11,139,11480,464,464,95600,25,50,3273,0,0,0,11,139,11480
201299,999,47940, ,Waterloo-Cedar Falls  IA ,386,386,71918,7,14,1867,11,39,2953,9,170,17722,296,296,59879,5,10,1467,11,39,2953,8,165,17131
201299,999,48300, ,Wenatchee-East Wenatchee  WA ,297,297,55839,1,2,259,0,0,0,0,0,0,294,294,55397,1,2,259,0,0,0,0,0,0
201299,999,48540, ,Wheeling  WV-OH ,30,30,4424,1,2,311,1,4,623,0,0,0,10,10,1253,0,0,0,0,0,0,0,0,0
201299,999,48660, ,Wichita Falls  TX ,123,123,30869,1,2,195,0,0,0,21,144,8800,123,123,30869,1,2,195,0,0,0,21,144,8800
201299,999,48900,C,Wilmington  NC ,2045,2045,436379,3,6,595,2,8,1073,52,1004,110733,1738,1738,379114,2,4,315,2,8,1073,48,911,100995
201299,999,49420, ,Yakima  WA ,301,301,64006,20,40,4624,3,9,850,14,121,11383,272,272,60124,19,38,4544,3,9,850,14,121,11383
201299,999,49740, ,Yuma  AZ ,554,554,84839,1,2,215,7,28,2399,4,64,7260,554,554,84839,1,2,215,7,28,2399,4,64,7260
